headline,mainEntityOfPage,image,datePublished,dateModified,author,media_en,media_jp,str_count,body,images,external_links
ソニーとホンダが計画したEV「AFEELA」！　クルマの計画は消滅したけど採用するハズだった「デジタルナンバープレート」ってどういうもの？（WEB CARTOP）,https://news.yahoo.co.jp/articles/5209f02d96f3633c5189085ee373b9335adba996,https://newsatcl-pctr.c.yimg.jp/t/amd-img/20260607-00010007-wcartop-000-1-view.jpg?exp=10800,2026-06-07T20:10:48+09:00,2026-06-07T20:10:48+09:00,WEB CARTOP,wcartop,WEB CARTOP,1164,ナンバープレートがついにデジタル化!? 発売は幻となったソニーホンダの「AFEELA」であるが、「AFEELA」にはデジタルナンバープレートという新しい技術がオプションで用意されていた。 ソニー・ホンダモビリティ（SHM）が放った「AFEELA（アフィーラ）」という壮大な夢は、基本的には潰えた。ITの巨人と自動車の老舗が手を組んだこのプロジェクトは、AFEELA1および2の開発・販売の中止および事業の大幅縮小という形で、いったん幕を下ろすことになったわけだ。 【画像ギャラリー】デジタルナンバープレートのそのほかの画像を見る（14枚） もはや死に体となったプロジェクトの残骸を眺めていても仕方がないが、そのプロセスのなかで、興味深いトピックは残された。2025年12月、SHMの米国法人が発表した、米Reviver（リバイバー）社との提携である。 彼らはAFEELAのアクセサリーとして「デジタルナンバープレート」を選択可能にするとしていた。クルマそのものが世に出ない以上、この計画も幻に終わるわけだが、「ナンバープレートをデジタル化する」という発想自体は、今後のモビリティを考えるうえで無視できないイシューとなるだろう。 デジタルナンバープレートとは、文字どおり従来のアルミ板に代わり、通信機能を備えたディスプレイを装着するナンバープレートだ。リバイバー社が開発した「RPLATE」は、電子書籍リーダーでおなじみの「E Ink（電子ペーパー）」を採用している。 なぜ液晶ではなく電子ペーパーなのかといえば、理由は視認性と電力にある。バックライト不要の電子ペーパーは直射日光下でも反射で見えにくくなることがなく、表示を維持するだけなら電力を消費しない。過酷な車外環境に置かれるパーツとして、きわめて合理的な選択なのだ。 そして、RPLATEの機能は単なる番号表示に留まらない。ユーザーはアプリを通じ、背景色を白か黒かで選んだり、プレート下部に好きなメッセージやロゴを表示させたりといったカスタマイズが可能。さらに、GPSとLTE通信機能を内蔵しているため、車両が盗難に遭った際にはプレートに「STOLEN（盗難車）」とデカデカと表示させ、リアルタイムで位置を追跡するセーフティデバイスとしても機能する。 米国でクルマを所有する際は、運輸局（DMV）から毎年送られてくる車両登録有効期限のステッカーを、ナンバープレートの隅に貼り替えなければならない。だが、デジタルナンバープレートは、この事務手続きを根本から変える。オンラインで更新手続きが完了すれば、プレート上の表示が自動的に更新されるのだ。ステッカーの貼り忘れで警察に切符を切られる心配もなくなるわけで、これこそが、行政と連携した「モビリティのデジタル化」の真髄であろう。,[],[]
「最近のクルマってグリルでかくね？」と思ったら100年前はもっと巨大！　クルマの顔に対するデザインのプロの意見とは？（WEB CARTOP）,https://news.yahoo.co.jp/articles/4ebd560f5c3cdd0a896596c695685e141871639e,https://newsatcl-pctr.c.yimg.jp/t/amd-img/20260607-00010006-wcartop-000-1-view.jpg?exp=10800,2026-06-07T18:08:29+09:00,2026-06-07T18:08:29+09:00,WEB CARTOP,wcartop,WEB CARTOP,1403,グリルはなんでこんなに大きくなった？ クルマのデザインを決める上で欠かせない部分がフロント部分、つまり顔だ。その顔を構成するパーツのなかでもとくに重要、一等地にあるのがフロントグリルである。 フロントグリルは以前からクルマの表情を示す重要な要素とされ、メーカーはさまざまな表現を模索してきました。そして、最近の特徴といえば例の巨大化傾向で、「いつの間にこんな大きくなったんだ？」と思われるケースが少なくありません。そこで今回は、この巨大化の経緯と理由についてあらためてチェックしてみたいと思います。 【画像】顔の半分フロントグリル！ 半年前のクルマのデザインとは ●ボディ形状に沿って変化したグリル メーカーを象徴するグリルといえば欧州プレミアム勢が筆頭ですが、その源泉を振り返ってみると、そもそもグリルは「大型」だったことがわかります。たとえば、メルセデス・ベンツでは1920～30年代のSSKやW136、50年代始めのW186、BMWでは同じ50年代の501/502など、当時の車体形状に合わせた縦型の大型グリルが一般的でした。 これが、50年代半ば以降にボディ形状が現代化すると同時にグリルもスリムなカタチへ変化します。メルセデス300SLやBMWの507では早くも横型となり、61年のBMWノイエ・クラッセでは左右ヘッドライトをつないだ現代的造形が完成します。一方、VWでもビートルをベースにしたカルマンギアで同様の横型が登場。 アウトウニオンを経たアウディも70年代はこのノイエ・クラッセタイプを踏襲し、センターに特徴的なフォーシルバーリングを置き、プジョーではここにライオンのエンブレムを施しました。以降、80～90年代は、日本車も含めてこのベーシックな表現を各社がアレンジする手法が主流となりました。 ●本格的な大型化はアウディから？ こうして、一旦は落ち着いていたグリルに変化が見え始めたのは2000年代に入ってからです。 その先駆けといえるのは、2006年にアウディがA6で提示した「シングルフレーム」ではないかと。これは定番のアッパーグリルと空力を意識したロアグリルを一体化させてしまおうという発想で、決して大型化自体が目的ではありませんが、そのインパクトはかなり大きいものでした。 実際にこのあと、各メーカーでの巨大化が始まります。当のアウディはシングルフレームの「派手」さが年々進行し、現行型ではグリル内のメッシュも大型化。e-tronシリーズの重層的な表現も巨大化の一種といえます。 プジョーでも2007年の初代308でロアグリルの大型化が始まり、12年の208でより顕著になります。そして最近ではグラデーション的なドットが顔全体におよび、例の3本爪とあわさることでより派手に。最近まで大人しかったルノーでは、日本未導入の6代目クリオでいきなり巨大化しています。 そしてBMW。先代の1シリーズあたりから、左右にわかれていたキドニーグリルが一体化されることで大型化が始まり、その後4シリーズや7シリーズで一気に爆発。なんと縦方向にも巨大化が進み、あまりの派手さに賛否が沸き起こったのは周知のとおりです。 その流れは日本にも押し寄せ、日産はデジタルVモーションで顔中をグリルとし、ダイナミックシールドを掲げる三菱はアウトドアイメージの浸透を目的にワイルド感あふれる顔を作っています。,[],[]
「なんでも作れる」超頼もしいメーカーに直撃取材！　「戸田レーシング」の技術力に驚き!!（WEB CARTOP）,https://news.yahoo.co.jp/articles/2564af5ffd339c85055d3fff126418aca97e432c,https://newsatcl-pctr.c.yimg.jp/t/amd-img/20260607-00010005-wcartop-000-1-view.jpg?exp=10800,2026-06-07T17:40:09+09:00,2026-06-07T17:40:09+09:00,WEB CARTOP,wcartop,WEB CARTOP,1848,自動車業界きってのなんでも屋の目的 「人とくるまのテクノロジー展」に、レース関連パーツに強いサプライヤーの「戸田レーシング」が出展していた。 突然だが、「人とくるまのテクノロジー展（以下：人テク）」というイベントをご存じだろうか？ 先に断っておくと、筆者はこの業界に入るまで（約7年前）、というか入ってからもしばらくは存在そのものを知らなかった。なんとなく名前を見たら可愛げがあるが、中身はバリバリのまさにテクノロジー展といった様子で、主に自動車、もしくは工業製品関連の企業に勤める人やその関係者、または技術開発系の研究者などが訪れるイベントで、第1回目は1992年に神奈川県・横浜市にて開催されている。 【画像ギャラリー】戸田レーシングが生み出してきたアイテムの数々を見る（51枚） そんな「人とくるまのテクノロジー展」が、2026年5月27〜29日に、神奈川県のパシフィコ横浜で開催されていたので、ちょっと視察に行ってみたのだが、これがまあ面白い。 平日にもかかわらず半端ない人で溢れていたが、そこらじゅうにクルマに使われる鋼板やモノコック、ハーネスやソフトウェアのデモ機などなど、クルマに関するありとあらゆる製品が展示されており、それらの関連サプライヤーが世界中から集まってきている。自動車系メディアでお馴染みの企業も数え切れないほど出展しており、じっくり見たら1日じゃ見切れないほどのボリュームだ。 さて、その人テクだが、ホール内を歩いていたら、レース取材などにたまに行くゆえ、個人的に目に留まった企業があった。それが、岡山県にファクトリーを構える「戸田レーシング」だ。 この名前にピンときた人はレース好き確定。そう、この戸田レーシングとは、スーパーフォーミュラ・ライツやSFJなどの国内のフォーミュラカー向けのサスペンションに代表されるパーツやギヤボックスなどを供給しているほか、我々のような一般ユーザー向けのサスペンションやエキゾースト、さらにはコンプリートエンジンまで供給している。ほとんどのパーツを自社製造している点も特徴かつ、同社の強み。余談だが、筆者もここのサスペンションキットの精度や品質に惚れ込み、長年愛用している。 そんなゴリゴリのレース畑で育ったようなメーカーが、なぜこんな場所に出展しているのだろうか？ ブースの関係者に詳しく聞いてみた。 「まず我々がこの人テクに出ているのは、新規ユーザーの獲得というミッションがあるからです」と語るのは、戸田レーシングの関係者。そう、この人テクは、ただ技術自慢のための会ではなく、その企業の技術を見て気になった人が、その場で商談をすることも少なくない。”展”といいながらもビジネスの場でもあるわけだ。しかし、「レース分野に強い企業がここに来ても需要が限られているのでは？」と最初はそう思った。 しかしここ戸田レーシングでは、じつはモータースポーツや一般ユーザー向けの受注よりも、会社としては企業向けの案件のほうが割合としては多いという。なんでもこの戸田レーシング、もう20年以上このイベントに出展している超老舗。人テクを知り尽くしている企業だ。 では、どんなことをここで訴求してるのだろうか？ 「実際この場でモータースポーツ関連で、何かあることはあまりないです。ただ、戸田レーシングの強みとしては、要望があればほぼ”なんでも”作れる点ですね。それをここで訴求し、自動車関連分野の悩みごと解決に協力しています。たとえば、ワンオフの試験機、エンジンが欲しい……とかですね」 この”なんでも”というのが戸田レーシングの凄さだ。実際、ブースにはレースやチューニング業界ではお馴染みのカーボン系パーツが展示されていたが、これらはオートクレーブ製法が可能な自社所有の窯によって、社内にて製造している。 サスペンション本体はもちろん、ほとんどの部品を自前の機械で製造し、社内で一貫して組み立て・生産ができる体制を整えている。もちろん、ピストンやクランク、コンロッドといったエンジン関係のパーツも自社生産可能だ。 「多品種少量生産が我々の強みなので、『こういった製品が欲しい』『この機能だけに特化してほしい』といったオーダーも叶えられるんです。それをここでアピールすることで、技術力の訴求や新規ユーザーの獲得を目指しています」と、担当者は語る。実際、大手企業や大手研究機関からのオーダーがかなり多く、実験や製品開発の場で相当数使われているという。,[],[]
コレ目的に三菱車を買いたくなるほど楽しいぞ！　三菱自動車が主催するオーナーのための「スターキャンプ」の盛り上がりがヤバイ（WEB CARTOP）,https://news.yahoo.co.jp/articles/430ec4910326a109c7fcc22cd45f7e9b933fd88d,https://newsatcl-pctr.c.yimg.jp/t/amd-img/20260607-00010004-wcartop-000-1-view.jpg?exp=10800,2026-06-07T17:10:10+09:00,2026-06-07T17:10:10+09:00,WEB CARTOP,wcartop,WEB CARTOP,1233,三菱車をさらに好きになるキャンプイベント 富士山を望む朝霧高原に、新旧の三菱車がずらりと並んだ。三菱自動車が開催した「スターキャンプ2026 in 朝霧高原」には、全国から多くのオーナーが集結。 デリカD:5やアウトランダーPHEV、デリカミニなど四駆性能が高くアウトドアで大人気のモデルを世に送り出す三菱自動車。同社は毎年大規模なキャンプイベント、「スターキャンプ」を開催していることはご存じだろうか。自然豊かなキャンプ場を舞台に、ソト遊びだけでなく三菱車がもっと好きになるプログラムを豊富に用意し、参加者を楽しませている。 【画像】大人も子どもも超満足！ スターキャンプの様子を写真で徹底リポート!! 全国の販売会社主導のスターキャンプも各地で開催されているが、静岡・朝霧高原の人気キャンプ場「ふもとっぱら」で行われるスターキャンプ2026 in 朝霧高原は三菱自動車が自ら主催。広大なキャンプエリアを貸し切り、2026年は三菱車限定で600組の参加希望者を募ったところ、何と約2倍の応募があったというから、スターキャンプの参加を楽しみにしているユーザーが多いことがうかがえる。これまでは参加者が乗る車両のメーカーに制限はなかったが、2025年から参加条件を三菱車ユーザーに限定したこともあって、会場を新旧三菱車が埋め尽くすという光景は何とも壮観だった。 開催時期を早めたことで心地よく過ごせた3日間 これまで朝霧高原でのスターキャンプは、毎年9月初旬に開催されていた。しかし、その時期は台風のシーズンと重なりやすく、安全面でリスクがあったために、2026年は5月に繰り上げての実施となった。また、2025年は募集組数を400組に減らしたことで1泊2日での開催となったが、今年は従来の600組に戻して2泊3日に。 初日は平日にもかかわらず、すでに300組を超えるユーザーが会場に訪れたというから驚きだ。ファミリーでの参加者も多く、オーナーだけでなく同行した奥さまや子どもたちも楽しんでもらえるように、プログラムを充実させた。 垂直の壁を自分の力でよじ登るスポーツクライミングや丸太切り体験など、子どもが全力で楽しめるプログラムは2026年も大盛況。ピザやポップコーンといったキャンプで作ってみたくなるアウトドアクッキングワークショップは、奥さまからも好評だった。 夜になると、メラメラと燃える炎のまわりを取り囲むキャンプファイヤーでムードは大盛り上がり。1日目の夜は、大量のシャボン玉を飛ばすナイトバブルショーを開催。三菱車が誇るPHEVの機能を生かした光の演出により、シャボン玉がさまざまな色に変化する様子にうっとりする人も多かった。 2日目はイベントをさらに盛り上げるべく、ものまねタレントのりんごちゃんを招いてスペシャルステージを実施。 さらに「ワダツミの木」などの大ヒット曲を持つ元ちとせさんのスペシャルライブが行われ、参加者たちの耳と心を癒してくれた。,[],[]
アウディが発表したスーパーカー「ヌヴォラーリ」！　過去を振り返るとその名前がもつ重要な意味がわかる!!（WEB CARTOP）,https://news.yahoo.co.jp/articles/beae6d7cac3c24db1b11a4ea466abe97de1839dc,https://newsatcl-pctr.c.yimg.jp/t/amd-img/20260607-00010003-wcartop-000-1-view.jpg?exp=10800,2026-06-07T13:10:23+09:00,2026-06-07T13:10:23+09:00,WEB CARTOP,wcartop,WEB CARTOP,1022,22年越しに蘇ったヌヴォラーリ アウディが久々にスーパースポーツを発表、さらには市販すると宣言した。それが「ヌヴォラーリ」というモデルで、PHEVによるシステム最高出力1001馬力を発生させ、最高速度350km/h以上を誇るという。限定499台の販売で、この名前は22年ぶりの復活だ。 2026年6月4日、アウディはフランス・アンティーブにてスーパーカー「ヌヴォラーリ」を発表した。ランボルギーニ・テメラリオのアーキテクチャを使用するプラグインハイブリッドはシステム最高出力1001馬力を発生。0-100km/h加速2.6秒、最高速度350km/h以上という数字を誇る499台限定のフラッグシップで、2027年上半期からグローバルでの引き渡しが始まる予定となっている。 【写真】アウディからスーパーカーが久々登場！ ところで22年前にもあった「ヌヴォラーリ」ってどんなの？ 「ヌヴォラーリ」という名が市販モデルに冠されたのは、これが初めてのことだ。しかし、この名前とアウディの関係は、2026年に突然始まったわけではない。22年前、2003年のジュネーブモーターショーに「ヌヴォラーリ クワトロ」という名のコンセプトカーが登場していた。 では「ヌヴォラーリ」とは一体なにを意味するのか。その答えは、第二次世界大戦前のグランプリレース史にある。 タツィオ・ヌヴォラーリは戦前のグランプリにおけるもっとも偉大なレーシングドライバーの一人として認められており、61回のグランプリ優勝とその他の国際レースでの活躍によってその地位を確立した。約30年にわたって現役でレースを続け、アウディの前身にあたるアウトウニオンが多くのグランプリで勝利を収めることができたのは、彼の卓越したドライビングの芸術性によるところも大きかった。 1930年代のグランプリレースで、ヌヴォラーリはアウトウニオン・シルバーアローを駆って強敵メルセデス・ベンツと激闘を繰り広げ、大胆不敵な走りでヨーロッパ中のファンを熱狂させた。つまり「ヌヴォラーリ」の名は、アウディにとってはアウトウニオン時代の栄光と、そこに不可欠だったひとりの天才ドライバーへの最大限のオマージュなのだ。 そして、2026年の市販ヌヴォラーリに先立ち、この名が初めてアウディのコンセプトカーに使われたのは、2003年のジュネーブモーターショーでお目見えした「ヌヴォラーリ クワトロ」というコンセプトカーだった。,[],[]
もしかしたら「アンモニア」でエンジン車は生き残れるかも！　カーボンニュートラルに向けて実用化間近の新たな技術とは（WEB CARTOP）,https://news.yahoo.co.jp/articles/fbbaf5ac0bd3d194b7c190d2eb8282b847b481b1,https://newsatcl-pctr.c.yimg.jp/t/amd-img/20260607-00010002-wcartop-000-1-view.jpg?exp=10800,2026-06-07T11:51:37+09:00,2026-06-07T11:51:37+09:00,WEB CARTOP,wcartop,WEB CARTOP,994,エンジンでもカーボンニュートラルは実現できる クルマや船舶用として、合成燃料や水素燃料に続いてアンモニア燃料を使用したエンジンが開発されている。 現在、自動車に課せられた大きな社会的テーマは、地球温暖化ガス（GHG）の削減問題に尽きるといってよい。具体的にいえば、内燃機関（＝化石燃料使用車）が排出する二酸化炭素の削減で、これに対処するために電気モーターを動力とするEVの実用化、普及が図られているわけだ。 【画像】アンモニアエンジンの画像を見る しかしその一方で、地球上に存在する二酸化炭素の総量が増えないのなら、内燃機関の使用も是認される動きが見られるようになってきた。この先陣を切ったのが合成燃料（e-fuel）である。合成燃料とは、文字どおり水素（H）と炭素（C）を合成して作られる燃料のことで、化石燃料（石油）と同等、同質と見なせるものだ。 こうして作られる合成燃料がカーボンニュートラルと見なされる理由は、生産にあたって使用する二酸化炭素を大気中から取り入れるためで、燃料として燃焼させたあとに大気中に放出される二酸化炭素は、原材料として大気から取り入れたぶんと燃焼後に排出するぶんが相殺勘定となり、実質的に大気中の二酸化炭素の量を増やすことがないからだ。 一方、この合成燃料とは逆の思考による新たな燃料も研究、開発が進められている。逆の思考とは、燃料に炭素成分（二酸化炭素も含めて）がなければ、当然ながら燃やしても炭素成分（二酸化炭素）が生成されることはなく、排出ガスを大気中に放出しても二酸化炭素の増減に関してはまったく関係がない、という考え方だ。 それどころか、むしろ炭素成分を排出しない燃料という考え方は、環境保全に対して合成燃料より自然な発想であることはいうまでもない。最初から炭素成分がないのだから、どう転んでも燃焼によって炭素成分が生成されることはないからだ。 こうした考え方で実用化を手もとに引き寄せているのが、トヨタが積極的に研究、開発を進めている水素燃料エンジンだ。水素と酸素がエネルギー源であるため、燃やしても水しかできないことになる（正確には、大気中の窒素も燃焼にかかわるため窒素酸化物の生成は行われる）。ただ、常温で気体の水素は体積エネルギー密度がガソリンの10%、液体水素でも25%と低く、さらに貯蔵と供給に関して大きな問題を抱えているのが現状だ。,[],[]
うぉっ！　プリメーラ復活かよ……って色めき立つのは早すぎた!?　往年のファンには「これじゃない」感漂う新型プリメーラの正体とは（WEB CARTOP）,https://news.yahoo.co.jp/articles/e3d476b2c5bfccaedf9560ee6ad535ad462f01d2,https://newsatcl-pctr.c.yimg.jp/t/amd-img/20260607-00010001-wcartop-000-1-view.jpg?exp=10800,2026-06-07T11:16:24+09:00,2026-06-07T11:16:24+09:00,WEB CARTOP,wcartop,WEB CARTOP,1141,約20年の沈黙を破って「プリメーラ」が復活 日産が約20年ぶりに「プリメーラ」の名を復活させた。フィリピンで世界初公開された新型プリメーラEVは、中国市場向けEVセダンをベースとした大型モデルだ。 日産ファン、いや、1990年代の熱いクルマ界隈を知るすべての自動車好きにとって、ひっくり返るようなニュースが飛び込んできた。なんと、あの伝説の名車「プリメーラ」の名前が復活したのである。 日産は2026年6月4日、第10回フィリピン国際モーターショー（PIMS）において、新型セダンとなる「プリメーラ EV」を世界初公開した。日本では2005年に3代目（P12型）が販売終了して以来、欧州でも2008年モデルで終了して以来の劇的な車名復活劇だ。しかし、手放しで喜んでばかりはいられない。なぜなら、その中身はかつての我々が知るプリメーラとは、あまりにもかけ離れた「新しい乗りもの」へと変貌を遂げていたからだ。 【画像】新型プリメーラのスタイリングを見る そもそも「プリメーラ」の初代（P10型）が誕生したのは1990年のこと。当時の日産は「1990年代までに技術世界一を目指す」という高遠な目標を掲げた「901運動」の真っ只中。そしてプリメーラの最大の特徴は、驚異的なハンドリング性能にあった。リヤに新開発のマルチリンク式サスペンションを採用し、当時の国産FFセダンとしては異例なほど硬く引き締まった足まわりを採用。ステアリングを切り込めば、FFとは思えないほど鋭くノーズが入り、狙ったラインを正確にトレースする走りは、「欧州車を超えた国産ハンドリングマシン」と大絶賛された。 その後プリメーラは、初代のDNAを色濃く継承した2代目のP11型、宇宙船のような先進デザインをまとった3代目のP12型へと進化を続け、多くのファンに愛されながらも、セダン市場の縮小に伴い、その歴史を終えていた。 そんな熱い血統を持つプリメーラが、長い沈黙を破ってフィリピンの地で復活した。公式発表によると、新型「プリメーラ EV」は完全なバッテリーEVセダンで、中国をイノベーションとグローバルな輸出のハブとして商品競争力を強化する戦略の一環として、東南アジア市場へ向けて輸出されるグローバルモデルという位置づけだ。 そのエクステリアを御覧いただければ一目瞭然だが、じつはこの新型プリメーラは、日産の中国合弁会社である東風日産が開発して大きな話題を呼んだ新型電動セダン「N7」がベースになっている。 日産は、「洗練されたデザインと上質な快適性、そして多くの先進技術を搭載したセダン」と紹介しており、質感の高い室内空間や、充実したコネクティビティ機能を備え、より上質で先進的なドライビング体験を提供するという。,[],[]
止まれの標識なんてなかったのに一時停止違反で取り締まられた……標識が樹木で遮られて見えなかったらどうなる？（WEB CARTOP）,https://news.yahoo.co.jp/articles/24e66ea521f28d3122def9f33a0311b11bc9dadc,https://newsatcl-pctr.c.yimg.jp/t/amd-img/20260607-00010000-wcartop-000-1-view.jpg?exp=10800,2026-06-07T07:10:23+09:00,2026-06-07T07:10:23+09:00,WEB CARTOP,wcartop,WEB CARTOP,1563,「止まれ」の標識が植木で見えないときはどうすべき？ 標識が街路樹のそばに設置されていたりすると、枝や葉っぱで見えなくなる場合がある。それで見落として違反となった場合、あまりにも見えないなど、酷い場合であれば違反とならない場合もある。 道路を通行していると、民家の植木や道路の脇にある木々の成長などによって、標識が見えづらくなっている場所があります。もし、標識が植物などで見えづらくなっている場所で違反をしたら取り締まられるのでしょうか。 【写真】冗談のようで本当に存在する！ 「あっ！」と書かれた道路とは もし、近くに標識が見えづらくなっている場所があるときは、「標識BOX」と検索して管轄する警察の意見箱に標識が見えなくなっていることを投稿するとよいでしょう。 なお、「標識BOX」では、以下のような内容に関する意見を受け付けています。 ・標識が見づらい、分かりづらい ・標示（ペイント）が薄くて見づらい、分かりづらい ・補助標識の文字が多すぎて分からない ・その他、交通規制の内容が分からない ・交通規制の必要がない ・標識が大きく曲がっていたり、ぐらぐらして倒れそうになっている ・信号機が必要、または不要 ・信号機が見えにくい ・渋滞が激しいので信号機を改善してほしい （神奈川県警の「標識BOX・信号機BOX」の例より） では、植物の成長などにより標識が見えづらくなっているときに、交通違反をすると取り締まられてしまうのでしょうか？ 結論からお伝えすると、明らかに標識が見えない状況において交通違反になる可能性は低いです。 その理由は、道路交通法施行令 第1条の2（公安委員会の交通規制）に、信号機、道路標識、道路標示は見えやすい位置、かつ必要な数を設置しなければならないと定められているためです。 【道路交通法施行令 第1条の2（公安委員会の交通規制）より一部抜粋】 都道府県公安委員会が信号機又は道路標識若しくは道路標示を設置し、及び管理して交通の規制をするときは、歩行者、車両又は路面電車がその前方から見やすいように、かつ、道路又は交通の状況に応じ必要と認める数のものを設置し、及び管理してしなければならない。 つまり、標識が見えづらくなっている場合は、標識としての役割を果たしていないということになります。そのため、交通違反になる可能性は低いでしょう。 ただし、標識が見えづらい状況でも取り締まりを受けてしまうことがあります。もし、交通違反の取り締まりを受けたものの、その原因が標識の認識のしづらさにある場合は、ドライブレコーダーの映像などを確認してもらい、標識が認識できないことを証明する必要があります。このようなときのためにも、ドライブレコーダーは設置しておくとよいでしょう。 また、「止まれ」の標識とセットで書かれていることが多い路面の「止まれ」も標識と同じ法的効力があるように思っている人も多いのではないでしょうか。しかし、路面に書かれている「止まれ」のペイントは、法定外表示に分類されるため、標識のような法的効力はありません。 ただし、前述したとおり「止まれ」のペイントは一時停止の標識とセットになっているケースが多いため、路面に「止まれ」と書かれている場所では一時停止した方がよいといえるでしょう。 また、一時停止の標識および路面のペイントは、見通しの悪い交差点や幹線道路への合流など、危険が多い場所や優先道路に侵入する場所に設置されていることが多いです。 このような場所を通行するときは、いつでも止まれる速度、すなわち“徐行”で交差する道路の様子を見ながら進入するタイミングを図るのが基本となります。こうした交差点の基本的な通行方法を覚えておくと、もしものときに役立つかもしれません。 齊藤優太,[],[]
