headline,mainEntityOfPage,image,datePublished,dateModified,author,media_en,media_jp,str_count,body,images,external_links
【新潟グルメ】10種の調味料やトッピングが使い放題！変幻自在の〝担々麺〟【見附市】（UX新潟テレビ21）,https://news.yahoo.co.jp/articles/b7abe76b34a9333ad85ca775d068e6d9eb08367a,https://newsatcl-pctr.c.yimg.jp/t/amd-img/20250303-00000021-niigatatvv-000-1-view.jpg?exp=10800,2025-03-03T21:00:16+09:00,2025-03-03T21:00:16+09:00,UX新潟テレビ21,niigatatvv,UX新潟テレビ21,864,"看板商品「ごまたっぷり濃厚担々麺」
出雲崎町に本店がある『麺処いずも屋』が、2024年9月に見附店をオープン。出雲崎をもっといろんな人に知ってもらおうと、本店オーナーの長年の友人・大友駿さんが腕を振るっています。開店以来多くのメディアにも注目され、いま話題沸騰中のお店です。

この店ではなんと！煮干し香る醤油・煮干しが効いた酢・ガーリックスパイス・10種旨辛スパイス・豆板醤・自家製ラー油・山椒・白コショウ・生卵・海苔の10種類の調味料やトッピングが使い放題！組み合わせは無限大で、自分好みの味が作れると大好評です。

看板商品は、「ごまたっぷり濃厚担々麺」。
スープには、ジーマージャンやテンメンジャン・越後みそを使用。そこに、細めの自家製麺、白ごま・黒ごま・チャーシュー・旨辛ひき肉・ねぎ・ほうれん草が乗ります。
好きなタイミングで具材を混ぜながら食べるのがおすすめ。のどに程よく辛味が残るスープに、ごまを混ぜればたちまちマイルドに。さらに、ニンニクの香りがっつりの“ガーリックスパイス”(通称ガリスパ)をかければ、パンチ力抜群！食べ進めるごとに、いろいろな表情に出会えます。

もう１つのおすすめが、「特製まぜそば」。
太めの自家製麺に、白ごま・チャーシュー・旨辛ひき肉・のり・ほうれん草・卵がのった丼を、豪快にかき混ぜていただきます。煮干しが効いた酢や自家製ラー油をかけて味変もOK。一度食べ始めたらもう止まりません。

さらに、全メニューにライスが“1杯無料”！
卓上の生卵・しょうゆ・ガリスパをかけて食べれば、絶品「卵かけご飯」の出来上がり。100円でおかわりも出来、1人で5杯食べた人もいるそうです。

店内は、カウンターで席ごとに仕切りがあるので、1人でも入りやすいのが特徴です。開店の勢いのままに、男女問わずファンを増やし続けています。

■麺処いずも屋 見附店
新潟県見附市本町1-3-45
【営業時間】
昼：11時～14時／夜：17時～20時
【休】不定休
問い合わせはInstagramのメッセージまで",[],[]
70代女性から200万円だましとった罪 埼玉県所沢市の強盗致傷事件で公開手配・柏崎市で逮捕された25歳男を詐欺罪で起訴【新潟】（UX新潟テレビ21）,https://news.yahoo.co.jp/articles/3c830474778ccad2c63ae989dc35304f70fb36bf,https://newsatcl-pctr.c.yimg.jp/t/amd-img/20250303-00000020-niigatatvv-000-2-view.jpg?exp=10800,2025-03-03T19:44:31+09:00,2025-03-03T21:02:32+09:00,UX新潟テレビ21,niigatatvv,UX新潟テレビ21,376,"新潟地検は認否を明らかにせず
新潟地検は3日、新潟市東区に住む70代の女性から現金200万円をだましとった罪で、25歳の男を起訴しました。男は、2024年10月に埼玉県所沢市の強盗致傷事件で公開手配され、県内で逮捕されていました。

詐欺罪で起訴されたのは、住所不定で会社員の森田梨公哉被告(25)です。起訴状などによりますと、森田被告は2024年10月に何者かと共謀し、新潟市東区に住む70代の女性に対し息子を装って電話をかけ「旦那のいる女性を妊娠させてしまい、慰謝料が必要だ」などとウソを言って西区の路上で弁護士の息子になりすまし現金200万円をだまし取った罪に問われています。

森田容疑者は、2024年10月に埼玉県所沢市で発生した強盗致傷事件で公開手配され、柏崎市で身柄を確保されていました。新潟地検は、森田被告の認否を明らかにしていません。",[],[]
聖籠町のバイオマス発電所で火事 設備の一部が燃える【新潟】（UX新潟テレビ21）,https://news.yahoo.co.jp/articles/250a5f064cf602e784e32287c04ebf77c9723ebf,https://newsatcl-pctr.c.yimg.jp/t/amd-img/20250303-00000019-niigatatvv-000-1-view.jpg?exp=10800,2025-03-03T19:44:01+09:00,2025-03-03T19:44:01+09:00,UX新潟テレビ21,niigatatvv,UX新潟テレビ21,235,"燃えた設備（提供：東北電力）
2日午前11時ごろ、聖籠町の新潟東港バイオマス発電所で火事がありました。ケガ人はおらず、発電にも影響はありません。

火事があったのは、新潟東港バイオマス発電所です。東北電力によりますと、2日午前11時ごろ、協力会社の社員が設備から火が出ているのを発見しました。火は約1時間後に消し止められましたが、設備の一部が燃えました。ケガ人はおらず、発電に影響はありません。

東北電力は「原因の究明を行ない、再発防止に努める」とコメントしています。",[],[]
【スノボ｜ハーフパイプ全日本・決勝】妙高市出身・冨田せなが優勝！男子は若き新星が現れる【新潟】（UX新潟テレビ21）,https://news.yahoo.co.jp/articles/a52a48158a33c5a06e473434e83201f278ccfc24,https://newsatcl-pctr.c.yimg.jp/t/amd-img/20250303-00000018-niigatatvv-000-1-view.jpg?exp=10800,2025-03-03T19:27:35+09:00,2025-03-03T19:27:35+09:00,UX新潟テレビ21,niigatatvv,UX新潟テレビ21,591,"『全日本選手権ハーフパイプ』決勝で妙高市出身の冨田せな選手が優勝
2日のスノーボード『全日本選手権ハーフパイプ』決勝で、妙高市出身の冨田せな選手が圧巻の滑りを見せて優勝。さらに、男子も若き新星が見せてくれました。
【動画】【スノボ｜ハーフパイプ全日本・決勝】妙高市出身・冨田せなが優勝！男子は若き新星が現れる【新潟】
岐阜県で行われたスノーボードの全日本選手権・決勝。妙高市出身で北京五輪銅メダリストの冨田せなが、1本目から安定感のある滑りを見せてトップに立つと、続く2本目でした。

大技『フロントサイド1080』を決める圧巻の滑り。3年ぶり4度目となる優勝を決めて、2026年のオリンピック出場へ弾みをつけました。

■妙高市出身 冨田せな選手
「全日本という大きい大会で優勝できて嬉しく思う。北京五輪から4年間ずっと頑張ってやってきたので、しっかり(次の五輪の)内定を貰って出場できるようになったらミラノで一番良い滑りをしたい。」


そして男子では新星が登場です。
15歳、三条市出身の村上広乃輔。2日の決勝では、1本目に予選でトップを叩き出した高難度のルーティンを完璧に決めて準優勝。大舞台で若き15歳が表彰台に上がりました。

■三条市出身 村上広乃輔選手
「何よりも一番スノーボードを楽しくできたので良かった。(将来は)スノーボードで生きていけるような人になりたい。」",[],[]
今年も“売り手市場” 2026年卒の就活解禁！人材獲得に企業の戦略は【新潟】（UX新潟テレビ21）,https://news.yahoo.co.jp/articles/4680eecf75ce439d73b5a9a711899469a8b33353,https://newsatcl-pctr.c.yimg.jp/t/amd-img/20250303-00000017-niigatatvv-000-1-view.jpg?exp=10800,2025-03-03T19:14:03+09:00,2025-03-03T19:14:03+09:00,UX新潟テレビ21,niigatatvv,UX新潟テレビ21,647,"『求職者のためのアピール』
2026年春に卒業する学生たちの就職活動が本格的に解禁されました。今年も引き続き“売り手市場”で、企業側も人材確保に様々な手を打っています。
【動画】今年も“売り手市場” 2026年卒の就活解禁！人材獲得に企業の戦略は【新潟】
1日開かれたマイナビ就職EXPOには、172社の企業と約750人の就活生が参加しました。人材不足を背景に、今年も“売り手市場”で就職活動解禁前のマイナビの調査では、すでに内々定を持っていると答えた大学生は36.6%と2024年(24.9%)に比べ増えています。

■就活生
「僕自身、夏くらいから動いていた。内々定をもらっている人もいるし、僕自身も1社もらっている。」

■就活生
「会社の雰囲気や勤務地・福利厚生など、すべてにおいて検討しながら探している。」

一方、企業側も様々な工夫で“人材確保”に力を入れています。
マイナビの調査によりますと、初任給の引き上げを予定している企業は2024年に比べ6.9ポイント増えて54.1%に。また、インターンシップの実施率も年々増加傾向です。

■マイナビ新潟営業部 草間友子部長
「初任給の引き上げの動きが上場企業以外にも波及し始めている。理由としてもっとも多かったのは『求職者のためのアピール』となり、初任給や賃金に対する世間や学生の関心の高さをうけ、初任給の引き上げをしていることが分かる。」

一方、学生側は年々“安定志向”が高まり、福利厚生などが重視される傾向もあるということです。",[],[]
ガソリンスタンドに車が・・・「車が加速して突っ込んでくるのが見えて」ケガ人なし【新潟・西区】（UX新潟テレビ21）,https://news.yahoo.co.jp/articles/ffbf223b52e0f8d47ff30a3cb44617cb1ec3f086,https://newsatcl-pctr.c.yimg.jp/t/amd-img/20250303-00000016-niigatatvv-000-1-view.jpg?exp=10800,2025-03-03T19:13:57+09:00,2025-03-03T19:13:57+09:00,UX新潟テレビ21,niigatatvv,UX新潟テレビ21,362,"ガソリンスタンドに車が・・・
3日午前、新潟市西区のガソリンスタンドの事務所に車が突っ込む事故がありました。

警察によりますと午前9時前、新潟市西区のガソリンスタンドの事務所に80代の男性が運転する普通乗用車が突っ込みました。この事故で車の窓ガラスが割れましたが、男性や店員にケガはありません。
【動画】ガソリンスタンドに車が・・・「車が加速して突っ込んでくるのが見えて」ケガ人なし【新潟・西区】
■JA新潟かがやきネクサスにいがたSS 権平高広所長
「事務所の中で仕事をしていて、ものすごい音がしたので見たら、車が加速して突っ込んでくるのが見えて、一瞬何が起こったのか分からなかった。」

男性は、「アクセルとブレーキを踏み間違えた」と話しているということです。この事故の影響で数日間、店を臨時休業にするということです。",[],[]
魚沼産コシヒカリの若手農家“魚沼ブラザーズ”が集結「最高峰のコメ」決めるコンテスト【新潟】（UX新潟テレビ21）,https://news.yahoo.co.jp/articles/a2e9d3882f13e358d76c98b8d16b29c190b2f3ed,https://newsatcl-pctr.c.yimg.jp/t/amd-img/20250303-00000015-niigatatvv-000-1-view.jpg?exp=10800,2025-03-03T19:13:50+09:00,2025-03-03T19:13:50+09:00,UX新潟テレビ21,niigatatvv,UX新潟テレビ21,628,"“魚沼ブラザーズ”が集結
全国トップブランド「魚沼産コシヒカリ」の若手農家が集まり、最高峰のコメを決めるコンテストが開かれました。
【動画】魚沼産コシヒカリの若手農家“魚沼ブラザーズ”が集結「最高峰のコメ」決めるコンテスト【新潟】
南魚沼市で開催された『最高米グランプリ in 魚沼』。
魚沼産コシヒカリの生産地のコメ農家13人でつくる魚沼ブラザーズが開いたもので、メンバーはコメのコンクールで数多くの受賞歴を持っています。

出品された26点のコメの中から、コシヒカリと多品種の2部門で最高峰を決定します。

■こまがた農園 駒形宏伸さん
「皆さんおいしいので何とも言えないが、いいところにいけたらと思う。」

審査は、2人の専門家のほかメンバーも自ら担当。「香り」「見た目」「硬さ」など5つの項目で採点します。

■お米ライター 柏木智帆さん
「全体的にレベルが高い。個人的には食感を大切にしているので、なめらかさを重点的に見るようにしている。」

果たして審査の結果は－
「最高米コシヒカリ部門・最高金賞は・・・桑原農産です。」

桑原農産の桑原真吾さんと、「新之助」を出品したひらくの里ファームの青木拓也さんが最高金賞に選ばれました。

■桑原農産 桑原真吾さん
「この魚沼地域でコシヒカリが一番の品種という中で、評価をいただいたのは非常にうれしい。」

主催した魚沼ブラザーズでは、猛暑や水不足への対応など今後のコメ作りに生かすことにしています。",[],[]
来週開業の「JR上所駅」デザイン考案は高校生“駅名標”をお披露目【新潟】（UX新潟テレビ21）,https://news.yahoo.co.jp/articles/e3eacf185517f6f504bcff4237e2b1b0b3b0e182,https://newsatcl-pctr.c.yimg.jp/t/amd-img/20250303-00000014-niigatatvv-000-1-view.jpg?exp=10800,2025-03-03T19:13:39+09:00,2025-03-03T19:13:39+09:00,UX新潟テレビ21,niigatatvv,UX新潟テレビ21,416,"来週15日(土)に「JR上所駅」開業
来週開業を迎えるJR越後線の新駅『上所駅』の“案内看板駅名標”がお披露目されました。デザインを考えたのは、駅近くの高校に通う生徒たちです。
【動画】来週開業の「JR上所駅」デザイン考案は高校生“駅名標”をお披露目【新潟】
JR越後線の新潟駅と白山駅の間に新設される『上所駅』。
授業の一環でデザインを考えた新潟南高校の2年生が“駅名標”をお披露目しました。駅の付近に信濃川や鳥屋野潟があることから、「水のせせらぎ」を表現したといいます。

■駅名標デザインを考案 五十嵐紅華さん
「(駅名標は)利用者が元気をもらえ、明るい気持ちになれると思った。すごい思い入れのある駅となった。」

■駅名標デザインを考案 向井和輝さん
「後輩たちには、大切にいつまでもきれいに使ってほしいなと思いますし、通学時間も短くなるので朝早く学校にきて勉強してほしい。」

JR上所駅は、来週15日(土)に開業します。",[],[]
【夏の参院選｜立憲の比例代表候補】森ゆうこ元参院議員「再始動です」県連と連携し選挙戦へ【新潟】（UX新潟テレビ21）,https://news.yahoo.co.jp/articles/38393ba8ba5d191c022c3304144878ff7aa4cb05,https://newsatcl-pctr.c.yimg.jp/t/amd-img/20250303-00000013-niigatatvv-000-1-view.jpg?exp=10800,2025-03-03T19:13:29+09:00,2025-03-03T19:13:29+09:00,UX新潟テレビ21,niigatatvv,UX新潟テレビ21,468,"森ゆうこ元参院議員「再始動です」
立憲民主党県連は、夏の参議院選挙の比例代表候補に内定した森ゆうこ元参議院議員を、県連の所属にすることを決めました。
【動画】【夏の参院選｜立憲の比例代表候補】森ゆうこ元参院議員「再始動です」県連と連携し選挙戦へ【新潟】
森さんは2日、約2年半ぶりに立憲民主党県連の常任幹事会に出席しました。

■立憲民主党 森ゆうこ元参院議員
「再始動です。」

森さんは2001年に初当選し、3期18年参議院議員を務めましたが2022年に落選。今回、比例代表での公認が決まったことを受け、県連は森さんの所属を決め、連携して選挙に臨むことを確認しました。

■立憲民主党 森ゆうこ元参院議員
「新潟が基本であり拠点。ここでどれだけ頑張れるかということが、結果を決めると思っています。」

森さんは、新潟選挙区から立候補予定の打越さく良参議院議員について「力を合わせれば相乗効果で盛り上がる」として連携を示唆しました。夏の参議院選挙新潟選挙区には、自民党の中村真衣さんと、参政党の平井恵里子さんも立候補を予定しています。",[],[]
【気象予報士が解説】ガクブル！真冬に逆戻り？最低気温は各地で氷点下予想【新潟】（UX新潟テレビ21）,https://news.yahoo.co.jp/articles/30e7ad89801242281f8329e28c15d746c0e44c32,https://newsatcl-pctr.c.yimg.jp/t/amd-img/20250303-00000012-niigatatvv-000-1-view.jpg?exp=10800,2025-03-03T19:13:21+09:00,2025-03-03T19:13:21+09:00,UX新潟テレビ21,niigatatvv,UX新潟テレビ21,726,"週間予報
3日(月)午前9時半頃の新潟・中央区では、水分の多い湿った雪が降り、うっすらと雪が積もった所もありました。
【動画】【気象予報士が解説】ガクブル！真冬に逆戻り？最低気温は各地で氷点下予想【新潟】
同じ時間帯の上越市高田。大粒の雪が降り、3月だというのに一面銀世界に。真冬に戻ったような天気となり、3日(月)正午の気温は新潟・中央区で1.6℃、上越市高田で1.2℃など、2日(日)の同じ時間と比べて10℃以上低くなった所もありました。

4日(火)の県内も、雪や雨の降る時間がありそうです。

◆4日(火)午前9時の予想天気図
はじめ北の高気圧に覆われますが、九州付近の低気圧が東に進んでくる見通しです。県内には湿った空気が次第に流れ込んできて、天気が下り坂に向かうでしょう。

◆4日(火)の天気の移り変わり
朝6時は、広く晴れる見込みです。その後、昼頃までは晴れますが、午後は雲が広がり上越方面では夕方から雪や雨が降り始めるでしょう。そして、夜は全県的に雪やミゾレが降りそうです。

雪は、山沿いも含めて降り方はあまり強まらない見込みで、新潟市は今回まとまった積雪にはならなそうです。

◆4日(火)の予想気温
最高気温は6℃前後で、3日(月)と比較すると日中は寒さが少し和らぐ見込みです。ただ、朝の最低気温は各地で氷点下の予想で、特に山沿いでは－7℃前後と厳しい冷え込みになりそうです。路面の凍結や水道の凍結にも注意をしてください。

そして、5日(水)以降も雪の降る日がありそうです。

◆週間予報
この先しばらく天気がぐずつきますが、7日(金)頃は平地も含めて雪が降るでしょう。山沿いを中心に、雪の降り方が強まるところもありそうです。",[],[]
【サッカー｜J1アルビ】待ちに待ったホーム開幕戦！今季初勝利目前で悪夢が・・・【新潟】（UX新潟テレビ21）,https://news.yahoo.co.jp/articles/ec83da75e34ff3d7906375af0f09f89914336f4e,https://newsatcl-pctr.c.yimg.jp/t/amd-img/20250303-00000011-niigatatvv-000-1-view.jpg?exp=10800,2025-03-03T18:53:20+09:00,2025-03-03T18:53:20+09:00,UX新潟テレビ21,niigatatvv,UX新潟テレビ21,1434,"セレッソ大阪と対戦し2対2で引き分け
明治安田J1リーグ・アルビレックス新潟の話題です。リーグ開幕から2週間、ようやくやってきた今シーズンのホーム開幕戦。勝利目前でまさかの展開が待っていました。

今年もやってきた…待ちに待った…ホーム開幕戦！

■大石悠貴アナウンサー
「アルビ・ホーム開幕戦がやってきました。現在の気温が12.8℃、サッカー日和となっております。試合開始1時間半前ですが、このようにずらりと、多くのオレンジのアルビサポーターが詰めかけています。この試合の期待度をサポーターに聞いてきます！」

■サポーター
「ホームはアウェーと違うので、みんなの力で応援すれば選手が頑張ってくれると思う。」
■サポーター
「(Q.1番最初にゴールを決めるのは？)小見！矢村！」
■サポーター
「今日は1歳になって初めてのホーム戦なので、一緒に来た。子どもと一緒に見られるのは幸せなことなので、是非とも勝ち点3をとってもらいたい。」

春の陽気に包まれたこの日。試合前にはピクニックを楽しんでいるサポーターも…

■サポーター
「娘と孫2人と家内。3月でこんな天気はめったにない。3試合勝てていないので、今日は絶対勝ってほしい。」

新生アルビは、ここ3試合いまだ勝利なし。そのアルビを後押ししようと、約2万3000人のサポーターがビッグスワンに詰めかけました。もちろん狙うのは〝勝利〟のみです。

立ち上がり、守備のプレスがうまくはまらず、流れはセレッソに…。再三のピンチを防ぐと、逆に少しずつアルビがペースをつかんでいきます。すると17分でした。矢村ゴール！センターバックの稲村が前線に駆け上がりシュート。こぼれ球に矢村が反応し、ホーム開幕戦で欲しかった先制点を奪います。
これで一気に流れにのるアルビは…マイケルから矢村！さらに谷口から長谷川！ただゴールネットを揺らすことはできず・・・。すると28分、クロスから一瞬のスキを突かれて同点に。その後もゴールを狙い続け、前半だけで12本のシュートを放ちますが、追加点を奪えず1－1で前半を折り返します。

何が何でも勝利を…ゴールが欲しいアルビは後半17分、キャプテン堀米から長谷川！長谷川が頭でニアを打ち抜き、2年連続のホーム開幕戦でのゴール！再びリードを奪います。
アルビは39分からゲリアを投入。ディフェンスの枚数を増やし、5バックで守備を固める作戦に。しかし、アディショナルタイムに悪夢が…同点ゴール。その後も、最後まで諦めずゴールを狙いますが、決めきれず。

もどかしいドロー。これで4試合連続白星なし。ホーム開幕戦で逃した勝ち点3に、監督・選手それぞれが悔しさをにじませる結果となりました。

■樹森大介監督
「本当にたくさんのサポーターの声援はすごい雰囲気を作ってくれたので、ありがたかった。尚更しっかり勝ち点3をとらなくてはいけなかったという思い。」

■矢村健選手
「1点目決めた時は最高だったが、もう2点3点と取るチャンスがあったというところに、自分自身目を向けなければいけないし。ここで、もう2点3点とるチーム、その1点を守り抜くチームにもっともっと強くたくましくならないといけないと実感した。」

■堀米悠斗選手
「本当にいまやっている道を信じて、チームが同じ方向を向いて進んでいくしかないと思うので、なかなか結果が出ていないがチームがバラバラにならないように一つになって進んでいきたい。」",[],[]
自公維が合意 “高校授業料の無償化”で“公立離れ”は？県内の志望傾向に影響は少ないか【新潟】（UX新潟テレビ21）,https://news.yahoo.co.jp/articles/112729cefe6371a060c4a728ad1745b0843d0a5a,https://newsatcl-pctr.c.yimg.jp/t/amd-img/20250303-00000010-niigatatvv-000-1-view.jpg?exp=10800,2025-03-03T18:40:39+09:00,2025-03-03T18:40:39+09:00,UX新潟テレビ21,niigatatvv,UX新潟テレビ21,729,"自公維が“高校授業料の無償化”などについて合意
自民・公明両党と日本維新の会は先週、“高校授業料の無償化”などについて合意しました。教育現場からは、公立志向が強い県内では私立に流れるなどの変化は起こりにくいとの声も上がりました。
【動画】自公維が合意 “高校授業料の無償化”で“公立離れ”は？県内の志望傾向に影響は少ないか【新潟】
3党合意では、4月から公立・私立問わず所得制限をなくして、全世帯を対象に11万8800円を支給。また、私立高校に通う世帯への支援金については、2026年4月から所得制限を撤廃し、全国平均授業料に相当する45万7000円に引き上げるとしています。

■80代男性
「子どもにとってもいいし、親にとっても経済的な負担がなくなるから良いと思う。」

■幼い子の母
「お金がかかるから高いところはいけないとかありますけど、どんなご家庭でもやりたいことがやらせてあげられるようになるのかな。」

都市部では“公立離れ”を心配する声もありますが、小・中学生向けの学習塾を運営するNSG教育研究会の小幡大介さんは、県内では私立高校へ入学する生徒が増えるなどの影響は限定的だと話します。

■NSG教育研究会教務本部 小幡大介部長
「地元の公立志向は変わらないと思う。新潟県は歴史的に公立高校を受験する流れでずっと来ているのと、新潟市内以外には進学実績を伴った私立高校が少ないのが現状。」

ただ、無償化によって学習への投資が一定程度増えるのではと考えています。

■NSG教育研究会教務本部 小幡大介部長
「投資の先買いができるのであれば、小・中学生の段階でひとつ受ける授業を増やしてみるなど、教育にかける時間を増やすことはできると思う。」",[],[]
“おやつ”の一手にも注目！「棋王戦」第3局 藤井七冠が勝利【新潟】（UX新潟テレビ21）,https://news.yahoo.co.jp/articles/142953e88c855c691d0b9ad41eda296d321bc5dc,https://newsatcl-pctr.c.yimg.jp/t/amd-img/20250303-00000009-niigatatvv-000-2-view.jpg?exp=10800,2025-03-03T18:40:32+09:00,2025-03-03T19:46:29+09:00,UX新潟テレビ21,niigatatvv,UX新潟テレビ21,492,"1回目のおやつは〝越後姫のタルト〟を注文
将棋の「棋王戦」第3局が2日、新潟市で行われ藤井聡太七冠が勝利し、3連覇を達成しました。対局と共に、おやつの「一手」にも注目が集まりました。
【動画】“おやつ”の一手にも注目！「棋王戦」第3局 藤井七冠が勝利【新潟】
新潟市中央区の新潟グランドホテルで行われた「棋王戦」第3局。藤井七冠にタイトル戦初挑戦の増田康宏八段が挑みます。3連覇に王手をかける藤井七冠が、タイトル戦100勝目をあげ防衛するのか注目されました。

そして、午前10時。1回目のおやつは、2人ともホテルのティーラウンジ『スパークル』で販売されている〝越後姫のタルト〟を注文しました。

午後4時すぎ、同一局面が4回出て指し直しとなる「千日手」が成立。藤井七冠は、先手後手を入れ替えた指し直し局に120手で勝利し、3連覇を達成しました。

■藤井聡太七冠
「地元の方に温かく歓迎して迎えて頂ける印象が強いので、今回こちらで防衛という結果を出すことができてうれしく思う。」

タイトル通算勝利数は「100」となり、タイトル獲得数は谷川浩司17世名人に並ぶ歴代5位となりました。",[],[]
県内で“百日せき”の患者数増加 30～40代が多い傾向－基本的な感染対策の徹底を【新潟】（UX新潟テレビ21）,https://news.yahoo.co.jp/articles/96dd6fc872299a709794c446aa68d59e0caf53f7,https://newsatcl-pctr.c.yimg.jp/t/amd-img/20250303-00000008-niigatatvv-000-2-view.jpg?exp=10800,2025-03-03T18:40:25+09:00,2025-03-03T20:41:02+09:00,UX新潟テレビ21,niigatatvv,UX新潟テレビ21,678,"激しいせきが連続して起こる病気
県内では、激しいせきが長期間続く『百日せき』が流行しています。専門家は、基本的な感染対策を呼びかけています。
【動画】県内で“百日せき”の患者数増加 30～40代が多い傾向－基本的な感染対策の徹底を【新潟】
『百日せき』とは、激しいせきが連続して起こる病気で、治療などしなければ長いと3か月ほど症状が続くこともあります。

■こばやし内科クリニック 小林義昭院長
「1回出ると落ち着くまでせきが続くと、吐きそうになるような咳をする。『コンコンコン ヒュー』みたいなけいれん様のせきになるということがあります。」

県の集計によると、今年に入って7週の間に57件が報告されており、前年の同期間と比べて53件増えています。

新潟市中央区のこばやし内科クリニックでも、2024年11月ごろから『百日せき』の患者数が増加し、2月は5人が診断されています。特に、30代から40代の患者が多いと言います。

■こばやし内科クリニック 小林義昭院長
「小さい頃、みんな百日せきのワクチンを打っている。切れてくる頃が30代から40代ということで、かかりやすいんだと思います。」

基本的な予防方法は“予防接種”。
また『百日せき』は、せきやくしゃみなど飛沫感染によって広がるため、基本的な感染対策が重要だといいます。

■こばやし内科クリニック 小林義昭院長
「標準的な予防策として、マスク着用とか手洗い・うがいなど、この辺をしっかりやっていくというところになる。」

小林院長は、せきが長く続く場合は病院で検査をしてほしいとしています。",[],[]
【速報】関越トンネル下り線で単独事故：数十台が滞留、月夜野IC～湯沢ICが通行止め【新潟（16時現在）】（UX新潟テレビ21）,https://news.yahoo.co.jp/articles/350a7bccd3ee6bf6ed5dac8811fe31e8d3d37269,https://newsatcl-pctr.c.yimg.jp/t/amd-img/20250303-00000007-niigatatvv-000-3-view.jpg?exp=10800,2025-03-03T15:59:15+09:00,2025-03-03T15:59:37+09:00,UX新潟テレビ21,niigatatvv,UX新潟テレビ21,174,"関越自動車道下り線：月夜野IC～湯沢ICが通行止め
3日午後3時ごろ、群馬県みなかみ町の関越自動車道下り線の関越トンネル内で大型貨物車の単独事故がありました。

警察とNEXCO東日本によると、この事故によるケガ人はいないということですが、下り線の月夜野ICから湯沢ICが通行止めとなっています。また、現場付近で数十台が滞留しているということです。",[],[]
「アクセルとブレーキ踏み間違えた」80代男性が運転する車がガソリンスタンドの事務所に衝突事故【新潟・西区】（UX新潟テレビ21）,https://news.yahoo.co.jp/articles/36d5d8c03735f18234048d93634c44b6366d8818,https://newsatcl-pctr.c.yimg.jp/t/amd-img/20250303-00000006-niigatatvv-000-3-view.jpg?exp=10800,2025-03-03T13:21:15+09:00,2025-03-03T18:29:52+09:00,UX新潟テレビ21,niigatatvv,UX新潟テレビ21,256,"男性や事務所にいた店員にケガはなし（視聴者提供）
3日午前9時前、新潟市西区のガソリンスタンドで、普通乗用車が事務所のガラス戸に衝突する単独事故がありました。ケガ人はいません。

事故があったのは、新潟市西区金巻新田のガソリンスタンドです。警察によりますと、午前9時前、80代の男性が運転する普通乗用車が事務所正面のガラス戸やアルミサッシに衝突しました。男性や事務所にいた店員にケガはありません。

男性は、「アクセルとブレーキを踏み間違えた」と話しているということです。警察が、事故の原因について調べています。",[],[]
【棋王戦｜第3局】藤井聡太七冠が3連覇 通算100勝を達成【新潟】（UX新潟テレビ21）,https://news.yahoo.co.jp/articles/e052333108983a5501606afe1025a5c1e5b21c60,https://newsatcl-pctr.c.yimg.jp/t/amd-img/20250303-00000005-niigatatvv-000-5-view.jpg?exp=10800,2025-03-03T11:55:11+09:00,2025-03-03T19:46:56+09:00,UX新潟テレビ21,niigatatvv,UX新潟テレビ21,360,"藤井聡太七冠が3連覇
将棋の『棋王戦』第3局が2日、新潟市で行われ藤井聡太七冠が勝利し、3連覇を達成しました。
【動画】“おやつ”の一手にも注目！「棋王戦」第3局 藤井七冠が勝利【新潟】スーパーJにいがた3月3日OA
新潟市中央区の新潟グランドホテルで行われた『棋王戦』第3局。藤井七冠にタイトル戦初挑戦の増田康宏八段が挑みます。

午後4時すぎ、同一局面が4回出て指し直しとなる「千日手」が成立。藤井七冠は、先手後手を入れ替えた指し直し局に120手で勝利し、3連覇を達成しました。

■藤井聡太七冠
「地元の方に温かく歓迎して迎えて頂ける印象が強いので、今回こちらで防衛という結果を出すことができてうれしく思う。」

タイトル通算勝利数は『100』となり、タイトル獲得数は谷川浩司17世名人に並ぶ歴代5位となりました。",[],[]
【サッカー｜WEリーグ】アルビL ラストプレーで逆転に成功！後半戦白星スタート【新潟】（UX新潟テレビ21）,https://news.yahoo.co.jp/articles/4f35797b4264d088b4763a8a8d86ac6519e68160,https://newsatcl-pctr.c.yimg.jp/t/amd-img/20250303-00000004-niigatatvv-000-1-view.jpg?exp=10800,2025-03-03T11:53:25+09:00,2025-03-03T11:53:25+09:00,UX新潟テレビ21,niigatatvv,UX新潟テレビ21,309,"セレッソ大阪ヤンマーレディースと対戦し2-1で勝利
女子サッカーWEリーグ・アルビレックス新潟レディースは2日、アウェーでセレッソ大阪ヤンマーレディースと対戦し、リーグ後半戦の初戦を白星で飾りました。

リーグ中断明け最初の試合となったセレッソ戦。試合が動いたのは後半、キーパー平尾のパスミスから相手に決められ先制を許します。それでも10分、川澄から途中出場の上尾野辺が2シーズンぶりとなるゴールを決め、同点に追いつくと…さらに試合終了間際のラストプレー。豪快に振り抜いた下吉のシュートが決まり、逆転に成功したアルビレディース。後半戦のスタートを白星で飾りました。

次節は、3月9日(日)にホームで神戸と対戦します。",[],[]
無病息災を願う 集落に春を告げる長さ2m〝大わらじ〟の掛け替え【新潟・佐渡市】（UX新潟テレビ21）,https://news.yahoo.co.jp/articles/dfbbabb82cdb8f3dcbc530123815d1dd0bfa2128,https://newsatcl-pctr.c.yimg.jp/t/amd-img/20250303-00000003-niigatatvv-000-1-view.jpg?exp=10800,2025-03-03T10:48:49+09:00,2025-03-03T10:48:49+09:00,UX新潟テレビ21,niigatatvv,UX新潟テレビ21,367,"村の中に悪者が入らないよう大男がいるように見せたのが始まりと言われている
佐渡市で無病息災を願う大わらじの掛け替えがありました。

佐渡市真野地区の倉谷集落で2日、住民約30人が去年収穫した稲わらで〝大きなわらじ〟を編みました。この風習は昔、村の中に悪者が入らないよう大男がいるように見せたのが始まりと言われています。
【動画】無病息災を願う 集落に春を告げる長さ2m〝大わらじ〟の掛け替え【新潟・佐渡市】
編み始めて約2時間、大きなわらじが完成。長さは2m、重さが40kgありました。さっそく村の入り口にかけられていた古いわらじと取り替えられました。

■倉谷集落 柴原健司区長
「立派な大わらじが今年は出来たと思いますので、観光客の方・通る方に見て頂ければと思ってます。」

新しい大わらじが集落に春の訪れを告げるということです。",[],[]
去年は約9億近くの被害…ラジオパーソナリティーが1日警察署長 特殊詐欺の被害防止を呼びかけ【新潟】（UX新潟テレビ21）,https://news.yahoo.co.jp/articles/fe3b9265d40f0bf1d77953b4f9ee927f97d32dbf,https://newsatcl-pctr.c.yimg.jp/t/amd-img/20250303-00000002-niigatatvv-000-1-view.jpg?exp=10800,2025-03-03T10:48:40+09:00,2025-03-03T10:48:40+09:00,UX新潟テレビ21,niigatatvv,UX新潟テレビ21,221,"アイドルグループ「メロン記念日」の斉藤瞳さん
新潟市南区出身のラジオパーソナリティーが1日警察署長を務め、特殊詐欺の被害防止を呼びかけました。

2月28日、新潟南警察署の1日署長に任命されたのは、ラジオパーソナリティーの斉藤瞳さんです。新潟市南区の銀行を訪れ、今年再結成した自身が所属するアイドルグループ「メロン記念日」にかけてメロンパンを配り、特殊詐欺に注意するよう呼びかけました。
県内では去年、9億円近くの特殊詐欺の被害がありました。",[],[]
【サッカー｜J1アルビ】勝利目前でオウンゴール ホーム開幕戦は引き分け【新潟】（UX新潟テレビ21）,https://news.yahoo.co.jp/articles/c30cb653733190f78e3acfc2aa119706d876aa41,https://newsatcl-pctr.c.yimg.jp/t/amd-img/20250303-00000001-niigatatvv-000-1-view.jpg?exp=10800,2025-03-03T10:26:28+09:00,2025-03-03T10:26:28+09:00,UX新潟テレビ21,niigatatvv,UX新潟テレビ21,318,"セレッソ大阪と対戦し2対2で引き分け
サッカー明治安田J1・アルビレックス新潟は、ホーム開幕戦でセレッソ大阪と対戦し2対2で引き分けました。

開幕以降、3試合勝利が無いアルビ。ホームで今シーズン初勝利を目指します。
前半17分、カウンターから長谷川のパスを受けた稲村がシュート、こぼれ球を矢村が押し込み先制します。

1対1の同点で迎えた後半17分、堀米のクロスに長谷川が頭で合わせ、再びリードを奪います。守りに入ったアルビは、勝利目前の後半アディショナルタイムに相手に攻め込まれ痛恨の失点。

試合はこのまま終了し、2対2の引き分け。今シーズン初勝利とはなりませんでした。
次の試合は、3月8日にホームで東京ヴェルディと対戦します。",[],[]
