headline,mainEntityOfPage,image,datePublished,dateModified,author,media_en,media_jp,str_count,body,images,external_links
八甲田山で初冠雪　平年より2日遅い観測（tenki.jp）,https://news.yahoo.co.jp/articles/0392c0c5c279b91096360697a5889f087fdcf65f,https://newsatcl-pctr.c.yimg.jp/t/amd-img/20251021-00032203-tenki-000-1-view.jpg?exp=10800,2025-10-21T17:48:05+09:00,2025-10-21T17:48:05+09:00,tenki.jp,tenki,tenki.jp,642,"画像：tenki.jp
今日21日、八甲田山で「初冠雪」が観測されました。平年より2日遅く、昨年より1日遅い観測です。
八甲田山で「初冠雪」
今日21日、青森地方気象台で、八甲田山の「初冠雪」が観測されました。平年より2日遅く、昨年より1日遅い観測です。また、今日21日の午前中には岩手山でも初冠雪が観測されました。

昨日20日から東北の上空にも山で雪を降らせる目安となる寒気が流れ込み、標高の高い所では雪が降りました。

この先、24日(金)頃にかけて寒気が流れ込みやすいでしょう。北海道では山沿いを中心に雪が降りそうです。峠道では路面状況の変化にご注意ください。
初冠雪とは
画像：tenki.jp
初冠雪とは、8月1日から翌年の7月31日までに山麓の気象官署から見て、山頂付近が初めて積雪などで、白く見えることを言います。

初冠雪は初雪とは違い、麓の気象台から山の山頂付近が雪などで白く見えることが条件です。山に登って、雪が降っていることが分かっても、初冠雪とはなりません。

また、麓から見えることが条件で、山にいくら雪が積もっていても、雲に邪魔されて見えない場合も初冠雪にはなりません。遠くから見えるくらいの雪が積もり、その後、晴れて、麓から確認できたときに、初冠雪となります。

なお、富士山の初冠雪は、「一日の平均気温が、その年の最も高い日」の後に、山頂付近が雪などによって白く見える様子が、麓の気象台から見えたことが、観測の条件です。
日本気象協会 本社 日直主任",[],[]
22日にかけ伊豆諸島は猛烈な雨の恐れ　関東～九州も雨　東京都心は12月並みの寒さ（tenki.jp）,https://news.yahoo.co.jp/articles/63619191873a30755f38a26a737b7e9eb0d226b1,https://newsatcl-pctr.c.yimg.jp/t/amd-img/20251021-00032202-tenki-000-1-view.jpg?exp=10800,2025-10-21T17:32:28+09:00,2025-10-21T17:32:28+09:00,tenki.jp,tenki,tenki.jp,976,"画像：tenki.jp
22日(水)にかけても前線が本州の南に停滞。伊豆諸島では22日(水)明け方にかけて、線状降水帯が発生して大雨災害発生の危険度が急激に高まる可能性があります。また、沖縄も非常に激しい雨が降り、大雨となるでしょう。大雨災害に警戒が必要です。関東から九州南部も昼頃まで冷たい雨となるでしょう。東京都心の最高気温は12℃と12月中旬並みの寒さとなりそうです。
伊豆諸島では22日(水)明け方にかけて線状降水帯発生の恐れ
画像：tenki.jp
22日(水)にかけても前線が本州の南に停滞する見込みです。前線に向かう暖かく湿った空気や上空の気圧の谷の影響で、伊豆諸島では大気の状態が非常に不安定になるでしょう。

伊豆諸島では、激しい雨(1時間30ミリ以上50ミリ未満)や非常に激しい雨(1時間50ミリ以上80ミリ未満)が降り、大雨となる所がありそうです。局地的には猛烈な雨(1時間80ミリ以上)が降る恐れもあります。特に、22日(水)明け方にかけて、線状降水帯が発生して大雨災害発生の危険度が急激に高まる可能性があります。22日(水)18時までに予想される24時間降水量は多い所で200ミリです。線状降水帯が発生した場合は、局地的にさらに雨量が増える恐れがあります。土砂災害、低い土地の浸水、河川の増水や氾濫に厳重に警戒してください。
沖縄も非常に激しい雨の恐れ
画像：tenki.jp
また、沖縄の先島諸島付近には熱帯低気圧があります。沖縄では前線や熱帯低気圧の影響で大気の非常に不安な状態が続くでしょう。

沖縄本島地方では22日(水)にかけて局地的に激しい雨(1時間30ミリ以上50ミリ未満)が降り、八重山地方では非常に激しい雨(1時間50ミリ以上80ミリ未満)の降る所がありそうです。土砂災害や低い土地の浸水、河川の増水、落雷、突風に注意・警戒してください。
関東から九州南部は冷たい雨　東京都心は12月並みの寒さ
画像：tenki.jp
関東から九州南部にかけては22日(水)は昼頃まで雨雲がかかるでしょう。沿岸部ほど本降りの雨となりそうです。

最高気温は全国的に平年より低く、東京都心は12℃と12月中旬並みの寒さとなるでしょう。急に冬のような寒さとなりますので、体調管理にご注意ください。
日本気象協会 本社 吉田　友海",[],[]
明日22日の東京都心は冬の寒さでコートが必須に　最高気温は12月上旬並み（tenki.jp）,https://news.yahoo.co.jp/articles/d3a4af5a64d1b74f88215c99a6ac9a14446599ba,https://newsatcl-pctr.c.yimg.jp/t/amd-img/20251021-00032201-tenki-000-2-view.jpg?exp=10800,2025-10-21T17:04:33+09:00,2025-10-21T17:29:40+09:00,tenki.jp,tenki,tenki.jp,1019,"画像：tenki.jp
明日22日(水)は急な冬の訪れに注意。朝から雲に覆われて、ほとんど気温は上がらず。日中も震える寒さに。最高気温は広く15度以下で、都心など12月並み。外出の際は冬の装いで。23日(木)と24日(金)は、天気一転、各地で秋晴れとなり、日中は爽やかな陽気。
明日22日(水)は一気に冬のような寒さに　最高気温は12月並み　最適な服装は
画像：tenki.jp
明日22日(水)は、関東は、朝のうちは広く雨が降るでしょう。日中も雲に覆われて、日差しは控えめです。

そして寒気の影響もあり、朝から気温はほとんど上がりません。最高気温は、都心をはじめ15度に届かない所が多く、昼間は冬のような寒さになります。また、沿岸部を中心に北よりの冷たい風が強めに吹き、体感温度をさらに下げるでしょう。傘を持つ手が、かじかむくらいになりそうです。急な寒さで体調を崩さないように、お出かけの際は、厚手の上着やコートなどの冬服が必要になるでしょう。
短い周期で天気が変わる一週間　日中の寒暖差に注意を
画像：tenki.jp
23日(木)と24日(金)は、一転して、秋晴れになるでしょう。日中は爽やかな陽気となり、シャツ一枚で過ごせそうです。ただ、朝晩は空気がヒンヤリしますので、服装で上手に調節して下さい。

25日(土)は次第に天気は下り坂で、昼頃から雨の降る所が多くなりそうです。雨の範囲は、26日(日)にかけて次第に広がり、一時的に雨脚が強まることもあるでしょう。今週末は、お出かけにはあいにくの天気になりそうです。

27日(月)は天気が回復し、各地で日差しが戻ります。28日(火)もスッキリ晴れて、日中は秋らしく、何をするにも快適な陽気になるでしょう。
この先は関東でも山沿いを中心に紅葉が進む
画像：tenki.jp
紅葉は、最低気温が8度以下になると葉が色付きはじめ、5度前後の日が続くと急速に色付きが進むといわれます。

10月も後半に入り、北日本だけでなく、東日本の山々でも紅葉の見頃を迎えている所が徐々に増えてきています。この先は、一段と朝晩の冷え込みが強まり、各地で紅葉が進むでしょう。なお、今年は紅葉の当たり年だそうです。ここ10年で最も色付きが良い場所もあるでしょう。ただ、秋が深まるにつれて、日差しの下でも肌寒くなってきます。紅葉狩りを楽しむ際は、暖かい服装でお出かけ下さい。
日本気象協会 本社 福田　浩昭",[],[]
北海道は次第に本格的な冬へ　12月は日本海側で大雪に十分な注意を（tenki.jp）,https://news.yahoo.co.jp/articles/09f6b76dea0bf7ded1189c79947d07bf8f74f9aa,https://newsatcl-pctr.c.yimg.jp/t/amd-img/20251021-00032200-tenki-000-1-view.jpg?exp=10800,2025-10-21T16:45:58+09:00,2025-10-21T16:45:58+09:00,tenki.jp,tenki,tenki.jp,1342,"画像：tenki.jp
今月上旬には広く夏日となり、半そでの出番もあった北海道ですが、ここ1週間で一気に季節は進み、昨日(20日)は道北やオホーツク海側で平地の初雪も観測されました。今年の北海道はこのまま秋が短く終わりそうで、11月には平野部でも雪の積もる日が増えていくでしょう。12月には日本海側を中心に大雪のおそれがあるなど、本格的な冬が近づいてくる見込みです。
11月　寒暖差が大きく路面状態が変わりやすい　平地でも冬タイヤの準備を
画像：tenki.jp
今日(21日)、札幌管区気象台から最新の3か月予報が発表になりました。11月は平年と比べると寒気の影響をやや受けづらく、気温は全般に平年並みか高めになります。

しかし、低気圧が周期的に北海道付近を通過する影響で、寒暖差が大きくなりそうです。低気圧の接近時には暖かい空気が入り、雨の降る所が多くなりますが、低気圧の通過後には大陸からの冷たい空気が入るため、日本海側を中心に雪が降る見込みです。徐々に平地でも路面状態が変わりやすくなるため、街中を走る場合でも、冬タイヤへの交換が必要になります。

また、旭川では平年だと11月24日に根雪(長期積雪)が始まります。今年の11月は寒気が平年よりやや弱いとはいえ、11月下旬の雪の降り方によっては、日本海側北部の内陸で根雪初日を迎える可能性もあります。
12月　一気に真冬に突入　日本海側で雪が多くなるおそれ
画像：tenki.jp
12月は大陸からの寒気が流れ込みやすくなるため、冬型の気圧配置が強まり、日本海側で雪の量が多くなるおそれがあります。
昨年の12月も同様の傾向で、日本海側では、岩見沢や倶知安など、内陸を中心に雪の量が平年を大きく上回り、岩見沢では12月中旬の段階で積雪が120センチを超え、交通機関にも影響が出るほどの大雪となりました。

今年の12月は冬型の気圧配置が強まるだけでなく、低気圧の影響を受ける可能性もあるとされており、局地的な大雪には十分な注意が必要になります。特に11月は寒気の影響を平年より受けづらいため、12月に入って一気に気温や雪の降り方が変わるおそれがあります。
1月　広く真冬日が続くおそれ　水道凍結などに注意を
画像：tenki.jp
1月は、12月ほど冬型の気圧配置が頻繁に強まることはない見込みで、気温や天気はともに例年通りの状態に戻りそうです。しかし、例年でも1月は寒さのピークとなる所が多く、平年並みの気温であっても寒さは厳しくなります。

1月の平年の最高気温は、札幌で-0.4℃、旭川で-3.3℃、帯広で-1.5℃、北見で-2.6℃など、内陸を中心に最高気温でも0℃を下回り、一年で最も低い所が多くなります。特に札幌では月別の平年の最高気温が唯一氷点下となる月です。平年通りの気温で経過すれば、毎日のように真冬日(最高気温が0度未満)になることになります。寒さで体調を崩さないよう十分注意して下さい。

また、朝晩が冷え込むときだけでなく、真冬日が続くときにも水道凍結が発生しやすくなります。年末年始の帰省や旅行などで長期間、家を留守にする時は、忘れずに水抜きをしておきましょう。
日本気象協会 北海道支社 岡本　肇",[],[]
大阪は5か月半ぶりに20℃届かず　明日22日は雨でさらに肌寒い所も　暖かい服装を（tenki.jp）,https://news.yahoo.co.jp/articles/4da943b3189c20c714d35d0ad5b52cbd21e9ad7c,https://newsatcl-pctr.c.yimg.jp/t/amd-img/20251021-00032199-tenki-000-1-view.jpg?exp=10800,2025-10-21T16:27:53+09:00,2025-10-21T16:27:53+09:00,tenki.jp,tenki,tenki.jp,1186,"画像：tenki.jp
今日21日の近畿地方は、日中あまり気温が上がらず、11月上旬～中旬並みになった所が多くなりました。大阪市では、5月6日以来およそ5か月半ぶりに最高気温が20℃に届きませんでした。明日22日は、大阪より南の地域ほど雨が降りやすくなり、今日よりも気温が低く晩秋の肌寒さになる所があるでしょう。暖かい服装でお出かけください。
今日21日　急にひんやり　大阪は5か月半ぶりに20℃届かず
今日21日の朝は、今シーズンに入って最も気温の下がった所が多くなりました。近畿地方で最も気温が下がったのは、針(奈良市、都祁友田町)で8.6℃、そのほか、大阪市で15.3℃、京都市で14.5℃、豊岡市(兵庫)で12.9℃でした。これで平年並みか平年よりやや高いくらいですが、これまでの気温が高かったため、急に寒く感じられたかもしれません。

日中の気温は20℃に届かない所が多く、前日より大幅に低く11月上旬～中旬並みの所が多くなりました。大阪市の最高気温(15時30分まで)は19.5℃で、5月6日以来およそ5か月半ぶりに20℃に届きませんでした。

先週14日(火)は、京都市など30℃を超える暑さの所がありましたが、近畿地方はこの1週間で季節が大きく前進しています。
明日22日　南の地域ほど気温が上がりにくい　晩秋の肌寒さも
画像：tenki.jp
明日22日は、今日よりも気温の低くなる所が多い見込みです。
朝の最低気温は各地15℃以下で、大阪市は13℃くらいでけさより2℃ほど低く、平年並みになるでしょう。内陸部では10℃を下回る所もある見込みです。寝冷えをしないようにお気をつけください。
日中の最高気温は20℃に届かず、南の地域ほど気温が上がりにくくなるでしょう。
その原因は雨です。明日22日は大阪より南の地域ほど雨が降りやすく、雨の降る時間が長くなる見込みです。晩秋の肌寒さになる所もあるでしょう。雨が降ると、予想ほど日中の気温が上がらないことも考えられます。体を冷やさないよう、暖かい服装が安心です。
明日22日　雨の予想が変わりやすい　最新で確認して対策を
画像：tenki.jp
今日21日は、近畿の南部を中心に雨の降っている所があります。今夜は中部や北部でも雨の降る所が多くなるでしょう。
明日22日は、日本の南の海上に延びる前線の影響を受けるため、南から雨雲が広がってくる見込みです。近畿の南部では夕方にかけて雨が降りやすく、中部でも昼頃にかけて雨の降る可能性があります。北部では、天気が次第に持ち直しそうです。
雨雲が、近畿中部のどのあたりまでかかるのか、またいつまでかかるのか、予報が変わりやすくなっています。
明日22日の朝、最新の情報で確認して雨への対策をしつつ、服装選びをするとよいでしょう。
日本気象協会 関西支社 下福　美香",[],[]
12月から一気に冬の寒さか　冬型の気圧配置が強まり 日本海側で雪多く　3か月予報（tenki.jp）,https://news.yahoo.co.jp/articles/ec9dabdc6c78c5857fca48c69cc119c9dae05c73,https://newsatcl-pctr.c.yimg.jp/t/amd-img/20251021-00032198-tenki-000-1-view.jpg?exp=10800,2025-10-21T16:00:46+09:00,2025-10-21T16:00:46+09:00,tenki.jp,tenki,tenki.jp,1151,"画像：tenki.jp
11月は全国的に平均気温は平年より高く、季節の進みはゆっくりとなりそうです。12月は冬型の気圧配置が強まり、日本海側では雪や雨の降る日が多くなるでしょう。12月と1月の平均気温は全国的に平年並みで、冬らしい寒さとなりそうです。
12月以降　冬型の気圧配置が強まる
画像：tenki.jp
地球温暖化の影響などにより、大気全体の温度は高いでしょう。

ラニーニャ現象に近い状態が続く可能性が高く、海面水温は太平洋赤道域の中部から東部で低い一方、太平洋熱帯域の西部で高い見込みです。ラニーニャ現象に近い状態が続く可能性が高く、海面水温は太平洋赤道域の中部から東部で低い一方、太平洋熱帯域の西部で高い見込みです。

これらの影響で、上空の偏西風はユーラシア大陸で北に蛇行し、12月以降は日本付近で南に蛇行して平年よりやや南側を流れる時期があるでしょう。シベリア高気圧は南東側への張り出しがやや強い時期がありそうです。

これらのことから、12月以降は、冬型の気圧配置が強まる時期があるでしょう。
平均気温　11月は全国的に高い　12月・1月は平年並み
画像：tenki.jp
11月の平均気温は、全国的に平年より高いでしょう。日々の寒暖差はありますが、季節の進みはゆっくりとなりそうです。

12月になると、急に寒くなる見込みです。平均気温は平年並みで、冬らしい寒さとなるでしょう。1月の平均気温も平年並みで、真冬らしい厳しい寒さとなりそうです。
天候　12月は日本海側で雪や雨が多い
画像：tenki.jp
11月は、北日本の日本海側では平年同様に曇りや雨、雪の降る日が多いでしょう。東日本の日本海側では平年に比べ曇りや雨の日が少ない見込みです。太平洋側は晴れる日が多くなるでしょう。沖縄や奄美は前線や湿った空気の影響で、平年に比べぐずついた天気の日が多くなりそうです。

12月は、冬型の気圧配置が強まる時期があるため、北日本から西日本の日本海側は、平年よりも曇りや雪、雨の降る日が多くなるでしょう。太平洋側は乾燥した晴天となりそうです。沖縄や奄美は平年同様に曇り雨の日が多いでしょう。

1月は北日本から西日本の日本海側は曇りや雨または雪の日が多くなりそうです。太平洋側は晴れて、空気が乾燥するでしょう。沖縄や奄美は平年同様に曇り雨の日が多くなりそうです。

降水量は12月は北日本や東日本の日本海側で平年並みか多くなりそうです。日本近海の海面水温は平年より高いため、雪雲のもとになる水蒸気も多くなる傾向です。そこに強い寒気が流れ込んで、日本海側では急なドカ雪となる可能性もあります。

急に季節が進みますので、冬支度を進めておくと良さそうです。
日本気象協会 本社 吉田　友海",[],[]
冬用タイヤ準備前線　北日本では既に必要　去年より早い準備を（tenki.jp）,https://news.yahoo.co.jp/articles/46c27ad1f6ae7c7d6d5c220b96778412dba74b13,https://newsatcl-pctr.c.yimg.jp/t/amd-img/20251021-00032197-tenki-000-1-view.jpg?exp=10800,2025-10-21T15:55:36+09:00,2025-10-21T15:55:36+09:00,tenki.jp,tenki,tenki.jp,1560,"画像：tenki.jp
日本気象協会は「冬用タイヤ準備前線」を発表しました。

北海道・東北では、すでに冬用タイヤの装着が必要な地域があります。また日本海側や東日本の太平洋側では、山沿いを中心に11月前半までに交換が必要となるでしょう。さらに平野部でも日本海側全域や太平洋側の多くの地域で、11月後半までの交換を心がけてください。

今年は全国的に冬の訪れが早まる予想です。昨年よりも早めの冬道準備を心がけましょう。
「冬用タイヤ準備前線」発表　去年より早い準備を
日本気象協会は今日(21日)、ドライバーの皆さまに冬期の道路を安心・安全に運転いただくため、冬用タイヤの準備・交換時期の目安となる「冬用タイヤ準備前線」を発表しました。

今年も残暑が長引き季節の進みは緩やかでしたが、ここ数日は急速に季節が進み、昨日から今日にかけては北日本に強い寒気が流れ込みました。今後も周期的に寒気が流れ込む見込みで、本格的な冬道シーズンの到来は、各地で去年よりも早くなりそうです。

北海道では、この時期としては強い寒気の影響で平地でも雪の降ったところがあり、昨日(20日)は稚内、旭川、網走で初雪を観測しました。東北でも今日(21日)は岩手山で初冠雪を観測するなど、標高の高い山では雪の降ったところもありました。すでに北海道の中山峠や東北の仙岩トンネル、上信越の三国峠など、北海道・東北や、関東甲信・北陸の標高の高い地域では、冬用タイヤの装着が必要となっています。

11月は周期的に寒気が南下する見込みです。11月前半には日本海側や東日本の山沿いでも交換が必要でしょう。平野部でも11月後半までには交換を心がけてください。

12月は北日本の日本海側や北陸で、冬型の気圧配置が強まる時期がある見込みです。日本海の海面水温が平年より高い可能性があり、寒気が流れ込むタイミングで局地的な大雪のおそれがあります。ノーマルタイヤでの走行は危険ですので、必ず冬用タイヤの準備を行ってください。

12月以降の冬用タイヤ準備については、次回11月12日頃に発表予定です。※気象状況等の影響により、発表日は変更の可能性があります。
ノーマルタイヤの危険性　雪道では必ず「冬用タイヤ」の装着を
画像：tenki.jp
雪道では、タイヤチェーンや冬用タイヤを装着した車での走行が法令で義務付けられています。ノーマルタイヤで雪道を走行すると、タイヤが低温で固くなり吸着性が失われ、路面を摩擦で捉えることができなくなります。

「滑る」「止まらない」「曲がらない」と、自動車が本来確保しなければならない動きが制御できなくなり、大きな事故につながりかねません。

雪道を時速40kmで走ったときのブレーキを踏んでからクルマが止まるまでの距離は、ノーマルタイヤは冬用タイヤの約1.7倍にもなるという走行実験結果もあります。

また、「タイヤチェーンがあれば冬用タイヤはいらない」わけではありません。タイヤチェーンを巻いたノーマルタイヤは、雪道を前に進むことはできるようになるものの、ブレーキのききが悪く危険です。事故を起こして後悔しないよう、降雪に備えて早めに冬用タイヤを用意しましょう。

なお、新品の冬用タイヤには慣らし走行が必要です。購入したばかりのタイヤは表面に少し硬めの薄皮が張られています。これがほぼなくなるまで摩耗(まもう)させることにより、グリップ力が向上し、本来のタイヤの性能を発揮できるようになります。

新品の冬用タイヤを購入したらすぐにタイヤ交換を行い、雪が降る前までに、距離にして100kmくらいを目安に慣らし走行をしましょう。新品を用意する予定の方は、より早めのタイヤ交換を心がけてください。
日本気象協会 本社 植田　純生",[],[]
21日　沖縄県で非常に激しい雨　熱帯低気圧や前線の影響　大雨や高波に警戒（tenki.jp）,https://news.yahoo.co.jp/articles/fd5eb225700862d681cfd0b39131417763cd3445,https://newsatcl-pctr.c.yimg.jp/t/amd-img/20251021-00032196-tenki-000-1-view.jpg?exp=10800,2025-10-21T13:56:38+09:00,2025-10-21T13:56:38+09:00,tenki.jp,tenki,tenki.jp,1091,"画像：tenki.jp
今日21日、沖縄では前線や熱帯低気圧の影響で、大気の状態が非常に不安定になっています。昼前に沖縄県南城市糸数や読谷村では非常に激しい雨が降りました。24日(金)頃にかけて大気の不安定な状態が続きます。大雨による土砂災害や低い土地の浸水、河川の増水に十分注意してください。落雷や竜巻などの激しい突風にも注意が必要です。また、与那国島地方に波浪警報が発表されています。うねりを伴う高波に警戒してください。
今日21日　沖縄で非常に激しい雨
画像：tenki.jp
今日21日、南西諸島付近には前線が延びています。また、沖縄の先島諸島付近には熱帯低気圧があります。熱帯低気圧は今のところ、台風にはならない見込みですが、前線や熱帯低気圧の影響で、沖縄では大気の状態が非常に不安定となっています。

沖縄には活発な雨雲がかかり、昼前に沖縄県南城市糸数では1時間66.5ミリ、読谷村では1時間50.0ミリの非常に激しい雨が降りました。

48時間雨量の最大値は新石垣空港では190.5ミリ(0時10分まで)、石垣市伊原間で176.0ミリ(0時30分まで)、那覇市で157.5ミリ(12時30分まで)と、まとまった雨量となっています。
24日(金)頃にかけて大雨の恐れ　高波にも警戒
画像：tenki.jp
24日(金)頃にかけて沖縄では大気の不安定な状態が続くでしょう。沖縄本島地方と先島諸島では、22日(水)にかけて激しい雨の降る所がある見込みです。その後、24日(金)頃にかけても活発な雨雲がかかり、さらに雨量が増えるでしょう。

今日21日に予想される1時間降水量は多い所で
沖縄本島地方　40ミリ
宮古島地方　　30ミリ
八重山地方　　40ミリ
22日(水)に予想される1時間降水量は多い所で
沖縄本島地方　30ミリ
宮古島地方　　30ミリ
八重山地方　　40ミリ

22日(水)12時までに予想される24時間降水量は多い所で
沖縄本島地方　100ミリ
宮古島地方　　100ミリ
八重山地方　　100ミリ
その後、22日(水)12時から23日(木)12時までに予想される24時間降水量は多い所で
沖縄本島地方　100ミリ
宮古島地方　　100ミリ
八重山地方　　100ミリ
土砂災害や低い土地の浸水、河川の増水に十分注意してください。落雷や竜巻などの激しい突風にも注意が必要です。

また、与那国島地方に波浪警報が発表されています。22日(水)明け方にかけてうねりを伴い大しけとなる見込みです。うねりを伴う高波に警戒してください。
日本気象協会 本社 吉田　友海",[],[]
近畿では27日(月)ごろに北風強まり「木枯らし1号」の可能性　服装選びに注意（tenki.jp）,https://news.yahoo.co.jp/articles/f29b7e455217692cf666183b8226a489569a00e2,https://newsatcl-pctr.c.yimg.jp/t/amd-img/20251021-00032195-tenki-000-2-view.jpg?exp=10800,2025-10-21T12:35:34+09:00,2025-10-21T12:52:48+09:00,tenki.jp,tenki,tenki.jp,1119,"画像：tenki.jp
近畿地方では、27日(月)ごろには西高東低の気圧配置になり、北風が強まる見込みです。「木枯らし1号」が吹いて、風が冷たく感じられる可能性があるため、服装選びに注意をしてください。
22日～28日
画像：tenki.jp
近畿地方は、23日(木)と24日(金)は晴れますが、週末は雨が降りやすくなる見込みです。
極端に降り方が強まることはないものの、外出の際には雨具があると良さそうです。
雨の後は、天気が回復しますが、一時的に北寄りの風が強まり、近畿地方で「木枯らし1号」が吹く可能性があります。
気温が極端に下がることはなくても、風が冷たく感じられるため、服装選びに注意をしてください。

なお、近畿地方での木枯らし1号の発表条件は、
・霜降から冬至の期間
・西高東低の気圧配置
・北寄りの風が8メートル以上
となっており、昨年は11月7日に観測されました。
29日～11月3日
画像：tenki.jp
近畿地方では、数日の周期で天気が変わる見込みです。
29日(水)と30日(木)は晴れますが、31日(金)は広く雨が降るでしょう。
その後も雨の降る所がありますが、11月3日(月)の文化の日は、広く晴れる見込みです。

朝晩は、京都や奈良などの市街地でも10℃を下回る日があるでしょう。
日中は、晴れた日は比較的過ごしやすいものの、一日の中での気温差が大きくなる可能性があります。
気温と服装の目安
画像：tenki.jp
上の図は気温と服装の目安です。人により暑さや寒さの感じ方が異なるため、あくまで目安ですが、服装選びの参考になさってください。

① 25℃以上
少し歩くと汗ばむくらいで、半袖がちょうどよくなります。
② 20℃以上25℃未満の場合
多くの人が過ごしやすいと感じる気温で、長袖シャツ一枚で快適に過ごすことができます。
③ 15℃以上20℃未満
空気がヒンヤリと感じられるようになり、長袖シャツにカーディガンを羽織るなど重ね着が必要になってきます。
④ 10℃以上15℃未満
気温が15℃未満になると、セーターなど厚手のものが活躍します。10℃くらいでは空気が冷たく感じられて、トレンチコートなど薄手のコートが必要になります。
⑤ 5℃以上10℃未満
本格的な寒さで、冬物のコートの出番です。コートの中にも暖かなセーターを着るなど寒さ対策が必要です。
⑥ 5℃未満
厳しい寒さで、万全な防寒対策が必要です。ダウンコートにマフラーや手袋なども使って、寒さから体を守りましょう。

日々の気温を天気予報でチェックして、その時々に適した服装選びを行ってください。
日本気象協会 関西支社 木村　司",[],[]
岩手山で初冠雪　本州で今シーズン初の観測（tenki.jp）,https://news.yahoo.co.jp/articles/9a4941c280134fa0264675a95a6037f0bb45e24c,https://newsatcl-pctr.c.yimg.jp/t/amd-img/20251021-00032194-tenki-000-1-view.jpg?exp=10800,2025-10-21T12:10:00+09:00,2025-10-21T12:10:00+09:00,tenki.jp,tenki,tenki.jp,646,"画像：tenki.jp
今日21日、岩手山で「初冠雪」が観測されました。平年より8日遅く、昨年より1日遅い観測です。本州で今シーズン初めての初冠雪です。
岩手山で初冠雪
今日21日、盛岡地方気象台で、岩手山の「初冠雪」が観測されました。平年より8日遅く、昨年より1日遅い観測です。本州で今シーズン初めての初冠雪となりました。

昨日20日から東北の上空にも山で雪を降らせる目安となる寒気が流れ込み、標高の高い所では雪が降りました。

この先、24日(金)頃にかけて寒気が流れ込みやすいでしょう。北海道では山沿いを中心に雪が降りそうです。峠道では路面状況の変化にご注意ください。
初冠雪とは
画像：tenki.jp
初冠雪とは、8月1日から翌年の7月31日までに山麓の気象官署から見て、山頂付近が初めて積雪などで、白く見えることを言います。

初冠雪は初雪とは違い、麓の気象台から山の山頂付近が雪などで白く見えることが条件です。山に登って、雪が降っていることが分かっても、初冠雪とはなりません。

また、麓から見えることが条件で、山にいくら雪が積もっていても、雲に邪魔されて見えない場合も初冠雪にはなりません。遠くから見えるくらいの雪が積もり、その後、晴れて、麓から確認できたときに、初冠雪となります。

なお、富士山の初冠雪は、「一日の平均気温が、その年の最も高い日」の後に、山頂付近が雪などによって白く見える様子が、麓の気象台から見えたことが、観測の条件です。
日本気象協会 本社 日直主任",[],[]
東京など26日から雨や風が強まる予想　体調管理と雨具の準備を忘れずに（tenki.jp）,https://news.yahoo.co.jp/articles/9bae14a6f7d3a712026ecba61c05578b7816382a,https://newsatcl-pctr.c.yimg.jp/t/amd-img/20251021-00032193-tenki-000-1-view.jpg?exp=10800,2025-10-21T11:51:23+09:00,2025-10-21T11:51:23+09:00,tenki.jp,tenki,tenki.jp,1001,"画像：tenki.jp
26日(日)は北海道から九州にかけての広い範囲で雨が降り、雨や風が強まることも。31日(金)から11月1日(土)も西から雨が降りますが、10月末から11月のはじめにかけては、秋晴れで過ごしやすい陽気の日があるものの、雨の降る日が多いでしょう。
【22日(水)～28日(火)】　26日(日)は広く雨　札幌では霜が降りるほどの冷え込みも
明日22日(水)は、前線が南下し、次第に西から高気圧に緩やかに覆われるでしょう。北海道や東北は晴れ間が出るでしょう。関東から九州は雲が多いですが、次第に天気が回復に向かいそうです。23日(木)から24日(金)にかけて高気圧に覆われて広い範囲で晴れる見込みです。

25日(土)から26日(日)は、前線上に発⽣した低気圧が⽇本の東へ進み、別の低気圧が北⽇本付近を通過する見込みです。北海道から九州にかけて、次第に広い範囲で雨が降るでしょう。雨や風が強まることもありそうです。27日(月)は西高東低の気圧配置になるでしょう。28日(火)にかけて晴れる見込みです。

この一週間の最高気温は、22日(水)は平年を下回り、東京都心は13℃と12月上旬並みで、今シーズン一番の寒さとなりそうです。23日(木)以降も平年よりは低いものの、27日(月)には平年を上回るでしょう。10月23日は二十四節気の霜降(そうこう)です。朝の冷え込みで霜が降りはじめる頃とされていますが、札幌では暦通り、朝の最低気温が3℃前後の日が多く、霜が降りるほど冷え込みそうです。各地でグッと冷えたり、寒暖差が大きくなりますので、体調管理にご注意ください。
【29日(水)～11月3日(祝)】　秋晴れで過ごしやすいが31日～11月1日は雨
画像：tenki.jp
29日(水)から30日(木)は沖縄で雨が降りますが、その他は秋晴れとなるでしょう。ただ、31日(金)から11月1日(土)にかけて、低気圧や前線の影響で、天気の崩れる所が多いでしょう。雨や風が強まる所がありそうです。2日(日)から3日(文化の日)は東北から九州、沖縄まで晴れる所が多いものの、一時的な雨にご注意ください。

最高気温は平年より高い所が多いでしょう。仙台では20℃くらいまで上がる日もありそうです。東京や名古屋、大阪、福岡も連日20℃以上で過ごしやすい日が多い見込みです。
日本気象協会 本社 小野　聡子",[],[]
今日21日夜　オリオン座流星群が極大　1時間に10個程度　気になる天気は?（tenki.jp）,https://news.yahoo.co.jp/articles/38df9f7e1edb97dfeafa431b90d34f760bd6bfbe,https://newsatcl-pctr.c.yimg.jp/t/amd-img/20251021-00032192-tenki-000-1-view.jpg?exp=10800,2025-10-21T11:19:56+09:00,2025-10-21T11:19:56+09:00,tenki.jp,tenki,tenki.jp,1089,"画像：tenki.jp
今日21日の夜、オリオン座流星群の活動が極大となります。今回は月明りの影響がなく、条件は良いでしょう。1時間あたりの流星数は5個から10個程度とみられています。今夜は北海道の太平洋側や沖縄県の大東島地方、小笠原諸島では晴れますが、本州付近は星空観察にはあいにくの天気となるでしょう。数日間は見ごろとなりますので、晴れる日にチャレンジしてみると良さそうです。
オリオン座流星群の活動が極大
今日21日、オリオン座流星群の活動が極大となります。極大の時刻は21時ごろと予測されています。22時ごろから夜明け前まで観察のチャンスがあります。

今回は新月の時期に当たるので、月明かりの影響を気にすることなく観察できるでしょう。国立天文台によりますと、1時間あたりの流星数は5個から10個程度とみられています。

流れ星はオリオン座の方向だけでなく、どの方向にも飛ぶので、空を広く見渡すようにしてください。
今日21日夜の天気は?
画像：tenki.jp
今日21日夜は、北海道の日本海側やオホーツク海側は雲が多く、雨や雪が降るでしょう。太平洋側はおおむね晴れて、オリオン座流星群を見られるチャンスです。東北北部は雲が多いですが、一部で雲の切れ間があるでしょう。東北南部から九州は雲に覆われ、太平洋側を中心に雨が降りそうです。沖縄本島地方や先島諸島も雨が降るでしょう。大東島地方や小笠原諸島はおおむね晴れる見込みです。

オリオン座流星群はピークがなだらかなため、当日だけでなく数日間は見ごろとなります。今夜は星空を観察するには、あいにくの天気の所が多いですが、24日(金)頃は本州付近で晴れる見込みです。
流れ星を見つけるコツは?
画像：tenki.jp
流れ星を見つけやすくするには、以下の4つのポイントがあります。

①できるだけ、街灯など人工の明かりが少ない場所を選びましょう。人工の明かりが多いと、その明るさに邪魔をされて暗い流れ星が見づらくなり、見ることのできる流れ星の数が少なくなってしまいます。
②できるだけ空が広く見渡せる場所を選ぶことも重要なポイントです。
③空の広い範囲に注意を向けるようにしましょう。放射点の方向にはこだわる必要はありません。流星群は、放射点(流星の軌跡を逆向きに延長したときに通る点のこと)のある方向だけに出現するわけではなく、夜空のどこにでも現れます。空をより広く見渡しているほうが、より多くの流星を捉えられる可能性が高くなります。
④今回は月明りの影響はなく、条件はよくなっています。
日本気象協会 本社 吉田　友海",[],[]
今朝(21日)は今シーズン一番ヒンヤリ　北海道の朱鞠内や青森県の酸ケ湯では積雪に（tenki.jp）,https://news.yahoo.co.jp/articles/44abb36b3a3e7f916c92309a56b2ffc382160a2d,https://newsatcl-pctr.c.yimg.jp/t/amd-img/20251021-00032191-tenki-000-1-view.jpg?exp=10800,2025-10-21T09:19:03+09:00,2025-10-21T09:19:03+09:00,tenki.jp,tenki,tenki.jp,611,"画像：tenki.jp
今朝(21日)は寒気が流れ込んだ影響で、北海道から九州まで今シーズン一番、ヒンヤリした所が多くなりました。また昨夜(20日)から今朝(21日)にかけて、北海道の朱鞠内や青森県の酸ケ湯では雪が積もり、今シーズン初めて積雪を観測しました。
今シーズン一番のヒンヤリした朝
今朝(21日)は上空に寒気が流れ込んだ影響で、今シーズン一番ヒンヤリした朝となった所が多くなりました。21日午前9時までの最低気温は、札幌は3.8℃、仙台は9.4℃と今シーズン初めて10℃を下回りました。また東京都心は13.9℃、名古屋は14.7℃、大阪は15.3℃、福岡は18.5℃などと、各地で今シーズン一番低く、平年並みか平年より低い所が多くなりました。
北海道の朱鞠内や青森県の酸ケ湯で昨夜から積雪　今シーズン初
また、昨日20日は、稚内や旭川、網走で初雪を観測しましたが、その他にも昨日20日夜遅くから北海道や青森県の山沿いでは雪の降った所がありました。今朝(21日)午前9時現在、北海道の朱鞠内では4センチ、青森県の酸ケ湯(すかゆ)では2センチの積雪を観測しており、昨夜から今朝にかけて、今シーズン全国で初めての積雪となっています。この後も北海道では夜に雨や雪の降る所があるでしょう。青森県は昼頃まで雨が降り、山沿いでは雪のまじる所がありそうです。車の運転の際は路面状況にご注意ください。
日本気象協会 本社 日直主任",[],[]
【速報】伊豆諸島21日夕方～夜遅く「線状降水帯」発生の可能性　避難の検討や準備を（tenki.jp）,https://news.yahoo.co.jp/articles/6fccb0715dc3591a79f56761e5ca47b8a4e03c33,https://newsatcl-pctr.c.yimg.jp/t/amd-img/20251021-00032190-tenki-000-1-view.jpg?exp=10800,2025-10-21T07:11:11+09:00,2025-10-21T07:11:11+09:00,tenki.jp,tenki,tenki.jp,1005,"画像：tenki.jp
伊豆諸島では、21日夕方から夜遅くにかけて線状降水帯が発生して、大雨による災害の危険度が急激に高まる可能性があります。
伊豆諸島　21日にかけて「線状降水帯」発生の可能性
気象庁は21日6時50分、大雨と雷及び突風に関する関東甲信地方気象情報を発表しました。伊豆諸島では、21日夕方から夜遅くにかけて、線状降水帯が発生して大雨災害発生の危険度が急激に高まる可能性があります。

伊豆諸島では、21日夕方から夜のはじめ頃にかけて、雷を伴った猛烈な雨の降る所があるでしょう。
21日に予想される1時間降水量は多い所で、
伊豆諸島　80ミリ
22日に予想される1時間降水量は多い所で、
伊豆諸島　40ミリ
21日6時から22日6時までに予想される24時間降水量は多い所で、
伊豆諸島　200ミリ
その後、22日6時から23日6時までに予想される24時間降水量は多い所で、
伊豆諸島　80ミリ
線状降水帯が発生した場合は、局地的にさらに雨量が増えるおそれがあります。
線状降水帯発生予測がでたら
画像：tenki.jp
半日程度先に「線状降水帯」による豪雨の可能性があると呼びかける情報を気象庁が発表した場合は、発表対象となった府県のどこかで、猛烈な雨や非常に激しい雨が降り、大雨災害発生の危険度が急激に高まる可能性があります。以下のような行動をとるようにしてください。

①いつもより大雨災害が起きる可能性が高い状況だということを認識し、テレビやスマートフォンなどで気象情報をこまめに見るようにしてください。
②川の近くや土砂災害の危険のある地域にいる人は、避難する可能性があると考え、自治体から発表される避難情報に注意しましょう。この段階で、飲食品、貴重品、着替えなど避難所に持って行くものを再確認し、必要になればすぐに避難できる準備を整えてください。暗くなってからの避難は危険です。気象情報や避難情報をこまめに確認しつつ、明るいうちの避難を心がけましょう。
③避難先は、自治体の指定する避難所のほかに、安全な親戚・知人の家やホテル・旅館など複数の候補を考えておくと良いでしょう。感染症対策として、消毒液やマスクなども用意してください。感染が心配な方も、避難所の感染症対策は進んでいますので、他の避難先が思い浮かばない場合はためらわず避難所に避難してください。
日本気象協会 本社 日直主任",[],[]
今日21日の最高気温は前日より低く　11月上旬～中旬並みで秋の装いが活躍（tenki.jp）,https://news.yahoo.co.jp/articles/cedee378c2c1c86a4db5b6d4f6c5de29477b0602,https://newsatcl-pctr.c.yimg.jp/t/amd-img/20251021-00032189-tenki-000-1-view.jpg?exp=10800,2025-10-21T06:51:22+09:00,2025-10-21T06:51:22+09:00,tenki.jp,tenki,tenki.jp,886,"画像：tenki.jp
今日21日の最高気温は、北海道から九州まで昨日20日より低くなる所が多いでしょう。11月上旬から中旬並みで、秋の装いが活躍しそうです。お出かけの際の服装にご注意ください。
北海道～九州は11月上旬～中旬並みでひんやり
画像：tenki.jp
今日21日は、上空に寒気が流れ込み、最高気温は、北海道から九州にかけて昨日20日よりも低くなる所が多いでしょう。

札幌は11℃と昨日20日と同じくらいですが、仙台は17℃、東京は16℃と昨日20日より4℃低い見込みです。名古屋は、昨日20日は最高気温26.0℃と夏日(最高気温25℃以上)になりましたが、今日21日は7℃も大幅に低くなり、19℃の予想です。大阪も昨日20日より6℃も低く、18℃までしか上がらないでしょう。高知や福岡も昨日20日より3℃前後低く、23℃の予想です。今日21日は25℃以上の夏日の所は沖縄くらいになりそうです。北海道から九州は平年よりも低く、11月上旬から中旬並みの所が多いでしょう。日差しも少なく、雨が降ったり、沿岸部では北よりの風が強まったりする所もあり、一層ひんやりと感じられそうです。
今日の服装は?
画像：tenki.jp
今日21日の服装は、昨日20日とはガラッと変わる所もあるでしょう。

札幌は日中はトレンチコート、朝晩は冬物のコートでも良さそうです。仙台は日中は薄手のジャケット、朝晩はトレンチコートが良いでしょう。金沢も朝はトレンチコートが良さそうです。東京や名古屋、大阪は、朝晩と日中ともお出かけの際は薄手のジャケットを羽織った方が良いでしょう。

昨日20日は名古屋など半袖でも過ごせるくらいでしたが、今日21日は一転、上着がないと寒いくらいになりそうです。広島や高知、福岡は日中はカーディガンや長袖シャツで過ごせますが、朝晩は薄手のジャケットが必要になるでしょう。那覇は日中は半袖で過ごせますが、朝晩はカーディガンなどを羽織ると良さそうです。昨日20日との寒暖差が大きいため、お出かけの際は服装に十分ご注意ください。
日本気象協会 本社 小野　聡子",[],[]
21日は全国的に曇りや雨　北海道は雪の降る所も　11月並みで空気ひんやり（tenki.jp）,https://news.yahoo.co.jp/articles/d1301c2882acdad1f520b4c047a198c0755d63d2,https://newsatcl-pctr.c.yimg.jp/t/amd-img/20251021-00032188-tenki-000-1-view.jpg?exp=10800,2025-10-21T05:47:28+09:00,2025-10-21T05:47:28+09:00,tenki.jp,tenki,tenki.jp,858,"画像：tenki.jp
今日21日は全国的に曇りや雨となるでしょう。北海道では雪の降る所も。沖縄は局地的に激しい雨が降りそうです。最高気温は北海道から九州まで昨日20日より気温が低く、11月上旬から中旬並みで空気がひんやりするでしょう。
全国的に曇りや雨　沖縄は局地的に激しい雨
今日21日は、本州の南から日本の東にかけて前線が停滞するでしょう。日本付近は湿った空気や寒気の影響を受ける見込みです。

北海道では、昨日20日は稚内、旭川、網走で初雪を観測し、あちらこちらから初冠雪の便りも届きました。今日21日は北海道の日本海側で朝晩を中心に雨や雪が降るでしょう。山沿いでは積もる所もありそうです。

東北は雲に覆われて、所々で雨が降るでしょう。東北北部の山沿いでは雪のまじる所もありそうです。北陸は午前中は晴れ間の出る所がありますが、一部で雨の降る所があるでしょう。関東は雲が広がり、夕方から次第に雨が降る見込みです。沿岸部では北よりの風が強まるでしょう。東海は昼頃から雨が降ったりやんだりしそうです。近畿は昼頃から雨が降りやすいでしょう。中国地方の山陰は朝まで雨、山陽は夜遅くに雨の所がありそうです。四国も日中は所々で雨が降るでしょう。九州北部は晴れ間の出る所がありますが、おおむね雲に覆われる見込みです。午後を中心に雨が降りやすいでしょう。

沖縄は断続的に雨が降る見込みです。雷を伴って局地的に激しく降る見込みです。落雷や突風にご注意ください。
最高気温は昨日20日より低く11月並み
今日21日の最高気温は、北海道から九州まで昨日20日より低い所が多いでしょう。札幌は11℃、東京は16℃、名古屋は19℃、大阪は18℃、高知、福岡は23℃、那覇は28℃の予想です。東海から九州も夏日の所はほとんどない見込みです。11月上旬から中旬並みの所が多いでしょう。空気がひんやりするため、秋物の服装が活躍しそうです。お出かけの際はジャケットや秋物のコートなど羽織ってお出かけください。
日本気象協会 本社 小野　聡子",[],[]
