headline,mainEntityOfPage,image,datePublished,dateModified,author,media_en,media_jp,str_count,body,images,external_links
安青錦は黒星締めも11勝　2度目の技能賞を獲得「来場所につながる。いいと思う」／秋場所（サンケイスポーツ）,https://news.yahoo.co.jp/articles/fc5b55fd6ff02cad709a1b91038bcdbe0c05b5c0,https://newsatcl-pctr.c.yimg.jp/t/amd-img/20250928-00000199-sanspo-000-1-view.jpg?exp=10800,2025-09-28T23:58:00+09:00,2025-09-28T23:58:00+09:00,サンケイスポーツ,sanspo,サンケイスポーツ,305,"技能賞を受賞した安青錦＝両国国技館（代表撮影）
大相撲秋場所千秋楽（28日、両国国技館）新小結安青錦（21）は若元春（31）に寄り切られて11勝4敗。関脇は若隆景（30）、霧島（29）がともに6勝9敗だった。11月の九州場所は9日に福岡国際センターで初日を迎える。

小結安青錦は若元春が得意とする左四つで起こされ、寄り切られた。それでも新入幕から4場所連続で11勝をマークしたウクライナ出身の21歳は、2度目の技能賞を獲得。新入幕から4場所連続の三賞受賞は横綱大の里に続いて史上2人目の快挙だ。大関とりの起点となる三役での10勝以上を挙げ、「来場所につながる。いいと思う。もっと強くなりたい」と覚悟を示した。",[],[]
隆の勝は若隆景を破り12勝目　5度目の敢闘賞を受賞「頑張ってよかった」／秋場所（サンケイスポーツ）,https://news.yahoo.co.jp/articles/c7f1c610d7a30cf4d1b5352a7fd8cb3c977ef6f6,https://newsatcl-pctr.c.yimg.jp/t/amd-img/20250928-00000198-sanspo-000-1-view.jpg?exp=10800,2025-09-28T23:57:00+09:00,2025-09-28T23:57:00+09:00,サンケイスポーツ,sanspo,サンケイスポーツ,313,"（左から）敢闘賞の隆の勝、殊勲賞の伯桜鵬、技能賞の安青錦＝両国国技館（代表撮影）
大相撲秋場所千秋楽（28日、両国国技館）新小結安青錦（21）は若元春（31）に寄り切られて11勝4敗。関脇は若隆景（30）、霧島（29）がともに6勝9敗だった。11月の九州場所は9日に福岡国際センターで初日を迎える。

隆の勝は2度目の立ち合いで成立し、突きと押しで若隆景を慌てさせ、押し出した。12勝を挙げるのは、照ノ富士との優勝決定戦に進んだ昨年名古屋場所以来。今場所は終盤まで優勝の可能性を残し、5度目の敢闘賞を受賞。「久しぶりにもらった。うれしい。頑張ってよかった」と笑い「左右、（特に）右の突きがちゃんとできていた」と充実感が漂った。",[],[]
豊昇龍V逸　本割で意地の大の里撃破も…「お疲れさまでした」のひと言に悔しさ充満／秋場所（サンケイスポーツ）,https://news.yahoo.co.jp/articles/173a4154dd6dbe5daf003eec638cfa9789ad5451,https://newsatcl-pctr.c.yimg.jp/t/amd-img/20250928-00000197-sanspo-000-1-view.jpg?exp=10800,2025-09-28T23:53:00+09:00,2025-09-28T23:53:00+09:00,サンケイスポーツ,sanspo,サンケイスポーツ,797,"本割では大の里を破った豊昇龍だが…＝両国国技館（撮影・尾崎修二）
大相撲秋場所千秋楽（28日、両国国技館）横綱豊昇龍（26）は横綱大の里（25）を本割で押し出して13勝2敗で並び、優勝決定戦に持ち込んだが寄り倒され、昇進4場所目での横綱初優勝はならなかった。新小結安青錦（21）は若元春（31）に寄り切られて11勝4敗。関脇は若隆景（30）、霧島（29）がともに6勝9敗だった。11月の九州場所は9日に福岡国際センターで初日を迎える。

首位の大の里と1差で追う豊昇龍。千秋楽の横綱決戦に観客は沸き立った。豊昇龍は一気の押し出しで本割を制し、先輩横綱の意地を示して決定戦へ。しかし、連勝はならず、横綱としての初優勝は大の里に先を越された。

口を真一文字に結び、西支度部屋に戻ると風呂場の備品をたたき、悔しさをあらわにした。風呂から上がると、部屋の一番奥でまげを結い直した。右手で払うしぐさを見せた後、両手で×印を作り、取材には応じなかった。深呼吸を繰り返し、テレビ画面で大の里の表彰式を見つめた。

本割はもろ手突きから一方的に押し出す完勝だった。勢いそのままにいきたかった決定戦は左上手をつかむが、大の里のおっつけに後退。土俵際で逆転を狙っての上手投げを見舞ったものの、寄り倒された。

昇進4場所目の今場所は初日から11連勝と単独首位を走りながら、2連敗を喫した。師匠の立浪親方（元小結旭豊）によると、13日目の夜に腰痛を訴えたという。14日目の若隆景戦は、なりふり構わず立ち合いの右への変化で白星をつかんだ。

平成9年夏場所で貴乃花を破って賜杯を抱いた曙以来となる、横綱同士の直接対決で本割、決定戦に連勝しての優勝を目指したが、昇進2場所目のライバルに屈した。

豊昇龍は支度部屋を引き揚げる際、「お疲れさまでした」と報道陣に一言だけ発した。その表情は悔しさに満ちていた。（石井文敏）",[],[]
ビリー・バンバン菅原進　亡き兄・孝さんを偲ぶ「すごく悪かったけど2人で成長」（サンケイスポーツ）,https://news.yahoo.co.jp/articles/2501c5c26132f9b5c7305bb366afa758317b61f0,https://newsatcl-pctr.c.yimg.jp/t/amd-img/20250928-00000196-sanspo-000-1-view.jpg?exp=10800,2025-09-28T23:24:00+09:00,2025-09-28T23:24:00+09:00,サンケイスポーツ,sanspo,サンケイスポーツ,539,"兄・孝さんへの想いを語った進（中央）と左からタレントのせんだみつお、浜口庫之助さん夫人の歌手、渚まゆみ＝東京・新宿
兄弟デュオ、ビリー・バンバンの弟でミュージシャンの菅原進（78）が28日、東京都内で行われた「浜口庫之助傑作選」に出演。開演前、11日に81歳で肺炎のため亡くなった兄の孝さんについて報道陣に想いを語った。

「あんなに優しい人はいませんでした。また逆に頑固で…兄貴への想いが蘇ってきて、すごく寂しいです」とぽつり。兄弟仲については「すごく悪かったです。でも兄弟なら当たり前。毎日会ってぶつかっていた。それが勉強になって成長していくんです」と吐露した。

続けて「本当に思い出に残る曲です」と1969年に大ヒットしたデビュー曲「白いブランコ」を披露。「ここにお兄さんはいませんが、隣にいるつもりで。お兄さんがハモってくれますから、皆さんも心でハモってください」と艶のある歌声を会場に響かせた。

2014年5月に進の大腸がんが判明し、その2カ月後に孝さんが脳出血で倒れ、歌は「もうおしまいかな」という厳しい時期はあったが、2人とも乗り越え、孝さんは車いすながらデュオを続けてきた。ビリー・バンバンは1人になってしまったが、「声が出る限りは」と名曲を歌い続けていく。",[],[]
大の里が綱初V　16年ぶり横綱同士の優勝決定戦制す　本割で豊昇龍に敗れるもリベンジ／秋場所（サンケイスポーツ）,https://news.yahoo.co.jp/articles/81dcd7ca4d087938162da4012b987048b416ea1f,https://newsatcl-pctr.c.yimg.jp/t/amd-img/20250928-00000195-sanspo-000-1-view.jpg?exp=10800,2025-09-28T23:18:00+09:00,2025-09-28T23:18:00+09:00,サンケイスポーツ,sanspo,サンケイスポーツ,1457,"優勝決定戦で大の里は豊昇龍を寄り倒した＝両国国技館（撮影・梶山裕生）
大相撲秋場所千秋楽（28日、両国国技館）大の里（25）が13勝2敗で並んだ豊昇龍（26）との横綱同士の優勝決定戦を寄り倒しで制し、2場所ぶり5度目の優勝を果たした。本割では1差で追っていた豊昇龍に押し出された。横綱として昇進2場所目で初制覇。横綱の優勝は昨年名古屋場所の照ノ富士以来で、横綱同士の優勝決定戦は平成21年秋場所で朝青龍が白鵬を下して以来16年ぶり。日本出身力士の年間3度の優勝は平成9年の横綱貴乃花以来となった。

来るところまできた。後はない。過去の成績も相性も意味を持たない。ともに横綱として初の賜杯を懸けた優勝決定戦。本割で豊昇龍に敗れた大の里が気迫を爆発させた。師匠の二所ノ関親方（元横綱稀勢の里）から決戦前夜に伝えられたように－。

「『淡々といきなさい。考える必要はない』と言われた。本割は少し意識してしまったが、決定戦では思い切っていけた」

本割ではもろ手で突き起こされて受け立ちに。そのまま押し出される完敗だった。決定戦は右からかち上げ、得意の右を差し込んだ。相手の投げをこらえながら体を寄せて寄り倒し。物言いがついたが、行司軍配通り。番付最高位の誇りと意地をかけた一騎打ち。「体がよく動いた。最高の形で勝ててよかった」。

平成22年九州場所。当時東前頭筆頭だった稀勢の里は横綱白鵬の連勝を63で止めた。稀勢の里の師匠だった鳴戸親方（元横綱隆の里、故人）は前夜、戦術を授けた最後に「何があってもガッツポーズはするな。報道の人が来ても『何かありましたか』と平静にいけ」と伝えている。師匠筋の教えは孫弟子にも引き継がれる。

昇進2場所目での横綱初優勝は同じ石川県出身の輪島と並び「意識していたのでうれしい」。7月の名古屋場所は15日間皆勤しながら琴勝峰に平幕優勝を許した。4つの金星配給は昭和以降の新横綱で最多だった。

土俵での集中を高めるために今場所から始めた出陣の〝儀式〟がある。出番を待つ花道の奥。付け人の幕下麒麟龍（23）が小さな正方形の紙を持って左胸にかざし、大の里がそれを凝視。目を大きく見開いたり、にらんだり。紙には記号のようなものが描かれているが、詳細は付け人にも知らされていない。大の里は「先場所、苦い経験をしたことがよかった」。足りなかったものは何かと問い続ける。

14日目に13勝目を挙げて今年の白星は60勝に到達。単独の最多勝も確定した。年間最多勝が一年納めの九州場所を待たずに決まるのは令和3年の横綱照ノ富士以来。大の里は大関だった1月の初場所から5場所全て2桁白星で安定感は抜けている。2横綱時代だが、「1強」に向かって走り出した。（奥村展也）
■大の里　泰輝（おおのさと・だいき＝本名・中村泰輝）　平成12（2000）年6月7日生まれ、25歳。石川県津幡町出身、二所ノ関部屋。小学1年で相撲を始め、新潟・海洋高から進んだ日体大の1年で学生横綱。3、4年で2年連続アマチュア横綱。令和5年夏場所に幕下10枚目格付け出しで初土俵。同年秋場所新十両。6年初場所新入幕。新小結の同年夏場所で初優勝。同年九州場所で大関昇進。7年名古屋場所で横綱昇進。生涯通算159勝50敗（15場所）。優勝5回。殊勲賞2回、敢闘賞3回、技能賞3回。得意は突き、押し、右四つ、寄り。好きな食べ物は魚、好きなアーティストは湘南乃風。プロ野球・阪神とサッカー・J1鹿島を応援している。192センチ、187キロ。",[],[]
松井秀喜氏が村上宗隆に〝ラブコール〟強調した球団選びの重要性「ヤンキースだったら…」　ともに左の大砲で背番号55が代名詞（サンケイスポーツ）,https://news.yahoo.co.jp/articles/d74e63e8a938b29191b72395cc2091c4b0770b31,https://newsatcl-pctr.c.yimg.jp/t/amd-img/20250928-00000194-sanspo-000-1-view.jpg?exp=10800,2025-09-28T23:17:00+09:00,2025-09-28T23:17:00+09:00,サンケイスポーツ,sanspo,サンケイスポーツ,532,"野球教室で子供たちと話す松井氏（撮影・竹濱江利子通信員）
【ニューヨーク27日（日本時間28日）＝竹濱江利子通信員】巨人、ヤンキースなどで活躍した松井秀喜氏（50）＝ヤンキースGM付特別アドバイザー＝が市内で野球教室を開催。今オフにヤクルトからポスティングシステムによるメジャー移籍が確実視されているヤクルト・村上宗隆内野手（25）について語る場面があった。

球団は違えど、現役時代に長く背負った背番号「55」を着用する村上に「彼にとって一番良いチームにいって欲しいと思う。それがヤンキースだったら素晴らしいことだと思う。入るチームによって多少、左右される部分はある。フィットするチームにいけるのが一番いい」と、ヤンキースの加入を待望しつつも、自身の経験から村上とフィットする球団を〝推薦〟した。

この日は9～13歳の男女31人に野球指導。恒例の打撃実演では高さ6メートルを超える右翼フェンスを軽々超える推定100メートルのアーチを放つなど14スイングで2本の柵越えを披露。今年8月にはイチロー氏（51）＝マリナーズ会長付特別補佐兼インストラクター＝が率いるアマチュアチームに参戦したこともあり、「体が野球モード残っているのでいけましたね」と余裕の表情だった。",[],[]
日本代表・森保監督が京都の優勝争いに興味津々「Jリーグならではのいいところ。ワクワクした気持ちになれる」（サンケイスポーツ）,https://news.yahoo.co.jp/articles/27e366ce54fbc37fd73889d6b6931158b90376d5,https://newsatcl-pctr.c.yimg.jp/t/amd-img/20250928-00000193-sanspo-000-1-view.jpg?exp=10800,2025-09-28T23:07:01+09:00,2025-09-28T23:07:01+09:00,サンケイスポーツ,sanspo,サンケイスポーツ,240,"日本代表・森保一監督
明治安田J1第32節最終日（28日、C大阪1－2京都、ヨドコウ）日本代表の森保監督がC大阪―京都を視察。昨季14位と苦しんだ京都が優勝争いを演じていることに「Jリーグならではのいいところ。常にどちらが勝つかわからない、ワクワクした気持ちになれる」と語った。

その京都で16得点を挙げているブラジル出身のFWラファエルエリアスについて「スピードとインテンシティーがあり、球際ではボールに執着してアタックする。Jリーグ全体のプラスになっている」と高く評価した。",[],[]
巨人・桑田2軍監督、イースタン優勝セレモニーで10・4ファーム選手権制覇を誓う（サンケイスポーツ）,https://news.yahoo.co.jp/articles/86bef6dc82559682a253e92862bdcbec4cb05e36,https://newsatcl-pctr.c.yimg.jp/t/amd-img/20250928-00000192-sanspo-000-1-view.jpg?exp=10800,2025-09-28T23:04:00+09:00,2025-09-28T23:04:00+09:00,サンケイスポーツ,sanspo,サンケイスポーツ,208,"イースタン・リーグ最終戦後のセレモニー＝ジャイアンツタウンスタジアム
イースタン・リーグで2年ぶり29度目の優勝を飾った巨人2軍は28日、ロッテとの最終戦に2―5で敗れ、80勝44敗2分けで全日程を終了した。試合後のセレモニーでは、ペナントを持って首脳陣、選手たちが場内を一周。桑田2軍監督は、10月4日に宮崎で行われるファーム日本選手権へ「チーム一丸となって、全力で戦っていきたい」と誓った。（ジャイアンツタウン）",[],[]
大谷翔平、WCS第3戦先発か　ロバーツ監督ニヤリ「まだ公表しない」第1戦スネル、第2戦由伸が有力（サンケイスポーツ）,https://news.yahoo.co.jp/articles/e497e66c8aa5100cb8771eb56fe2129f90470cc9,https://newsatcl-pctr.c.yimg.jp/t/amd-img/20250928-00000191-sanspo-000-6-view.jpg?exp=10800,2025-09-28T23:01:00+09:00,2025-09-29T00:28:46+09:00,サンケイスポーツ,sanspo,サンケイスポーツ,1069,"試合前練習を終え、ファンサービスするドジャース・大谷翔平＝Tモバイルパーク(撮影・松永渉平)
【シアトル（米ワシントン州）27日（日本時間28日）＝横山尚杜】米大リーグ、ドジャースの大谷翔平投手（31）がワイルドカードシリーズ（WCS）第3戦に先発する可能性が高まった。この日の試合前にブルペン入りしたことから、WCS第1戦で先発する可能性が低くなった。WCSはスネル、山本の3人が先発することが決定的となった。大谷は休養のため5―3で勝ったマリナーズ戦を欠場。28日（同29日）のレギュラーシーズン最終戦は出場する。

ロバーツ監督はニヤリと口角こそ上げたが、唇は閉ざしたままだった。「まだ公表しない」。試合前の囲み取材の話題は9月30日（日本時間10月1日）に開幕するワイルドカードシリーズ（WCS）の戦いに集中。指揮官が第1戦の先発投手について明言を避けた後、大谷がユニホーム姿でグラウンドに登場し、ブルペンで約30球を投じた。

この調整は何を意味するのか。通常は登板の2日前に投球練習をこなすのがルーティン。この日はWCS第1戦の3日前にあたる。今季の投手陣で最もチームに貢献した山本より先に登板する可能性は考えにくい。山本は第2戦の先発が有力で、スネルが中5日で第1戦で先発するのが自然なローテーションだ。

チームにとって大谷が第3戦で先発するメリットは大きい。WCS第3戦で勝利した場合、翌日は休養日。第2戦で2連勝を飾った場合、地区シリーズ初戦先発に回り、その翌日も休養日となる。また、地区シリーズで激突するフィリーズに対しては、9月16日に5回無安打無失点の快投を見せている。今季のド軍は大谷の登板翌日が休養日になるように意図的に先発日を設定してきた経緯もある。

大谷はWCSを見据え、この日のマリナーズ戦を休養に充て欠場。指揮官は試合後、大谷のブルペン入りは何かの兆候かと問われ、「ただ軽めに投げただけ。きょうブルペン予定なのは知っていたけど、それが何を意味するかは分からない」とけむに巻いた。ただ、この日先発し、3回で降板したグラスノーは「ブルペンで投げる準備ができている」とWCSの救援待機を明言。WCSは大谷、山本、スネルの先発が決定的となった。

ド軍のWCSの対戦相手はメッツかレッズだが、この日も決着せず最終戦に持ち越し。既に地区優勝を決めたド軍側の選択肢は多く、対戦相手の決定を待っている可能性もある。普段は比較的オープンな指揮官の口が堅くなり、早くもポストシーズンの雰囲気がダッグアウトに充満した。",[],[]
J1柏・リカルド監督「あきらめることなく最後まで戦い続けたい」4戦連続ドローで首位と勝ち点7差に（サンケイスポーツ）,https://news.yahoo.co.jp/articles/870d31ce31dd2ddd4e28f4669b3a8d11df3cf7d8,https://newsatcl-pctr.c.yimg.jp/t/amd-img/20250928-00000190-sanspo-000-1-view.jpg?exp=10800,2025-09-28T23:00:03+09:00,2025-09-28T23:00:03+09:00,サンケイスポーツ,sanspo,サンケイスポーツ,664,"柏・リカルドロドリゲス監督
明治安田J1第32節最終日（28日、川崎4－4柏、U等々力）柏は土壇場で追いついて引き分けに。ただ4戦連続のドロー。優勝争いに向けては勝ちたかったところで、残り6試合で首位・鹿島とは勝ち点7差の4位となった。

リカルド監督は「勝ち取った勝ち点1はとても価値があると思います。ただ勝ち点3が十分に取れた試合でもあったので、悔しい展開にもなった」とにじませた。

両軍合わせて8得点の点取り合戦。前半にPKから先制されるも、攻撃陣が力をみせて一時は勝ち越してリード。だがミスから前半のうちに同点に追いつかれると、後半は2度も川崎にリードを許しながら、3―4の後半45分にDF三丸のミドルシュートで追いついて痛み分けとなった。

それでもまだまだあきらめない。指揮官は「もちろんタイトル争いで、タイトルを獲得するためにはこの時期には勝ち続けないと、追いかける側としては常に勝ち点3を重ねていかないといけない状況にも関わらず、引き分けが4試合続いているというのは期待していた試合結果ではないと思います。ただ、どのチームも勝つには難しい相手です。選手たちはすべてを出し尽くしてくれています」とまず話した。

そして「シーズン頭に我々がこのような位置にいる、2つのタイトルを争う位置にいると想像した人々は少なかったと思います。にもかかわらず選手たちは素晴らしいパフォーマンスを出してくれています。リーグタイトルの争いからは若干遅れをとってしまっていますけど、あきらめることなく最後まで戦い続けたい」と見据えた。",[],[]
筑波大が開幕連勝、慶大戦3年連続白星／関東対抗戦（サンケイスポーツ）,https://news.yahoo.co.jp/articles/dcbceda2ae69a4decec0cd19680cb5404a05c2dd,https://newsatcl-pctr.c.yimg.jp/t/amd-img/20250928-00000189-sanspo-000-1-view.jpg?exp=10800,2025-09-28T23:00:00+09:00,2025-09-28T23:00:00+09:00,サンケイスポーツ,sanspo,サンケイスポーツ,549,"後半、トライを決める筑波大・内田慎之甫＝秩父宮ラグビー場（撮影・福島範和）
関東対抗戦は28日、早大が立大を78－0と圧倒して開幕2連勝。8カ月ぶりに先発復帰したFB矢崎由高（3年）が4トライを挙げた。筑波大は慶大を21－12で破り、このカード3連勝。リーグ戦は昨季王者の大東大が日大に40－34と辛勝して初白星。東洋大は関東学院大を38－31で退け、流通経大も立正大に38－31で競り勝ちともに2連勝とした。

○…筑波大はFWで優位に立つ場面が多く、常に先行しながら勝ち切った。慶大戦はこれで3年連続の白星。開幕から2試合で明大、慶大の伝統校に連勝した。昨年も開幕2連勝したが、3戦目で青学大に敗れて失速。6位で全国大学選手権出場を逃した。SH高橋主将は「慢心せず、次の早大戦（10月11日、大和陸上）に向かいたい」と気を引き締めた。

○…左膝を手術した早大FB矢崎が、今年1月の全国大学選手権決勝以来8カ月ぶりの先発復帰。後半に退くまで4トライを奪い、78－0の勝利に貢献した。「楽しかった。トライの数より、空いたスペースにしっかりボールを運べたことがよかった」と自己評価。「上級生になったことでリーダーシップも求められる。（主将の）野中さんらをサポートしたい」と自覚十分だった。（秩父宮）",[],[]
水上恒司主演作「シナントロープ」面白さに自信あり　テレビ東京系で10月6日放送開始（サンケイスポーツ）,https://news.yahoo.co.jp/articles/dd7a34ed3945fd04074293d64ebdc0a990fbe5fc,https://newsatcl-pctr.c.yimg.jp/t/amd-img/20250928-00000188-sanspo-000-1-view.jpg?exp=10800,2025-09-28T23:00:00+09:00,2025-09-28T23:00:00+09:00,サンケイスポーツ,sanspo,サンケイスポーツ,320,"左から影山優佳、水上恒司、山田杏奈、坂東龍汰　東京・六本木、テレビ東京
俳優、水上恒司（26）が28日、東京・港区のテレビ東京で行われた主演ドラマ「シナントロープ」（10月6日スタート、月曜後11・06）の記者会見に、共演の山田杏奈（24）、坂東龍汰（28）、影山優佳（24）らと出席した。

バーガーショップ「シナントロープ」で働く男女8人が、不穏な世界観の中でリアルな人間模様を織り成す青春群像ミステリー。

水上は「よくあるキラキラした青春作品とは違ったところにカテゴライズできる群像劇です」と説明。8人全て個性あふれる役柄で、「これからいろいろなものを担っていく8人の役者で自信が持てる面白い作品が作れたのがうれしい」と胸を張った。",[],[]
広島・ファビアンは左膝内側打撲、高太一は右足脛骨打撲…両者ともに大事には至らず（サンケイスポーツ）,https://news.yahoo.co.jp/articles/c8492856849f75fd82cf5ce61605e7bb7fe8e128,https://newsatcl-pctr.c.yimg.jp/t/amd-img/20250928-00000187-sanspo-000-1-view.jpg?exp=10800,2025-09-28T22:43:35+09:00,2025-09-28T22:43:35+09:00,サンケイスポーツ,sanspo,サンケイスポーツ,297,"七回、自打球を当て、悶絶する広島サンドロ・ファビアン＝マツダスタジアム（撮影・渋井君夫）
（セ・リーグ、広島2ー10DeNA、25回戦、DeNA14勝10敗1分、28日、マツダ）広島のサンドロ・ファビアン外野手（27）が28日、広島市内の病院を受診し、「左膝内側の打撲」と診断されたと球団が発表した。

ファビアンは七回に代打で登場した際、自打球が左膝付近を直撃。本塁付近で倒れこみ、球団スタッフらに両脇を抱えられながら一塁ベンチ裏へと下がり、負傷交代していた。

また、三回の守備で打球が右足付近を直撃した先発・高太一投手（24）も同様に広島市内の病院を受診し「右足脛骨の打撲」と診断された。",[],[]
J1川崎MF脇坂泰斗「結果が一番欲しかった…」点取り合戦も勝ち切れずドロー（サンケイスポーツ）,https://news.yahoo.co.jp/articles/2c9c5501f613829ec7a89831d404b2aa922a5e3e,https://newsatcl-pctr.c.yimg.jp/t/amd-img/20250928-00000186-sanspo-000-1-view.jpg?exp=10800,2025-09-28T22:39:44+09:00,2025-09-28T22:39:44+09:00,サンケイスポーツ,sanspo,サンケイスポーツ,342,"川崎・脇坂泰斗
明治安田J1第32節第2日（28日、川崎4－4柏、U等々力）壮絶な点取り合戦は引き分けに終わった。川崎は3度リードしながらも追いつかれて勝ち切れず。上位争いに向けては厳しい結果となった。

主将のMF脇坂泰斗は「今日に関していうと結果が一番欲しかった。悔しいです」と第一声は率直な言葉が出た。2―2の後半6分に一時勝ち越しとなる3点目を決めるなど、存在感をみせたが、ホームで白星を飾ることはできず。

残り6試合。首位・鹿島とは勝ち点12差の7位に位置している。それでも「苦しい勝ち点差ではもともとあったので、勝ち続けることで何かが見えてくると思うので。目の前の試合を勝ち続けるのが一番大事だと思う。ルヴァン杯もありますし、1試合1試合を確実に勝っていく」と見据えた。",[],[]
横浜七回コールド勝ち、織田8Kも1失点「まだ甘い」　準決勝は東海大相模／秋季神奈川大会（サンケイスポーツ）,https://news.yahoo.co.jp/articles/1d0490bf88296a22252051d7e682f4a6284467d5,https://newsatcl-pctr.c.yimg.jp/t/amd-img/20250928-00000185-sanspo-000-1-view.jpg?exp=10800,2025-09-28T22:37:00+09:00,2025-09-28T22:37:00+09:00,サンケイスポーツ,sanspo,サンケイスポーツ,1270,"６回１失点の横浜・織田翔希＝保土ケ谷（撮影・児嶋基）
高校野球・秋季神奈川県大会準々決勝（28日、横浜8×－1平塚学園＝七回コールド、サーティーフォー保土ケ谷）準々決勝2試合が行われ、2年連続での選抜大会出場を目指す横浜が平塚学園に8－1で七回コールド勝ちした。今秋から背番号1を付ける最速152キロ右腕の織田翔希投手（2年）が先発。6回4安打1失点、8奪三振と好投した。東海大相模は三浦学苑に4－1で勝った。法大二－立花学園、横浜－東海大相模の準決勝は10月4日にサーティーフォー保土ケ谷で行われる。

満員の内野席、外野席が開放された注目の一戦でエースが快投した。来秋ドラフト候補の横浜・織田が6回4安打1失点、8奪三振。今夏の準々決勝で、あとアウト1つで敗北まで追い詰められた平塚学園に対し、顔色一つ変えなかった。

「打者のみんなが援護してくれた。安心して投げられるという思いを得ることができた」

背番号10として出場した今春選抜大会では、全5試合に先発して優勝に貢献。春夏合わせて甲子園6勝を挙げた投球術が光った。最速147キロを記録した直球狙いの相手打線に対し、球速帯の違う2種類のカーブを活用。8点の大量援護にも助けられた。だが、四回無死から2連打で1点を失ったことに「まだ甘い部分が自分の中にある」と反省を忘れなかった。

今秋から背番号1を付ける右腕には、自覚と責任がすでに芽生えている。新チーム結成後の8月下旬に、村田監督と同学年でOBの中日・涌井が激励に訪問。そこで涌井が高校時代、練習後に毎日ポール間走を10本こなしていたことを聞き、「やるしかないという強い気持ちになった」。現在はグラウンドと寮の往復約3・6キロを毎日走っているという。

史上4校目の春連覇を狙う上で、負けは許されない。準決勝は最大のライバル、東海大相模との大一番。勝てば来春選抜大会選考の参考となる関東大会出場が決定する。「（課題を）つぶして過去イチの状態で次の試合に向かえれば」。横浜の怪物2年生・織田の頼もしさが増していく。（児嶋基）

■織田　翔希（おだ・しょうき）　2008（平成20）年6月3日生まれ、17歳。福岡・北九州市出身。足立小1年時から野球を始め、3年から投手。足立中では軟式野球部に所属。横浜高では1年春からベンチ入り。2年春には背番号10として全5試合に先発して19年ぶりの優勝に貢献。今秋から背番号1。憧れの選手は同校OBで日米通算170勝を挙げた松坂大輔氏。185センチ、75キロ。右投げ右打ち。
■東海大相模・三渡1失点完投、次戦横浜心待ち
2年生エース左腕・三渡（みわたり）が、直球、カーブをまじえた打たせて取る投球で8安打1失点と完投。「データや振り方を見て、この球が有効だというのは分かっていた」と胸を張った。準決勝の相手は今夏甲子園8強の横浜。今夏は県大会決勝で3－11と大敗した。負ければ来春選抜大会出場が絶望的となる一戦。原監督は「うちはやることは変わらない。楽しみにしている」と対戦を心待ちにした。",[],[]
巨人・大勢、最優秀中継ぎタイトル確定も「まだ残り2試合しっかり準備して投げたい」（サンケイスポーツ）,https://news.yahoo.co.jp/articles/88d00292dedf94d3442acaf485fab0876cb64001,https://newsatcl-pctr.c.yimg.jp/t/amd-img/20250928-00000184-sanspo-000-1-view.jpg?exp=10800,2025-09-28T22:33:05+09:00,2025-09-28T22:33:05+09:00,サンケイスポーツ,sanspo,サンケイスポーツ,489,"八回に登板した巨人・大勢＝神宮球場（撮影・萩原悠久人）
（セ・リーグ、ヤクルト4－4巨人＝延長十二回規定により引き分け、25回戦、巨人16勝8敗1分、28日、神宮）巨人の大勢投手（26）が4－4の八回に5番手で登板。1回を無失点に抑え、山口鉄也（現2軍投手チーフコーチ）が2012年に達した球団記録を塗り替える今季45ホールドを挙げ「シーズン中、何度も言っていましたけど、本調子で投げている試合が例年より少なかった。野手の皆さんに守ってもらいながらホールドを稼いできたので、普段からケアをしてくれる球団トレーナーさん、体調管理をしっかりしてくれる監督、コーチに感謝したい」と語った。

中日からマルティネスが加入した今季、抑えからセットアッパーに配置転換された右腕。自己最多61試合に登板し、リーグ単独トップのホールドポイントを53とし、残り試合で2位の阪神・及川（52HP）以下が上回ることができないため、最優秀中継ぎ投手のタイトルが確定。「阿部監督にとれと言われて、とれたのでよかった。でもまだ2試合残っていますし、しっかり準備して投げたいなと思います」と言葉に力を込めた。",[],[]
京都・長沢駿が勝ち点3もたらすヘディング弾「これを続けていくことが大事」（サンケイスポーツ）,https://news.yahoo.co.jp/articles/07fc58437dd84d8705555e2ee726578350ac6cb5,https://newsatcl-pctr.c.yimg.jp/t/amd-img/20250928-00000183-sanspo-000-1-view.jpg?exp=10800,2025-09-28T22:29:58+09:00,2025-09-28T22:29:58+09:00,サンケイスポーツ,sanspo,サンケイスポーツ,397,"Ｊリーグの旗
明治安田J1第32節最終日（28日、C大阪1－2京都、ヨドコウ）3位の京都はC大阪に競り勝ち、4戦ぶりの白星をつかんだ。途中出場のFW長沢駿（37）が勝ち越し弾を決め「素直にうれしいです」と喜びを口にした。

1－1の後半30分に途中出場し、見せ場は42分。MF山田楓喜の左からのコーナーキックに頭で合わせてネットを揺らした。「僕の形、得意なところに楓喜がいいボールを蹴ってくれた。マークもブロックしてくれていたし当てるだけでした」。今季3得点目が勝ち点3をもたらした。

今季16得点でエースのＦＷラファエルエリアスが前半で負傷交代する中、37歳のベテランが勝利に貢献。首位の鹿島に勝ち点差5で食らいついている。長沢は「ハファ（エリアス）の状態がどうか、うちのエースなのですごく心配ですけど、出た選手がしっかり結果を残すこと、これを続けていくことが大事」と残り6試合を見据えた。",[],[]
神谷そらは2位で2週連続V逃す「悪いなりにはうまくまとめられた」とサバサバ／国内女子ゴルフ（サンケイスポーツ）,https://news.yahoo.co.jp/articles/a98a3adc702d52c7b575623641d36c5dbd698443,https://newsatcl-pctr.c.yimg.jp/t/amd-img/20250928-00000182-sanspo-000-1-view.jpg?exp=10800,2025-09-28T22:25:00+09:00,2025-09-28T22:25:00+09:00,サンケイスポーツ,sanspo,サンケイスポーツ,235,"2位に終わった神谷そら＝利府GC（撮影・高橋朋彦）
ミヤギテレビ杯ダンロップ女子オープン最終日（28日、宮城・利府GC＝6590ヤード、パー72）神谷そらが2打差の2位で2週連続Vを逃した。

4バーディー、1ボギーの69で回り「あまりショットがいいとは言い切れない中で、パッティングですごく耐えられて、悪いなりにはうまくまとめられた」とサバサバした表情。年間女王争いは2位で、トップに立つ佐久間朱莉に近づいたが「ランキングは私の中で考えていません」と意に介さなかった。",[],[]
巨人・阿部慎之助監督、3位確定も残り2試合へ「東京ドームで勝つ姿をファンの人に見せなきゃいけない」（サンケイスポーツ）,https://news.yahoo.co.jp/articles/e86776144d6cc50bcda055bf4372a0a00368c706,https://newsatcl-pctr.c.yimg.jp/t/amd-img/20250928-00000181-sanspo-000-2-view.jpg?exp=10800,2025-09-28T22:24:04+09:00,2025-09-28T22:41:11+09:00,サンケイスポーツ,sanspo,サンケイスポーツ,653,"試合に敗れて、引き揚げる巨人・阿部慎之助監督＝神宮球場（撮影・萩原悠久人）
（セ・リーグ、ヤクルト4－4巨人=規定により延長十二回引き分け、25回戦、巨人16勝8敗1分け、28日、神宮）巨人は引き分けた。DeNAが広島に勝利して2位を確定したため巨人の3位も決まり、阿部慎之助監督（46）は「ペナントレースはまだあと2試合あるし、そこはもうきっちりやることやってCSにつなげたい」と気持ちを切り替えた。
【写真】試合中に3位が決まった巨人・阿部慎之助監督（中央）
横川が一回に2失点するなど4回4失点。９月の21試合中、初回に失点したのは16度目で、指揮官は「最近9試合中8試合、お決まりのように初回に点数を取られている。取られちゃいけないと思いすぎて取られちゃってんのか、バッテリーがもうちょいしっかり考えてほしいなというところはありますよね」と話した。

レギュラーシーズン最終カードとなる30日からの中日2連戦（東京ドーム）へ「（個人タイトル争いなど）各自の数字だったりも気にしてあげなくちゃいけないんですけど。最後は東京ドームでしっかり勝つ姿をファンの人に見せなきゃいけないと思っています」と、2連勝での貯金フィニッシュへ気合を入れ直した。

また指揮官は最終戦となる10月1日の中日戦（東京ドーム）の先発投手を中4日登板となる山崎、日米通算200勝に王手をかけている巨人・田中将らで「流動的になる」と話していた中、この日の試合後「3位確定したので、ちょっともう一回考え直します」と話すにとどめた。",[],[]
菅楓華が涙のツアー初優勝　2打差を逆転！　ホールアウトから30分後に吉報／国内女子ゴルフ（サンケイスポーツ）,https://news.yahoo.co.jp/articles/1c5f790d19048b0288e101d36265e615be87ad56,https://newsatcl-pctr.c.yimg.jp/t/amd-img/20250928-00000179-sanspo-000-1-view.jpg?exp=10800,2025-09-28T22:15:00+09:00,2025-09-28T22:15:00+09:00,サンケイスポーツ,sanspo,サンケイスポーツ,1331,"ツアー初優勝を飾った菅楓華＝利府GC　（撮影・高橋朋彦）
ミヤギテレビ杯ダンロップ女子オープン最終日（28日、宮城・利府GC＝6590ヤード、パー72）10位から出たプロ2年目の菅楓華（20）＝ニトリ＝が、2打差を逆転しツアー初優勝を飾った。8バーディー、1ボギーで65のビッグスコアをマーク。ダンロップとゴルフ用品の使用契約を結んでおり、トップクラスの人気を誇るネクストヒロインがホステス大会で悲願を達成した。

さわやかな秋晴れの下、プレーオフに備えパットの練習をしていた菅は、ホールアウトから30分後に吉報が届くと顔を両手で覆い、涙があふれた。

「すごく長くて。ドキドキしながら、プレーオフのことを考えて待っていました」

1番（パー4）で10メートルのパットを沈めると勢いに乗り3連続バーディー発進。「ビッグスコアを出すことだけ意識した。あのバーディーパットは大きかった」と17番（パー4）で2メートルをねじ込み、18番（パー5）と上がり2ホールをバーディー締め。前日は33のパット数は27に減り、混戦を制した。

今季は開幕から2戦連続2位。初優勝へ期待が高まったが、目標だった10代Vを逃し、前週までベスト10が11回も優勝に手が届かなかった。「同級生や同期が優勝して焦る時期もあった。開幕から（調子が）よくて自分に期待しすぎて。最近は自信を持ってプレーすることだけ考えた」。荒木優奈や入谷響ら先にツアーを制した同級生についに肩を並べた。

ゴルフ用品の使用契約を結ぶダンロップにも恩返しのVとなった。7歳のクリスマスに「ゴルフクラブが欲しい」とお願いすると、サンタクロースから届けられたのはダンロップが展開するゼクシオのクラブ4本。それ以来、同社の製品を使い続けている。

この日は「30歳までに女王になりたい」と目標を掲げたが、これで年間ランキング3位に浮上。残り9試合で、10年早く実現できるチャンスが巡ってきた。（塚沢健太郎）

■菅　楓華（すが・ふうか）　2005（平成17）年5月17日生まれ、20歳。宮崎市出身。6歳でゴルフを始め、中高一貫の日章学園に入学。高3時の23年に「九州女子アマ」で優勝し、同年のプロテストに一発合格。名前の由来は「菅家に華やかに風を吹かせる」と父・浩和さんが命名した。趣味はカラオケで、よく歌うのは「バラード系」。168センチ、64キロ。

★母も涙
菅の母・ともみさん（54）は毎週帯同。優勝決定に感極まる娘の姿を見て「うれしいのひと言」と涙を流した。所属するニトリで買った炊飯器で娘のために米を炊き、おにぎりを4つ作るのが日課。おっとりしたタイプに見える菅だが「11歳上と9歳上の三姉妹で、一番負けず嫌い。絶対自分の言うことを曲げない。朝は起きないし、集合時間に絶対10分遅れるので、しょっちゅう怒っている。今朝も遅れた」と意外な素顔を明かす。菅は「おじいちゃんに『優勝したよ』と報告したい」と小学生のときに一時離れていたゴルフを再開させるきっかけとなった宮崎にいる祖父・紘幸さん（81）に呼びかけたが、ともみさんは「テレビに映ると喜ぶ。きっと泣いていると思う」と一家にとって待ちに待った優勝を届けた。",[],[]
鯉将一問一答　広島・新井貴浩監督　自打球で負傷交代のファビアン「厳しいと思う、今後は」打球直撃の高は「骨には異常はない。打撲だけ」（サンケイスポーツ）,https://news.yahoo.co.jp/articles/c6f153befdcb302f516f6f70c4e2318d6328734e,https://newsatcl-pctr.c.yimg.jp/t/amd-img/20250928-00000178-sanspo-000-2-view.jpg?exp=10800,2025-09-28T22:13:25+09:00,2025-09-28T22:39:12+09:00,サンケイスポーツ,sanspo,サンケイスポーツ,445,"七回、自打球を当て、悶絶する広島サンドロ・ファビアン＝マツダスタジアム（撮影・渋井君夫）
（セ・リーグ、広島2ー10DeNA、25回戦、DeNA14勝10敗1分、28日、マツダ）広島は逆転負けを喫し、今季の5位以下が確定した。試合後の新井貴浩監督（48）の主な一問一答は次の通り。
【写真】苦悶の表情を浮かべる広島・ファビアン
ーー常広投手が同点の場面で

「うーん、そうやね。前回のリリーフのときは真っすぐ、まずまずいいかなという感じだったけど、きょうは真っすぐのキレがなかったので、とらえられている打球が多かったよね。これも勉強だと思って。抑えてもね、打たれても勉強だと思って、成長してもらいたい」

ーー右足に打球が当たった高投手は大丈夫そうか

「まあまあ、骨には異常ないから。病院に行っている。骨には異常ない、打撲だけだったから。それはよかった」

ーー左膝付近に自打球のファビアン選手は

　「いま（病院に）行っている、今行っている。結構モロだったから、厳しいと思うね、今後は」",[],[]
fav me、〝初恋〟の気持ちを呼び起こす新曲「あの時、キミが好きだった」を配信リリース（サンケイスポーツ）,https://news.yahoo.co.jp/articles/bf3fd112094786b186ec5e5350f25cb7d93ec994,https://newsatcl-pctr.c.yimg.jp/t/amd-img/20250928-00000177-sanspo-000-1-view.jpg?exp=10800,2025-09-28T22:07:12+09:00,2025-09-28T22:07:12+09:00,サンケイスポーツ,sanspo,サンケイスポーツ,357,"fav　meが「あの時、キミが好きだった」を配信リリース
4月にデビューした芸能事務所、アソビシステムのアイドルプロジェクト、PEAK SPOTに所属する女性7人組、fav me（ファボミー）が28日、第11弾シングル「あの時、キミが好きだった」を配信リリースした。

心の奥に眠る〝初恋〟の気持ちをもう一度呼び覚ましてくれるエモーショナルなナンバー。ドラマチックなメロディーとともに、誰もが一度は経験する切ない気持ちをメンバーたちが歌に込めており、聴く人の心を優しく包み込んでくれる。

fav meはクリスマスイブの12月24日に初シングルCD「すきなんかじゃ．．．にゃい！」を発売。同6日には東京・文京区のKanadevia Hall（旧東京ドームシティホール）で自身最大規模となるワンマンライブを開催する。",[],[]
小木曽喬が62の猛チャージで今季自己最高の2位「1打足りなかったけどすごく満足」／国内男子ゴルフ（サンケイスポーツ）,https://news.yahoo.co.jp/articles/a9942674286e531c623afecc14be91330d45284d,https://newsatcl-pctr.c.yimg.jp/t/amd-img/20250928-00000176-sanspo-000-1-view.jpg?exp=10800,2025-09-28T22:06:00+09:00,2025-09-28T22:06:00+09:00,サンケイスポーツ,sanspo,サンケイスポーツ,362,"2位タイで終了した小木曽喬＝泉ヶ丘CC（撮影・中島信生）
パナソニックオープン最終日（28日、大阪・泉ヶ丘CC＝6993ヤード、パー71）単独首位から出た勝俣陵（29）＝ロピア＝が69で回り、通算20アンダーで2017年12月のプロ転向から9年目で念願の初優勝を果たした。小木曽喬（28）＝フロンティアの介護＝と、64をマークした堀川未来夢（32）＝Wave Energy＝が1打差の2位となった。

♠62の猛チャージで今季自己最高の2位に入った小木曽喬　「差が縮まっていたのは分かったので、20アンダーを目標にやっていた。1打足りなかったけど、すごく満足です」

♠初のトップ10となる7位でツアー4戦目を終えた山下勝将　「1年目の目標はQTで1位になること。もちろん優勝はしたいけど、そのためにやることがたくさんある」",[],[]
木下稜介が12年目で初のホールインワン「プライベートでは7回あるけど試合では初めて」／国内男子ゴルフ（サンケイスポーツ）,https://news.yahoo.co.jp/articles/29b2ca1582da5f6fa5622f2f4891395c499a093a,https://newsatcl-pctr.c.yimg.jp/t/amd-img/20250928-00000174-sanspo-000-1-view.jpg?exp=10800,2025-09-28T22:04:00+09:00,2025-09-28T22:04:00+09:00,サンケイスポーツ,sanspo,サンケイスポーツ,285,"4位タイで終了した木下稜介は6番でホールインワンを達成＝泉ヶ丘CC（撮影・中島信生）
パナソニックオープン最終日（28日、大阪・泉ヶ丘CC＝6993ヤード、パー71）木下稜介が6番（パー3）でプロデビューから12年目で初となるホールインワンを達成した。

ピンまで実測185ヤードのティーショットは8番アイアンでピン手前1メートルに着弾し、そのままカップインした。64の好スコアで4位となり、エースの賞金30万円もゲットした奈良出身の34歳は「プライベートでは7回あるけど、試合では初めて。関西のギャラリーにホールインワンも見てもらえたし、よかった」と満足そうに笑った。",[],[]
勝俣陵が9年目で念願の初優勝　片山晋呉から激励の電話＆LINE「早く報告したい」／国内男子ゴルフ（サンケイスポーツ）,https://news.yahoo.co.jp/articles/fec12ff7d207fada4c8467164fd2938aaa8cb5d8,https://newsatcl-pctr.c.yimg.jp/t/amd-img/20250928-00000173-sanspo-000-1-view.jpg?exp=10800,2025-09-28T21:46:00+09:00,2025-09-28T21:46:00+09:00,サンケイスポーツ,sanspo,サンケイスポーツ,1359,"9年目でツアー初優勝の勝俣陵＝泉ヶ丘CC（撮影・中島信生）
パナソニックオープン最終日（28日、大阪・泉ヶ丘CC＝6993ヤード、パー71）単独首位から出た勝俣陵（29）＝ロピア＝が69で回り、通算20アンダーで逃げ切り、2017年12月のプロ転向から9年目で念願の初優勝を果たした。20位から自己ベストの62で追い上げた小木曽喬（28）＝フロンティアの介護＝と、64をマークした堀川未来夢（32）＝Wave Energy＝が1打差の2位となった。

生みの苦しみをたっぷり味わった。真夏日となった最終日。流れる汗に、冷や汗が混じった。短いウイニングパットを沈め、控えめな笑顔を浮かべた18番グリーン。プロ9年目の勝俣がツアーデビューから83試合目で歓喜のゴールに飛び込んだ。

「勝手に涙が出てきました。カッコいいガッツポーズをするつもりだったけど、頭が真っ白になりました。ガッツポーズしました？　やっていませんでしたか…」

初めての最終日最終組を単独首位から出た。後続が追い上げてくる中、14番（パー4）で残り40ヤードの2打目を直接カップに沈めるイーグルを奪った。既に通算19アンダーでホールアウトしていたクラブハウスリーダーの小木曽に3打差につけた。

「まだ勝てるとは思っていなかったけど、ちょっと安心した部分があって、それがそのあとの2ホール連続の3パットにつながってしまいました。あのときはホント、正直きつかったです」

15番（パー4）で1メートル、16番（パー3）も同じくらいのパーパットを外し、連続ボギーで貯金は1つに減った。それでも、23年に結婚した妻・あやかさん、同年10月に生まれた第一子の長女が見守るなか、首位の座は明け渡さなかった。

中2の冬に両ひざの故障で熱中していた野球をあきらめた。父の勧めでクラブを初めて握ったのは14歳のとき。「自分で言うのも何だけど、土日は一日1500球を打ったり結構努力しました」。中3に上がる前の初ラウンドは「111」で回り、「多分4ラウンド目くらい」で100切りを達成。しかも、一気に90台を飛び越える「88」だった。

プロ転向してしばらくは結果を出せなかった。だが、4年ほど前から永久シード保持者の片山晋呉のオフの練習に参加するようになって、眠っていた才能が覚醒した。現在、病気療養中の片山とは前夜に電話で話し、この日の朝には激励のLINEも届いた。
「早く優勝を報告したいです」。12月27日が30歳の誕生日。「20代のうちに勝ちたいと思っていた」と20代ラストシーズンに夢を実現させた男は、胸を張って¨師匠¨に会うことができる。
「すごくうれしい。でも、今はもう次の試合のことを考えています。喜ぶのはきょうまで。また明日からしっかり練習したいです」。視線はもう先を向いている。
■勝俣　陵（かつまた・りょう）　1995（平成7）年12月27日生まれ、29歳。埼玉・三芳町出身。14歳からゴルフを始め、埼玉栄高3年時の2013年「関東高校選手権」で個人・団体の2冠。日大3年時の16年に「埼玉オープン」優勝。17年12月にプロ転向し、ツアー本格参戦1年目の22年に賞金ランク54位で初シードを獲得。今季賞金ランク16位。174センチ、73キロ。",[],[]
広島、アクシデント続出に常広大乱調でDeNAに逆転負け（サンケイスポーツ）,https://news.yahoo.co.jp/articles/c10a2170f9372b47b7b0d318d75f093574879468,https://newsatcl-pctr.c.yimg.jp/t/amd-img/20250928-00000172-sanspo-000-1-view.jpg?exp=10800,2025-09-28T21:42:45+09:00,2025-09-28T21:42:45+09:00,サンケイスポーツ,sanspo,サンケイスポーツ,316,"DeNAに大敗した広島・新井貴浩監督＝マツダスタジアム（撮影・渋井君夫）
（セ・リーグ、広島2ー10DeNA、25回戦、DeNA14勝10敗1分、28日、マツダ）先発した広島・高太一投手（24）は右足に打球が直撃するアクシデントがあり、三回途中を1失点で降板した。今季4勝目を目指した高は1ー1の三回1死からビシエドの放った打球が右足を直撃し、負傷降板となった。打線は一回に2死二塁からモンテロの左前適時打で先制した。また、1点を追う七回には代打・ファビアンが自打球が左膝付近を直撃し、負傷交代。その後、好機を広げ、中村奨の犠飛で同点とするが、直後の守りで5番手の常広が1死から5連打を浴びるなど計8失点と勝ち越しを許してしまった。",[],[]
巨人の3位確定…球団初のハマスタCSは外野席にビジター応援エリアなしの〝超アウェー〟（サンケイスポーツ）,https://news.yahoo.co.jp/articles/7d022b2a053cc0d763464c43dcb493cf4950a2ff,https://newsatcl-pctr.c.yimg.jp/t/amd-img/20250928-00000171-sanspo-000-2-view.jpg?exp=10800,2025-09-28T21:38:09+09:00,2025-09-28T22:11:19+09:00,サンケイスポーツ,sanspo,サンケイスポーツ,283,"試合中に3位が決まった巨人・阿部慎之助監督（中央）＝神宮球場（撮影・長尾みなみ）
（セ・リーグ、ヤクルト－巨人、25回戦、28日、神宮）巨人は延長戦に突入した試合中に、2位のDeNAが広島戦（マツダ）に勝利したため、今季のリーグ3位が確定した。10月11日に開幕するクライマックスシリーズ（CS）ファーストステージは球団初となる横浜スタジアムで戦うことが決定。既に発表されているチケット発売概要では、レギュラーシーズンでは左翼席の約半分が割り当てられていた「ビジター応援エリア」が、左翼ポール後方のウイング席の一角のみとなっており、〝超アウェー〟の状況が予想される。",[],[]
日本ハム・清宮幸太郎が猛打賞でリーグトップと1差の140安打「良い準備をして入った結果」（サンケイスポーツ）,https://news.yahoo.co.jp/articles/41cd5f3bae37099f5ae36bdb62640794f00bd286,https://newsatcl-pctr.c.yimg.jp/t/amd-img/20250928-00000168-sanspo-000-2-view.jpg?exp=10800,2025-09-28T21:23:39+09:00,2025-09-28T21:44:42+09:00,サンケイスポーツ,sanspo,サンケイスポーツ,463,"一回、二塁打を放つ日本ハム・清宮幸太郎＝ZOZOマリンスタジアム（撮影・田村亮介）
（パ・リーグ、ロッテ3－4日本ハム、24回戦、日本ハム17勝7敗、28日、ZOZOマリン）最多安打争いを演じている日本ハム・清宮幸太郎（26）が打席数が最も多く回ってくる1番打者として、4月27日のロッテ戦（エスコン）以来、約5月ぶりに先発出場。快音を連発し、今季11度目の猛打賞（1試合3安打以上）をマークした。
【写真】「愛は勝つ」を熱唱する日本ハム・清宮幸太郎
「打ってチームを勢いづかせたかった」

第1打席に左中間フェンス直撃の二塁打、第3打席に遊撃への内野安打、第4打席は同点劇を演出する右前打を放ち「積極的にいけてよかった」と納得顔。積極的にスイングをかけ「そこが僕の持ち味。良い準備をして入った結果」と胸を張った。

これで安打数はリーグトップの楽天・村林に1本差となる140本に上積み。新庄監督は「あと2試合1番で」と残り2試合も清宮幸をリードオフマンで起用することを示唆した。指揮官の親心の応え、自身初のタイトルをつかむ。",[],[]
巨人・大勢、配置転換1年目で最優秀中継ぎタイトル確定　45Hは球団新（サンケイスポーツ）,https://news.yahoo.co.jp/articles/91c46b1fcf4baf9ca821f4d2d294a29db5d15dd5,https://newsatcl-pctr.c.yimg.jp/t/amd-img/20250928-00000167-sanspo-000-2-view.jpg?exp=10800,2025-09-28T21:18:26+09:00,2025-09-28T21:42:32+09:00,サンケイスポーツ,sanspo,サンケイスポーツ,259,"八回を抑えて、吠える巨人・大勢＝神宮球場（撮影・萩原悠久人）
（セ・リーグ、ヤクルト－巨人、25回戦、28日、神宮）巨人の大勢投手（26）が4－4の八回に5番手で登板。1回を無失点に抑え、山口鉄也（現2軍投手チーフコーチ）が2012年に達した球団記録を塗り替える今季45ホールドを挙げた。中日からマルティネスが加入した今季、抑えからセットアッパーに配置転換された。リーグ単独トップのホールドポイントを53とし、残り試合で2位の阪神・及川（52HP）以下が上回ることができないため、最優秀中継ぎ投手のタイトルが確定した。",[],[]
北山宏光、全国11カ所を巡る全国ツアーを完走「皆さんがいなかったら今日という日はなかったと思います」と感謝の弁（サンケイスポーツ）,https://news.yahoo.co.jp/articles/a200d0be3624c675677f1d014ba196abb3664a2b,https://newsatcl-pctr.c.yimg.jp/t/amd-img/20250928-00000165-sanspo-000-1-view.jpg?exp=10800,2025-09-28T21:00:00+09:00,2025-09-28T21:00:00+09:00,サンケイスポーツ,sanspo,サンケイスポーツ,314,"全国ツアー最終日を迎えた北山宏光＝千葉・LaLa arena TOKYO―BAY©TOBE Co.,Ltd.
歌手、北山宏光（40）が28日、千葉・LaLa arena TOKYO―BAYで全国11カ所を巡る全国ツアー「波紋―HAMON―」の最終日を迎えた。

オープニングでステージ中央の天空台から登場すると、自らドラムをたたいて「Drippin’」を歌唱。「始まりの螺旋」ではサングラスを外して少し甘めの声をメインにした歌声を爽やかに響かせた。

この日はダブルアンコールを含め24曲を披露。17公演で約7万人を動員した北山は「皆さんがいなかったら今日という日はなかったと思います。本当にありがとうございます」と頭を下げた。",[],[]
【スプリンターズS　柴田政人の目】皇成おめでとう　抜群の発馬を決めて楽な流れに持ち込めた（サンケイスポーツ）,https://news.yahoo.co.jp/articles/c23f95af0471093100ae323bc1a7ca09e11c0756,https://newsatcl-pctr.c.yimg.jp/t/amd-img/20250928-00000164-sanspo-000-1-view.jpg?exp=10800,2025-09-28T21:00:00+09:00,2025-09-28T21:00:00+09:00,サンケイスポーツ,sanspo,サンケイスポーツ,976,"スプリンターズSを制したウインカーネリアンと三浦皇成騎手
スプリンターズSは三浦皇成のウインカーネリアンが、激しい追い比べを制して優勝した。

まずは皇成、JRA・GⅠ初制覇、本当におめでとう。まだ勝っていないことを私も忘れていたくらいで、常に上位で活躍していた騎手だが、それだけにこの勝利は格別だろう。テレビで見ていても本当にうれしそうだった。

私が騎手としてクラシックを初めて制したのは1978年の皐月賞。ファンタストで優勝させてもらったが、それより前の69年に出合ったアローエクスプレスは、皐月賞を勝てるのじゃないかと思っていた。しかし、当時は私も若手でクラシック本番では先輩の加賀さん（武見元騎手）に乗り替わり。そこからファンタストまでずいぶん時間がかかっただけに、なおさらうれしかったものだ。

レースの勝因は何と言ってもスタート。2着に粘った武豊のジューンブレアとともに抜群の発馬を決めたことで、他が追いかけられず、前半3ハロン33秒7という楽な流れに持ち込むことができた。外枠は不利といわれるが、芝1200メートルのスタート地点は特殊で外枠だとスタート直後の馬場はあまり使用されていない分、絶好のコンディションになっていたりもする。そのあたりも今回、結果的にプラスだったのかもしれない。8歳馬のGⅠ制覇もびっくりだが、近走も海外の大レースで惜しい競馬を見せており、タフな素晴らしい馬なのだろう。

ジューンブレアもユタカがまんまと自分の形に持ち込み、力を出し切った。2着のこの馬の上がりが3ハロン33秒2では後ろから差す馬にはさすがに厳しく、その代表が3着のナムラクレア。よく伸びているだけに惜しい。

人気のサトノレーヴは4着。スタートは速かったが、序盤で位置取りを少し下げたのはもったいなかった。

■柴田政人（しばた・まさと）　1948（昭和23）年8月19日生まれ、77歳。青森県出身。岡部幸雄、福永洋一氏らと同期で67年3月に騎手デビューし、95年2月の引退までに中央競馬通算1767勝、重賞89勝。ウイニングチケットで制した93年日本ダービーなど、数々の大レースに優勝した。調教師に転身して96年に厩舎を開業し、2019年の定年までに通算191勝を挙げた。サンケイスポーツで調教師時代から重賞観戦記『柴田政人の目』を連載中。",[],[]
DeNA・藤浪晋太郎、チーム加入後初の救援登板　1点リードの七回に制球乱して1死しか奪えず降板（サンケイスポーツ）,https://news.yahoo.co.jp/articles/6c60339e05b98a4b0309e8927ada9c2072fb5b42,https://newsatcl-pctr.c.yimg.jp/t/amd-img/20250928-00000163-sanspo-000-1-view.jpg?exp=10800,2025-09-28T20:58:07+09:00,2025-09-28T20:58:07+09:00,サンケイスポーツ,sanspo,サンケイスポーツ,309,"七回から登板も1死しか奪えず降板するDeNA・藤浪晋太郎＝マツダスタジアム（撮影・渋井君夫）
（セ・リーグ、広島－DeNA、25回戦、28日、マツダ）DeNA・藤浪晋太郎投手（31）が1点を勝ち越した直後の七回から2番手で登板し、⅓回を1安打1失点、2四死球と乱れた。

先頭に左前打を許し、2人目には死球。暴投で無死二、三塁のピンチを招き、空振り三振で1死を奪った後に四球で塁を埋めたところで降板を告げられた。3番手の坂本が左犠飛で同点に追いつかれた。

日米で救援の経験がある藤浪は7月からチームに加わり、先発で4試合に登板して1勝。15日に出場選手登録を外れ、2軍で中継ぎの調整を続け、26日に再登録されていた。",[],[]
広島にアクシデント続出…打球直撃の高に続いてファビアンが自打球で負傷交代（サンケイスポーツ）,https://news.yahoo.co.jp/articles/d979e0058b0340de1de97e21e02dd2051caba815,https://newsatcl-pctr.c.yimg.jp/t/amd-img/20250928-00000162-sanspo-000-2-view.jpg?exp=10800,2025-09-28T20:52:25+09:00,2025-09-28T21:10:48+09:00,サンケイスポーツ,sanspo,サンケイスポーツ,266,"広島サンドロ・ファビアン
（セ・リーグ、広島ーDeNA、25回戦、DeNA13勝10敗1分、28日、マツダ）広島にアクシデントが続出した。七回1死二、三塁で場面で代打で登場したサンドロ・ファビアン外野手（27）が自打球により負傷交代した。DeNA・藤浪が投じた内角球にバットを出したファビアンは、自打球が左膝付近を直撃。バットを放り投げて本塁付近で倒れこみ、球団スタッフらに両脇を抱えられながら一塁ベンチ裏へと下がった。その後、代打・佐藤啓が告げられた。また、三回には先発した高太一投手（24）が打球を右足に受け、負傷降板していた。",[],[]
西武のD1位・斎藤大翔が1軍初昇格「正直、驚いた気持ちが大きくて。でもうれしかったので、すぐに親に連絡しました」（サンケイスポーツ）,https://news.yahoo.co.jp/articles/2748f77acc244d98da48ee99f6ec1fd362ff2038,https://newsatcl-pctr.c.yimg.jp/t/amd-img/20250928-00000161-sanspo-000-1-view.jpg?exp=10800,2025-09-28T20:49:00+09:00,2025-09-28T20:49:00+09:00,サンケイスポーツ,sanspo,サンケイスポーツ,509,"西武・斎藤大翔
（パ・リーグ、西武－ソフトバンク、24回戦、27日、ベルーナD）西武のドラフト1位・斎藤大翔内野手（18）＝石川・金沢高＝がこの日のソフトバンク戦（ベルーナ）で1軍に初昇格。チームは前日26日にクライマックスシリーズ進出の可能性が消え、ルーキーにアピールの機会が巡ってきた。

「まず一つ、1軍は目標にしていた。今シーズンの目標は達成することができたので、すごくうれしいなって気持ちです」と初昇格の喜びを語った斎藤。前夜に小関2軍監督からの電話で朗報が伝えられた。「正直、驚いた気持ちが大きくて。でもうれしかったので、すぐに親に連絡しました」と初々しい笑顔で明かした。

イースタン・リーグでは30試合に出場し、打率・290と結果を残した。「球の速さに慣れてきたのが一番。1軍でも、たくさんの打席数をいただけるように頑張りたい。打撃面では打席のチャンスをもらえたら、どんなピッチャーが来ても立ち向かいたいし、どういう球を投げるのかなっていうのはすごく楽しみなので、挑戦する気持ちで頑張っていきたい」と目を輝かせたドラ1ルーキー。この日はベンチからのスタートとなったが、全ての経験が財産となる。（片岡将）",[],[]
中谷潤人、井上尚弥を「超えるイメージをしています」来年5月に東京ドームで対戦計画「1つだけじゃ勝てない選手なんで、すべてにおいて」（サンケイスポーツ）,https://news.yahoo.co.jp/articles/0e485f8614802a34bcc453670bf9cc05c9ce28f1,https://newsatcl-pctr.c.yimg.jp/t/amd-img/20250928-00000166-sanspo-000-3-view.jpg?exp=10800,2025-09-28T20:46:34+09:00,2025-09-28T21:15:14+09:00,サンケイスポーツ,sanspo,サンケイスポーツ,1031,"ファンとハイタッチして見送る中谷潤人
プロボクシングのWBC、IBF世界バンタム級前統一王者の中谷潤人（27）＝M・T＝が28日、東京都内でトークショーを行った。イベントの参加チケットは先着200人限定で販売（税込み7700円）されて即完売。熱狂的なファンが集結する中、中谷はMCの上重聡アナウンサー（45）と軽妙なトークを披露した。サイン入りグッズなどが当たる抽選会も開催され、会場は大盛り上がりだった。
【別カット】トークショーで笑顔を見せる中谷潤人
元世界3階級制覇王者の中谷はイベント終了後に取材に応じ、トークショーで4団体世界スーパーバンタム級統一王者の井上尚弥（32）＝大橋＝を「超えるイメージをしています」と話したことについて「1つだけじゃ勝てない選手なんで、すべてにおいて」と全局面で上回る準備をしていると豪語。「いろんなことを想定しながら引き出しの質を上げていかないといけないと思っている。すべてにおいてレベルアップをしていかないといけない」と語った。井上戦は来年5月に東京ドーム開催で計画されている。

WBC王者だった中谷は6月に自身初の王座統一戦を闘い、IBF王者だった西田凌佑（六島）に6回終了TKO勝ち。2団体王座統一を果たした。今月18日に階級を1つ上げ、スーパーバンタム級に転級することを発表。WBCとIBFの王座を24日付で返上した。

同級初戦となるノンタイトル10回戦（12月27日、サウジアラビア・リヤドのモハメド・アブドゥー・アリーナ）で、昨年11月に来日して井上のスパーリングパートナーを務めたWBC世界同級8位のセバスチャン・エルナンデス（24）＝メキシコ＝と対戦する。

今後は1カ月強の試合前恒例の米カリフォルニア州ロサンゼルス合宿を経て、一度日本へ帰国し、試合の約1週間前にサウジアラビア入りする予定。「モチベーションはよりスーパーバンタム級に上げて高くなっている。良いパフォーマンスにつながってくると思います」と前向きだった。

サウジアラビア興行は日本ではNTTドコモの映像配信サービス「Lemino」で、そのほかの国ではスポーツ専門動画配信サービスのDAZNで世界同時生配信される。プロ戦績はWBA、WBO世界スーパーバンタム級1位の中谷が31戦31勝（24KO）、世界4階級制覇王者の井上が31戦31勝（27KO）、西田が11戦10勝（2KO）1敗、エルナンデスが20戦20勝（18KO）。（尾﨑陽介）",[],[]
ヤクルト・川端慎吾、神宮で現役最後の雄姿　代打で左飛　本拠地に響いた「川端慎吾コール」（サンケイスポーツ）,https://news.yahoo.co.jp/articles/ba389f4c8a884c678187cb7bf1205d75edd83650,https://newsatcl-pctr.c.yimg.jp/t/amd-img/20250928-00000158-sanspo-000-1-view.jpg?exp=10800,2025-09-28T20:44:18+09:00,2025-09-28T20:44:18+09:00,サンケイスポーツ,sanspo,サンケイスポーツ,356,"七回、左飛に倒れ、スタンドに手を振るヤクルト・川端慎吾＝神宮球場（撮影・長尾みなみ）
（セ・リーグ、ヤクルト－巨人、最終戦、28日、神宮）今季限りでの現役引退を表明しているヤクルト・川端慎吾内野手（37）が4－3の七回2死から代打で登場した。

今季の本拠地最終戦となった一戦。カウント1－2から巨人4番手の船迫が投じた直球を打って左飛に倒れたが、現役最後の打席を終えると球場全体から「川端慎吾コール」が響いた。川端は目を光らせながら、ヘルメットを掲げて場内のファンに頭を下げた。

川端は前日27日に引退会見を開き、その後の広島戦で今季初めて1軍に昇格。代打で通算1100安打目となる右翼線二塁打を放ち、お立ち台では「明日は僕の公式戦最後の打席になる。たぶん涙で打てないので、今日打ててよかった」と話していた。",[],[]
3位京都がコーナーキックから2発！C大阪に競り勝ち4試合ぶり白星、勝ち点差5で首位鹿島に食らいつく（サンケイスポーツ）,https://news.yahoo.co.jp/articles/4077260108c20d2a728032cc137af11dee2e79bb,https://newsatcl-pctr.c.yimg.jp/t/amd-img/20250928-00000157-sanspo-000-1-view.jpg?exp=10800,2025-09-28T20:41:05+09:00,2025-09-28T20:41:05+09:00,サンケイスポーツ,sanspo,サンケイスポーツ,477,"Ｊリーグの旗
明治安田J1第32節最終日（28日、C大阪1－2京都、ヨドコウ）3位の京都はC大阪に競り勝ち、4戦ぶりの白星をつかんだ。

互いに高い強度で前線からのプレスをかけようとした両チーム。ファールで相手のボール運びを止める場面も増える中、前半25分に接触プレーで負傷したC大阪MFルーカスフェルナンデス、京都FWラファエルエリアスが交代となった。

その後もミスが即失点につながりかねない緊張感の高い展開が続く中、京都が前半40分に先制する。右コーナーキックからMF平戸がグラウンダーのパスを供給すると、DF須貝がこれをスルー。走り込んだMF松田天馬が直接蹴り込んでゴールネットを揺らした。

C大阪は後半12分、左コーナーキックからMF柴山が近いサイドにボールを送ると、走り込んだDFクールズがアウトサイドキックで合わせて同点に追いついた。追いつかれた京都は42分、左コーナーキックから途中出場のFW長沢がヘディングで押し込んで再び勝ち越しに成功した。

その後はC大阪の猛攻をしのいで勝ち点3を獲得。首位の鹿島と勝ち点差5の3位をキープした。",[],[]
【宮島ボート・PGⅠヤングダービー】歴史的激戦を逆転勝ち！前田滉GⅠ初優出V　兄2人の「気持ちも背負って」（サンケイスポーツ）,https://news.yahoo.co.jp/articles/60a958330178eddb52b189eaa434a60b681548e7,https://newsatcl-pctr.c.yimg.jp/t/amd-img/20250928-00000154-sanspo-000-1-view.jpg?exp=10800,2025-09-28T20:17:14+09:00,2025-09-28T20:17:14+09:00,サンケイスポーツ,sanspo,サンケイスポーツ,993,"優勝の前田滉(中央)。左は前田篤哉、右は前田翔＝ボートレース宮島（撮影・榎本雅弘）
宮島ボートの「プレミアムGⅠ第12回ヤングダービー」は28日、第12Rで優勝戦が行われ、何度も首位が入れ替わる激戦を制した5号艇の前田滉（25）＝愛知＝がGⅠ初優勝を飾った。人気を集めた1号艇の新開航（福岡）は2着。3着には6号艇・中村日向（香川）が入った。

◇

〝ボート3兄弟〟の末っ子が、史上まれにみる大激戦を制した。初のGⅠ優勝戦を5号艇で迎えた前田滉がGⅠ初Vを決めて、若手№1の座を射止めた。

「超うれしいです！！　1周1マークは『ここしかない』というところへいけましたけど、（井上）忠政さん（大阪）の足もよくて2マークは（井上と）ボートも当たり冷静じゃなかった。中山（翔太）君（三重）も結構、よさそうだったけど2周2マークは冷静に内を回れたかなと思います」

5コースから艇間を割り、1周バックは3カドからまくった井上と並走。続く2Mで井上と大競りとなる間に中山が先頭に躍り出たが、2周2Mで中山の懐に差しをねじ込み続く3周1Mを先取りして再逆転、ガッツポーズでVゴールを駆け抜けた。

直前の住之江・高松宮記念でGⅠ初の予選突破。「以前は調整力のなさを痛感していたけど、最近はエンジン出しもうまくいっていて住之江でもしっかり自分なりにエンジンを仕上げ切れました」と手応えをつかんで迎えた今節。「予選前半は苦しんだのでここまでよくなるとは思わなかったし、自分の中では100点満点の節だと思います」と地力強化を示した。

一昨年の下関大会以来となる篤哉、翔との3兄弟そろい踏みとなった今大会で優勝戦へ駒を進めたのは滉のみ。「『お前に託した』といわれていたので2人の気持ちも背負ってレースしようと思っていました。篤哉と翔がめっちゃ喜んでくれているのを見て、泣きそうになるくらいうれしかったです」と3兄弟の絆もGⅠ初Vの原動力とした。

この優勝で来年3月に地元・蒲郡で行われるSGクラシックの出場権をゲット。さらに戦前の賞金ランク92位から41位へ急浮上し、年末の住之江グランプリシリーズでのSG初出場の可能性も出てきた。「ここで終わってしまう選手になりたくないし、もっとSGとかでも結果を出せるようになっていきたいです」。向上心は人一倍のニューヒーローがさらなる躍進を期す。（小出大輔）",[],[]
同志社大、関学大に6T奪われ開幕2連勝ならず…永山監督「心が折れた」／関西Aリーグ（サンケイスポーツ）,https://news.yahoo.co.jp/articles/a0b600059ff882cadd7fcff4282c41ab7aa1252c,https://newsatcl-pctr.c.yimg.jp/t/amd-img/20250928-00000153-sanspo-000-1-view.jpg?exp=10800,2025-09-28T20:11:24+09:00,2025-09-28T20:11:24+09:00,サンケイスポーツ,sanspo,サンケイスポーツ,924,"関学大に敗れて開幕2連勝はならず、肩を落として引き揚げる同志社大の選手たち＝和歌山・紀三井寺公園陸上競技場（撮影・月僧正弥）
関西大学ラグビーAリーグ第2節（28日、同志社大21－34関学大、和歌山・紀三井寺公園陸上競技場）前節の開幕戦を4季ぶりに白星（対近大、〇29－12）で飾った同志社大は関学大に計6トライを奪われて敗れ、コロナ禍で変則方式となった2020年度以来の開幕2連勝はならず、1勝1敗となった。関学大は2連勝。

関学大FWの圧力を受け、前半だけで4トライを奪われた同志社大は7－22で後半を迎えると、21分までにさらに2トライ（1ゴール）を許し、27点の大差をつけられた。

だが、ここから粘り強く反撃。6分間のロスタイムの43分に連続攻撃からCTB森岡蒼良（3年）がインゴールに駆け込むと、その3分後には敵陣ゴール前のラインアウトからモールを押し込み、HO荒川駿（3年）が抑えて21－34と13点差に追い上げたが、序盤からの失点が大きく響き、勝利には届かなかった。

今季就任の永山宜泉（ぎせん）監督は「やろうとしていたラグビーが思うようにいかず、このような結果になり。残念」と無念の表情を浮かべ「自分たちよりも体重が重く、フィジカルが強い関学大FWに対し、低い姿勢、インパクト、パンチ力では負けないつもりで臨んだが、相手の激しいファイトに心が折れたというか、ビビっている部分があった」と指摘。本職のSOではなく、WTBで出場した大島泰真主将（4年）は「我々はディテールにこだわってやってきたが、重さやフィジカルでそれを破壊され、FWはパニックになってしまったのではないか」と分析した上で「自分たちの作戦は変わらない。走り勝つラグビーをするだけ」と巻き返しを誓った。

一方、関学大の小樋山樹監督は「今年の同志社大がタフなチームであることは分かっており、チャレンジャーの気持ちで乗り越えてくれた。FWがハードワークしてくれたし、特に4年生が姿勢や言葉でよくチームをまとめてくれた」とたたえた。

次節は同志社大は10月5日に昨季優勝の天理大（奈良・天理親里ラグビー場）、関学大は同12日に摂南大（京都・宝が池球技場）と対戦する。",[],[]
DeNA・ビシエドが通算1000試合出場　球団の外国人選手では3人目「チームが機会を与えてくれたから」（サンケイスポーツ）,https://news.yahoo.co.jp/articles/fd485ad6f3139d593014f0af3391df88348c74b6,https://newsatcl-pctr.c.yimg.jp/t/amd-img/20250928-00000152-sanspo-000-1-view.jpg?exp=10800,2025-09-28T20:02:48+09:00,2025-09-28T20:02:48+09:00,サンケイスポーツ,sanspo,サンケイスポーツ,250,"NPB通算1000試合出場を達成し、記念のボードを掲げるDeNA・ビシエド＝マツダスタジアム（撮影・渋井君夫）
（セ・リーグ、広島－DeNA、最終戦、28日、マツダ）DeNAのダヤン・ビシエド内野手（36）が「4番・一塁」で先発し、通算1000試合出場を果たした。プロ野球541人目。球団の外国人選手では1985年のレオン、2000年のローズに次いで3人目。来日10年目の助っ人は「チームが機会を与えてくれたから。本当にうれしい」と喜んだ。初出場は中日でプレーした16年3月25日の阪神戦（京セラ）。",[],[]
中谷潤人、12・27サウジ開催のSバンタム級初戦はノンタイトル10回戦の予定「バンタム級と同じような動きではないと見せていきたい」（サンケイスポーツ）,https://news.yahoo.co.jp/articles/70227c31dc5ec58a242c082d7a777a97ff593790,https://newsatcl-pctr.c.yimg.jp/t/amd-img/20250928-00000151-sanspo-000-1-view.jpg?exp=10800,2025-09-28T20:02:46+09:00,2025-09-28T20:02:46+09:00,サンケイスポーツ,sanspo,サンケイスポーツ,707,"トークショーで笑顔を見せる中谷潤人
プロボクシングのWBC、IBF世界バンタム級前統一王者の中谷潤人（27）＝M・T＝が28日、東京都内でトークショーを行った。イベントの参加チケットは先着200人限定で販売（税込み7700円）されて即完売。熱狂的なファンが集結する中、中谷はMCの上重聡アナウンサー（45）と軽妙なトークを披露。サイン入りグッズなどが当たる抽選会も開催され、会場は大盛り上がりだった。

元世界3階級制覇王者の中谷はイベント終了後に取材に応じ、12月27日にサウジアラビア・リヤドのモハメド・アブドゥー・アリーナ（2万2000人収容）で闘うスーパーバンタム級初戦はノンタイトル10回戦の予定だと明言。対戦するWBC世界同級8位のセバスチャン・エルナンデス（24）＝メキシコ＝を「パンチ力がある」と警戒し、「繊細にボクシングを組み立てていかなきゃいけない。バンタム級と同じような動きではないと見せていきたい」と意気込んだ。

WBC王者だった中谷は6月に自身初の王座統一戦を闘い、IBF王者だった西田凌佑（六島）に6回終了TKO勝ち。2団体王座統一を果たした。今月18日に階級を1つ上げ、スーパーバンタム級に転級することを発表。WBCとIBFの王座を24日付で返上した。

サウジアラビア興行は日本ではNTTドコモの映像配信サービス「Lemino」で、そのほかの国ではスポーツ専門動画配信サービスのDAZNで世界同時生配信される。プロ戦績はWBA、WBO世界スーパーバンタム級1位の中谷が31戦31勝（24KO）、エルナンデスが20戦20勝（18KO）、西田が11戦10勝（2KO）1敗。（尾﨑陽介）",[],[]
日本ハム・清宮幸太郎が「1番・三塁」で出場　最多安打のタイトルへ今季11度目の猛打賞（サンケイスポーツ）,https://news.yahoo.co.jp/articles/c61d7ac4deaf159f831f194f0a37b1adc0591fd4,https://newsatcl-pctr.c.yimg.jp/t/amd-img/20250928-00000149-sanspo-000-2-view.jpg?exp=10800,2025-09-28T19:57:20+09:00,2025-09-28T20:24:59+09:00,サンケイスポーツ,sanspo,サンケイスポーツ,540,"一回に左中間フェンス直撃の二塁打を放つ日本ハム・清宮幸太郎（撮影・田村亮介）
（パ・リーグ、ロッテ－日本ハム、24回戦、28日、ZOZOマリン）優勝争いの次は個人タイトル争いだ。リーグ最多安打争い真っただ中の日本ハム・清宮幸太郎内野手（26）は打席数が最も多く回ってくる1番打者としてスタメン出場した。

常々「どんな試合も負けられない。毎日変わらない」と力を込める左打者。4月27日のロッテ戦（エスコン）以来、約5カ月ぶりのリードオフマンとして第1打席から幸先良くHランプを灯した。

一回、先頭打者弾となる大飛球を放った。1ボールから小島の143キロの直球をフルスイング。先制点にこそつながらなかったが、左中間フェンス直撃の二塁打でチャンスメークした。

直近3試合で打率・416（12打数5安打）、2本塁打、5打点を挙げ「（打席内で）しっかり割り切っていけている」と手応えをにじませる。好調の打棒はこの試合も健在で第3打席は遊撃への内野安打。第4打席では好機を広げる右前打を放ち、今季11度目の猛打賞（1試合3安打以上）をマークした。

141安打でトップの楽天・村林はこの日、試合に出場せず。試合前時点で4本差で追っていた清宮幸が自身初タイトルへ、ラストスパートをかけた。",[],[]
ヤクルト・中村悠平、勝ち越し2ラン放ちダッシュでダイヤモンド一周　2年ぶりアーチで「ホームランを打った後の走り方を忘れていた」（サンケイスポーツ）,https://news.yahoo.co.jp/articles/3b58ed04cb5e5e07c526d6dfdfa09cf9776936cb,https://newsatcl-pctr.c.yimg.jp/t/amd-img/20250928-00000148-sanspo-000-1-view.jpg?exp=10800,2025-09-28T19:53:14+09:00,2025-09-28T19:53:14+09:00,サンケイスポーツ,sanspo,サンケイスポーツ,309,"四回、2点本塁打を放つヤクルト・中村悠平＝神宮球場（撮影・長尾みなみ）
（セ・リーグ、ヤクルト－巨人、最終戦、28日、神宮）ヤクルト・中村悠平捕手（35）が2－2の四回に今季1号となる勝ち越し2ランをマークした。

「8番・捕手」で先発出場。2－0の四回に巨人の3番・泉口に2ランを浴び、同点に追いつかれた直後の攻撃だった。2死二塁で巨人先発の横川が投じた5球目の直球を引っ張り、左翼スタンドに運んだ。2023年シーズン以来の一発で、柵越えを確認すると、ダッシュでダイヤモンドを一周。ベンチ前では大喜びして仲間と喜びを分かち合い「2年ぶりのホームランなのでホームランを打った後の走り方を忘れていました」とコメントした。",[],[]
ロッテ・小島和哉、左膝に打球が直撃も執念の続投　5年連続の規定投球回クリアなどへ必死（サンケイスポーツ）,https://news.yahoo.co.jp/articles/8b765fa6ae229e3fea95552ed026451bce02d68d,https://newsatcl-pctr.c.yimg.jp/t/amd-img/20250928-00000147-sanspo-000-2-view.jpg?exp=10800,2025-09-28T19:50:36+09:00,2025-09-28T20:07:15+09:00,サンケイスポーツ,sanspo,サンケイスポーツ,554,"ロッテ・小島和哉は四回、日本ハム・山県秀の打球を左膝に受けるアクシデント（撮影・田村亮介）
（パ・リーグ、ロッテ－日本ハム、24回戦、28日、ZOZOマリン）執念の続投だ。ロッテ・小島和哉投手（29）が先発し、左膝に打球を受けるアクシデントがありながら力投した。
【写真】ロッテ・小島和哉と「和田毅軍団」
21日の同カード（エスコン）では六回途中7失点（自責点4）でKO。「先週やられているので、やりかえせるように頑張ります」と期して臨んだマウンドだったが、小島がまさかの事態に見舞われたのは、2－1の四回1死三塁の場面。6番の山県が放ったピッチャー返しのライナーが左膝に直撃。小島は一塁線に跳ねた打球を右手でトスしたが間に合わず（記録は投手強襲内野安打）。そのままグラウンドに突っ伏した。

トレーナーと建山投手コーチに付き添われてベンチに引き揚げたが、治療後にマウンドに戻った。直後に同点犠飛を打たれたものの、その裏にすぐさま山口が1死二、三塁から中前勝ち越し打。しかし、3－2の七回にレイエスに同点犠飛を許してしまった。

残り登板数は1試合を残すのみとみられ、試合前時点であと11に迫る5年連続規定投球回到達と、残り2勝の3年連続2桁勝利へ。七回まで球数は103球を数えるも八回もマウンドへ向かった。",[],[]
ヤクルト・村上宗隆、今季の神宮最終戦で右前適時打「ホーム最終戦でなんとか勝ちたい」（サンケイスポーツ）,https://news.yahoo.co.jp/articles/6f2d98bf1b083bc6885fc1244420e22d83190358,https://newsatcl-pctr.c.yimg.jp/t/amd-img/20250928-00000145-sanspo-000-1-view.jpg?exp=10800,2025-09-28T19:38:09+09:00,2025-09-28T19:38:09+09:00,サンケイスポーツ,sanspo,サンケイスポーツ,318,"一回、右前適時打を放ちポーズを決めるヤクルト・村上宗隆＝神宮球場（撮影・長尾みなみ）
（セ・リーグ、ヤクルト－巨人、最終戦、28日、神宮）ヤクルト・村上宗隆内野手（25）が「4番・三塁」で先発出場し、一回に右前適時打をマークした。

一回無死一、三塁から3番に入った山田哲人内野手（33）の右犠飛で先制。1死二塁で迎えた直後の打席で、巨人先発の横川が投じた2球目のシュートを引っ張り、追加点につなげ「ホーム最終戦でなんとか勝ちたいので、追加点がとれて良かったです」とコメントした。

前日27日の広島戦（神宮）で状態不良から5試合ぶりにスタメン復帰し、7年連続20本塁打に到達する20号2ランをマークしており、2試合連続の打点となった。",[],[]
巨人がまた〝鬼門の初回〟につかまる　横川がいきなり2失点　一回の失点は9月21試合で16試合目（サンケイスポーツ）,https://news.yahoo.co.jp/articles/9e6e0b589ad79209650d10a0cc24e832f2787fe4,https://newsatcl-pctr.c.yimg.jp/t/amd-img/20250928-00000143-sanspo-000-1-view.jpg?exp=10800,2025-09-28T19:35:23+09:00,2025-09-28T19:35:23+09:00,サンケイスポーツ,sanspo,サンケイスポーツ,641,"巨人・横川凱は一回に2失点した＝神宮球場（撮影・萩原悠久人）
（セ・リーグ、ヤクルト－巨人、25回戦、28日、神宮）またか…。巨人は立ち上がりに不安を抱えている。先発マウンドを託された左腕の横川は一回、先頭の並木、長岡に連打を浴び、山田の右犠飛であっさりと先制を許した。

続く村上にも右翼線への適時打を打たれ、2失点。0－2のビハインドで序盤は進んだ。「最初から慎重になってしまうと、自分自身もたぶん苦しいので、思い切って大胆にいけるような投球をしたい」と臨んだ横川だったが、今季で退任する高津監督が神宮で指揮を執る最後の試合となり、奮い立つヤクルト打線にいきなりつかまった。

チームにとって〝鬼門の初回〟だ。9月はこの日を含め21試合を戦い、16試合で初回に失点を記録している。ただ、27日のDeNA戦（横浜）では、九回表に限れば1952年以来73年ぶりとなる4点差を逆転して勝利。阿部監督が「みんなの意地を見ました」と振り返った激戦のように、9月は11勝9敗と打線が粘りを見せてきた。クライマックスシリーズ（CS）進出が確定し、2位DeNAと戦う10月11日からのCSファーストステージでは投手陣の立ち上がりがポイントになりそうだ。

四回に横川の大阪桐蔭高の1学年先輩でもある3番・泉口が右越えへ2ランを放って同点に追いついた。しかし、横川はその裏に中村悠に2ランを被弾して再び2－4と追う展開に。序盤にリードをつくって試合を優位に進めることが、巨人に求められる戦い方だ。",[],[]
楽天・林、ピンチでプロ初登板3K「緊張したが、楽しめた。本当に時間がかかった」（サンケイスポーツ）,https://news.yahoo.co.jp/articles/c9e42cd81595df18e2db832339968e3fc0484fec,https://newsatcl-pctr.c.yimg.jp/t/amd-img/default.jpg?exp=10800,2025-09-28T19:20:28+09:00,2025-09-28T22:03:44+09:00,サンケイスポーツ,sanspo,サンケイスポーツ,234,"（パ・リーグ、オリックス10－5楽天、23回戦、オリックス13勝10敗、28日、京セラ）楽天の3年目左腕、林優樹投手（23）がプロ初登板。五回途中のピンチから5番手で登板し、1回⅓を無安打無失点、3奪三振に抑えた。「緊張したが、楽しめた。本当に時間がかかった」と明かした。

滋賀・近江高、西濃運輸を経てドラフト6位で入団。1年目の2023年11月に左肘の手術を受け、逆境からはい上がった。三木監督は「苦労して1軍マウンドに上がれた。今後につなげてほしい」と期待した。",[],[]
【3歳以上次走報】サスツルギはアルゼンチン共和国杯に向かう（サンケイスポーツ）,https://news.yahoo.co.jp/articles/91adf0d4bbe910dbf00d07038d05c33b6348f10d,https://newsatcl-pctr.c.yimg.jp/t/amd-img/20250928-00000136-sanspo-000-1-view.jpg?exp=10800,2025-09-28T19:13:07+09:00,2025-09-28T19:13:07+09:00,サンケイスポーツ,sanspo,サンケイスポーツ,198,"サスツルギ
★新潟記念16着サスツルギ（美・千葉、騸5）は、オクトーバーSの予定を変更してアルゼンチン共和国杯（11月9日、東京、GⅡ、芝2500メートル）に向かう。

★京成杯AH8着アスコルティアーモ（美・林、牝5）は、オーロC（11月16日、東京、L、芝1400メートル）へ。10着カラマティアノス（美・奥村武、牡3）は、ペルセウスS（11月1日、東京、ダ1600メートル）でダート初挑戦。",[],[]
【2歳次走報】ガローファノは百日草特別で連勝を狙う（サンケイスポーツ）,https://news.yahoo.co.jp/articles/108124c71b294cd5df0565e5fe4b5aaab13857e3,https://newsatcl-pctr.c.yimg.jp/t/amd-img/20250928-00000135-sanspo-000-1-view.jpg?exp=10800,2025-09-28T19:11:19+09:00,2025-09-28T19:11:19+09:00,サンケイスポーツ,sanspo,サンケイスポーツ,152,"8月31日新潟の新馬戦を制したガローファノ
★8月31日新潟の新馬戦（芝1800メートル）を勝ったガローファノ（美・黒岩、牝）は、百日草特別（11月2日、東京、2歳1勝、芝2000メートル）へ。

★新潟2歳S4着サンアントワーヌ（美・鹿戸、牝）は、10月19日東京の1勝クラス（芝1400メートル）へ。",[],[]
今年のヴィクトリアマイル勝ち馬アスコリピチェーノはマイルCSへ　前走は仏GⅠ・ジャックルマロワ賞6着（サンケイスポーツ）,https://news.yahoo.co.jp/articles/4f9930c3b7662f8580e31939e41d34ff04b8b16f,https://newsatcl-pctr.c.yimg.jp/t/amd-img/20250928-00000133-sanspo-000-1-view.jpg?exp=10800,2025-09-28T19:06:35+09:00,2025-09-28T19:06:35+09:00,サンケイスポーツ,sanspo,サンケイスポーツ,163,"アスコリピチェーノ
今年のヴィクトリアマイル勝ち馬で、前走・仏GⅠジャックルマロワ賞6着アスコリピチェーノ（美・黒岩、牝4）は、マイルCS（11月23日、京都、GⅠ、芝1600メートル）に向かうことが28日、分かった。所有するサンデーサラブレッドクラブがホームページで発表した。現在は福島・ノーザンファーム天栄で調整している。",[],[]
ヤクルト・塩見泰隆、今季初の1軍昇格で「1番・中堅」でスタメンも、左膝手術明けのリハビリ中で守らず交代（サンケイスポーツ）,https://news.yahoo.co.jp/articles/6fac4fb84a85fe0ed709bb37c62838643700bfbe,https://newsatcl-pctr.c.yimg.jp/t/amd-img/20250928-00000132-sanspo-000-2-view.jpg?exp=10800,2025-09-28T19:03:38+09:00,2025-09-28T19:30:12+09:00,サンケイスポーツ,sanspo,サンケイスポーツ,339,"スターティングメンバーとしてコールされるも、守備位置に向かわずにベンチに引き揚げるヤクルト・塩見泰隆＝神宮球場（撮影・長尾みなみ）
（セ・リーグ、ヤクルト―巨人、最終戦、28日、神宮）ヤクルト・塩見泰隆外野手（32）が今季初昇格を果たし、「1番・中堅」でスタメンに名を連ねた。ただ、3月22日の日本ハムとのオープン戦（エスコン）で左前十字靭帯（じんたい）を損傷し、4月9日に手術を受けリハビリ中のため、守ることなく並木と交代した。
【写真】塩見とハイタッチしようとして空振りする高津監督
この日、今季限りでの退任が発表された高津臣吾監督（56）による粋な演出だった。塩見は2021、22年のリーグ連覇に大きく貢献。リードオフマンとして21年の日本一達成に導いたメンバーでもある。",[],[]
【奈良競輪・GⅢ平安賞in奈良】犬伏湧也、通算4回目のGⅢ制覇　S班初優勝に「ずっと苦しかったのでホッとした」（サンケイスポーツ）,https://news.yahoo.co.jp/articles/fdd34ad2aa8381636ca9f726bad21e7058b35bdc,https://newsatcl-pctr.c.yimg.jp/t/amd-img/20250928-00000131-sanspo-000-1-view.jpg?exp=10800,2025-09-28T19:03:16+09:00,2025-09-28T19:03:16+09:00,サンケイスポーツ,sanspo,サンケイスポーツ,755,"京都向日町競輪開設75周年記念「平安賞in奈良」で4度目のGⅢ優勝を飾った犬伏湧也
奈良競輪の京都向日町競輪開設75周年記念「平安賞in奈良」（GⅢ）は28日、第12Rで決勝戦が行われ、犬伏湧也（30）＝徳島・119期＝が鐘前カマシで快勝。GⅢは昨年10月京王閣以来となる4回目、そしてS班昇格後初の優勝を力強く飾った。2着はマークした佐々木豪。3着には山田久徳が入った。

◇

もやもやを吹き飛ばす、これぞS班という圧倒劇だった。決勝は後ろ攻めとなった犬伏だったが、別線の動向を冷静に見定めると、叩いた三谷の上を鐘前カマシ一発で制圧。鋭いチャージに別線は車間が開き、最後は番手の佐々木と一騎打ちと思われたが、力強く踏み直して念願だった〝S班初V〟をつかみ取った。

「グランプリも走っていない中でS班になって、結果が出ていなかったので…。ずっと苦しかったのでホッとしたところはある。遅かったけど優勝できてうれしい」

急転直下、4月にS班昇格が決まったが、望む結果が得られず周囲の期待とのギャップに苦しむ戦いが続いていた。今シリーズはただ一人のS班としてより重圧もかかっていただけに、「ゴールまでスピード感よくいけた。優勝が最近なかったので、最後は声が出ましたね。自分もちょっとは成長しているのかなと思った」と、殻を破ったこれまでとはひと味違う美酒に万感の思いをかみしめた。

ただ、喜ぶのもつかの間。S班としての責務を力に飛躍を期す気鋭の視線は、早くも次なるターゲットに向けられている。「GⅠで結果を出さないとグランプリが見えてこない。来年もS班を続けるには、そこだと思うので」。今後のタイトル戦線で真のトップクラスへの道を切り開くべく、自慢のスピードに磨きをかけてキャリアを加速させていく。（小橋川寛）",[],[]
ハナコ＆佐藤栞里、11・1にポッドキャスト番組公開収録　丸ビルホールで観覧無料開催（サンケイスポーツ）,https://news.yahoo.co.jp/articles/79e432d5220a1384ae2249d91b0bbcf8d6829851,https://newsatcl-pctr.c.yimg.jp/t/amd-img/20250928-00000129-sanspo-000-1-view.jpg?exp=10800,2025-09-28T19:00:00+09:00,2025-09-28T19:00:00+09:00,サンケイスポーツ,sanspo,サンケイスポーツ,549,"ポッドキャスト番組のパーソナリティーを務めるハナコ(左)と佐藤栞里
ニッポン放送のポッドキャスト番組「ハナコのオールナイトニッポンPODCAST」（11月の土曜後6・0頃配信）と「オールナイトニッポンPODCAST　さとしおあちぇとぺぺ－餃子オンザライス－」（日曜後6・0頃配信）の2番組が、11月1日に東京・丸ビルホールで公開収録を行うことが決定した。

午後2時からの第一部では、月替わり土曜日の「オールナイトニッポンPODCAST」から11月担当のお笑いトリオ、ハナコが登場。同5時半からの第二部では、11月に番組1周年を迎える「－さとしおあちぇとぺぺ」からタレント、佐藤栞里（35）が出演する。

イベントの模様は11月1日午後6時頃配信の「ハナコのオールナイトニッポンPODCAST」と同9日午後6時頃配信の「オールナイトニッポンPODCAST　さとしおあちぇとぺぺ－餃子オンザライス－」で配信される。

観覧は無料で、各番組ごとに観覧希望者を対象とした抽選を実施。当選したリスナーのみが参加できる。応募URLは（https://ssl.1242.com/aplform/form/aplform.php?fcode=event-podcast-genera）へ。締め切りは10月14日。",[],[]
RRC初挑戦のゴールデンシックスティは21位で入賞ならずもファンが大拍手！優勝馬はスワーヴアラミス（サンケイスポーツ）,https://news.yahoo.co.jp/articles/594e2a92ee033b85acf45209056622c25666eba5,https://newsatcl-pctr.c.yimg.jp/t/amd-img/20250928-00000128-sanspo-000-1-view.jpg?exp=10800,2025-09-28T18:58:31+09:00,2025-09-28T18:58:31+09:00,サンケイスポーツ,sanspo,サンケイスポーツ,670,"RRCの馬場馬術競技に海外GI馬として初出場したゴールデンシックスティと広瀬春行選手。21位で入賞できなかったが、ファンから拍手を浴びていた
日本で功労馬となった香港10勝馬ゴールデンシックスティ（騸10、父メダーリアドーロ）が28日、北海道苫小牧市のノーザンホースパーク（NHP）で行われた「RRC（引退競走馬杯）2025」北海道大会の馬場馬術競技に出場し、21位となった。

2018年の創設以来、海外GI馬として初参戦し、33頭中30番目に登場。昨秋に引退したゴールデンシックスティが今年2月にNHPに繋養後、乗用馬のリトレーニングを任されてきた広瀬春行さんとコンビを組み、馬場馬術の演技を披露した。

多くのファンが見守る中、選手の合図で静止したり、後退するなど高度な技に挑戦。ミスはあったが、堂々としたオーラと生まれながらのグッドルッキングぶりで魅了。演技終了後、厩舎に引きあげるゴールデンシックスティを大勢のファンが追いかけるシーンも。同馬もそれに応えるように立ち止まり、馬上の広瀬さんは「本当によく頑張ってくれました。無事に終わってホッとしました」とあいさつし、愛馬をねぎらった。

順位は21位となり、10位までの入賞は果たせなかったが、「また来年、もっと成長して挑戦します」と〝教育係〟として進化も約束した。

優勝はマーチS、エルムSなどを制したスワーヴアラミス、2位は菊花賞2着馬サトノルークス。2頭は12月7日に東京・JRA馬事公苑で行われるRRCファイナル大会に駒を進め、全国の大会で好成績を残した精鋭と覇を競う。",[],[]
西武・隅田知一郎がプロ1年目から4年連続2桁黒星　球団50年ぶり「言葉はないっスね」（サンケイスポーツ）,https://news.yahoo.co.jp/articles/1b2c6eb8a24bb4934a3945b14ca074161c22ef8c,https://newsatcl-pctr.c.yimg.jp/t/amd-img/20250928-00000127-sanspo-000-1-view.jpg?exp=10800,2025-09-28T18:55:58+09:00,2025-09-28T18:55:58+09:00,サンケイスポーツ,sanspo,サンケイスポーツ,272,"八回、西武・隅田知一郎に声をかける西口文也監督（撮影・今野顕）
（パ・リーグ、西武1－4ソフトバンク、25回戦、ソフトバンク17勝8敗、28日、ベルーナD）西武・隅田知一郎投手（26）が8回を11安打4失点で10敗目（10勝）。プロ1年目から4年連続2桁敗戦となり、球団では西鉄・太平洋時代の1972～75年に加藤初が記録して以来、50年ぶりとなった。

ただ、本人は「勝ちも負けも投げていたら付くことなので、正直、言葉はないっスね」。自己最多の143球については「今シーズン最後の登板でしたし、来年もっとよくなりたい一心で…」と汗をぬぐった。",[],[]
金田久美子、後半戦の出場は限定に「目指すところは70位以内」の理由／国内女子ゴルフ（サンケイスポーツ）,https://news.yahoo.co.jp/articles/1f41f8f48dd487d86e3c4c6f0ff55bbdc6dc25c3,https://newsatcl-pctr.c.yimg.jp/t/amd-img/20250928-00000126-sanspo-000-2-view.jpg?exp=10800,2025-09-28T18:55:27+09:00,2025-09-28T19:14:23+09:00,サンケイスポーツ,sanspo,サンケイスポーツ,560,"ティーショットを放つ金田久美子＝利府GC　（撮影・高橋朋彦）
ミヤギテレビ杯ダンロップ女子オープン最終目（28日、宮城・利府GC＝6590ヤード、パー72）34位から出た金田久美子（36）＝スタンレー電気＝は通算3オーバーの39位に終わった。
【11年ぶり】トロフィーを手にポーズを取る金田久美子
インスタートで2バーディー、1ボギー。1ダブルボギーの73とスコアを伸ばせず。「下手だった。順位を上げたかったけど、ダブルボギーが痛かった」と18番（パー5）でミスショットを連発し、ガックリと肩を落とした。

今週がツアー出場優先順位を再編する第2回リランキング最後の試合。30位ぐらいまでは、ほぼ全試合に出場可能だが、金田はランク38位。1つでも順位を上げてポイントを稼ぎたいところだったが、ランク37位に1つ上がっただけに終わり、後半の出場試合は限られることになった。

今後は所属の「スタンレーレディス」に主催者推薦で出場。優勝経験のある「三菱電機レディス」などに出場できる見込みだが、富士通レディースは予選会に出場予定。現在は年間ランキング92位で「目指すところは70位以内」とキッパリ。来季シードは50位までだが、70位以内なら来季出場権をかけた予選会（QT）に最終から出場できるとあって、現実的な目標を掲げた。",[],[]
西武D1位・斎藤大翔の1軍デビューは4打数無安打「点数は0点ですけど…」（サンケイスポーツ）,https://news.yahoo.co.jp/articles/2db1ec5cc3b4fe35122e398cf813303b3eba6c11,https://newsatcl-pctr.c.yimg.jp/t/amd-img/20250928-00000125-sanspo-000-1-view.jpg?exp=10800,2025-09-28T18:54:00+09:00,2025-09-28T18:54:00+09:00,サンケイスポーツ,sanspo,サンケイスポーツ,349,"1軍デビューした西武・斎藤大翔＝ベルーナドーム（撮影・今野顕）
（パ・リーグ、西武1－4ソフトバンク、25回戦、ソフトバンク17勝8敗、28日、ベルーナD）西武のドラフト1位・斎藤大翔（ひろと）内野手（18）＝石川・金沢高＝が「1番・遊撃」でプロ初出場。一回に「全然狙っていなかった球だったけど、うまくさばけた」と左翼ポール際に大飛球を放ってスタンドを沸かせたが、4打数無安打に終わった。

「七回ぐらいでバテバテで、めっちゃ疲れました。でも、すごい声援をもらえて楽しかったです」。初々しく振り返った斎藤。プロ初安打はお預けとなる中、「（1軍の投手は）球の強さ、変化球の切れが全然違った。（今日の自己採点の）点数は0点ですけど、でも、対応していけるなと。無理だとは思わなかった」と手応えも口にした。",[],[]
楽天・早川隆久が左肩後方関節唇クリーニング手術　試合復帰まで4、5カ月（サンケイスポーツ）,https://news.yahoo.co.jp/articles/8f052cb2a722962a18945968db449da5aa0cebca,https://newsatcl-pctr.c.yimg.jp/t/amd-img/20250928-00000124-sanspo-000-1-view.jpg?exp=10800,2025-09-28T18:40:47+09:00,2025-09-28T18:40:47+09:00,サンケイスポーツ,sanspo,サンケイスポーツ,145,"楽天・早川隆久
楽天は28日、早川隆久投手（27）が26日に東京都内の病院で左肩後方関節唇クリーニング手術を受けたと発表した。試合復帰まで4、5カ月を要する見込み。

左腕は今季、2年連続2度目の開幕投手を務め、12試合に登板し、2勝8敗、防御率4・35。2軍での調整期間が長く続いていた。",[],[]
『ザ・ロイヤルファミリー』出演の佐藤浩市さんと松本若菜さんが中山競馬場でトークショー（サンケイスポーツ）,https://news.yahoo.co.jp/articles/eb3074f71345daeba1102cf1d3614ebe7f35fc60,https://newsatcl-pctr.c.yimg.jp/t/amd-img/20250928-00000120-sanspo-000-1-view.jpg?exp=10800,2025-09-28T18:24:27+09:00,2025-09-28T18:24:27+09:00,サンケイスポーツ,sanspo,サンケイスポーツ,325,"中山競馬場でトークショーを行った佐藤浩市（右）と松本若菜
スプリンターズSの表彰式では10月12日スタートのTBS系ドラマ「ザ・ロイヤルファミリー」（日曜後9・0）に出演する佐藤浩市、松本若菜がプレゼンターを務めた。最終レース後にトークショーも行われ、佐藤浩市は「みなさんの周りのあまり競馬に興味がない、今のところ知らないという人たちがこの競馬の世界を楽しんでくれるか、関心を深めてくれるか、それをみなさんちょっと見てあげてください」と番組をPR。松本若菜も「それぞれの環境、それぞれのお仕事の中でたったひとつの夢を目指して、みんなが熱くなるドラマです。最後までぜひ応援していただけるとうれしいです。まずは第1話をぜひごらんください」と思いを伝えた。",[],[]
【スプリンターズS】4歳牝馬ジューンブレアが逃げ粘って2着　武豊騎手「力は出せました」（サンケイスポーツ）,https://news.yahoo.co.jp/articles/76a67351136bfc145ec7701f1c8cc99340120186,https://newsatcl-pctr.c.yimg.jp/t/amd-img/20250928-00000118-sanspo-000-1-view.jpg?exp=10800,2025-09-28T18:12:52+09:00,2025-09-28T18:12:52+09:00,サンケイスポーツ,sanspo,サンケイスポーツ,327,"スプリンターズステークスで2着に敗れたジューンブレア＝28日、中山競馬場（撮影・奈良武）
充実著しい4歳牝馬のジューンブレアが2着。好スタートからハナを切ってマイペースに持ち込んだが、直線はウインカーネリアンのしぶとさに頭差で屈した。

◆武豊騎手「狙ったレースはできました。馬も良くなっていましたし残念です。力は出せました」

◆武英智調教師「悔しいですね。行く馬が見当たらなかったのであの競馬で、理想的なペースで運べた。そこから2番手の勝ち馬がかわしにきたんですけど、（ウインカーネリアンは）上のクラスで走ってきた猛者ですし。こちらが経験不足でした。後傾ラップでもしっかり走れていますし、中山であの競馬をできるなら中京（の高松宮記念）でもと思います」",[],[]
【スプリンターズS】1番人気サトノレーヴはまさかの4着　モレイラ騎手「馬場状態が前の馬に有利だった」（サンケイスポーツ）,https://news.yahoo.co.jp/articles/9fba59c733c46fa367f5a9210d6f0d173253b381,https://newsatcl-pctr.c.yimg.jp/t/amd-img/20250928-00000117-sanspo-000-1-view.jpg?exp=10800,2025-09-28T18:12:26+09:00,2025-09-28T18:12:26+09:00,サンケイスポーツ,sanspo,サンケイスポーツ,284,"スプリンターズステークスで4着に敗れたサトノレーヴ＝28日、中山競馬場（撮影・奈良武）
春の高松宮記念を勝利し、春秋スプリントGⅠ制覇を狙ったサトノレーヴはまさかの4着。好スタートを決めて中団前の外めを追走。モレイラ騎手が手綱を動かしながら直線に向いたが、本来の伸びは見られず、1番人気を裏切る結果となった。

◆モレイラ騎手「いいスタートを切って、中団の前くらいのいいポジションでレースができました。馬の行きっぷりは良かったですし、手応えも良くて、直線でスペースができたらしっかり脚を使ってくれました。ただ、きょうは馬場状態が前の馬に有利だったので届きませんでした」",[],[]
6人組男装ダンス＆ボーカルグループ、ル・クールがメジャーデビュー　先輩の風男塾と「一緒にステージ立ちたい」（サンケイスポーツ）,https://news.yahoo.co.jp/articles/84317730c2e96a79304f430db6fdae5e2b19c8ff,https://newsatcl-pctr.c.yimg.jp/t/amd-img/20250928-00000116-sanspo-000-1-view.jpg?exp=10800,2025-09-28T18:00:00+09:00,2025-09-28T18:00:00+09:00,サンケイスポーツ,sanspo,サンケイスポーツ,368,"イベント前に取材に応じたル・クールの（左より）イヴ、リアム、ルカ、アメ、ルネ、ノエ＝新宿マルイメン（撮影・山戸英州）
6人組男装ダンス＆ボーカルグループ、ル・クールが28日、東京都内でメジャーデビューシングル「TABOO」のリリースイベントを開催した。

仏語の「心」という意味がグループ名の由来で昨年11月20日に結成。所属事務所の先輩でもある7人組男装グループ、風男塾と同じ9月24日にメジャーデビューを果たした。メンバーのアメは「率直にうれしい。もっと頑張りますし燃えています。風男塾さんとも一緒にステージに立ちたい！」と気合十分。イヴは「これからもっと成長していい姿を見せたい」と誓った。

この日は150人のファンを前にパフォーマンスを披露。ラストでは11月7日に東京・初台DOORSでの自主ライブ開催をサプライズで発表した。",[],[]
試合結果　オリックスは10得点大勝！宮城は5回1失点で7勝目（サンケイスポーツ）,https://news.yahoo.co.jp/articles/4879b93c833fa38d4cb2201dd6c35b30a0a306a5,https://newsatcl-pctr.c.yimg.jp/t/amd-img/20250928-00000114-sanspo-000-1-view.jpg?exp=10800,2025-09-28T17:45:33+09:00,2025-09-28T17:45:33+09:00,サンケイスポーツ,sanspo,サンケイスポーツ,239,"オリックス球団旗
（パ・リーグ、オリックス10ー5楽天、23回戦、オリックス13勝10敗、28日、京セラ）オリックスは打線が奮起し、10得点で圧勝した。二回にD1位・麦谷の先制打を皮切りに、敵失や紅林の犠飛など一挙5得点。三回にも紅林の走者一掃の3点打などで4得点と勢いは止まらなかった。先発の宮城はピンチを招きながらも要所を締めて5回1失点で7勝目。自己最多タイとなる148回1/3となった。チームは8月21日の日本ハム戦（エスコン）以来、今季6度目となる2桁得点を記録した。",[],[]
【スプリンターズS】レースを終えて…関係者談話（サンケイスポーツ）,https://news.yahoo.co.jp/articles/59dc310927528fb5fb55917d1350d5c0e794110e,https://newsatcl-pctr.c.yimg.jp/t/amd-img/20250928-00000113-sanspo-000-1-view.jpg?exp=10800,2025-09-28T17:38:00+09:00,2025-09-28T17:38:00+09:00,サンケイスポーツ,sanspo,サンケイスポーツ,1257,"ママコチャは王座返り咲きならず。6着に敗れた＝28日、中山競馬場（撮影・奈良武）
◆内田騎手（ヨシノイースター5着）「馬の状態はすごく良かったです。ゲートは出て押していけば位置は取れそうだったけど、そうなると最後に脚が甘くなるので行かせすぎずに運びました。最後までよく頑張ってくれて、際どいところまで食い込んでくれました」

◆藤原英師（ダノンマッキンリー6着同着）「状態は良かったです。内枠を利用して、さすがは横山典弘（騎手）の腕。その騎乗に馬もよく応えてくれました。満足です」

◆岩田望騎手（ママコチャ6着同着）「すごくいいポジションで競馬はできました。敗因はわからない。結果だけが残念です…」

◆松山騎手（ピューロマジック8着）「スタートをしっかり出て馬の後ろに入れることもできて、そこで我慢ができました。作戦通りのいい競馬ができたと思います。ただ最後の1ハロンで一気に下がってしまったのは、やっぱり坂が影響したのかなという印象を受けました」

◆坂井騎手（カンチェンジュンガ9着）「きょうは前（有利）の展開でしたからね。馬の体調はすごく良くて、最後まで脚を使ってくれました」

◆横山武騎手（トウシンマカオ10着）「内枠を引けなかった時点で、ある程度ポジションを取るつもりでいました。最近はスタートが速くなかったんですが、きょうは陣営がゲート練習をしてくれたおかげで楽にポジションを取れました。前に行った2頭が残っているような流れだし、道中の雰囲気も良かったのですが最後止まってしまったのは、やっぱり絶好調手前だったぶんがあるのかもしれないです。牡馬特有のズブさが出始めていて、いまは1400メートル向きになっているような印象です」

◆リョン騎手（ラッキースワイネス11着）「スタートから程なくして両サイドから挟まれる形になり、前に出ることができませんでした。そのあともペースについていくことが難しく、最後は伸びているのですが、遅すぎました」

◆松若騎手（ペアポルックス13着）「見えない疲れがあったのかもしれませんね。スタートも決まらなかったし、ペースも遅かったので展開が向かなかったです。少し返し馬から上ずって走る感じがあったので、夏を使い続けた影響があったのかもしれないです」

◆丹内騎手（ドロップオブライト14着）「スタートが決まってリズムよく走れました。これならもう少し伸びるかな、と思ったんですけど意外と脚が使えなかった」
◆団野騎手（ヤマニンアルリフラ15着）「すごく良かったと思うが、スタートで出遅れてしまったので…。申し訳ないです」
◆戸崎騎手（カピリナ16着）「外枠で難しかったですね。ただ、もっとついていけないかと思ったんですが、意外とついていくことができたので、そのあたりのスピードの対応はできるようになっていましたね。もともと右に流れて走るところがあるので、もっと囲まれている方が競馬はしやすかったです。具合は良かっただけに残念です。条件がかみ合えばもっとやれると思う」",[],[]
ロッテ来季の監督人事は「シーズンが終わってから」　高坂球団社長が10・5最終戦のあとに方針を示すことを示唆（サンケイスポーツ）,https://news.yahoo.co.jp/articles/987f56eea9926e07418b60ea6510a11dea7936f9,https://newsatcl-pctr.c.yimg.jp/t/amd-img/20250928-00000112-sanspo-000-3-view.jpg?exp=10800,2025-09-28T17:24:34+09:00,2025-09-28T18:09:52+09:00,サンケイスポーツ,sanspo,サンケイスポーツ,255,"ロッテ
ロッテ・高坂球団社長が28日、白紙になっている来季の監督人事について「今のところ、何も話せることはありません。まだ試合が残っている」と話すにとどめた。
【写真】「サイン、書きに来たで～」笑顔で歩み寄りファンと交流するロッテ・吉井理人監督
就任3年目の吉井監督の下、すでに最下位が決まっている。「全てはシーズンが終わってから。最終戦の後にもう少ししっかりお話できるかと思う」と、シーズン最終戦となる10月5日のソフトバンク戦（ZOZOマリン）の終了後に何らかの方針を示すことを示唆した。（ZOZOマリン）",[],[]
【京都大賞典】一昨年の菊花賞馬ドゥレッツァ、目黒記念勝ちアドマイヤテラなど19頭が登録（サンケイスポーツ）,https://news.yahoo.co.jp/articles/a662de376f6be3e6657bb85b0c5e7008c118077c,https://newsatcl-pctr.c.yimg.jp/t/amd-img/20250928-00000111-sanspo-000-2-view.jpg?exp=10800,2025-09-28T17:24:11+09:00,2025-09-28T17:45:59+09:00,サンケイスポーツ,sanspo,サンケイスポーツ,454,"ドゥレッツァ
10月5日に京都競馬場で行われる「第60回京都大賞典」（GⅡ、3歳以上オープン、別定、芝・外2400メートル、1着賞金＝6700万円）の登録馬が発表され、一昨年の菊花賞馬ドゥレッツァ（牡5歳、美浦・尾関知人厩舎）や今年の目黒記念を勝ったアドマイヤテラ（牡4歳、栗東・友道康夫厩舎）など19頭が登録した。

登録馬は以下の通り。

（左から登録馬名　負担重量）

アドマイヤテラ　58.0

アルナシーム　57.0

ヴェルテンベルク　57.0

ヴェルミセル　55.0

カネフラ　57.0

サブマリーナ　57.0

サンライズアース　58.0

サンライズソレイユ　57.0

ジューンテイク　57.0

ショウナンラプンタ　57.0

ディープモンスター　57.0

ドゥレッツァ　58.0

ニシノレヴナント　57.0

プラダリア　57.0

ブレイヴロッカー　57.0

ボルドグフーシュ　57.0

ミクソロジー　57.0

メイショウブレゲ　57.0

ワープスピード　57.0",[],[]
【毎日王冠】昨年の2冠牝馬チェルヴィニア、3歳馬サトノシャイニングなど13頭が登録（サンケイスポーツ）,https://news.yahoo.co.jp/articles/c94147d5d90215d29ba3b38459280f4405a79ee6,https://newsatcl-pctr.c.yimg.jp/t/amd-img/20250928-00000110-sanspo-000-1-view.jpg?exp=10800,2025-09-28T17:23:32+09:00,2025-09-28T17:23:32+09:00,サンケイスポーツ,sanspo,サンケイスポーツ,396,"チェルヴィニア
10月5日に東京競馬場で行われる「第76回毎日王冠」（GⅡ、3歳以上オープン、、別定、芝1800メートル、1着賞金＝6700万円）の登録馬が発表され、昨年の2冠牝馬チェルヴィニア（牝4歳、美浦・木村哲也厩舎）や、日本ダービー4着サトノシャイニング（牡3歳、栗東・杉山晴紀）、昨年の勝ち馬シックスペンス（牡4歳、美浦・国枝栄厩舎）など13頭が登録した。

登録馬は以下の通り。

（左から登録馬名　負担重量）

エルゲルージ　57.0

エルトンバローズ　57.0

サトノシャイニング　55.0

ジェイパームス　57.0

シックスペンス　58.0

シリウスコルト　57.0

シルトホルン　57.0

チェルヴィニア　56.0

ディマイザキッド　57.0

ホウオウビスケッツ　57.0

ラファドゥラ　55.0

レーベンスティール　57.0

ロングラン　58.0",[],[]
オリックス・宗佑磨、六回に右肘付近に死球を受けるも治療後にプレー続行（サンケイスポーツ）,https://news.yahoo.co.jp/articles/5892a920d166791753c1a73c8bbccac3789b814f,https://newsatcl-pctr.c.yimg.jp/t/amd-img/20250928-00000108-sanspo-000-1-view.jpg?exp=10800,2025-09-28T16:53:37+09:00,2025-09-28T16:53:37+09:00,サンケイスポーツ,sanspo,サンケイスポーツ,243,"オリックス・宗佑磨
（パ・リーグ、オリックスー楽天、23回戦、28日、京セラ）オリックス・宗佑磨内野手（29）にヒヤリとする場面があった。

六回の打席で5番手左腕の林の直球が右肘付近に直撃。苦悶の表情を見せた後、ベンチ裏に下がって治療を受けた。その後、一塁走者としてグラウンドに復帰し、プレーを続行。七回は通常通り三塁の守備に就いた。

27日の同戦では森が五回に右かかと付近に死球を受けて交代。この日は出場選手登録を抹消されなかったが、練習に姿を見せず、ベンチメンバーからも外れた。",[],[]
【スプリンターズS】ナムラクレア3年連続3着　ルメール騎手「サトノレーヴは負かしたんですけどね…」（サンケイスポーツ）,https://news.yahoo.co.jp/articles/c4a9db6f2891803da935fad031520ccdc7336ec2,https://newsatcl-pctr.c.yimg.jp/t/amd-img/20250928-00000107-sanspo-000-3-view.jpg?exp=10800,2025-09-28T16:49:33+09:00,2025-09-28T17:30:50+09:00,サンケイスポーツ,sanspo,サンケイスポーツ,462,"スプリンターズSで3年連続3着のナムラクレア＝28日、中山競馬場（撮影・奈良武）
2番人気のナムラクレアは3年連続3着。中団後方で脚をため、いつものようにしまい勝負に徹する形に。上がり3ハロン最速32秒7をマークして外から猛然と追いこんできたが、先行2頭がそのまま残る決着で涙をのんだ。

◆ルメール騎手「いいスタートを切って、好きなポジションを取れました。サトノレーヴの後ろでちょうどいい感じでしたし、最後は外に出してからいつも通りの脚を使ってくれました。そのサトノレーヴは負かしたんですけどね…。前の馬がマイペースで行っていて、その2頭が直線で抜けてしまったので追いつけませんでした。でも、きょうは本当のナムラクレアでしたよ」

◆長谷川調教師「ペースが遅かったのもあるし、いいスタートを切れたのでもうひとつ前（の位置）を取れればなという感じはしましたけど…。レース前から流れが落ち着くのはある程度分かっていたなかで、前2頭は思うような競馬ができたんでしょうし、よく最後は3着に来てくれたと思いますけど…。悔しいですね」",[],[]
【スプリンターズS】ウインカーネリアンがV！　127度目の挑戦で悲願のJRA・GＩ初制覇の三浦皇成騎手「諦めたら終わりだなと…」（サンケイスポーツ）,https://news.yahoo.co.jp/articles/0029bc447649f19dc8aa5de2f8e3160d4a32cb72,https://newsatcl-pctr.c.yimg.jp/t/amd-img/20250928-00000106-sanspo-000-4-view.jpg?exp=10800,2025-09-28T16:39:25+09:00,2025-09-28T17:28:13+09:00,サンケイスポーツ,sanspo,サンケイスポーツ,1347,"スプリンターズステークスを制したウインカーネリアンと三浦皇成騎手＝28日、中山競馬場（撮影・奈良武）
9月28日の中山11Rで行われた第59回スプリンターズステークス（3歳以上オープン、GＩ、芝・外1200メートル、定量、16頭立て、1着賞金＝1億7000万円）は、三浦皇成騎手の11番人気ウインカーネリアン（牡8歳、美浦・鹿戸雄一厩舎）が2番手追走から直線で逃げた武豊騎手のジューンブレア（7番人気）と一騎打ちとなり、アタマ差競り落とし優勝。デビュー18年目の三浦皇成騎手は127度目の挑戦で悲願のJRA・GＩ初制覇となった。タイムは1分6秒9（良）。

2着からさらに1馬身半差遅れた3着にナムラクレア（2番人気）が入り、1番人気のサトノレーヴは4着に敗れた。

スプリンターズSを勝ったウインカーネリアンは、父スクリーンヒーロー、母コスモクリスタル、母の父マイネルラヴという血統。北海道新冠町・コスモヴューファームの生産馬で、馬主は（株）ウイン。通算成績は33戦9勝（うち海外3戦0勝）。重賞は2022年関屋記念（GⅢ）、23年東京新聞杯（GⅢ）に次いで3勝目。鹿戸雄一調教師、三浦皇成騎手ともにスプリンターズSは初勝利。

◆三浦皇成騎手（1着　ウインカーネリアン）「（今の気持ちは）あぁ、長かったなと。本当に長かったですね。（位置取りは）この馬とずっとコンビを組ませていただいて、この馬が一番走れるリズムは自分が一番知っていると自信を持っていたので、枠は関係なしに、きょうはとにかくこの馬の一番走れるリズムとだけ考えていました。（直線は）もう頼むと。カーネリアン頼むとそれだけでしたけど、本当、追いながらこの馬との長いコンビを組ませてもらったいろんなことが頭に思い浮かんできて、8歳という歳で、チャンスも本当少なくなってきたので、何とか意地でもここは勝たせてあげたいと、それだけで追っていました。鹿戸厩舎で長くお世話になり、厩舎スタッフからも応援していただき、そのなかで大きいところ、GⅠには手が届いていなかったので、中央での初GⅠが鹿戸先生のところというのは一番良かったなという気持ちです。（JRA・GⅠ騎乗が127回目）自分でも本当に勝てないんじゃないかと思った時期もありましたけど、逆に120何回も勝てない自分を応援してくださるオーナー、そしてこんなにたくさんのファンがいて、諦めずに僕を応援してくれていたので、僕は何とかその気持ちに応えなきゃという気持ちで焦っていた時期もありましたけども、こうやってかなうことができて、本当に良かったと思います。デビューしてから18年間、自分でもこんなに長く乗っていたんだと、皆さんに感謝する一方、やっぱり18年間GⅠというところに手が届かなかったので、ただ、本当に諦めたら終わりだなと、諦めずに頑張っていれば、こうして周りの方が見ていてくれて、その中でこれだけの声援に応えることができたというのは、本当に騎手をやっていて一番幸せな時間ですね。本当これからも、人馬無事にいいパフォーマンス、そしてファンの方がもっともっと競馬を好きになっていただけるように、僕も騎手として頑張っていければなと思っています。本当にきょうはありがとうございました」",[],[]
三浦涼介「一体感、感動、ドキドキ感、ワクワク感を届けたい」　主演リーディングミュージカル開幕前に（サンケイスポーツ）,https://news.yahoo.co.jp/articles/3d5236f64c87977ffcdf0e6c64c840b826e8add4,https://newsatcl-pctr.c.yimg.jp/t/amd-img/20250928-00000104-sanspo-000-1-view.jpg?exp=10800,2025-09-28T16:26:17+09:00,2025-09-28T16:26:17+09:00,サンケイスポーツ,sanspo,サンケイスポーツ,493,"リーディングミュージカル「BEASTARS episode1」の取材会を行った左から村田充、三浦涼介、美弥るりか、崎山つばさ＝東京・足立区
俳優で歌手、三浦涼介（38）が28日、東京・足立区のシアター1010で行われた主演リーディングミュージカル「BEASTARS episode1」（10月2日まで、大阪・COOL JAPANPARK OSAKAで同11～13日）の取材会に出席した。

漫画家、板垣巴留の同名漫画が原作。人間社会とも重なる肉食獣と草食獣との友情、愛情などを描く。2024年9月の初演から1年ぶりの再演を前に取材に対応。

歌い手と読み手で主人公のハイイロオオカミの少年、レゴシ役に「パフォーマーの皆さんと合わせたときの一体感、感動、ドキドキ感、ワクワク感をお客さまにきちんと心からお届けできるように精一杯、精進していく」と気合十分。

同じく歌い手と読み手で学園のカリスマ的存在のアカシカ、ルイ役の崎山つばさ（35）は「欲望をむき出しにして頑張りたい」と意気込んだ。

また、パフォーマーの村田充（48）は「音に寄り添って感謝とともに舞台に立ちたい」と熱演を誓った。",[],[]
【スプリンターズS】ウインカーネリアンが武豊騎手のジューンブレアを競り落とす！三浦皇成騎手は127度目の挑戦で悲願のJRA・GＩ初制覇（サンケイスポーツ）,https://news.yahoo.co.jp/articles/cae55c984201fac8c489efdaabc4df217389fc37,https://newsatcl-pctr.c.yimg.jp/t/amd-img/20250928-00000103-sanspo-000-4-view.jpg?exp=10800,2025-09-28T16:02:17+09:00,2025-09-28T17:46:56+09:00,サンケイスポーツ,sanspo,サンケイスポーツ,514,"スプリンターズステークスを制したウインカーネリアンと三浦皇成騎手＝28日、中山競馬場（撮影・奈良武）
9月28日の中山11Rで行われた第59回スプリンターズステークス（3歳以上オープン、GＩ、芝・外1200メートル、定量、16頭立て、1着賞金＝1億7000万円）は、三浦皇成騎手の11番人気ウインカーネリアン（牡8歳、美浦・鹿戸雄一厩舎）が2番手追走から直線で逃げた武豊騎手のジューンブレア（7番人気）と一騎打ちとなり、アタマ差競り落とし優勝。デビュー18年目の三浦皇成騎手は127度目の挑戦で悲願のJRA・GＩ初制覇となった。タイムは1分6秒9（良）。

2着からさらに1馬身半差遅れた3着にナムラクレア（2番人気）が入り、1番人気のサトノレーヴは4着に敗れた。

スプリンターズSを勝ったウインカーネリアンは、父スクリーンヒーロー、母コスモクリスタル、母の父マイネルラヴという血統。北海道新冠町・コスモヴューファームの生産馬で、馬主は（株）ウイン。通算成績は33戦9勝（うち海外3戦0勝）。重賞は2022年関屋記念（GⅢ）、23年東京新聞杯（GⅢ）に次いで3勝目。鹿戸雄一調教師、三浦皇成騎手ともにスプリンターズSは初勝利。",[],[]
【ポートアイランドS】ヤマニンサンパが豪快に追い込み3年半ぶりのV（サンケイスポーツ）,https://news.yahoo.co.jp/articles/e5963182154b5add93ddd53bf1aa143465896bb7,https://newsatcl-pctr.c.yimg.jp/t/amd-img/20250928-00000102-sanspo-000-3-view.jpg?exp=10800,2025-09-28T15:50:16+09:00,2025-09-28T16:42:27+09:00,サンケイスポーツ,sanspo,サンケイスポーツ,633,"ポートアイランドSで待望の初オープン勝ちを果たしたヤマニンサンパ
9月28日の阪神11Rで行われたポートアイランドステークス（3歳以上オープン、リステッド、芝・外1600メートル、別定、12頭立て）は、亀田温心騎手の7番人気ヤマニンサンパ（牡7歳、栗東・斉藤崇史厩舎）が道中は後方で脚をためると、直線で大外に持ち出して豪快に追い込みV。2022年3月（飛鳥ステークス）で3勝クラスを卒業して以来3年半ぶりの勝利を果たした。タイムは1分33秒0（良）。

3／4馬身差の2着は中団からしぶとく伸びたシャドウフューリー（3番人気）。さらに1馬身差の3着には先行したミッキーゴージャス（6番人気）が入り、1番人気のブルーミンデザインは中団から追い上げ及ばず4着に敗れた。

ヤマニンサンパは、父ディープインパクト、母ヤマニンパピオネ、母の父スウェプトオーヴァーボードという血統。半弟に今年の東海ステークスなどダート重賞2勝のヤマニンウルス、今年の北九州記念を制したヤマニンアルリフラがいる。通算成績は26戦4勝（うち海外1戦0勝）となった。

◆亀田温心騎手（1着　ヤマニンサンパ）「返し馬から手応えがよくて、具合はよさそうでした。大成（団野騎手）から、動かして踏んでいくイメージがいいと聞いていたので、そのアドバイス通りに乗ったら勝てました。前に乗ったときは、フワッとしていて乗りやすいだけって感じでしたが、今回は最後も脚を使えて、思っていた以上の走りをしてくれました」",[],[]
菅楓華、初Vに「今日は自分を信じて戦うことができた」／国内女子ゴルフ（サンケイスポーツ）,https://news.yahoo.co.jp/articles/a782f10cabdcebe1b92092b5fa350acd533a4ddf,https://newsatcl-pctr.c.yimg.jp/t/amd-img/20250928-00000100-sanspo-000-2-view.jpg?exp=10800,2025-09-28T15:08:13+09:00,2025-09-28T15:29:18+09:00,サンケイスポーツ,sanspo,サンケイスポーツ,463,"ツアー初優勝を飾った菅楓華　＝利府GC　（撮影・高橋朋彦）
ミヤギテレビ杯ダンロップ女子オープン最終目（28日、宮城・利府GC＝6590ヤード、パー72）プロ2年目の菅楓華（20）＝ニトリ＝が通算9アンダーでツアー初優勝を飾った。

菅は優勝インタビューで「すっごくうれしいです。開幕戦から優勝争いの経験をたくさんして、勝ちたい気持ちが強かった。なかなか優勝できず悔しかったけど、今日は自分を信じて戦うことができた。今週はショットが安定していて、パッティングが決まればスコアを作れると思った。パッティングが決まってくれた」と喜んだ。

前週優勝の神谷そら（22）＝郵船ロジスティクス、穴井詩（37）＝GOLF5＝が通算7アンダーで2打差の2位。桑木志帆（22）＝大和ハウス工業＝が通算6アンダーで4位。

首位から出た後藤未有（24）＝大東建託＝と吉本ここね（25）＝不二サッシ＝は71で通算5アンダーの5位、工藤遥加（32）＝加賀電子＝は72で通算4アンダーの8位、三ヶ島かな（29）＝ランテック＝は75で22位に終わった。",[],[]
阪神2軍の主催試合入場者数が最終戦で20万人突破！（サンケイスポーツ）,https://news.yahoo.co.jp/articles/ed73cb408039e29540d039f5ea5e6221753c2021,https://newsatcl-pctr.c.yimg.jp/t/amd-img/20250928-00000098-sanspo-000-1-view.jpg?exp=10800,2025-09-28T15:02:17+09:00,2025-09-28T15:02:17+09:00,サンケイスポーツ,sanspo,サンケイスポーツ,205,"SGL
（ウエスタン・リーグ、阪神―オリックス、28日、SGL）阪神は2025年ウエスタン・リーグ公式戦の主催試合の入場者数が、今季最終戦となる9月28日のオリックス戦で20万人に達したことを発表した。新球場の日鉄鋼板SGLスタジアム尼崎に移転して初めてのシーズン。SGLで60試合、安芸、姫路などの地方球場計6試合を合わせて、66試合目での到達となった。最多観衆は8月3日のオリックス戦での4357人だった。",[],[]
オリックス・椋木蓮、救援でV字復活　中継ぎ起用を首脳陣に直訴「胸を張っていける道は中継ぎしかない」（サンケイスポーツ）,https://news.yahoo.co.jp/articles/6a96cf6b3edeebc7e4e19f09376de06714a3b441,https://newsatcl-pctr.c.yimg.jp/t/amd-img/20250928-00000097-sanspo-000-1-view.jpg?exp=10800,2025-09-28T15:00:00+09:00,2025-09-28T15:00:00+09:00,サンケイスポーツ,sanspo,サンケイスポーツ,796,"22日のソフトバンク戦で投球するオリックス・椋木蓮＝みずほペイペイドーム
【球界ここだけの話】水を得た魚のように、輝きを完全に取り戻した。うなるような直球で強打者をねじ伏せる姿からは覚悟がにじむ。4年目右腕のオリックス・椋木蓮投手（25）がシーズン終盤で救援として大活躍。27日時点で3試合連続無失点中と好投を続けられている要因を「一番は気持ちの変化」と明かした。

今季は投手の故障者が続出した影響もあり、春先は先発や救援でチャンスを与えられたが、結果を残せず5月以降は2軍生活が続いた。8月26日のロッテ戦（京セラ）ではブルペンデーの2番手として登板したが、1回⅔を3失点（自責2）。翌日のほっと神戸での試合前練習で岸田監督と1時間以上も話し込み、かねて抱えていた自分の意思を打ち明けた。「この先は中継ぎでやらせてください」と直訴し、腹をくくった。

東北福祉大時代は救援投手だったことも理由の一つにあり「自分には中継ぎが合っているんじゃないかなとずっと思っていた。自分が胸を張っていける道は中継ぎしかないと思った」と心中を語った。

8月末に登録抹消されて以降は2軍で5試合に登板し、5回を投げて無失点と好投。今月15日に救援要員として再昇格してからは見違える姿に生まれ変わった。22日のソフトバンク戦（みずほペイペイ）では八回に登板して4番・近藤に直球で空振り三振を奪うなど好救援で勝利に貢献。技術面の変化があったわけでないが「出力重視で、全球全力」という一球入魂のスタイルで食らいついている。

「これほどチャンスをもらっている選手は他にいない。結果を出して少しでもチームの勝ちに貢献したい。もう頑張るしかない」

2022年にドラフト1位で入団も、同年の9月に右肘のトミー・ジョン手術（靱帯再建術）を受けた苦労人。救援で生きると覚悟を決めた男の逆襲劇は序章に過ぎない。（織原祥平）",[],[]
【サフラン賞】アルバンヌが鋭い決め手を発揮し連勝　ルメール騎手「3戦目で自分の仕事を分かっていたみたい」（サンケイスポーツ）,https://news.yahoo.co.jp/articles/43517c857039c632def7788db94e64c79a88bbc2,https://newsatcl-pctr.c.yimg.jp/t/amd-img/20250928-00000096-sanspo-000-3-view.jpg?exp=10800,2025-09-28T14:41:41+09:00,2025-09-28T15:17:48+09:00,サンケイスポーツ,sanspo,サンケイスポーツ,486,"サフラン賞を制したアルバンヌ＝28日、中山競馬場（撮影・奈良武）
9月28日の中山9Rで行われたサフラン賞（2歳1勝クラス、牝馬限定、芝・外1600メートル、8頭立て）は、クリストフ・ルメール騎手の2番人気アルバンヌ（美浦・田中博康厩舎）が中団追走から直線で鋭い決め手を発揮し、未勝利戦から連勝を飾った。タイムは1分33秒8（良）。

1馬身1／4差の2着にはベレーバスク（3番人気）、さらに3／4馬身差遅れた3着にドリームコア（1番人気）が入った。

サフラン賞を勝ったアルバンヌは、父アドマイヤマーズ、母プティフォリー、母の父Australiaという血統。通算成績は3戦2勝。

◆C・ルメール騎手（1着　アルバンヌ）「テンションはちょっと高いですが、3戦目で自分の仕事を分かっていたみたい。スタートからリラックスして走ることができていました。長くいい脚を使える馬。まだちょっと頭は高いけど、しっかり加速してくれました。（父が）アドマイヤマーズですから、これくらい（の距離）でちょうどいい」

※阪神JF（12月14日、阪神、GⅠ、芝1600メートル）を視野に入れる。",[],[]
阪神、連打で好機演出もクリーンアップが倒れ無得点（サンケイスポーツ）,https://news.yahoo.co.jp/articles/29bfe22e6c3e2ddf7626e91862c80f8b47e0212d,https://newsatcl-pctr.c.yimg.jp/t/amd-img/20250928-00000095-sanspo-000-2-view.jpg?exp=10800,2025-09-28T14:41:20+09:00,2025-09-28T14:54:52+09:00,サンケイスポーツ,sanspo,サンケイスポーツ,223,"一回無死一、二塁で右飛に倒れた阪神・森下翔太＝甲子園球場（撮影・林俊志）
（セ・リーグ、阪神―中日、25回戦、28日、甲子園）阪神が同点のチャンスを演出するも、クリーンアップが倒れて無得点に終わった。

1点を追う一回に中日の先発・金丸から好機を演出した。先頭の近本光司外野手（30）が左翼線へポトリと落ちる安打で出塁すると、続く中野拓夢内野手（29）が中前打で続いて一打同点のチャンス。しかし森下、佐藤輝は打ち取られ、大山は空振り三振に倒れた。",[],[]
宮崎北斗騎手が中山7Rでラスト騎乗　「いろいろあったけどいい騎手人生だったなと思います」（サンケイスポーツ）,https://news.yahoo.co.jp/articles/ad2ce8f9f1e22a3cbbde17207dfcd429b667b561,https://newsatcl-pctr.c.yimg.jp/t/amd-img/20250928-00000094-sanspo-000-1-view.jpg?exp=10800,2025-09-28T14:41:19+09:00,2025-09-28T14:41:19+09:00,サンケイスポーツ,sanspo,サンケイスポーツ,447,"現役最後の騎乗を終え胴上げされる宮崎北斗騎手＝28日、中山競馬場（撮影・奈良武）
29日付で騎手を引退する宮崎北斗騎手（36）＝美・フリー＝が28日、中山7R・グルナルーフスでラスト騎乗を終えた。

16着に敗れたが、レース後は検量室前に多くのジョッキーが集まり、武豊騎手、丸田騎手、家族から花束を贈られた。最後は騎手仲間から胴上げされ、騎手人生に幕を閉じた。

「ここまで18年間いろいろな人に支えられてやってこられて、感謝の気持ちでいっぱいです。最後もこう温かく送ってもらえて、いろいろあったけどいい騎手人生だったなと思います。家族に最後こうやって乗っている姿を見せることができてよかったと思います」と宮崎騎手。今後はリハビリテーションの教育事業に専念する予定で「この業界で旗を上げられなかったのは悔しいし未練しかないですけど、そこにうじうじしがみついててもしようがないので。一旦自分で事業もやって頑張っているので、悔しさや未練をそっちに向けられればなと思います」。新天地での抱負を語った。",[],[]
グラスノーもWCSで救援待機か…3回36球で降板　ロバーツ監督は救援陣の復調気配にご満悦「素晴らしいパフォーマンス」（サンケイスポーツ）,https://news.yahoo.co.jp/articles/69e1e6d9664fca4417b04a208c40930d78d3a8e6,https://newsatcl-pctr.c.yimg.jp/t/amd-img/20250928-00000092-sanspo-000-2-view.jpg?exp=10800,2025-09-28T14:14:03+09:00,2025-09-28T14:43:06+09:00,サンケイスポーツ,sanspo,サンケイスポーツ,493,"ドジャース・ロバーツ監督
マリナーズ3―5ドジャース（27日、シアトル）米大リーグ、ドジャースの大谷翔平投手（31）はスタメンを外れ、試合を欠場。チームは競り勝って4連勝とし、シリーズ勝ち越しを決めた。七回途中からトライネン、ベシア、エンリケスが9者連続三振で試合を締めるなど、救援陣が復調気配を見せた。
【写真】デコピンを抱きかかえる大谷夫人の真美子さん
ロバーツ監督は試合後の取材対応で「本当に素晴らしかった。ポストシーズンが近づいてきているのを選手たちも感じているし、集中力や緊張感も高まっている。きょうの試合はまるでポストシーズンのような雰囲気でプレーしていた。投手陣も素晴らしいパフォーマンスを見せてくれた」とご満悦だった。

また、この日3回36球で降板したグラスノーには「彼ともしっかり話をして、必要ならブルペンでも投げる準備ができている。タイラー（グラスノー）やエメット（シーハン）を短く投げさせたのは、ベストな13人の投手をロースターに入れるため。ロースターに入る可能性は高いと思う」とグラスノーもワイルドカードシリーズ（WCS）のロースターに入れる可能性を言及した。",[],[]
20歳・菅楓華、涙の初優勝　2打差を逆転し大混戦を制す／国内女子ゴルフ（サンケイスポーツ）,https://news.yahoo.co.jp/articles/baa5b339a028335cea2bed4c4dce945096c861e3,https://newsatcl-pctr.c.yimg.jp/t/amd-img/20250928-00000091-sanspo-000-2-view.jpg?exp=10800,2025-09-28T14:05:21+09:00,2025-09-28T14:38:45+09:00,サンケイスポーツ,sanspo,サンケイスポーツ,303,"菅楓華
ミヤギテレビ杯ダンロップ女子オープン最終目（28日、宮城・利府GC＝6590ヤード、パー72）プロ2年目の菅楓華（20）＝ニトリ＝が通算9アンダーでツアー初優勝を飾った。
【写真】ピースをする菅楓華
首位と2打差の10位から出て8バーディー、1ボギーの65。1番から3連続バーディーを奪い勢いに乗ると、17、18番も連続バーディー締め。2打差をつけ、残り3組の結果をパター練習しながら待っていた菅は、優勝決定を知らされると涙を流し両手で顔を覆った。

菅は今季開幕から2戦連続2位。ベスト10以内11回、年間ランキング8位の好成績も、優勝に手が届かなかったが、今季26試合目でついに初優勝を決めた。",[],[]
荒木飛羽、20歳記念写真集は「弟と撮った写真が一番いい笑顔」（サンケイスポーツ）,https://news.yahoo.co.jp/articles/3bc2c14db42f51dacdc4fac9fde9828690f87209,https://newsatcl-pctr.c.yimg.jp/t/amd-img/20250928-00000090-sanspo-000-1-view.jpg?exp=10800,2025-09-28T13:48:57+09:00,2025-09-28T13:48:57+09:00,サンケイスポーツ,sanspo,サンケイスポーツ,375,"荒木飛羽の写真集「20」の書影
俳優、荒木飛羽（とわ、20）が28日、東京都内で行われた写真集「20」（ワニブックス、税込み3850円、29日発売）の記念イベントに出席した。

2018年のNHK連続テレビ小説「半分、青い。」や20年公開の映画「るろうに剣心　最終章　The Final／The Beginning」（大友啓史監督）などの話題作に出演。今年は6月公開の「劇場版スメルズライクグリーンスピリット」（澤田育子監督）に主演するなど注目を集めている。

写真集は山梨・河口湖などで撮影され、自身の提案で10歳下の弟も登場。クールな表情に加えて「弟と一緒に撮った写真が一番いい笑顔」とアピールした。20歳を目前にしたインタビューも掲載されているが、この日が20歳の誕生日。「20歳になったので、母親とお酒を飲んでみたいです」と楽しみにしていた。",[],[]
【2歳新馬・中山5R】良血エピックフライトが人気に応えて快勝（サンケイスポーツ）,https://news.yahoo.co.jp/articles/9bfc148621ef1b329c81808b3ce7b5a7acb29018,https://newsatcl-pctr.c.yimg.jp/t/amd-img/20250928-00000089-sanspo-000-2-view.jpg?exp=10800,2025-09-28T12:51:23+09:00,2025-09-28T13:30:43+09:00,サンケイスポーツ,sanspo,サンケイスポーツ,384,"デビュー戦を勝利で飾ったエピックフライト
9月28日の中山5R（2歳新馬、芝2000メートル、17頭立て）は、ジョアン・モレイラ騎手とのコンビで挑んだエピックフライト（牡、美浦・黒岩陽一厩舎）が好位から力強く抜け出して勝利。1番人気の支持に応えデビュー勝ちを果たした。タイムは2分1秒2（良）。

中団からしぶとく追い上げたキャルナイト（3番人気）が1／2馬身差の2着、さらに1馬身1／4差の3着にはパーシヴァル（6番人気）が入った。

エピックフライトは、父エピファネイア、母ユナカイト、母の父ヨハネスブルグという血統。祖母がエリザベス女王杯を勝ったフサイチパンドラで、伯母にはGⅠ9勝のアーモンドアイがいる。

◆J・モレイラ騎手（1着　エピックフライト）「スタートを決めてスムーズな競馬でした。体がしっかりしている馬です。2000メートルも全然問題なかったです」",[],[]
【2歳新馬・阪神5R】プレダトゥールが接戦を制してデビュー勝ち（サンケイスポーツ）,https://news.yahoo.co.jp/articles/f81075b64a597462210caf05a9116e4e62aad124,https://newsatcl-pctr.c.yimg.jp/t/amd-img/20250928-00000088-sanspo-000-1-view.jpg?exp=10800,2025-09-28T12:38:42+09:00,2025-09-28T12:38:42+09:00,サンケイスポーツ,sanspo,サンケイスポーツ,280,"阪神5R　3頭の接戦を制したプレダトゥール＝28日、阪神競馬場（撮影・根本成）
9月28日の阪神5R（2歳新馬、芝1400メートル、18頭立て）は、亀田温心騎手の1番人気プレダトゥール（牡、栗東・北出成人厩舎）が道中は好位追走で脚をためると、大外からしぶとく伸び3頭による接戦を制して勝利。初陣Vを果たした。タイムは1分24秒3（良）。

先に抜け出して粘ったダノンベルビュー（2番人気）が1／2馬身差の2着、さらにハナ差の3着にはペプチドブッドレア（5番人気）が入った。

プレダトゥールは、父ディーマジェスティ、母ブリリン、母の父タイキシャトルという血統。",[],[]
今春選抜王者・横浜、貫禄の七回コールド勝ち　エース・織田翔希が6回1失点と好投／秋季神奈川大会（サンケイスポーツ）,https://news.yahoo.co.jp/articles/a26a22fc37d7c39ae8df61be3f67ca9ea53b9fa7,https://newsatcl-pctr.c.yimg.jp/t/amd-img/20250928-00000087-sanspo-000-1-view.jpg?exp=10800,2025-09-28T12:36:49+09:00,2025-09-28T12:36:49+09:00,サンケイスポーツ,sanspo,サンケイスポーツ,623,"秋季神奈川県大会準々決勝で先発した横浜・織田翔希（撮影・児嶋基）
高校野球・秋季神奈川県大会準々決勝（28日、横浜8×-1平塚学園＝七回コールド、サーティーフォー保土ケ谷） 来春選抜大会の出場校を決める参考となる大会。今春選抜王者の横浜は平塚学園に8-1で七回コールド勝ち。横浜は今秋からエースナンバーを背負う最速152キロ右腕・織田翔希投手（2年）が6回4安打1失点、8奪三振と好投した。

 エースの意地を見せた。今秋から伝統の背番号1を背負う横浜の最速152キロ右腕・織田は、切れのある直球に球速帯の違う2種類のカーブを織り交ぜるなど緩急をつけた投球で打線を翻弄。失点は四回に2連打を浴びて失った1点のみ。6回で79球を投げ、8つの三振を奪った。

 来春選抜大会出場へ向けては負けることのできない一戦で好投した2年生だが、「さすがエースだなという内容の投球はまだまだできてない」と自己評価は厳しめ。「今日出た課題をつぶして、過去一の状態で次の試合に向かうことができれば」と気を引き締めた。

 今秋からエースナンバーを背負う。前主将の阿部葉や奥村頼など頼れる3年生がチームから抜け、織田が最上級生として引っ張る立場となった。「（エースナンバーは）責任と自覚がついてくる背番号だと思う。自分も横浜高校のエースだといわれるように野球人として成長していきたい」。高校野球界をリードする「ＹＯＫＯＨＡＭＡ」のエースとして一歩ずつ階段を上っていく。",[],[]
阪神・大竹耕太郎とハートウィグが抹消　石黒佑弥を登録「収穫できたものを見せられれば」（サンケイスポーツ）,https://news.yahoo.co.jp/articles/f0b1a814af67e19cd16273a7fb817b9c2865408a,https://newsatcl-pctr.c.yimg.jp/t/amd-img/20250928-00000086-sanspo-000-1-view.jpg?exp=10800,2025-09-28T12:21:27+09:00,2025-09-28T12:21:27+09:00,サンケイスポーツ,sanspo,サンケイスポーツ,425,"阪神・石黒佑弥
（セ・リーグ、阪神―中日、25回戦、28日、甲子園）阪神が石黒佑弥投手（24）を出場選手に登録した。石黒は6日の降格以来、今季5度目の昇格となった。この期間ファームでは3試合に登板し、23日には先発で5回1失点と好投。「しっかり自分をアピールして、やれることをやるだけ。（先発で）長いイニングを投げられたおかげで得たものも課題も見えたので、収穫できたものを見せられれば」と意気込んだ。

代わって大竹耕太郎投手（30）とグラント・ハートウィグ投手（27）が抹消された。3年連続の2桁勝利を目指して27日の中日戦（甲子園）で先発した大竹は、打球を足に受けるなどのアクシデントもあって8回5失点で4敗目を喫していた。登板機会がなくなるための抹消とみられるが、この日の試合前練習ではグラウンドに姿を見せず、患部の状態が心配される。ハートウィグも同戦の九回に救援登板するも、コンディション不良のアクシデントによりわずか2球で降板となっていた。",[],[]
27日に死球のオリックス・森友哉、試合前練習でグラウンドに姿を見せず　横山楓はコンディショニング不良で登録抹消（サンケイスポーツ）,https://news.yahoo.co.jp/articles/6d7153fa22ad9012f73d27ee9f517c0e788c6828,https://newsatcl-pctr.c.yimg.jp/t/amd-img/20250928-00000085-sanspo-000-1-view.jpg?exp=10800,2025-09-28T12:14:08+09:00,2025-09-28T12:14:08+09:00,サンケイスポーツ,sanspo,サンケイスポーツ,290,"オリックス・森友哉
（パ・リーグ、オリックス－楽天、23回戦、28日、京セラ）オリックス・森友哉捕手（30）は試合前練習でグラウンドに姿を見せず、室内で体を動かしたとみられる。

　27日の同戦（京セラ）の五回の打席で右かかと付近に死球を受けて交代していた。試合後に岸田監督は「打撲なんですけどね。様子をみないとちょっとわからない」と話していた。

　横山楓投手（27）がコンディショニング不良で登録を抹消された。昨オフに戦力外通告を受け、今季は育成契約で迎えたが、7月に支配下に復帰。8月に1軍昇格して以降は14試合で2勝0敗、4ホールド、防御率1・10とブルペンを支えていた。",[],[]
【細江純子の直前！GⅠパドック講座　スプリンターズS】サトノレーヴ理想は530キロ前後　ルガルは周回のリズムに注目（サンケイスポーツ）,https://news.yahoo.co.jp/articles/7bcf0a819ca508ed29a470f1a861e7ebc3b71ad5,https://newsatcl-pctr.c.yimg.jp/t/amd-img/20250928-00000080-sanspo-000-3-view.jpg?exp=10800,2025-09-28T11:00:00+09:00,2025-09-28T14:23:44+09:00,サンケイスポーツ,sanspo,サンケイスポーツ,2245,"メンタルの成長が著しいサトノレーヴ。当日最大のチェックポイントは“馬体重”だ（撮影・菅原和彦）
秋のJRA・GⅠシリーズ開幕に合わせ、ホースコラボレーター・細江純子さんが新連載『直前！GⅠパドック講座』をスタート！　有力馬のレース当日のパドックでの注目点、チェックポイントをわかりやすく解説します。初回のターゲットはスプリンターズS（28日、中山、芝1200メートル）。ぜひ馬券検討にお役立てください！

⑦サトノレーヴ　当日馬体重チェックは必須

昨年のスプリンターズSは1番人気に支持されるも7着。当時の敗因について、「キーンランドC（1着）を使っての一戦ということで、輸送なども考え、体重を減らさないようにしていました。でも結果的に、少し大きめにつくりすぎた（552キロ）のもあったと思う」と担当の斉藤助手。次走の香港スプリント（3着）では少しカイバ食いが落ちたこともあったようですが、それとは別に意識的に絞ってマイナス15キロの537キロ。今年の高松宮記念（1着、530キロ）や香港・チェアマンズスプリントプライズ（2着、531キロ）を見ても、理想は530キロ前後に思えます。

しかも昨年は隣枠の馬がゲート内で後ろ扉を蹴っており、それに意識を取られてスタートで遅れたもよう。こればかりは他馬との関係もあり、非常に難しいところではありますが、サトノレーヴ自身、海外を経験したことで、「物事に動じない強さが備わってきた」と斉藤助手は感じており、この1年でメンタル面の成長もうかがえます。

モレイラ騎手を背に、昨年のリベンジの可能性は濃厚と思えますので、ぜひとも当日のパドックでは「馬体重チェック」をお忘れなく。

⑮ルガル　気分良さそうに同じリズムで周回

昨年は半年の休み明けでの勝利に驚きでした。骨折明けだったことを考えても、明らかに今年の方が調整がしやすいはずですし、何よりも追い切りの動きが昨年以上。状態はいいとみます。

パドックでのポイントは、「気分良さそうに同じリズムで周回しているかどうか？」「520～530キロ台を感じさせない軽やかな歩きができているかどうか？」。あとは、この馬の持ち味が生きるのはスピードの持続性を問われる展開ゆえ、好スタートが切れるかどうか？　そこが鍵な気がします。

⑥ナムラクレア　一人引きで落ち着いてテンポよく
フォトパドックを見ると、まるで別馬のような変貌ぶり。今までよりもひと回り体を大きく見せ、肩回りとトモの筋肉量が増しています。陣営が今までの1・5倍の調整を課したとコメントしていますが、その歩みが体に表れているように感じますし、年齢的にもGⅠ制覇のラストチャンスとみて調整してきた印象です。
となると当日大事なのはメンタル面。これまで同様、「一人引きで落ち着いてテンポ良く周回ができているかどうか？」「心身のバランスが取れているか？」。スタートにつながるという点も含め、そこがポイントになると思います。
⑪トウシンマカオ　馬体重増えていれば理想的
前走の産経賞セントウルSでは中間から体を細く見せており、レースでも14キロ減でした。今回は追い切りの動きに迫力が戻っており、状態はアップしていると感じます。あとは当日のパドックで馬体重に注目。増えていれば理想的だと思います。
また何よりもこの馬の良さはスタートセンス。今回はゲートに不安のある馬も多い中、この点は武器になると思いますし、昨年は内めの枠でしたが、本質的には真ん中～外めの方がストライド的にもいいように思え、⑪番枠も好条件です。
■現時点での本命はルガル　ピューロ、ペアも相手候補に
さぁ本命ですが、現時点では⑮ルガルと考え、相手は上記3頭と穴候補が2頭。まずは折り合い次第ではありますが、近走のレースぶりから前半部分の我慢が利けば①ピューロマジック。もう1頭は、絶対的な逃げ馬不在という点から⑧ペアポルックスです。
★状態うんぬん覆した2020年スプリンターズS・グランアレグリア
「具合がいいから勝てるというわけでもなければ、逆に本調子ではないと思える状態でも能力の高さで全てをカバーし、勝利を手にすることがある」。それを感じさせたのが、2020年スプリンターズSのグランアレグリアでした。
レースへ向けての帰厩後、全体的に緩さがあり、正直、陣営は厳しいと思って送り出していたのです。パドックでの気配もしかり、休み明けでの距離短縮もあって案の定、スタートしての前半部分は後方2番手から。ファンも、担当の渡部助手も厳しいと思うなか、直線で次元の違う脚を見せ、大外から14頭をごぼう抜きして勝利をつかみ取りました。
そう、まさに状態うんぬんではなく、ポテンシャルの違い。それを見せつけられるとともに、前半部分で焦ることなく、馬のリズムを大切にしたルメール騎手も見事。スプリント戦でのその騎乗ぶりが次走のマイルCS制覇へとつながったようにも感じ、人馬ともに一流だからこその勝利に映りました。
■細江　純子（ほそえ・じゅんこ）　1975（昭和50）年3月12日生まれ。愛知県出身。武豊騎手に憧れ、96年にJRA初の女性騎手としてデビュー。2000年に日本人女性騎手として初の海外勝利（シンガポール）。01年の引退後はホースコラボレーターとしてさまざまなメディアで活躍し、フジテレビ『みんなのKEIBA』、関西テレビ『競馬BEAT』に出演中。Xのフォロワー数は現在22万超。",[],[]
虎のソナタ　冷めない〝タイガース特需〟　きたるべき日本一グッズ軍資金は…サンスポお供に秋GⅠで一発（サンケイスポーツ）,https://news.yahoo.co.jp/articles/329b6ba7871b4fd3421fbc21c19589d44500a0c2,https://newsatcl-pctr.c.yimg.jp/t/amd-img/20250928-00000082-sanspo-000-1-view.jpg?exp=10800,2025-09-28T11:00:00+09:00,2025-09-28T11:00:00+09:00,サンケイスポーツ,sanspo,サンケイスポーツ,1280,"リーグVから20日。レギュラーシーズンは甲子園での残り2試合だ
われらがタイガースが2リーグ制では史上最速となる9月7日にリーグ優勝を飾ってから、もう20日がたった。それでも27日朝、大阪の阪神百貨店梅田本店には午前10時の開店前から行列ができていた。

その数、約100人。開店すると、その多くが8階のリーグ優勝記念グッズの特設会場へ。連日の盛況で、58種類のラインアップのうち34種類が在庫なしながら、商品を手に取るファンの目はキラキラしている。

大阪梅田駅では、改札の前で駅員が声を張り上げていた。26日から阪神電車オリジナルの優勝記念グッズ、ヘッドマーク型マグネットクリップが発売されたそうだ。

「優勝が早く決まったので、この時期になってしまいました！！」

ホンマかいな…。そんなうたい文句に引き寄せられ、売り場には列ができていく。

甲子園のグッズショップも午前中から大にぎわいだ。あれも、これも、と手を取る子供の横でお父さんが苦い顔…。お察しします…。でも、同じように〝タイガース特需〟で困っている虎党は多いはずだ。そんな方々にオススメしたいビッグイベントがある。

28日に中山競馬場で行われるJRAGⅠ・スプリンターズステークスだ。秋のGⅠシリーズの開幕戦で一発当てれば、子供たちの願いをかなえられ、大人買いも可能になる。そして、きたるべき日本一記念グッズの軍資金にも…。

サンスポとしても援護できるように、この秋は新たなコンテンツを用意している。まずは、ホースコラボレーターとして活躍する細江純子さんの新企画「直前！　GⅠパドック講座」。レース当日の有力馬のチェックポイントなどを解説する。さらにGⅠデーの馬券プレゼントは、これまでの2倍となる10記者がプレゼンターとなり、5000円の単勝馬券を贈る。

「秋は競馬シーズンですからね」

気合が入っているのは、レース部中央競馬担当の山口大輝だ。

尻に火がついている。ここ数シーズン、同じく中央競馬担当の増本隆一朗と「YM砲」を結成してGⅠ企画を担当してきたが、今週はその座を同姓の山口遥暉に「Y」の座を奪われた。近大の後輩、佐藤輝が本塁打、打点の2冠へ突っ走る一方で、〝打席〟に立たせてもらえないのだ。

起死回生の一撃で存在感を示したい山口大の本命は、❷枠④番のママコチャだ。
「中山コースは芝の状態が良くて、内側が有利ですからね。内枠である程度の位置につけられて、しっかり脚を使えるタイプが狙い目です」
一昨年にこのレースを制していて、タイガースのように2年ぶりの栄冠が懸かる。
さらに好配を呼ぶ一頭には、❼枠⑬番のジューンブレアを挙げた。
「管理する武英智調教師がアメリカの競りで買ってきたので、すごく思い入れが強いんです。この舞台では3戦3勝で、雰囲気もいいですよ」
外枠に入ったけれど、武豊騎手のエスコートで巧みに立ち回れれば、一発があっていい。ちなみにタイガースが優勝した2005年は、❼枠⑬番のサイレントウィットネスがこのレースを制している。これはサインなのかも！？",[],[]
ヤクルト・塩見泰隆が1軍合流へ！　左前十字靱帯損傷で手術受けリハビリ段階も本拠地最終戦に合わせて（サンケイスポーツ）,https://news.yahoo.co.jp/articles/6cf7037dcf595915f40d616f0cae46406cca789e,https://newsatcl-pctr.c.yimg.jp/t/amd-img/20250928-00000077-sanspo-000-4-view.jpg?exp=10800,2025-09-28T10:53:26+09:00,2025-09-28T13:53:56+09:00,サンケイスポーツ,sanspo,サンケイスポーツ,241,"ヤクルト・塩見泰隆
ヤクルト・塩見泰隆外野手（32）が28日、1軍に合流する。昨年5月に左前十字靱帯（じんたい）と左半月板を損傷。手術を受け、今年3月に実戦復帰したが、同月22日の日本ハムとのオープン戦（エスコン）で再び左前十字靱帯を損傷し、4月9日に手術を受けリハビリを続けている。
【写真】塩見泰隆に抱きつくヤクルト・村上宗隆
この日は、2025年シーズンの本拠地最終戦（対巨人、神宮）。高津臣吾監督（56）の今季限りでの退任が発表され、神宮球場では最後の指揮を執ることとなる。",[],[]
阪神・石黒佑弥が1軍合流　前日27日に緊急降板したハートウィグが不在（サンケイスポーツ）,https://news.yahoo.co.jp/articles/f1e4251f4ce5b45641ccf0a95b48a2b8364af15a,https://newsatcl-pctr.c.yimg.jp/t/amd-img/20250928-00000075-sanspo-000-1-view.jpg?exp=10800,2025-09-28T10:37:58+09:00,2025-09-28T10:37:58+09:00,サンケイスポーツ,sanspo,サンケイスポーツ,201,"阪神・石黒佑弥
（セ・リーグ、阪神―中日、25回戦、28日、甲子園）阪神・石黒佑弥投手（24）が1軍に合流した。今季は8試合に救援登板して1ホールド、防御率4・50。6日に2軍に降格後はウエスタンで3試合に登板。23日の広島戦（SGL）ではプロ初先発で5回1失点の好投を見せていた。前日27日の試合で左脇腹痛のためわずか2球で降板したグラント・ハートウィグ投手（27）は、試合前練習に姿を見せなかった。",[],[]
ヤクルト、高津監督の今季限りでの退任を発表　21年に日本一＆22年リーグ連覇達成も今季は最下位に低迷（サンケイスポーツ）,https://news.yahoo.co.jp/articles/99ff0f59973ceaccbbe7e6bad935c894eb151cf9,https://newsatcl-pctr.c.yimg.jp/t/amd-img/20250928-00000071-sanspo-000-1-view.jpg?exp=10800,2025-09-28T10:22:47+09:00,2025-09-28T10:22:47+09:00,サンケイスポーツ,sanspo,サンケイスポーツ,454,"ヤクルト・高津臣吾監督
ヤクルトは28日、高津臣吾監督（56）が今季限りで退任すると発表した。就任6年目の今季は単年契約で臨んでいたが、3年連続のV逸とクライマックスシリーズ（CS）進出の可能性が完全に消滅。27日を終了した時点で、54勝77敗6分けのリーグ最下位と低迷していた。

高津監督は現役時代に日米通算313セーブを誇り、米大リーグだけでなく、韓国、台湾でもプレー。14年に1軍投手コーチとして古巣・ヤクルトに復帰し、15年には真中監督のもとでリーグ優勝に貢献。17年から3年間の2軍監督を経て、20年から1軍監督に就任すると、2022年はリーグ連覇を達成し、21年には日本一に導いていた。

だが、23、24年はともにリーグ5位と低迷。今季は開幕前に山田、村上、塩見らが故障離脱すると、その後も主力に故障者が相次いで厳しいチーム状況が続いた。さらに、チーム防御率3・57がリーグワーストとなっている投手陣の再建という課題は改善されなかった。

28日は本拠地・神宮球場での最終戦（対巨人）に臨む。",[],[]
阪神・大山悠輔の通算150本塁打記念グッズ発売　直筆サイン入り記念ロゴパネルは19万8000円（サンケイスポーツ）,https://news.yahoo.co.jp/articles/95f9288e2d3127ff899b055c7adc9390f55247e7,https://newsatcl-pctr.c.yimg.jp/t/amd-img/20250928-00000070-sanspo-000-1-view.jpg?exp=10800,2025-09-28T10:17:42+09:00,2025-09-28T10:17:42+09:00,サンケイスポーツ,sanspo,サンケイスポーツ,248,"阪神・大山悠輔の通算150本塁打記念ロゴパネル（球団提供）
阪神は28日、大山悠輔内野手（30）が27日の中日戦（甲子園）で達成した通算150本塁打の記念グッズを発売することを発表した。Tシャツやフェイスタオル、記念ボール、アクリルキーホルダーなどを公式オンラインショップ「T-SHOP」で29日の午前10時から受注販売。甲子園での店頭販売は10月17日の午前10時から行われる。さらに同4日の正午から、直筆サイン入り記念ロゴパネルを1点のみ、ファンクラブ会員限定で19万8000円で発売される。",[],[]
佐々木朗希、ローリー三振を振り返る「反応みられてよかった」　落差111センチのスプリットも「球速出てなかった」（サンケイスポーツ）,https://news.yahoo.co.jp/articles/00e1c70503525d4c2a1eba41bb191e2c28b00875,https://newsatcl-pctr.c.yimg.jp/t/amd-img/20250928-00000066-sanspo-000-1-view.jpg?exp=10800,2025-09-28T09:48:08+09:00,2025-09-28T09:48:08+09:00,サンケイスポーツ,sanspo,サンケイスポーツ,377,"ドジャース・佐々木朗希
マリナーズ―ドジャース（27日、シアトル）米大リーグ、ドジャースの佐々木朗希投手（23）が試合前に取材対応し、26日のマリナーズ戦で七回に登板し、1回1安打無失点、2奪三振だった投球を振り返った。

上位打線との対戦を封じた右腕は「1、2番はいい打者だったので、そこに対して自分のいい球を投げて1本は打たれましたけど、反応を見られたので良かったかなと思います」と納得の表情を浮かべた。

今季60本塁打のローリーには切れ味鋭いスプリットを3球続け空振り三振。「初球は（ストライクを）取りにいって2、3球目はしっかり落とせたのでよかった。ですけど、あまり球速が出ていなかったので、そこは（もう少し）出したい」と細部に目を向けた。佐々木がローリーに投じたスプリットは85マイル台（約137キロ）で、初球は111センチ以上の落差だった。",[],[]
大谷翔平はPS3戦目以降の先発か　敵地でブルペン入り…登板2日前がルーティン　WCSはスネル、山本も有力（サンケイスポーツ）,https://news.yahoo.co.jp/articles/16b7ab5f28d5484696786e5942c636cfb891db2a,https://newsatcl-pctr.c.yimg.jp/t/amd-img/20250928-00000064-sanspo-000-1-view.jpg?exp=10800,2025-09-28T09:34:08+09:00,2025-09-28T09:34:08+09:00,サンケイスポーツ,sanspo,サンケイスポーツ,432,"試合前にブルペンで投球練習するドジャース・大谷翔平＝Tモバイルパーク(撮影・松永渉平)
マリナーズ―ドジャース（27日、シアトル）米大リーグ、ドジャースの大谷翔平投手（31）がスタメンを外れた。試合前にはユニホーム姿でキャッチボールとブルペン入り。調整を考慮するとワイルドカードシリーズ（WCS）第3戦以降で登板する可能性が高まった。

大谷は通常2日前のブルペン入りがルーティン。29日は公式練習で試合がなく、10月2日（日本時間同3日）の第3戦での登板であれば、もう1度ブルペンに入りそうだ。大谷は中10日が空いた前々回の登板も登板間に2度ブルペン入りした。

今季最長の6回を投げた9月23日のダイヤモンドバックス戦の先発から第1、2戦の登板でも中6、7日の間隔を保てたが、第1戦はスネルも先発の有力候補に挙がっている。山本由伸投手（27）は25日のダイヤモンドバックス戦で94球を投げており、第1戦は中4日で迎えるため、第2戦以降の登板が有力となっている。",[],[]
【スプリンターズS　GⅠ直前ギリギリTALK】ママコチャ落ち着いていい雰囲気　ルガル「集中力出てきた」と杉山晴師（サンケイスポーツ）,https://news.yahoo.co.jp/articles/ad92abc7bf19df42fd3370de5dcaad2bcd6c47d9,https://newsatcl-pctr.c.yimg.jp/t/amd-img/20250928-00000063-sanspo-000-1-view.jpg?exp=10800,2025-09-28T09:30:00+09:00,2025-09-28T09:30:00+09:00,サンケイスポーツ,sanspo,サンケイスポーツ,772,"中山競馬場に到着したママコチャ（撮影・板津雄志）
山口大　いよいよ秋のGⅠが開幕で気合が入ります。そんな僕と同じぐらい気合が入っていたのが、ジューンブレアの武英調教師。「スタッフや調教パートナーを務めてくれた高倉騎手（実戦は武豊騎手）が完璧に仕上げてくれました。感謝していますし、それに馬も応えてくれたらいいですね」と口にしていました。

片岡　じゃあ、迷わず本命か？

山口大　外枠のぶん、△まで。でも、気配は絶好だったので軽視は禁物です。

片岡　何や、◎とちゃうんかい。ワシはサトノレーヴに◎。海外遠征でいろいろと経験してさらに成長したみたい。前日は美浦で坂路調整。好気配で休み明けでも力を出せそう。

北池　堅く1番人気からですね。ほかの関東馬は？

片岡　トウシンマカオとカピリナも坂路1本で調整。ともに体に張りがあって、かなり雰囲気はええで。

北池　連覇を目指すルガルは金曜、開門直後の坂路を軽やかな脚取りで登っていました。杉山晴調教師は「レースが近づいてきて集中力が出てきた。昨年の状態に近づきつつある」と。要注意です。

板津　到着組からのおすすめはママコチャ。関西馬は渋滞でいつもより輸送に時間がかかったけど、この馬は一番乗りだったし、落ち着いて雰囲気は良かった。「走りたがる面が強くて前向きすぎるくらいだけど、充実してると捉えている」と齊藤助手は2年ぶりのVへ好感触だった。

山口大　上位常連のナムラクレアはどうでした？

板津　遅めの到着だったけど、馬体の張りがすごく良く見えた。疋田厩務員は「輸送で（体重が）減る馬なのでそれを想定して作っている。ここ何年かと変わらないくらい、いいデキ。過去3回と違うのは、前走の函館から3カ月かけてやりたいことをゲートも含めて全部やってきた」と。悲願のGⅠ制覇を狙える仕上がりだね。",[],[]
大車輪の活躍見せた26歳右腕がPS前日に合流　ロバーツ監督明言「ロースター候補」　不安定な救援陣にまた光明（サンケイスポーツ）,https://news.yahoo.co.jp/articles/ba6ff032acce011a3168557f8b13a480d9ed6a91,https://newsatcl-pctr.c.yimg.jp/t/amd-img/20250928-00000062-sanspo-000-1-view.jpg?exp=10800,2025-09-28T09:18:14+09:00,2025-09-28T09:18:14+09:00,サンケイスポーツ,sanspo,サンケイスポーツ,388,"試合前に取材対応したドジャース・ロバーツ監督（撮影・横山尚杜）
マリナーズ―ドジャース（27日、シアトル）米大リーグ、ドジャースのデーブ・ロバーツ監督（53）がワイルドカードシリーズ（WCS）開幕の前日にベン・カスペリアス投手（26）がチームに合流すると明言した。

「彼は3Aで、右打者を抑えるという我々の要望をしっかり結果で示した。月曜に戻ったときに合流する予定。マッチアップ次第ではロースター候補になるだろう」と説明し、ロサンゼルスで公式練習する9月29日にメジャー本隊に合流するとした。カスペリアスは今季、先発と救援で多くの役割を担い、46試合の登板で7勝5敗、防御率4・64の成績。9月9日にリフレッシュを兼ね、マイナーに降格していた。

ドジャースは9月、救援陣が不安定だったが、26歳右腕がポストシーズンのロースターに入れば、今季の経験も含めて大きな戦力となる。",[],[]
【今日の注目新馬】マーズローバー、ハードに乗り込まれ態勢整う　佐々木師「相当走ってくると思う」／阪神5R（サンケイスポーツ）,https://news.yahoo.co.jp/articles/69dc42a57df95bcff5281aaf5e025eab6d0426f3,https://newsatcl-pctr.c.yimg.jp/t/amd-img/20250928-00000061-sanspo-000-1-view.jpg?exp=10800,2025-09-28T09:11:00+09:00,2025-09-28T09:11:00+09:00,サンケイスポーツ,sanspo,サンケイスポーツ,170,"マーズローバー
⑫マーズローバーは祖母に秋華賞、エリザベス女王杯でともに3着のアロマティコがいる血筋。8月末から栗東CWコースを中心にハードに乗り込まれており、態勢は整っている。祖母も母も管理した佐々木調教師は「他馬を怖がらないし、前向き。芝1400メートルは合うと思う。良くなるのは先だけど、相当走ってくると思うよ」と素質を高く評価した。",[],[]
【今日の注目新馬】ヒズマスターピースは函館記念勝ちヴェローチェエラの半妹／中山5R（サンケイスポーツ）,https://news.yahoo.co.jp/articles/5d12ce0ad0392c6fe3542bdf57fcf836f9da5deb,https://newsatcl-pctr.c.yimg.jp/t/amd-img/20250928-00000057-sanspo-000-1-view.jpg?exp=10800,2025-09-28T09:06:00+09:00,2025-09-28T09:06:00+09:00,サンケイスポーツ,sanspo,サンケイスポーツ,169,"ヒズマスターピース
⑨ヒズマスターピースは、今年の函館記念を勝ったヴェローチェエラ（父リアルスティール）の半妹。「金曜にゲート練習をして、レース前日はEコースを1周して整えた。まだ体に余裕がありながらも、軽い走りで時計も出る。癖がなくて気性も素直。距離もこれぐらいがいいので、初戦から力は出せると思います」と鈴木助手は高評価を与えている。",[],[]
大谷翔平は完全休養　ロバーツ監督「決断しやすかった」　キング争い「こだわってない」「MVPは確定してる」（サンケイスポーツ）,https://news.yahoo.co.jp/articles/ea25501ea0752775b0097e562f2b500d579c8101,https://newsatcl-pctr.c.yimg.jp/t/amd-img/20250928-00000056-sanspo-000-1-view.jpg?exp=10800,2025-09-28T09:05:50+09:00,2025-09-28T09:05:50+09:00,サンケイスポーツ,sanspo,サンケイスポーツ,408,"試合前にイチローさんにあいさつし談笑するドジャース・大谷翔平＝Tモバイルパーク(撮影・松永渉平)
マリナーズ―ドジャース（27日、シアトル）米大リーグ、ドジャースの大谷翔平投手（31）がスタメンを外れた。「父親リスト」に入った4月18、19日のレンジャーズ戦、8月21日ロッキーズ戦に続いて今季4度目となった。

ロバーツ監督は試合前に取材対応し、「ショウヘイは今夜出場しない。彼は『私の判断に任せると』と言っていたよ。トミー（エドマン）に打席が必要だったし、守備にもつけないから、休養を取らせる決断がしやすかった。彼自身もチームメイトに打席が必要なら譲る姿勢を見せていた」とし、シュワバーとの本塁打王争いには「こだわってはいない。MVPは確定しているし、明日は出場するよ」と話した。

大谷は試合前にマリナーズのイチロー氏（51）＝マリナーズ会長付特別補佐兼インストラクター＝に挨拶し、数分の間談笑する姿があった。",[],[]
【今日の注目新馬】動き上々スタームーンナイト　中館師「攻め馬通りならいいと思う」／中山4R（サンケイスポーツ）,https://news.yahoo.co.jp/articles/1e639705f39ef01ab630910ec718a61aa4caacf2,https://newsatcl-pctr.c.yimg.jp/t/amd-img/default.jpg?exp=10800,2025-09-28T09:01:00+09:00,2025-09-28T09:01:00+09:00,サンケイスポーツ,sanspo,サンケイスポーツ,163,⑭スタームーンナイトは18日の美浦Wコースで5ハロン64秒7─11秒4の好時計をマークするなど動きの良さが目立つ。中舘調教師は「馬格はあるし、いいスピードも持っている。攻め馬通りならいいと思う」と初戦への手応えを明かした。父ヴァンゴッホは仏2歳GⅠクリテリウムアンテルナシオナルの勝ち馬で、産駒も早期から活躍が期待できそうだ。,[],[]
西村知美、渡辺めぐみら「Neo★Stars」が鎌倉・由比ガ浜のクリーンアップに汗をながす（サンケイスポーツ）,https://news.yahoo.co.jp/articles/ddbd7be13e947273d2d3e40ad771208f75c4c382,https://newsatcl-pctr.c.yimg.jp/t/amd-img/20250928-00000053-sanspo-000-1-view.jpg?exp=10800,2025-09-28T09:00:00+09:00,2025-09-28T09:00:00+09:00,サンケイスポーツ,sanspo,サンケイスポーツ,782,"巨大黒ひげ危機一髪を楽しむ左からミノワマンD・Z、渡辺めぐみ、西村知美
タレントの西村知美（54）、渡辺めぐみ（61）、格闘家のミノワマンD・Z（49）が9月21日に神奈川・鎌倉市の由比ガ浜などで開催された「クリーンアップかまくら2025秋季　うみをきれいに！　まちをきれいに！」（主催・鎌倉市）に参加した。

3人は女優、田中美奈子（58）が率いる80年代アイドルを中心としたコーラスグループ、Neo★Stars（ネオ★スターズ）のメンバー。同グループはコーラスパフォーマンスを中心としたエンターテインメントとともに社会貢献も活動の軸としている。

美しい海の保全、海洋生態系の保護、環境問題への取り組みを行う「クリーンアップかまくら」の趣旨に賛同し、489人の参加者と一緒にビーチのゴミを拾い、汗を流した。

共催として株式会社タカラトミーも参加。同社の人気商品で発売50周年を迎えた「黒ひげ危機一髪」の特別イベントも開催され、たるの高さが1メートルの巨大黒ひげ危機一髪を体験した参加者は疲れを忘れて歓声をあげた。

活動後、西村は「心地よい海風に吹かれながら、あっという間の時間でした。いつも応援してくださる方々と一緒にゴミ拾いができ、とってもうれしかったです」と大感激し、「ビーチも心もきれいになって、気持ちの良い一日でした」と充実の表情を見せた。

渡辺も「これからも、海岸や砂浜に打ち上げられたゴミを拾い集め、環境問題への意識を高め、美しい海や海洋生態系を保護するビーチクリーンに参加していきます。全ては将来のためですね」と誓った。

Neo★Starsはコーラスグループとして、10月11日に横浜みなとみらい・臨海パークで開催される音楽イベント「ザ・歌謡パラダイス」、12月4日には東京・台場のグランドニッコー東京で行われる同「超！昭和」に出演する。",[],[]
【スプリンターズS】前走後の談話（サンケイスポーツ）,https://news.yahoo.co.jp/articles/06e5ef47901d244f0e81502903d503f180bba04a,https://newsatcl-pctr.c.yimg.jp/t/amd-img/20250928-00000052-sanspo-000-2-view.jpg?exp=10800,2025-09-28T08:56:00+09:00,2025-09-28T09:29:38+09:00,サンケイスポーツ,sanspo,サンケイスポーツ,778,"サトノレーヴ
❶ピューロマジック「リラックスできていたので、ラスト300メートルはすごくいい脚を使ってくれた」（ルメール騎手＝アイビスSD1着）

❷ヨシノイースター「3コーナーを過ぎてポケットに入れたが、最後は脚いろが鈍りました」（内田騎手＝セントウルS7着）

❹ママコチャ「差しの利く展開になったが、それでも頑張ってくれた」（岩田望騎手＝セントウルS2着）

❺カンチェンジュンガ「1200メートルは忙しいし、ましてや開幕週。それでも馬の間を上手に縫ってきてくれて、川田騎手さまさま」（庄野調教師＝セントウルS1着）

❻ナムラクレア「競走中止の馬がいたため、ロスがあった。あの位置からでは届かなかった」（ルメール騎手＝函館スプリントS8着）

❼サトノレーヴ「調子は良かったが、非常にいい馬（ラザット）が相手だった。文句のつけようがない」（モレイラ騎手＝QEⅡジュビリーS2着）

❽ペアポルックス「枠が内めだったし、展開も理想的だった」（松若騎手＝キーンランドC2着）

❾ドロップオブライト「直線で少し内にモタれたのを修正できれば良かったが…」（松若騎手＝京成杯AH2着）

⓫トウシンマカオ「きょうは具合がいいとは思えなかった。本番前のひと叩きとしては良かった」（横山武騎手＝セントウルS3着）

⓬ヤマニンアルリフラ「結果的には流れに乗せていく方が良かったかも」（団野騎手＝CBC賞12着）

⓭ジューンブレア「3コーナーの手前でゴチャついて、折り合いを欠いた」（武豊騎手＝CBC賞2着）

⓮カピリナ「ある程度のポジションを取りたいと思っていた。（洋芝も）条件的にはいいと思って臨んだ」（戸崎騎手＝函館スプリントS1着）

⓰ウインカーネリアン「使ってこの先も無事なら、（状態が）1、2段階上がってきそう」（三浦騎手＝キーンランドC5着）",[],[]
【スプリンターズS　GⅠ予想ドキュメント　◎への道】吉田桜至郎記者の結論はルガル　陣営の感触上々！ラスト踏ん張る（サンケイスポーツ）,https://news.yahoo.co.jp/articles/492f8d383ffcab5c045b6e9f9bebfab9fea920a6,https://newsatcl-pctr.c.yimg.jp/t/amd-img/20250928-00000051-sanspo-000-2-view.jpg?exp=10800,2025-09-28T08:50:25+09:00,2025-09-28T09:31:08+09:00,サンケイスポーツ,sanspo,サンケイスポーツ,952,"吉田桜至郎記者が本命に指名したルガル
スプリンターズSの「GⅠ予想ドキュメント　◎への道」はいよいよ最終結論。東西トレセン＆中山競馬場で密着取材した東京サンスポの吉田桜至郎記者はルガルに◎を打った。陣営の感触は上々で、最後の踏ん張りを求められる中山芝1200メートルなら、身上の持久力を発揮して史上4頭目の連覇を飾るとみた。

◇

5日間の密着取材を終え、悔いのない結論を出せた気がする。◎はルガルだ。

まず、春の王者サトノレーヴを▲にとどめた理由から。週中の取材ではどの陣営からも「相手がかなり強い。特にサトノはね…」との言葉を耳にした。ただ、サトノレーヴが昨年の当レース7着で高松宮記念を勝ったのに対し、ルガルは昨年Vで高松宮記念が7着。この逆転現象は、同じ6ハロンGⅠでも求められる適性が違うからではないだろうか。

ルガルは前半3ハロン32秒1のハイペースだった昨年のレースを3番手から押し切ったように持久力が身上のキャラクター。当レースは過去5年中4年でラスト1ハロン12秒台を刻んでおり、最後の踏ん張りが必要な持久力勝負になりやすい。

対して高松宮記念は前半のペースが比較的落ち着き、差し馬が台頭する傾向。ルガルは2年続けて敗れているように、守備範囲外の舞台といえそうだ。そう思えば、まだ勝負付けは済んでいない。

臨戦過程も魅力だ。昨年は骨折休養明けというハンデがあった。その点、今年は「立ち上げがスムーズで、早めに仕上がってしまうと心配するくらい」と担当の吉松助手。今週の追い切りでも素軽い動きを披露し、杉山晴調教師は「いい動きだった。春は気が入っていたが、今回は気持ちに余裕がある。それは昨年に似た傾向」と好感触を伝える。

正直、❽枠⑮番に決まったときは本命にしない可能性も考えた。ただ、今開催の中山芝1200メートルは9鞍行われ、❶～❸枠が2勝。昨年の同開催では12鞍中8勝を挙げていたことを考えれば、今年は決して内枠有利というわけでもなさそうだ。

前日の到着取材で雰囲気を確認。世話役は「古馬になってからは輸送も落ち着いている。去年より（状態面は）いい感じ」と自信に満ちていた。これで自信は深まった。GⅠ昇格後4頭目の連覇を決め、スプリント王の座に返り咲く。（吉田桜至郎）",[],[]
【シリウスS】ホウオウルーレット最後方からフル回転！！G前大逆転で重賞初V　岩田康誠騎手「いい脚で差し切ってくれた」（サンケイスポーツ）,https://news.yahoo.co.jp/articles/b54a37f1fd75c2ebeb0cfca0f6cc62a7adf4d111,https://newsatcl-pctr.c.yimg.jp/t/amd-img/20250928-00000048-sanspo-000-1-view.jpg?exp=10800,2025-09-28T08:21:03+09:00,2025-09-28T08:21:03+09:00,サンケイスポーツ,sanspo,サンケイスポーツ,779,"ホウオウルーレット（手前）が鋭く伸びて重賞初制覇を決めた（撮影・安部光翁）
岩田康誠（51）＝栗・フリー＝騎乗の8番人気ホウオウルーレットが、直線で上がり3ハロンメンバー最速の末脚を繰り出して重賞初勝利。兄オメガパフューム（2018年）との兄弟制覇を達成した。2着は9番人気サイモンザナドゥ、3着は4番人気ジューンアヲニヨシで３連単は82万3380円の大波乱。1番人気テーオーパスワードは7着に敗れた。

◇

磨き上げた末脚がジャックポット（大当たり）を呼び込んだ。最後方で脚をためていた8番人気のホウオウルーレットが、強烈な決め手を発揮して重賞初制覇。ゴール直前、コンビ8戦目となった岩田康騎手は左拳を力強く握りしめた。

「いい脚で差し切ってくれました。ずっと乗せていただいて、やっと重賞を勝てたことがガッツポーズにつながりました」

兄にGⅠ級5勝のオメガパフュームがいる良血馬。デビュー2戦を大楽勝で飾った大物候補が、25戦目でついにタイトルを手にした。「鞍上とは手が合うし、ずっと競馬を教えてくれていました。ここまで歯がゆい競馬が続いていましたが、ラストの脚が生きました」と栗田調教師。３連単82万3380円は、レース史上最高額の払い戻しとなった。

次走は未定ながら、念願だった賞金加算に成功して、視野が広がった。「この勝利で、もっともっと飛躍してほしいですね」と鞍上。大舞台へ、夢は膨らむ。（山口遥暉）

■ホウオウルーレット　父ロージズインメイ、母オメガフレグランス、母の父ゴールドアリュール。鹿毛の牡6歳。美浦・栗田徹厩舎所属。北海道新ひだか町・岡田スタッドの生産馬。馬主は小笹芳央氏。戦績25戦6勝。重賞は初勝利。獲得賞金1億7030万8000円。シリウスSは岩田康誠騎手、栗田徹調教師ともに初勝利。馬名は「冠名＋カジノゲームの一種」。",[],[]
駒大・藤田敦史監督「安原と菅谷あたりは合格点。あの二人は面白い…あと谷中」　東海大記録会／陸上（サンケイスポーツ）,https://news.yahoo.co.jp/articles/9c441e1b1878b7d0650cf7983cc8245b4e43d6b0,https://newsatcl-pctr.c.yimg.jp/t/amd-img/20250928-00000047-sanspo-000-1-view.jpg?exp=10800,2025-09-28T08:10:11+09:00,2025-09-28T08:10:11+09:00,サンケイスポーツ,sanspo,サンケイスポーツ,718,"駒大の藤田敦史監督
東海大の長距離競技会が27日、神奈川・平塚市の湘南キャンパスで行われた。来月13日の大学三大駅伝開幕戦、出雲駅伝を前に、駒大勢が多数参加。男子5000メートル19組では安原海晴（3年）が自己ベストの13分52秒85でトップだった。菅谷希弥（のぞみ、2年）が自己記録（13分59秒13）に迫る13分59秒41をマークして2着、島子公佑（3年）が14分7秒24で5着、植阪嶺児（3年）が14分9秒15で7着、橋本颯人（1年）が14分13秒12で11着だった。

今回のレースは出雲のメンバー選考も兼ねた位置づけ。レースを終え、藤田敦史監督は「ちょっと湿度があったし、ここにばっちり合わせているわけではないので、その中であれくらい走れれば出雲に向けてはいい。安原と菅谷あたりは合格点。きょうのレースを見ていたら菅谷なんかは面白いのではないか。菅谷も安原も暑いのが得意。あの二人は面白い」と評価。さらに「あと谷中（晴、2年）」と昨年の全日本大学駅伝4区区間3位でデビューし、今年1月の箱根駅伝では3区区間6位の主力の名前をあげた。

谷中は今年2月に香川丸亀国際ハーフマラソン大会と併催して行われた日本学生ハーフマラソンで1時間0分57秒の自己新記録を出したものの、その後に背中の疲労骨折が発覚し、夏まで長期離脱。選抜合宿では別メニューで調整し、「何とか今、（調子が）あってきた感じ」と藤田監督。この記録会にもエントリーはしていたが出走はせず、主将の山川拓馬（４年）らと出雲に向けて練習している。出雲までは記録会等に出ない意向で、「あいつは出たら絶対（力を出して上位で）走るので走らせるしかない」とエース候補に期待を寄せた。",[],[]
駒大・安原海晴が自己新で組トップ「終始余裕を持って走ることができたのでよかった」　東海大記録会／陸上（サンケイスポーツ）,https://news.yahoo.co.jp/articles/f6b7f8f1d51528de254de5421eb652360112554b,https://newsatcl-pctr.c.yimg.jp/t/amd-img/20250928-00000046-sanspo-000-1-view.jpg?exp=10800,2025-09-28T08:08:32+09:00,2025-09-28T08:08:32+09:00,サンケイスポーツ,sanspo,サンケイスポーツ,1049,"東海大記録会に出場した駒大の安原海晴（撮影・川並温美）
東海大の長距離競技会が27日、神奈川・平塚市の湘南キャンパスで行われ、男子5000メートル19組は駒大・安原海晴（3年）が自己ベストの13分52秒85でトップだった。駒大・菅谷希弥（のぞみ、2年）が自己記録（13分59秒13）に迫る13分59秒41をマークして組2着だった。

25日に大学三大駅伝開幕戦である出雲駅伝（来月13日）の暫定エントリーが発表された。この日の記録会は駒大にとって出雲への調整やメンバー選考の位置づけ。出雲のエントリーメンバーに入っている安原は「出雲2週間前で調整の意味を込めたレースだったが、終始余裕を持って走ることができたのでよかった。今後のこともあるので全力を出し切らないように、8～9割くらいに抑えて走って、4000メートルまでは集団でいって、ラスト1キロ上げてタイムを狙いにいくと指示が出ていた。その通りにできてよかった」とうなずいた。

駒大で2022年度の大学三大駅伝すべてに出走し、史上5校目の三冠に貢献した安原太陽（現・花王）を兄に持つ21歳。昨年の全日本大学駅伝の6区区間3位で大学駅伝デビューを果たし、今年1月の箱根駅伝では8区区間4位。大学3年目になり、主力としての意識も高まる。今夏は膝を痛めて離脱した時期もあったというが「全体的に見ていい形でこなせた。去年と比べて距離走やスピード練習で自分の中で余裕度がかなり生まれてきた。夏合宿でも普段の練習でも感じるが、格段に強くなったと思う」と安原。「うちの学年はエース級の選手がいなくて、ほかの学年と比べると見劣りしてしまう部分があるが、そういった中で自分みたいな選手が中心となって少しでも学年として強くなっていければ。今年は4年生のエース級の方々がうまくいっていない状態だが、今まではそういう選手に頼ってきてしまっていた部分があった。今後のことを見据えると中堅層が上がっていかないといけないと今年はじめからずっと言われていたが、それが夏ぐらいから少しずつ形になってきた」と学年の士気も上がってきた。

「出雲出走が現実味を帯びてきているのは結構うれしいことではあるが、チームが本調子であればチームが万全だと自分は6人に入れるか怪しい」と安原。気を引き締めつつも「（出雲は）兄が3、4年で2年連続で5区走ったのもあって自分も5区走りたい。風向きやコースの形状で５区が向いていると思うが、チームのためであればどの区間でも全力を尽くす」と力を込めた。",[],[]
駒大・菅谷希弥、昨季試合ゼロから駅伝メンバー入り「悔しさを晴らせれば」　東海大記録会／陸上（サンケイスポーツ）,https://news.yahoo.co.jp/articles/37eff03322e663d6084ca93da139c444f7490dc9,https://newsatcl-pctr.c.yimg.jp/t/amd-img/20250928-00000044-sanspo-000-2-view.jpg?exp=10800,2025-09-28T08:06:18+09:00,2025-09-28T09:13:24+09:00,サンケイスポーツ,sanspo,サンケイスポーツ,619,"東海大記録会に出場した左から駒大の植阪嶺児、菅谷希弥、島子公佑（撮影・川並温美）
東海大の長距離競技会が27日、神奈川・平塚市の湘南キャンパスで行われ、男子5000メートル19組は駒大・安原海晴（3年）が自己ベストの13分52秒85でトップだった。駒大・菅谷希弥（のぞみ、2年）は自己記録（13分59秒13）に迫る13分59秒41をマークして組2着となり、「3000～4000メートルで少し落ちてしまった。ラストが上がり切らず体の切れが戻ってきていない」と反省した。

25日に大学三大駅伝開幕戦、出雲駅伝（来月13日）の暫定エントリーが発表され、菅谷が初めてメンバー入り。東京・駒大高3年時には青梅マラソンの10キロ男子高校生の部で優勝するなど期待されていたが、大学1年目の昨季は恥骨の疲労骨折など故障に苦しみ、全くレースに出られなかった。これが大学入学後3本目のトラックレース。「今年は3月からちゃんと練習ができている。試合もその流れの中で出て、夏前に膝裏のケガで1カ月だけ練習が積めない時期があったがそこからは練習ができている。試合に出られるだけでも楽しいですね」と菅谷。身長188センチの注目株は「評価してもらって（出雲の）10人に入れたのはうれしいし、期待もしていただいている。何があるかわからないので準備していきたい。去年けがで全然走れない中、同期の谷中（晴）や桑田（駿介）が活躍していた。その悔しさを晴らせれば」と奮起した。",[],[]
大谷翔平はスタメン外れる…約1カ月ぶり今季4度目　WCSに向け休養の見込み　「1番・DH」はエドマン　（サンケイスポーツ）,https://news.yahoo.co.jp/articles/22dd2f2157883f0ab52659e175f14861d7dab6b8,https://newsatcl-pctr.c.yimg.jp/t/amd-img/20250928-00000040-sanspo-000-1-view.jpg?exp=10800,2025-09-28T07:46:38+09:00,2025-09-28T07:46:38+09:00,サンケイスポーツ,sanspo,サンケイスポーツ,481,"ドジャース・大谷翔平
マリナーズ―ドジャース（27日、シアトル）米大リーグ、ドジャースの大谷翔平投手（31）がマリナーズ戦のスタメンを外れた。8月21日ロッキーズ戦以来、約1カ月ぶりで今季は「父親リスト」の入った4月18、19日のレンジャーズ戦を含め4度目となった。

ドジャースは既に地区優勝を決めており、9月30日（日本時間10月1日）から始まるワイルドカードシリーズに向けて体調を万全にする狙いがあるとみられる。26日はベッツ、フリーマンらが欠場していた。

大谷が先発を外れたのは自己最多の54本塁打をマークしており、ナ・リーグトップを走るシュワバー（フィリーズ）とは2本差。いずれもこの日の試合を含めレギュラーシーズンは残り2試合。激戦の本塁打王争いにも注目が集まっている。ドジャースのスタメンは以下の通り。

1番・DH　エドマン

2番・遊撃　ベッツ

3番・一塁　フリーマン

4番・中堅　パヘス

5番・左翼　コンフォート

6番・左翼　コール

7番・二塁　ロハス

8番・三塁　E・ヘルナンデス

9番・捕手　ラッシング

先発　グラスノー",[],[]
独占手記　ソフトバンク・柳町達「一気に感覚戻った」初本塁打…4月23日オリックス戦　2歳長男が「物心がつくまで頑張りたいな」（サンケイスポーツ）,https://news.yahoo.co.jp/articles/034b9b91c02d8f77044c2fc7ea2b51e27a3d89e5,https://newsatcl-pctr.c.yimg.jp/t/amd-img/20250928-00000039-sanspo-000-2-view.jpg?exp=10800,2025-09-28T07:30:00+09:00,2025-09-28T11:46:13+09:00,サンケイスポーツ,sanspo,サンケイスポーツ,1878,"優勝が決まり、柳町は右翼から笑顔で歓喜の輪へ駆け寄った＝ベルーナドーム（撮影・岩崎叶汰）
（パ・リーグ、西武1－4ソフトバンク、24回戦、ソフトバンク16勝8敗、27日、ベルーナD）ソフトバンク・柳町達外野手（28）がサンケイスポーツに独占手記を寄せた。今季は2軍で開幕を迎えたが、交流戦で12球団トップの打率・397＆出塁率・474をマークし、初のMVPを獲得。腰の手術で離脱した近藤の穴を埋める活躍で、チームを勢いづかせた。プロ6年目で一気にブレークし、小久保ホークスに欠かせない存在となった。

なんとか優勝を決められてよかったです。今年は去年より頑張ってきたので、優勝できたことは何よりうれしいです。

けが人がたくさん出た中、みんなでカバーしあいました。みんなで勝ち取れた優勝です。自分のやるべきことをやって、おのおのが役割を全うして勝つのがプロだと思います。それが一番わかりやすく出た優勝でした。

自分も今年は福岡の街にいても、いろんな方に気づいていただけるようになりました。4月にチームが苦しい中でも、たくさんの声援をずっと送ってくださいました。そのおかげで5月から巻き返していけたので、ファンの皆さんの声援は本当に力になります。素晴らしい声援を送ってくれるファンの皆さんのおかげだと思います。

オープン戦まで打撃の調子が上がらず開幕は2軍でした。思うような感覚ではないまま、2週間遅れで1軍に加わりましたが、スタメン5試合目だった4月23日のオリックス戦で初本塁打を打って、一気に感覚が戻ってきました。

そこから大きなけがなく体調を維持して戦い通せた要因は、今年からウエートトレーニングを生活リズムに取り入れるようになったことです。体の強化やメンテナンスに目を向けて、継続できました。体調を把握して、いい時も悪い時もオーバーワークにならず「自分のやるべき範囲」をしっかりと持ち続けてきました。昨季までは終盤になると体がへたってきて、筋量が大きく落ちてしまうシーズンを送ってきたのを、ウエートトレーニングで改善できました。

もう一つは面が平らなクリケット型の黄色いバットで練習したことです。日々、体のズレが生じるものだと思いますが、そのバットでティー打撃をして、ミートポイントがずれないようにスイングの軌道を確認してきました。大事な作業の一つなので、今後も使っていきたいです。
家族との時間もシーズンを乗り切る上で大切なものでした。2歳になった長男はすごく野球が好きみたいで、YouTubeで僕が出ている動画も「パパ」と指さしながら見ています。おもちゃを買いに行っても、バットとボールがあったら真っ先に手に取って手放さないんです。うれしいし、そういう姿を見ていると「物心がつくまで頑張りたいな」と思わせてくれます。
妻にも感謝したいですね。僕がシーズンの半分以上は遠征のため、家にいないなかで子供を見てくれています。時間的な自由もなく制限されるなど、きつい毎日でも文句を言うことなく、帰れば僕のごはんの準備もしてくれています。
今年、開幕2軍スタートが決まったことを伝えたときにも「そうなんだ。じゃあ、また次頑張るしかないね」という感じで言ってくれ、深く考えさせないでいてくれます。いつも同じ調子でいてくれるのも、気づかってくれているのだと思います。本当にありがとうと言いたいです。（ソフトバンクホークス外野手）
★4の2、1打点　打率上昇・296　牧原大に3厘差
柳町は優勝を決めたこの日の試合でもバットで勝利に貢献した。五回に2点を勝ち越してなお1死一、三塁で右前に追加点となる適時打。「いい流れに乗って思い切っていくことができた」。二回先頭では中前打を放って4打数2安打1打点。打率を・296に上げて首位打者争いでトップの牧原大に3厘差に迫った。出塁率・386はリーグトップ。残り試合で初の個人タイトル獲得をかけた勝負が待つ。
■柳町　達（やなぎまち・たつる）
1997（平成9）年4月20日生まれ、28歳。茨城県出身。中学時代は取手シニアでプレー。慶応高時代は甲子園出場なし。慶大では1年春にベストナインに輝き、3年と4年のときに大学日本代表に選出。2020年ドラフト5位でソフトバンク入団。今季の交流戦で打率・397をマークし、MVPを獲得。今季127試合出場、打率・296、5本塁打、48打点。通算455試合出場、打率・275、10本塁打、157打点。180センチ、78キロ。右投げ左打ち。年俸4200万円。背番号「32」",[],[]
低迷のロッテ、来季監督は白紙（サンケイスポーツ）,https://news.yahoo.co.jp/articles/3dd0fddb41adf02c92a593d6cbb6ae78e2bdebd0,https://newsatcl-pctr.c.yimg.jp/t/amd-img/default.jpg?exp=10800,2025-09-28T07:30:00+09:00,2025-09-28T08:19:04+09:00,サンケイスポーツ,sanspo,サンケイスポーツ,232,（パ・リーグ、ロッテ0－2日本ハム、23回戦、日本ハム16勝7敗、27日、ZOZOマリン）ロッテの来季監督が白紙となっていることが27日、分かった。就任3年目の吉井理人監督（60）の続投可否は今季終了後に判断され、交代となればサブローヘッドコーチ（49）、福浦和也2軍監督（49）が候補に挙がるが、外部招へいの可能性も残されている。チームは既に最下位が決まっており、この日の日本ハム戦（ZOZOマリン）で今季24度目の完封負けを喫し、両リーグ最速で80敗に達した。,[],[]
番長DeNA、2位確定お預け　リリーフに疲労の色…伊勢まさかの5失点　残り3試合でGと2・5差（サンケイスポーツ）,https://news.yahoo.co.jp/articles/6085fd6d92e1692da71aa462b3001101eb1c0451,https://newsatcl-pctr.c.yimg.jp/t/amd-img/20250928-00000038-sanspo-000-1-view.jpg?exp=10800,2025-09-28T07:30:00+09:00,2025-09-28T07:30:00+09:00,サンケイスポーツ,sanspo,サンケイスポーツ,549,"九回に5点を失い降板する伊勢（左）。右は三浦監督で、手前は松尾（撮影・荒木孝雄）
（セ・リーグ、DeNA8－9巨人、25回戦、巨人15勝9敗1分、27日、横浜）DeNAは最大5点リードをひっくり返されて敗れ、2位確定は持ち越しとなった。8－4の九回は伊勢が5安打と2四球を集められて逆転を許した。2連投で、この日は32球。三浦大輔監督（51）は不振の入江に代わって抑えを務めている伊勢に「かなり無理をさせてしまった。申し訳なかった」と責めなかった。

主導権をつかんだはずだった。桑原、佐野の本塁打などで四回までに6点を挙げ、先発ジャクソンは6回1失点と好投。だが、リリーフ陣に疲労は隠せなかった。6―1の七回1死一塁で宮城が上半身の違和感を訴えて降板し、流れが一変。この回に3点を失い、九回に伊勢がつかまった。プロ入り後ワーストの5失点となった右腕は「自分の中でも経験がない。嫌なイメージを持たないように切り替えたい」と必死に前を向いた。

残り3試合で3位巨人とは2・5ゲーム差。28日の広島戦（マツダ）に勝つか、引き分けでもクライマックスシリーズ（CS）ファーストステージを本拠地で開催する権利を得る。三浦監督は「しっかりと切り替えて集中して入っていけるように」と視線を前に上げた。（阿部慎）",[],[]
ソフトバンク・栗原陵矢、小久保監督の「一番おいしいところを持っていけ」指令に応えたV2点二塁打（サンケイスポーツ）,https://news.yahoo.co.jp/articles/9056b4ed225c35afd0b13854b7146b28a7ab0b22,https://newsatcl-pctr.c.yimg.jp/t/amd-img/20250928-00000037-sanspo-000-1-view.jpg?exp=10800,2025-09-28T07:30:00+09:00,2025-09-28T07:30:00+09:00,サンケイスポーツ,sanspo,サンケイスポーツ,414,"五回、柳町達の適時打で生還した栗原陵矢を迎えるソフトバンクベンチ　＝ベルーナドーム（撮影・福島範和）
（パ・リーグ、西武1－4ソフトバンク、24回戦、ソフトバンク16勝8敗、27日、ベルーナD）優勝チームには、こういう選手がいる。同点の五回1死一、二塁。ソフトバンク・栗原陵矢内野手（24）が中越えの2点二塁打を放った。「勝って胴上げ」を一気に近づけた決勝打だ。

「最後、グラウンドに立てていたことがうれしいです」

故障に苦しんだが、8月下旬に右脇腹痛から1軍復帰すると、小久保監督から激励された。「一番おいしいところを持っていけ」と。

オリックスに本拠地でまさかの4連敗を喫し、優勝決定がどんどん伸びた。そして、臨んだ仙台、所沢のビジター3試合。一番おいしい場面でV打！V打！V打！

優勝決定後、小久保監督も思わず栗原につぶやいた。

「こんなこと、ないで！」

それを実現してしまった栗原が、日本一挑戦のキーマンだ。",[],[]
巨人、本拠地CS残った　阿部監督の執念！九回表4点差逆転　佐々木俊輔が殊勲2点V打（サンケイスポーツ）,https://news.yahoo.co.jp/articles/bce16a065894b5e4d3a41e238163ed0c23ab3524,https://newsatcl-pctr.c.yimg.jp/t/amd-img/20250928-00000036-sanspo-000-1-view.jpg?exp=10800,2025-09-28T07:30:00+09:00,2025-09-28T07:30:00+09:00,サンケイスポーツ,sanspo,サンケイスポーツ,1263,"佐々木は九回、体勢を崩されながらも打球を右中間に運んだ（撮影・今野顕）
意地の逆転劇！　セ・リーグ3位の巨人は27日、DeNA最終戦（横浜）に9－8で逆転勝利し、連敗を3で止めた。4－8で迎えた九回に途中出場の佐々木俊輔外野手（25）が2点打を放つなど、打者11人の猛攻で5点を奪って逆転。引き分け以下でDeNAの2位が確定していた窮地で、わずかな望みをつないだ。

崖っぷちでドラマを起こした。3得点して7－8とした九回2死満塁。佐々木のライナーの打球が右前で弾んだ。敵地で悲鳴が沸き起こる中、2者が生還。険しい表情だった阿部監督が思わず笑顔で手をたたき、ほえた。

「みんなの意地を見ました。何とかしてやろうという思いを全員が持ってくれていた。（佐々木は）自信にしてほしい」

引き分けでも、クライマックスシリーズ（CS）ファーストステージを本拠地で開催できる2位浮上が消滅する背水の陣。1－6の七回に3点を返すも、八回に平内が蝦名に2ランを被弾。重苦しい雰囲気が漂った4－8の九回、岡本の2点打、中山の適時打、そして佐々木の逆転打。5安打などを集めて一挙5点を奪った。試合時間は4時間5分。増田大以外の全野手を使い切る死闘に勝利した。

佐々木の決勝打には阿部監督の教えが詰まっていた。伊勢のフォークボールにタイミングを外されても、力任せにならず右腕一本でバットを操作。同じ左打者だった指揮官が「体勢を崩されても終わりじゃない。そこから芯に当てればヒットになるんだ」と日頃から選手に説く理論を体現した打撃を、ここ一番で披露した。

絵本の『おさるのジョージ』に顔が似ていることからチーム内でも「ジョージ」と呼ばれている佐々木。不振に陥った8月には、阿部監督から背筋を立てる新たな構えを提案され、2軍で磨き上げた。「監督さんも前向きな声がけをしてくださったので、すぐにうなずいて変えました。言われたことを自分の中に落とし込んで、また作り上げた」という新たなスタイルで恩返し。試合後は指揮官から「よくやったな」と肩をたたかれた。

チームは自力での2位が消滅しており、あとがない状況は変わらないが、10月11日からのCSファーストステージで対戦するDeNAに意地を見せた。阿部監督は「相手からしたら多少は嫌な印象も持たせられたんじゃないかな。まだチャンスはある。もう全て勝つつもり」と、レギュラーシーズン残り3試合での逆転2位を諦めていない。（谷川直之）
■佐々木　俊輔（ささき・しゅんすけ）　1999（平成11）年11月6日生まれ、25歳。東京・日野市出身。帝京高では甲子園出場なし。東洋大では主将を務めた。日立製作所を経て24年にドラフト3位で巨人入団。プロ1年目の昨季は開幕スタメンを果たし、プロ初安打、初打点を記録。今季は51試合に出場し、打率・246、0本塁打、10打点。通算成績は出場110試合で打率・238、0本塁打、16打点（27日現在）。174センチ、80キロ。右投げ左打ち。年俸1840万円。背番号44。",[],[]
ヤクルト・村上宗隆、7年連続20号「打ててよかった」（サンケイスポーツ）,https://news.yahoo.co.jp/articles/1dd3e0f29c52846b3ff6d39e29eca8c6efe90049,https://newsatcl-pctr.c.yimg.jp/t/amd-img/20250928-00000035-sanspo-000-1-view.jpg?exp=10800,2025-09-28T07:30:00+09:00,2025-09-28T07:30:00+09:00,サンケイスポーツ,sanspo,サンケイスポーツ,600,"一回に20号2ランを放ち、右手人さし指を突き上げた村上（撮影・長尾みなみ）
（セ・リーグ、ヤクルト3－1広島、23回戦、ヤクルト13勝8敗2分、27日、神宮）球場に集まったファンへ、かっこいい背中を示してくれた大先輩へ、感謝の一発だ。状態不良だったヤクルト・村上宗隆内野手（25）が5試合ぶりに「4番・三塁」で先発出場。一回2死一塁の第1打席に、森のツーシームを引っ張り、右中間席へ逆転の20号2ランを放った。

「限られた打席の中で少しでも皆さんにホームランを見せたいと思っていた。打ててよかった」

2001－07年のラミレスに並ぶ球団記録の7年連続20本塁打に到達。日本選手では1988－93年の池山隆寛（現2軍監督）、2014－19年の山田哲人をしのぎ、球団最多記録となった。

川端がこの日、今季限りでの現役引退を表明し、今季初めて1軍に昇格。背番号55は21年にともに日本一に輝いた先輩に「野球に取り組む姿勢、後輩への気遣い…大きな背中を見せていただき、勉強になった」と感謝しており、花道を飾るアーチとなった。

28日は今季の本拠地最終戦。今オフにポスティングシステムを利用して米大リーグへ挑戦する意向を表明している村上にとっても、最後の神宮での雄姿となる。「楽しむって言ったらおかしいですけど、一緒に勝って、最後喜べるように頑張りたい」。もう一度、神宮で喜びを分かち合う。（武田千怜）",[],[]
オリックス・岸田護監督に続投要請（サンケイスポーツ）,https://news.yahoo.co.jp/articles/ba4aaed60c7c0c26d0a9148f0364c5188e2450bb,https://newsatcl-pctr.c.yimg.jp/t/amd-img/20250928-00000034-sanspo-000-1-view.jpg?exp=10800,2025-09-28T07:30:00+09:00,2025-09-28T07:30:00+09:00,サンケイスポーツ,sanspo,サンケイスポーツ,195,"オリックス・岸田護監督
2年ぶりのクライマックスシリーズ進出を決めたオリックスが、近日中に岸田護監督（44）へ来季の続投を要請することが27日、分かった。

就任1年目の今季は開幕から5月まで首位を維持。その後は故障者が続出して救援陣が手薄となった影響などで後退したが、一度も借金を作ることなく、この日3位を確定させた。球団側は手腕を高く評価しており、2年目となる来季も指揮を任せる方針だ。",[],[]
ヤクルト・川端慎吾、引退…28日神宮での巨人戦でバット置く　「燕のプリンス」代打二塁打で通算1100安打！「忘れられない一本」（サンケイスポーツ）,https://news.yahoo.co.jp/articles/1b07f57fdf549bd87c7ed3c3facf4624e4b875ff,https://newsatcl-pctr.c.yimg.jp/t/amd-img/20250928-00000033-sanspo-000-1-view.jpg?exp=10800,2025-09-28T07:30:00+09:00,2025-09-28T07:30:00+09:00,サンケイスポーツ,sanspo,サンケイスポーツ,1524,"七回に代打で二塁打を放った川端。ファンの大歓声にヘルメットを掲げて応えた（撮影・長尾みなみ）
（セ・リーグ、ヤクルト3－1広島、23回戦、ヤクルト13勝8敗2分、27日、神宮）燕のプリンスがユニホームを脱ぐ―。ヤクルト・川端慎吾内野手（37）が27日、今季限りでの現役引退を表明し、東京・北青山の球団事務所で会見を行い、大粒の涙を流した。卓越したバットコントロールで、2015年に首位打者と最多安打のタイトルを獲得。近年は〝代打の神様〟として一打席に懸けてきた。中心選手として3度のリーグ優勝と21年の日本一達成に大きく貢献。広島23回戦（神宮）の七回に代打で今季初打席に立ち、右翼線に二塁打を放って本拠地の大歓声を受けた。

神宮球場が大歓声に包まれた。今季限りでの現役引退を表明した川端が七回2死で今季初打席に立った。2球見逃した後の3球目。直球を右翼線に運び、二塁ベース上で右拳を挙げた。

「完璧だったので懐かしいというか、よく打っていたライト線だなというような感じで走っていました。また（現役を）やりたくなっちゃいますよね。忘れられない一本になりました」

笑顔を見せ、必死に涙をこらえた。登場曲「悲しみなんて笑い飛ばせ」（FUNKY MONKEY BΛBY’S）が流れ、沸き起こった大歓声。「体の全体がしびれるくらいうれしかった」と打席に向かった。大好きな応援歌を体で感じ「2球くらい待とうと思っていた」とチャンス時のテーマに替わる瞬間も打席でしっかり確認した。高津監督から「本塁打を狙ってこい」と言われた通り、強振した結果が鮮やかな二塁打。たゆまぬ努力と、類まれな打撃技術で積み上げた通算安打は1100本に達した。

スワローズ一筋で駆け抜けてきたプロ野球人生。引退か、現役続行か、気持ちは揺れ動いた。9月上旬。球団側と話し合いの場を持ち、進退を熟考。チーム野手最年長として臨んだ今季は、故障はなかったが1軍出場がかなわなかっただけに葛藤し続けた。試合前に行われた引退会見で「涙もろい」と口にしたように、目に大粒の涙を浮かべながら決断の理由を口にした。

「なかなか諦めきることができなかった。本当に悩んで悩んで、なかなか決断することができなかった。時間がたつにつれて、少しずつ落ち着いて冷静に考えられるようになって、このへんで身を引くのがベストじゃないかと思えてきた」
栄光と苦難に満ちた20年間だった。市和歌山商高（現市和歌山高）から2006年に高校生ドラフト3巡目で入団。6年目の11年に107安打を放って頭角を現すと、内野のレギュラーに定着。卓越したバットコントロールで15年には首位打者、最多安打のタイトルを獲得し、14年ぶりのリーグ優勝に貢献した。
近年は〝代打の神様〟として君臨。21年には代打で歴代2位のシーズン30安打をマークし、オリックスとの日本シリーズ第6戦（ほっともっと）では延長十二回に決勝の左前適時打を放って日本一に導いた。
華々しい経歴の一方で、何度も故障に泣かされた。特に腰は2度の手術を経験。20年は春季キャンプ不参加でリハビリに励んだ。何度挫折しそうになっても歯を食いしばって乗り越え、チーム随一の練習量で復活してきた。それだけ野球が大好きだった。
「ヤクルトで20年間、野球をやらせていただいて本当に感謝しています。山あり谷ありというか、良いことも悪いこともたくさんありました。いろいろなことがありましたけど、全て自分の経験、財産になっていると思う。本当に良くやったと思います」
28日の巨人戦が現役生活最後の一戦。夢を乗せたバットで、燕を何度も勝利に導いてきた川端が有終の美を飾る。（赤尾裕希）",[],[]
ソフトバンク・有原航平、2軍落ちからの復活！13勝目で優勝決めた（サンケイスポーツ）,https://news.yahoo.co.jp/articles/264a2eb6ea3cb3245401a7feae457f08eda0ea84,https://newsatcl-pctr.c.yimg.jp/t/amd-img/20250928-00000032-sanspo-000-1-view.jpg?exp=10800,2025-09-28T07:30:00+09:00,2025-09-28T07:30:00+09:00,サンケイスポーツ,sanspo,サンケイスポーツ,679,"六回、西武・セデーニョを空振り三振に仕留めたソフトバンク・有原航平は7回1失点で13勝目　＝ベルーナドーム（撮影・萩原悠久人）
（パ・リーグ、西武1－4ソフトバンク、24回戦、ソフトバンク16勝8敗、27日、ベルーナD）エースは俺だ！　証明するには、優勝を決める試合以外にない。ソフトバンク・有原航平投手（33）が魂の投球で7回1失点。13勝目を挙げ、歓喜の輪で笑顔がはじけた。

「開幕投手を任されながら、全然、納得できる投球ができなくて…。きょうは自分で決めたいなと思っていました。1点取られましたが、味方がすぐに点を取ってくれたので」

開幕投手を託されて、勝利し、最多勝にまで到達した1年前の輝きはない。それどころか、5月中旬には2軍に降格。特に昨年は無双状態だった本拠地で0勝3敗、防御率8・10では、2軍落ちに、言い訳の余地もない。

それでも、自分をしっかり見つめ直した。調子の上がらなかった時期は、昨年に比べて圧倒的にツーシームが増えていた。好調だった時期は、真っすぐを軸にした配球に徹していた。

原点回帰。その4文字を頭に、自分を取り戻すことに心血を注いだ。

「今も、ことしを振り返ったら悪いイメージの試合が思い浮かびます」

苦しかった一年を、素直に思い起こす。

とはいえ、終わってみれば、2桁勝利投手が4人。その中に自身の名前を連ねた。その軸は、やっぱりエース。野手の故障者が続出し、得点力不足に泣いたチームを救ったのは、まぎれもなく有原だ。

次は昨年逃した日本一への挑戦。最強投手陣のリーダーとして、頂点を目指す。（上田雅昭）",[],[]
楽天、三木肇監督の来季続投については今季終了後に精査して判断（サンケイスポーツ）,https://news.yahoo.co.jp/articles/29c82b1b691d8729fd0472f9a5eb68f9cbfee246,https://newsatcl-pctr.c.yimg.jp/t/amd-img/20250928-00000031-sanspo-000-1-view.jpg?exp=10800,2025-09-28T07:30:00+09:00,2025-09-28T07:30:00+09:00,サンケイスポーツ,sanspo,サンケイスポーツ,287,"楽天・三木肇監督
（パ・リーグ、オリックス2－0楽天、22回戦、オリックス12勝10敗、27日、京セラ）楽天が、三木肇監督（48）の来季続投について今季終了後に精査して判断することが27日、分かった。チームは同日のオリックス22回戦（京セラ）で零敗を喫し、4年連続のBクラスとシーズン負け越しが確定。

三木監督は2020年以来、5年ぶりに1軍で指揮を執り、64勝71敗2分けの4位。石井一久ゼネラルマネジャー（52）は監督人事が白紙ではないことを強調した上で「シーズン中なので、現時点で何も決まっていない。チーム編成なども決まり次第、皆さんにお伝えいたします」と説明した。",[],[]
ソフトバンク連覇　小久保裕紀監督、新庄ハム振り切って7度舞った！（サンケイスポーツ）,https://news.yahoo.co.jp/articles/556b450565cd45707ad9a93a62be6ee4b06ba115,https://newsatcl-pctr.c.yimg.jp/t/amd-img/20250928-00000030-sanspo-000-1-view.jpg?exp=10800,2025-09-28T07:30:00+09:00,2025-09-28T07:30:00+09:00,サンケイスポーツ,sanspo,サンケイスポーツ,1731,"胴上げされる小久保裕紀監督。最下位から巻き返し、リーグ連覇を決めた＝ベルーナドーム（撮影・萩原悠久人）
（パ・リーグ、西武1－4ソフトバンク、24回戦、ソフトバンク16勝8敗、27日、ベルーナD）ソフトバンクが27日、パ・リーグ2連覇を果たした。ベルーナドームで西武に4―1で勝ち、南海、ダイエー時代を合わせて21度目、1リーグ時代を含めれば23度目となる栄冠を手にした。今季は主力に故障が相次いで序盤は最下位と低迷したが、就任2年目の小久保裕紀監督（53）の下、日本ハムとの争いを制し、2リーグ制となった1950年以降で、球団史上初めて最大7の負け越しから頂点に上り詰めた。クライマックスシリーズには10月15日開始のファイナルステージから出場し、5年ぶり12度目の日本一を狙う。

小久保監督が7度、ベルーナドームに舞った。借金最大7からの優勝は球団史上初。53歳の指揮官は難局から道を開き、就任した2024年に続き、リーグ連覇を達成した。

「本当に苦しいシーズンだった。全員の力がなければ2連覇は達成できなかった。胴上げしてもらって、選手たちに感謝の気持ちでいっぱいです」

昨オフにFAで扇の要・甲斐が巨人へ移籍。今年3月のオープン戦では栗原が右脇腹を負傷し、球団初の本拠地開幕3連敗を喫した。直後に近藤が腰の手術で離脱。柳田もけがで登録抹消となり、12年ぶりの単独最下位も経験した。4月を終えた時点での最下位も29年ぶり。苦しい戦いが続くなか、小久保監督は4月末、遠征先の宿舎で開いた緊急ミーティングで「普段の振る舞いをおろそかにするな」とナインにげきを飛ばした。

監督就任時からチーム全体に向け「勝利の女神は細部に宿る」と訓示してきた。走塁、守備、声出しに至るまで、細部を徹底させ、仲間同士で注意し合う文化を根づかせた。やがてそれは大きな力となった。練習や生活の一つ一つの所作にこそ、勝敗を分ける差が生まれる。その信念を体現させた。

右足骨折の周東、右肘痛の今宮も欠いたが、5連敗中だった5月2日のロッテ戦（みずほペイペイ）での劇的なサヨナラ勝利を機に反転攻勢をかけた。「今振り返ると、あの試合がポイントだったかな」。勢いに乗ったチームは6月の交流戦で6年ぶり9度目の優勝を飾り、歴代最多を更新した。特に6年目の柳町が3番打者として打率・397で交流戦の首位打者とMVPを獲得。打線の中軸を担うまで成長した28歳の覚醒が、後半戦の大きな追い風となった。

指揮官として選手起用でも大胆にかじを切った。交流戦途中に不振に陥った守護神オスナを外し、7年目の杉山をクローザーに据えた。また、今宮に代わり4年目の野村を遊撃で起用。野村も攻守で存在感を示し、監督の信頼に応えた。
8月31日のロッテ戦（ZOZOマリン）後には再び宿舎で緊急ミーティングを開き、「野球は〝間〟のあるスポーツだ。その間に何を考えるかで勝負は決まる。準備不足では届かない」と説いた。静まり返った室内での言葉は、選手の意識を高めた。小久保監督の哲学が浸透したチームは、交流戦制覇で得た勢いをそのままに粘り強く戦い抜いた。
投手では大関、有原、モイネロ、上沢が2桁勝利。球団では2005年以来、20年ぶりの「10勝カルテット」を形成し、盤石の先発ローテーションを築き上げた。野手も中村は要所で勝負強さを発揮し、近藤も満身創痍（そうい）のなかでも高い打撃技術を示し、ベテラン、中堅、若手が一丸となった。
日本ハムとのデッドヒートを制したペナントレースを、指揮官は「やっぱり新庄監督率いる日本ハムが強くて。日本ハムとやれた試合は財産になった」と振り返った。
小久保監督は選手として前身のダイエーで1999、2000年にリーグ連覇を経験。「王監督が『初優勝より100倍難しい連覇』と言っていた」という恩師の言葉を思い出し、チームを引き締め直して偉業を実現させた。ただ、これは通過点。
「昨年、日本一に届かず、悔しい思いをしたんで。ここからいかに日本一を取るかということに頭を切り替えて、またあしたから取り組みたい」
その先に見据えるのは、昨季逃した監督として初の「日本一」だ。（上阪正人）",[],[]
オリックス・山下舜平大、復活の今季初勝利でCS進出導いた（サンケイスポーツ）,https://news.yahoo.co.jp/articles/035b9877963abf9f011dbc7358e5998752b74190,https://newsatcl-pctr.c.yimg.jp/t/amd-img/default.jpg?exp=10800,2025-09-28T07:30:00+09:00,2025-09-28T07:30:00+09:00,サンケイスポーツ,sanspo,サンケイスポーツ,552,"（パ・リーグ、オリックス2ー0楽天、22回戦、オリックス12勝10敗、27日、京セラ）復活を遂げた剛腕が、クライマックスシリーズ（CS）進出に導いた。オリックス・山下舜平大投手（23）が今季3度目の先発で好投し、初白星を挙げた。

「尻上がりに良くなっていった」

三、五回にそれぞれ二塁打からピンチを招いたが、三振でしのいだ。最速158キロで、11奪三振をマーク。今季最多107球を投げ、7回無失点で役目を終えた。

腰のコンディション不良の影響で出遅れた今季の1軍初登板は9月7日の日本ハム戦（京セラ）。昨年9月4日の西武戦（ほっと神戸）以来、388日ぶりの白星に「ここまで来ると自分の勝ちは正直どうでもよかった」と控えめに喜んだ。

腰に巻くベルトに刻んだ英語のフレーズが山下の生き方を表している。日本語訳は「すべてがナンバーワンへの道だから」―。度重なる腰の不調に悩まされ、長いリハビリを経験してきた右腕は「遠回りはない。全部意味のあるものにすればいい」という前向きな思考でナンバーワンへの道を突き進んでいる。

チームはシーズン勝率5割以上が確定し、2年ぶりのCS進出を決めた。山下はプレーオフへ「与えられたポジションでチームが勝つために、どんな手でも使っていきたい」と引き締めた。（織原祥平）",[],[]
日本ハム・達がプロ初完封で8勝目　新人王へ、新庄監督「完封はでかいね」　チームは2位確定（サンケイスポーツ）,https://news.yahoo.co.jp/articles/391ef4a00ba9b5cc43a88c184461346d04092d69,https://newsatcl-pctr.c.yimg.jp/t/amd-img/20250928-00000027-sanspo-000-1-view.jpg?exp=10800,2025-09-28T07:30:00+09:00,2025-09-28T07:30:00+09:00,サンケイスポーツ,sanspo,サンケイスポーツ,662,"完封の達とハイタッチ交わす日本ハム・新庄剛志監督＝ZOZOマリンスタジアム（撮影・田村亮介）
（パ・リーグ、ロッテ0－2日本ハム、23回戦、日本ハム16勝7敗、27日、ZOZOマリン）シーズン140試合目での〝明るい〟終戦。日本ハム・新庄剛志監督（53）は開口一番「新人王確定？　完封はでかいね」と、プロ初完封で8勝目を挙げた達孝太投手（21）をたたえた。

自身が監督に就任した2022年入団のドラフト1位右腕。4年目ながら新人王有資格者である達が116球で八回を投げ終えベンチに戻ってくると握手を求めた。「〝交代かよ〟と思って手を出さなかった」という達に、「パワーをあげる。完封いくぞ！」と声を掛けて今度は本当に握手。指揮官は「（テレビ）解説者に『達くん、終わりですね』と言わせて、（九回も）投げるんか～いってオチ」と得意満面。新人王の援護射撃に、今季最終戦となる10月4日のロッテ戦（ZOZOマリン）に登板させる可能性も示唆した。

勝利から38分後。ソフトバンクがリーグ連覇し、残り3試合を残してシーズン81勝、貯金25ながら2位が確定した。新庄監督は自身のインスタグラムのストーリーズに「悔しくて悔しくて　言葉にするのは難しいけど　小久保監督　素直におめでとう　本当に強かった」と投稿。同学年の敵将を心から祝福した。ただ、2年連続の2位も、昨年は13・5ゲーム差と大きく引き離されての2位。「しかし、実力の差は間違いなく縮まっている」と付け加え、CSファイナルステージでの対戦に向けて〝宣戦布告〟した。（東山貴実）",[],[]
ヤクルト・川端慎吾、家族に感謝「野球に集中させてくれたことは本当にありがたかった」（サンケイスポーツ）,https://news.yahoo.co.jp/articles/e565244164fe0a763458c691837ec0d700c3aca4,https://newsatcl-pctr.c.yimg.jp/t/amd-img/20250928-00000026-sanspo-000-1-view.jpg?exp=10800,2025-09-28T07:30:00+09:00,2025-09-28T07:30:00+09:00,サンケイスポーツ,sanspo,サンケイスポーツ,1023,"ヤクルト・川端慎吾の父・末吉さん
（セ・リーグ、ヤクルト3－1広島、23回戦、ヤクルト13勝8敗2分、27日、神宮）ヤクルト・川端慎吾内野手（37）が27日、今季限りでの現役引退を表明し、東京・北青山の球団事務所で会見を行い、大粒の涙を流した。卓越したバットコントロールで、2015年に首位打者と最多安打のタイトルを獲得。近年は〝代打の神様〟として一打席に懸けてきた。中心選手として3度のリーグ優勝と21年の日本一達成に大きく貢献。広島23回戦（神宮）の七回に代打で今季初打席に立ち、右翼線に二塁打を放って本拠地の大歓声を受けた。

家族とともに歩んできた20年間のプロ野球人生だった。今季限りでの現役引退を表明したヤクルト・川端は常々、妻・今日香さん（41）への感謝を口にしてきた。

「家を空けることが多くて、いろいろなことを任せてばかりだった。野球に集中させてくれたことは、本当にありがたかった。家族のために頑張っていた。それが全て」

2015年に誕生した長男（10）は、テレビ越しにいつも応援してくれていた。シーズン中に遊べる機会は決して多くない。それでも、遠征の移動日には食事をしてから最終の新幹線に乗るなど家族の時間を作り、力に変えてきた。

野球一家に育った。父・末吉さん（72）は、大阪の中学硬式野球クラブチーム「貝塚ヤング」で監督を務めている。幼少期は、女子野球元日本代表の妹・友紀さん（36）とともに辺りが真っ暗になるまで父から指導を受けた。数年前からは、年末に愛媛・松山市で行う自主トレで打撃投手を務めてもらうなど、父子の絆は今も変わらない。

市和歌山商（現市和歌山）高時代には始発で通い、終電で帰宅する日も多かったが、母・恵子さん（69）が毎日のように最寄り駅まで約20分間車を走らせ送迎してくれた。「両親が一番応援してくれたし、心配してくれた。感謝しかない」。この日は、家族が神宮球場を訪れた。感謝の思いを胸に雄姿を見せた。（赤尾裕希）

◆神宮球場で観戦した川端の父、末吉さん　「まさか20年間も第一線でできて、タイトルも取らせてもらえるなんて夢にも思っていなかった。5、6年前に『代打になるから打ち方も変わるし見てくれ』と言われて、年末に松山で2人での自主トレを始めて、そこから代打として復活してくれて本当にうれしかった。本当にお疲れさまと言ってやりたい。慎吾には夢を見せてもらったので、本当に感謝しかないです」",[],[]
阪神・近本光司猛追打ショー！　最多安打デッドヒート小園＆岡林に1差（サンケイスポーツ）,https://news.yahoo.co.jp/articles/8e2a6de3d888f975ccb8ccbcdfe58b9f40a5308f,https://newsatcl-pctr.c.yimg.jp/t/amd-img/20250928-00000025-sanspo-000-1-view.jpg?exp=10800,2025-09-28T07:30:00+09:00,2025-09-28T07:30:00+09:00,サンケイスポーツ,sanspo,サンケイスポーツ,1176,"一回、中前打を放つ阪神・近本光司。この日3安打で、トップに1差に迫った　＝西宮市・甲子園球場（撮影・林俊志）
（セ・リーグ、阪神3－5中日、24回戦、12勝12敗、27日、甲子園）タイトルへ猛追！！　阪神・近本光司外野手（30）が中日戦（甲子園）に「1番・中堅」で出場し、3安打を放った。1カ月半ぶりの猛打賞をマークし、これで今季158安打。トップの広島・小園、中日・岡林との差を1とした。レギュラーシーズンは残り2試合。2021年以来2度目の最多安打へ、虎のヒットメーカーが最後にまくってみせる。試合は3－5で敗れた。

次から次へと快音が響き渡る。そのたびに黄色く染まる甲子園が大きく揺れた。最多安打争いを繰り広げる近本が3安打。シーズン最終盤で怒涛の追い上げを図り、逆転での戴冠を視界にとらえた。

「しっかりと（回の）先頭で（塁に）出られた」

まずは一回、相手先発・高橋宏が投じた外角の153キロを鮮やかにセンター返し。続く三回の第2打席では2球で追い込まれるも、「うまく反応できた」と3球目の高め155キロをとらえて今度は中前へ運んだ。

勢いは止まらない。0―4の七回はカウント3―1から内角寄りにきた155キロを鋭いライナーではじき返し、右翼線へのスタンディングダブル。大山の通算150号となる3ランを呼ぶ一打となった。

いずれも回の先頭として「H」ランプを灯し、勝利にはつながらなかったが、リードオフマンとしての仕事を全う。8月15日の巨人戦（東京ドーム）以来、2021年に並んで自己最多となる今季14度目の猛打賞をマークした。その21年に獲得したタイトルの一つが最多安打。この日、今季158安打まで上積みし、広島・小園、同じくこの試合で3安打と固め打ちした岡林の2人に1差という好位置につけ、争いは激化の様相だ。

今季は球団史上最速となる通算1000安打を達成し、輝かしい節目を迎えたVシーズンだった。ただ、8月下旬には自己ワーストとなる38打席連続無安打と苦しみ、9月絶好調の小園には12日に安打数トップの座を明け渡した。最大9差をつけられたが、首位打者や最高出塁率のタイトルを争う鯉の背番号5が出場機会を減らす間に、虎の背番号5の猛追は5試合連続安打で加速した。

最多安打のタイトルを複数回獲得すれば、藤村富美男、バース、マートンに次いで球団4人目。日本選手では75年ぶり2人目という快挙はすぐそこだが、周囲がどれだけ色めきたっても「大事なのはポストシーズンに向けて、というところ」と心がブレることはない。
「得点でかえってこられたらよかったな、という感じです」
3度の快音を響かせても、ホームを踏めなかった2出塁に目を向けた。残すは2試合。最高のシーズンの連勝締めへ、近本の快音の先には盗塁王との2冠がある。（須藤佳裕）",[],[]
ドジャースが34歳のベテランを昇格…9月に新加入の左腕　9月4戦無失点だった25歳右腕がマイナー降格（サンケイスポーツ）,https://news.yahoo.co.jp/articles/506c07fe4a1c797439b8bb48f26b37fcb93fae77,https://newsatcl-pctr.c.yimg.jp/t/amd-img/20250928-00000024-sanspo-000-3-view.jpg?exp=10800,2025-09-28T07:27:34+09:00,2025-09-28T08:17:01+09:00,サンケイスポーツ,sanspo,サンケイスポーツ,392,"ドジャースのロバーツ監督
マリナーズ―ドジャース（27日、シアトル）米大リーグ、ドジャースはアンドリュー・ヒーニー投手（34）をメジャー昇格させると発表。また、ウィル・クライン投手（25）をオプションでマイナー降格させ、ニック・フラッソ投手（26）を60日間の負傷者リスト（IL）に移行した。
【写真】エンゼルス時代、チームメイトの大谷に投球するヒーニー
左腕ヒーニーは今季パイレーツと1年契約を結び5勝10敗、防御率5・39の成績で8月下旬にDFA（メジャー40人枠から外れす措置）となり、9月1日にドジャースのマイナー契約を結んでいた。2022年はドジャースでプレーし、4勝4敗、防御率3・10の成績だった。今季の移籍後は3Aで4試合に先発している。

クラインは26日マリナーズ戦で1回⅔を投げ無失点、1三振。昇格後は4試合でいずれも無失点だったが、無念のマイナー降格となった。",[],[]
timelesz橋本将生、初主演連ドラで推し守る大学生熱演「（ファンの）気持ちが分かった」（サンケイスポーツ）,https://news.yahoo.co.jp/articles/455863f6a23981dda9672369f0bddbc669c07ba9,https://newsatcl-pctr.c.yimg.jp/t/amd-img/20250928-00000019-sanspo-000-1-view.jpg?exp=10800,2025-09-28T07:00:00+09:00,2025-09-28T07:00:00+09:00,サンケイスポーツ,sanspo,サンケイスポーツ,589,"テレビ東京系「ひと夏の共犯者」の記者会見に出席した左から橋本将生、恒松祐里＝東京・六本木
人気グループ、timeleszの橋本将生（25）がこのほど東京・六本木のテレビ東京で行われた同局系主演ドラマ「ひと夏の共犯者」（10月3日スタート、金曜深夜0・12）の記者会見に共演の恒松祐里（26）と出席した。

同作は、主人公の大学生、岩井巧巳（橋本）が、推しのアイドルで裏の顔〝眞希〟を持つ片桐澪（恒松）を守るため、自らの手を汚していく逃避行ラブサスペンス。

橋本は連ドラ初出演で初主演が決まった際を「急にマネジャーさんに呼び出されて怒られると思って」と笑わせ、「timeleszを背負って頑張ろうと思った」と意気込んだ。

推しのアイドルを持つ役どころに「客席から見る景色はきれいで新鮮な気持ちになれた。より普段応援してくれる方々の気持ちが分かった」と感謝。

ドラマ主演が決まった際のメンバーの反応を聞かれ「それぞれからおめでとうを言われました。風磨くんからアドバイスで『台本は現場で開かない』の言葉をいただいて、まだ一度も開いていません」とドヤ顔で報告し、会見場を和ませた。

timeleszが歌う主題歌「Limited Nights」は歌謡曲テイストのラブソング。歌い出しを担当する橋本は「どこかすごく艶がある。ひと夏のはかなさ、葛藤がイメージされた曲」とアピールした。",[],[]
鈴木誠也が3戦4発の大暴れ　松井秀喜に並ぶ日本選手2位の31号　38試合ノーアーチから初のPSに向けて爆進（サンケイスポーツ）,https://news.yahoo.co.jp/articles/34c6055206d49c34d8c99f5f8fd75c8a748b7f98,https://newsatcl-pctr.c.yimg.jp/t/amd-img/20250928-00000018-sanspo-000-12-view.jpg?exp=10800,2025-09-28T06:17:17+09:00,2025-09-28T08:52:08+09:00,サンケイスポーツ,sanspo,サンケイスポーツ,432,"カブス・鈴木誠也
カブス―カージナルス（27日、シカゴ）米大リーグ、カブスの鈴木誠也外野手（31）がカージナルス戦に「5番・右翼」で出場し、3―1の六回に左翼席へ、31号ソロを放った。日本選手では大谷翔平（ドジャース）に次いで、松井秀喜（ヤンキース）と並びシーズン本塁打数で2位となった。
【写真】鈴木誠也の二の腕
鈴木は38試合　鈴木は8月6日レッズ戦で27号を放って以降、38試合連続で本塁打なしの試合が続いたが、9月25日メッツ戦で四回に39試合ぶりの28号を放つと、1試合2発となる29号もマーク。26日カージナルス戦で2戦連発の30号満塁本塁打を放ち、大谷翔平、松井秀喜に次ぐ大台を達成。さらにこの日は3戦連発となる31号を放ち、2004年に松井秀喜氏が放った本塁打数に並んだ。

これで鈴木は直近3試合で4発の大暴れ。前日にはシーズン100打点も達成し、9月30日（日本時間10月1日）にパドレスと戦うワイルドカードシリーズに向けて大きな弾みとなった。",[],[]
松井秀喜氏が明かした現役時代に設定した〝壁〟「100は打ちたいと…」　自身と大谷翔平に続き鈴木誠也が到達…NYで野球教室（サンケイスポーツ）,https://news.yahoo.co.jp/articles/f247f37b0d5a9775e585c06e7f448c5f0b775bcc,https://newsatcl-pctr.c.yimg.jp/t/amd-img/20250928-00000017-sanspo-000-2-view.jpg?exp=10800,2025-09-28T05:47:43+09:00,2025-09-28T05:58:56+09:00,サンケイスポーツ,sanspo,サンケイスポーツ,490,"ニューヨーク市内で野球教室を開催した松井秀喜氏（撮影・竹濱江利子通信員）
【ニューヨーク27日（日本時間28日）】巨人、ヤンキースなどで活躍した松井秀喜氏（50）＝ヤンキースGM付特別アドバイザー＝が、市内で野球教室を開催。取材対応では自身が現役時代に設定した数字の〝壁〟について語る場面があった。

26日にカブス・鈴木誠也外野手（31）が30本塁打、100打点に到達。いずれの数字も日本選手では過去、松井秀喜氏とドジャース・大谷翔平投手（31）しか到達していない高い壁だった。松井氏は「1年間フルにちゃんと試合出たら、ヤンキースにいたときは100打点は打ちたいとは思っていた。自分の場合は上位打線に出塁率の多い良い選手そろっていたので、自分の役割は走者をかえすことというのはあった。ホームランに関してはそういうの（数字目標）はなかったかな。自分の中では30本は結構高い壁だったと思う」と振り返った。

松井氏はメジャー移籍1年目の2003年から3年連続で100打点に到達するなど、日本選手最多となる4度の100打点を達成。大谷は21、24、今季と3度100打点を達成している。",[],[]
【28日戸田4、12R】機力アップの市川健太がデビュー初優出目指す（サンケイスポーツ）,https://news.yahoo.co.jp/articles/737753d1baf943764192051f18595a1eb344e2c4,https://newsatcl-pctr.c.yimg.jp/t/amd-img/20250928-00000016-sanspo-000-1-view.jpg?exp=10800,2025-09-28T05:33:00+09:00,2025-09-28T05:33:00+09:00,サンケイスポーツ,sanspo,サンケイスポーツ,213,"市川健太
市川健太（滋賀）がオール3連対と奮闘している。特に2日目9Rは6枠ながら、3着争いに競り勝ち「足の差で勝てた」と声が弾んだ。「前半は合っていなかったけど、馬場（貴也）さんにアドバイスをもらって、調整を変えたら強烈に良かった」と機力アップに成功した様子。6強入りへは3日目4、12Rで2、2着以上がノルマ。「ここはいい感じできていて、Fを切っているので…」。仕掛けは無理できないが、上昇した舟足でデビュー初優出を狙う。",[],[]
【宮島ボート・PGⅠヤングダービー】中村日向6号艇も「勝ちにいくレースを」（サンケイスポーツ）,https://news.yahoo.co.jp/articles/b7515bfed5604525067bea12bae48dcbcf975723,https://newsatcl-pctr.c.yimg.jp/t/amd-img/20250928-00000015-sanspo-000-1-view.jpg?exp=10800,2025-09-28T05:32:00+09:00,2025-09-28T05:32:00+09:00,サンケイスポーツ,sanspo,サンケイスポーツ,247,"中村日向
宮島ボートの「プレミアムGⅠ第12回ヤングダービー」は28日、第12Rで優勝戦が行われる。

波乱を呼ぶ。中村日向（26、香川）は準優10R、「忠政さんを連れていきたくてしっかりいこうと思った」と6コースからコンマ05のトップSを放って井上忠政（大阪）に5コースまくりを促すと、間隙を突き2着で優出。「結果を出せばチャレンジカップ（11月・福岡）の可能性も出てくるので勝ちにいくレースをしたい」。賞金ランク64位から大躍進のSG出場へ。優勝戦も再び6枠からGⅠ覇者の勝負強さをみせる。",[],[]
【宮島ボート・PGⅠヤングダービー】吉田裕平「乗り心地きている」得意のターン決めてGPへ大前進（サンケイスポーツ）,https://news.yahoo.co.jp/articles/18e3d3ca2eeb97bfc57456419415bc3d07941e08,https://newsatcl-pctr.c.yimg.jp/t/amd-img/20250928-00000014-sanspo-000-1-view.jpg?exp=10800,2025-09-28T05:31:00+09:00,2025-09-28T05:31:00+09:00,サンケイスポーツ,sanspo,サンケイスポーツ,607,"吉田裕平
宮島ボートの「プレミアムGⅠ第12回ヤングダービー」は28日、第12Rで優勝戦が行われる。

◇

選考勝率1位の初日12Rドリーム戦勝者が最終日12Rも制する。吉田裕平（28、愛知）は準優11Rで枠なり2コースから2着を確保し待望の大会初優出に成功した。

「特訓から1番（中山翔太＝三重）と3番（飛田江己＝埼玉）のほうがしっかりしていると思ったけど、自分の思う回転域でペラはしっかり叩けました。しっかりとした中堅です」

1周1マークは意表を突く外マイで飛田の攻めを封じ、2Mで迫った佐々木完太（山口）と登玉隼百（兵庫）を再び豪快な外マイで退けて「全速でターンできて乗り心地がよかった」と持ち前の旋回力が生きる回り足に仕上げ切った。

完全Vのびわこ→若松SGメモリアル（6着）→住之江GⅠ高松宮記念（6着）から4連続優出と最高潮の勢いで臨む優勝戦は4枠。「乗り心地は来ているので8割方、この微調整でいくつもり」とGⅠ覇者として磨きをかけてきた旋回力で勝機を見いだす構え。

「年末を見据えて賞金を上積みしたいし、クラシック出場へもGⅠを勝つしかないなと思っているのでそこは意識します」。今年の賞金ランク36位から優勝すれば年末の住之江グランプリ出場圏の14位近辺へ浮上が濃厚。さらに来春の地元・蒲郡SGクラシック出場権もかけた大勝負で愛知の次世代エース候補がシャープに艇団を突き抜ける。（小出大輔）",[],[]
松井秀喜氏が巨人・田中将大にエール「こだわりあるなら応援」　日米の〝後輩〟は通算200勝に王手…NYで野球教室（サンケイスポーツ）,https://news.yahoo.co.jp/articles/2a7dfdf6644264d65ebf7cf2cf21ac33e97ea86e,https://newsatcl-pctr.c.yimg.jp/t/amd-img/20250928-00000013-sanspo-000-1-view.jpg?exp=10800,2025-09-28T05:30:23+09:00,2025-09-28T05:30:23+09:00,サンケイスポーツ,sanspo,サンケイスポーツ,684,"ニューヨーク市内で野球教師を開催した松井秀喜氏（撮影・竹濱江利子通信員）
【ニューヨーク27日（日本時間28日）】巨人、ヤンキースなどで活躍した松井秀喜氏（50）＝ヤンキースGM付特別アドバイザー＝が、市内で野球教室を開催。取材対応では日米通算200勝に残り1勝まで迫っている巨人・田中将大投手（36）にエール。「彼が（200勝）そこに強いこだわりを持っているのであればそれはもちろん応援しますよ」と背中を押した。

田中将は当初、9月28日のヤクルト戦（神宮）で先発させる予定だったが、2位DeNAを追う戦いが佳境に入る中、阿部監督が「流動的になる」と説明し、登板時期が不透明になっている。9月30日、10月1日のレギュラーシーズン最終カードとなる中日2連戦（東京ドーム）で先発する可能性は残されており、今季中に200勝を達成するチャンスは残されている。ヤンキース、巨人で後輩となる右腕に「ヤンキースでも同じユニホームを着た選手、今は日本でもそうでしょう」と人一倍、注目している選手のようだった。

この日は9～13歳の男女31人に野球教室を開催。打撃の指導では「強く、正確に打つことが大事。ボールを長く見るよう心がけること」とアドバイス。恒例の打撃実演では高さ6メートルを超える右翼フェンスを軽々超える推定100メートル級のアーチを放つなど14スイング中2本の柵越えを披露。今年8月にはイチロー氏（51）＝マリナーズ会長付特別補佐兼インストラクター＝が率いるアマチュア野球チームに参戦したこともあり、「体が野球モード残っているのでいけましたね」と余裕の表情だった。",[],[]
松井秀喜氏がメジャー挑戦意向の村上宗隆〝勧誘〟「ヤンキースだった素晴らしい」　ともに背番号55が代名詞…NYで野球教室（サンケイスポーツ）,https://news.yahoo.co.jp/articles/28de5b7f209a724b17a1383bddc0444a427068ae,https://newsatcl-pctr.c.yimg.jp/t/amd-img/20250928-00000012-sanspo-000-1-view.jpg?exp=10800,2025-09-28T05:22:09+09:00,2025-09-28T05:22:09+09:00,サンケイスポーツ,sanspo,サンケイスポーツ,682,"ニューヨーク市内で野球教室を開催した松井秀喜氏（撮影・竹濱江利子通信員）
【ニューヨーク27日（日本時間28日）】巨人、ヤンキースなどで活躍した松井秀喜氏（50）＝ヤンキースGM付特別アドバイザー＝が、市内で野球教室を開催。取材対応では今オフにヤクルトからポスティングシステムによるメジャー移籍が確実視されているヤクルト・村上宗隆内野手（25）にエールを送った。

球団は違えど、現役時代に長く背負った背番号「55」を着用する村上に「彼にとって一番いいチームにいって欲しいと思う。それがヤンキースだったら素晴らしいことだと思うが、彼が一番フィットするチームに行けるのが一番いいと思う」とヤンキースへの加入を待望しつつも、自身の経験から個人的にフィットする球団を〝推薦〟した。また、近年はドジャースを中心に西海岸の球団に有力な日本選手が多く移籍している現状には「家で野球中継見る意味ではそう（東海岸にきてほしい）かな。西の試合は眠くなっちゃって見れないからね」と冗談交じりに報道陣の笑いを誘った。

この日は9～13歳の男女31人に野球教室を開催。打撃の指導では「強く、正確に打つことが大事。ボールを長く見るよう心がけること」とアドバイス。恒例の打撃実演では高さ6メートルを超える右翼フェンスを軽々超える推定100メートル級のアーチを放つなど14スイング中2本の柵越えを披露。今年8月にはイチロー氏（51）＝マリナーズ会長付特別補佐兼インストラクター＝が率いるアマチュア野球チームに参戦したこともあり、「体が野球モード残っているのでいけましたね」と余裕の表情だった。",[],[]
SHOW－WA、秋の交通安全運動イベントにシークレットゲストで全力挑戦　チラシ配り＆交通安全呼びかけ＆歌唱「新宿のど真ん中」で感激（サンケイスポーツ）,https://news.yahoo.co.jp/articles/3da7e806edcba32a506d9ee0ad6807b8409f687b,https://newsatcl-pctr.c.yimg.jp/t/amd-img/20250928-00000011-sanspo-000-1-view.jpg?exp=10800,2025-09-28T05:00:01+09:00,2025-09-28T05:00:01+09:00,サンケイスポーツ,sanspo,サンケイスポーツ,1083,"ピーポくん（中央）と敬礼ポーズをキメて交通安全をアピールしたSHOW－WAのメンバー＝東京・渋谷区（撮影・佐藤徳昭）
男性6人組昭和歌謡グループ、SHOW－WAが27日、東京・新宿高島屋1階JR口特設会場で行われた警視庁原宿署主催「秋の交通安全運動イベント」にシークレットゲストとして登壇した。警察関連のイベントへの出演は初めて。観客の呼び込みや交通安全のクイズに参加して反射材やヘルメットの重要性を訴え、急な要望に応えて歌唱をサプライズ披露。会場を盛り上げた。

週末の新宿のど真ん中に今最も勢いがある昭和歌謡界の注目株が降臨した。

「皆さん、こんにちは！」「交通安全イベントを行っております！！」

威勢のいい掛け声でメンバーが歩道に出て通行人や観光客にチラシを配る。事前告知はなかったが、会場はあっという間に人だかりができた。

イベントは30日まで実施される「秋の全国交通安全運動」の一環。SHOW－WAが警察関連のイベントに出演するのは初めてだ。

この日は交通安全に関する3択クイズに参加し、反射材やヘルメットの重要性を再確認。山本佳志（37）は「私たちから3つのお願いがあります。1つ目は横断禁止場所では絶対に渡らない。2つ目は暗くなる前に身近なものに反射材をつける。3つ目は自転車に乗るときは必ずヘルメットをかぶってください」と呼びかけた。

すると、司会から「私たちからもお願いがあります」と急きょ歌唱を逆オファーされた。これを受け、井筒雄太（34）が「皆さん、楽しんでいきましょう！交通安全にも気を付けていきましょう！」と呼びかけ、デビュー曲「君の王子様」とヒット曲「外せないピンキーリング」をパフォーマンス。

小さなステージで力強く歌い踊り、塩田将己（33）は「まさかここで踊って歌を披露できるとは思っていなかった」と笑顔。青山隼（37）も「新宿のど真ん中ですよ」と感激した。

大役を果たした6人は原宿署の竹内千加男署長から感謝状を贈られ、感無量の表情。向山毅（37）は「僕たち自身も改めて学びの場になりました」と充実の笑みを浮かべ、寺田真二郎（42）はサプライズ歌唱について「どんな場所でもシークレットゲストでもSHOW－WAのライブになるって思いました」とはにかんだ。

SHOW－WAは兄弟グループのMATSURIと日本レコード大賞新人賞とNHK紅白歌合戦出場を目標に掲げているが、寺田は「レコード大賞、紅白歌合戦はもちろん、来年はセカンドツアーができたら。大きな目標として日本武道館で単独公演を目指したい」と決意を新たにしていた。",[],[]
楽天、ルーク・ボイトと再契約へ交渉（サンケイスポーツ）,https://news.yahoo.co.jp/articles/cbd219e5a200528c99b81ffffa3fa5c6eb06f048,https://newsatcl-pctr.c.yimg.jp/t/amd-img/20250928-00000010-sanspo-000-1-view.jpg?exp=10800,2025-09-28T05:00:01+09:00,2025-09-28T05:00:01+09:00,サンケイスポーツ,sanspo,サンケイスポーツ,257,"楽天のルーク・ボイト
楽天が今オフの最優先事項として、ルーク・ボイト内野手（34）と再契約に向けて交渉していくことが27日、分かった。シーズン途中で加入したボイトは7月2日に1軍デビューし、出場61試合で打率．284、13本塁打、35打点。

宋家豪（ソン・チャーホウ）投手（33）、スペンサー・ハワード投手（29）、ミゲル・ヤフーレ投手（27）、マイケル・フランコ内野手（33）に関しては今季終了後に精査して再契約か、否かを判断する。5月下旬に加わったオスカー・ゴンザレス外野手（27）は来季が2年契約の最終年。",[],[]
渡辺翔太、ミラノコレクションに初参加　メンバーのラウールは「こういった世界に飛び込んでいるんだな…」（サンケイスポーツ）,https://news.yahoo.co.jp/articles/dcb2c8b1e7d010201fbc88f49478972861689fe5,https://newsatcl-pctr.c.yimg.jp/t/amd-img/20250928-00000009-sanspo-000-1-view.jpg?exp=10800,2025-09-28T04:00:00+09:00,2025-09-28T04:00:00+09:00,サンケイスポーツ,sanspo,サンケイスポーツ,402,"TOD’S 2026年春夏コレクションに参加した渡辺翔太© TOD’S
Snow Manの渡辺翔太（32）が26日夜、イタリア・ミラノで開催されたラグジュアリーブランド「TOD’S」の2026年春夏コレクションにスペシャルゲストとして参加した。

レザーのブルゾンに新作のベルトバッグを身につけ、ブラウンカラーでまとめたコーディネートを披露。

ミラノコレクションは初参加で「あまり見たことのないようなアイテムがあって、今後ライブで着てみたいなと思った」と衣装の間口が広がった様子だ。

メンバーのラウール（22）はモデルとしても活動しているが、「こういった世界に飛び込んで仕事をしているんだなと肌で感じることができた。ラウールがやっていることのすばらしさに感動しました」と尊敬のまなざしを向けた。

同コレクションにはアンバサダーの女優、榮倉奈々（37）とフレンズの女優、飯豊まりえ（27）も参加した。",[],[]
阪神・茨木秀俊が緊急甲子園初登板（サンケイスポーツ）,https://news.yahoo.co.jp/articles/6b923d9581ab510dcd48bc60071399808b1ddb94,https://newsatcl-pctr.c.yimg.jp/t/amd-img/20250928-00000008-sanspo-000-1-view.jpg?exp=10800,2025-09-28T02:07:00+09:00,2025-09-28T02:07:00+09:00,サンケイスポーツ,sanspo,サンケイスポーツ,228,"阪神3番手の茨木秀俊＝甲子園球場（撮影・水島啓輔）
（セ・リーグ、阪神3－5中日、24回戦、12勝12敗、27日、甲子園）九回にハートウィグの緊急降板により、マウンドに上がった阪神・茨木秀俊投手（21）は甲子園初登板となった。「ファンの方々の声援が力になったので楽しかったです」。プロ2試合目の登板で初奪三振をマーク。1安打を許したが、2死を奪い、島本にバトンをつないだ。「ブルペンで準備はしていたので、（試合に）入れたかなと思います」と頼もしさをみせた。",[],[]
楽天・荘司康誠は八回途中2失点も4敗目　CSへの道は断たれ「悔しさを忘れずにやっていく」（サンケイスポーツ）,https://news.yahoo.co.jp/articles/94dd67df29aa8f01185d9bee3d2fdabc67cfb9ad,https://newsatcl-pctr.c.yimg.jp/t/amd-img/default.jpg?exp=10800,2025-09-28T01:33:00+09:00,2025-09-28T01:33:00+09:00,サンケイスポーツ,sanspo,サンケイスポーツ,216,"（パ・リーグ、オリックス2ー0楽天、22回戦、オリックス12勝10敗、27日、京セラ）楽天はCS出場の道が完全に断たれ、シーズン負け越しも確定した。

荘司が先発し、7回0/3を8安打2失点ながら4敗目。「大事な試合で期待に応えられなかった。悔しさを忘れずにやっていく」と明かした。

打線は相手先発、山下らを攻めあぐね3安打無得点。三木監督は、Aクラス入りを逃し「自分の力です。まだ大事な試合が残っているので全力で挑む」と語った。",[],[]
日本ハム、とにかく〝明るい〟終戦　プロ初完封で8勝目を挙げた達孝太に新庄監督「新人王確定？　完封はでかいね」（サンケイスポーツ）,https://news.yahoo.co.jp/articles/ca1853a157987f6c97ee065bafa77a8d5dc6fe08,https://newsatcl-pctr.c.yimg.jp/t/amd-img/20250928-00000006-sanspo-000-1-view.jpg?exp=10800,2025-09-28T01:30:00+09:00,2025-09-28T01:30:00+09:00,サンケイスポーツ,sanspo,サンケイスポーツ,942,"完封の達孝太とハイタッチ交わす日本ハム・新庄剛志監督（撮影・田村亮介）
（パ・リーグ、ロッテ0－2日本ハム、23回戦、日本ハム16勝7敗、27日、ZOZOマリン）シーズン140試合目でのとにかく〝明るい〟終戦。日本ハム・新庄剛志監督（53）は開口一番「新人王確定？　完封はでかいね」と、プロ初完封で8勝目を挙げた達孝太投手（21）をたたえた。

自身が監督に就任した2022年入団のドラフト1位右腕。4年目ながら新人王有資格者である達とベンチ内での〝寸劇〟で盛り上げた。116球で八回を投げ終えた達に、握手を求めた。「〝交代かよ〟と思って手を出さなかった」という達に、「パワーをあげる。完封いくぞ！」と声を掛けて再び手を差し出した。指揮官は「（テレビ）解説者に『達くん、終わりですね』と言わせて、（九回も）投げるんか～いってオチ」と得意満面だった。そして「新人王は1年で1人しか取れないから。何とか取ってほしいし、投げさせたいっちゃ投げさせたい」と今季最終戦となる10月4日のロッテ戦（ZOZOマリン）で登板させる可能性も示唆した。

勝利から38分後。ソフトバンクがリーグ連覇し、貯金25ながら2位が確定した。「リーグ優勝できなかったら、2位も6位も一緒という感覚で戦っていたので。2位でCSに行ったとしても、正直、テンションが下がる。でも、そうなった場合はもちろん、ファンのために日本一を目指してやっていく」と話してきた指揮官。ポストシーズンの主役は譲らない。（東山貴実）

★新庄監督「CSは調子のいいメンバーを集めたい」

オリックスとのCSファーストステージを万全の態勢で迎えるため、新庄監督は27日の試合前に腰痛の万波を出場選手登録から外し、かかと痛のレイエス、野村も当面はスタメン起用しない方針を明かした。さらに、今月2試合に救援で起用した昨季の台湾MVP右腕・古林睿煬（グーリン・ルェヤン）をレギュラーシーズンの残り試合で先発復帰させることも明言。「CSは調子のいいメンバーを集めたいから」と虎視眈々と策を練る。

◆6安打無四球でプロ初完封勝利を挙げた日本ハム・達　「やっとスね。新人王？　ここにいる皆さんが投票してくれたら（笑）。こっちはコントロールできないので」",[],[]
琴桜休場で不戦勝の大の里、千秋楽で横綱初Vだ　「またあした、集中して頑張る。しっかり気持ちを整えて」／秋場所（サンケイスポーツ）,https://news.yahoo.co.jp/articles/79ea76effbcfaa368460815c13938706f899ca2a,https://newsatcl-pctr.c.yimg.jp/t/amd-img/20250928-00000005-sanspo-000-1-view.jpg?exp=10800,2025-09-28T00:49:00+09:00,2025-09-28T00:49:00+09:00,サンケイスポーツ,sanspo,サンケイスポーツ,946,"琴桜に不戦勝で13勝目を挙げた大の里。千秋楽で豊昇龍に勝利し、自身の手で優勝をつかむ（撮影・佐藤徳昭）
大相撲秋場所14日目（27日、両国国技館）1敗で単独首位の横綱大の里（25）は、大関琴桜（27）の休場による不戦勝で13勝目を挙げた。今年60勝目とし、初の年間最多勝を確定させた。ただ一人1差で追う横綱豊昇龍（26）は関脇若隆景（30）をはたき込んで12勝目。大の里が千秋楽で豊昇龍に勝てば2場所ぶり5度目の優勝、横綱として初の制覇が決定。敗れると優勝決定戦にもつれ込む。新三役の小結安青錦（21）は11勝目を挙げた。

汗はかかない。かく必要がない。東の支度部屋。いつもなら準備の基礎運動に余念がない出番前。大の里にすれば、間延びしたような時間が過ぎていった。

「会場についてから知った。またあした、集中して頑張る。しっかり気持ちを整えて」

琴桜がこの日、右膝を負傷して休場し、1敗で単独首位に立つ対戦相手だった大の里は不戦勝に。ただ一人2敗で追う豊昇龍が結びの一番で若隆景に敗れれば、相撲を取ることなく横綱昇進後初めての優勝が決まる異例の事態に陥っていた。

琴桜の休場届が確認されたのは午後1時半を回ってから。午前中の早い段階ならば審判部も急ぎ取組を組み替える「割り返し」もできたろうが、それもできず。52本（312万円）もかかっていた懸賞はすべて取りやめとなる余波も広がった。

過去、類似の例は2つある。平成19年九州場所14日目。星が並んでいた横綱白鵬と大関千代大海が対戦し、白鵬が勝って12勝2敗、千代大海が11勝3敗で追う展開に。ところが、この一番で右肘を負傷した千代大海は千秋楽を休場。不戦敗となり、この時点で白鵬の優勝が決まった。

平成24年夏場所千秋楽。平幕栃煌山が大関琴欧州の休場で不戦勝となって12勝3敗に。平幕旭天鵬が当時関脇の豪栄道に勝って12勝で並んだ。2人の優勝決定戦で旭天鵬が勝ったが、本割で旭天鵬が敗れていれば栃煌山が相撲を取ることなく優勝となっていた。

千秋楽、1差で2横綱が直接対戦するのは平成21年の朝青龍－白鵬以来。「棚ぼた」の優勝など、大の里も望んではいまい。「やることをやって集中していく」。緊張の糸は張ったまま保つ。（奥村展也）",[],[]
豊昇龍2敗残った　大の里と優勝かけ千秋楽に対決「集中して頑張りたい」／秋場所（サンケイスポーツ）,https://news.yahoo.co.jp/articles/78b07dfb4b4e96906863825b7db5b4b710bf7dbf,https://newsatcl-pctr.c.yimg.jp/t/amd-img/20250928-00000004-sanspo-000-1-view.jpg?exp=10800,2025-09-28T00:45:00+09:00,2025-09-28T00:45:00+09:00,サンケイスポーツ,sanspo,サンケイスポーツ,374,"立ち合いの変化で若隆景（下）をはたき込んだ豊昇龍。観客席は落胆の声に包まれた（撮影・佐藤徳昭）
大相撲秋場所14日目（27日、両国国技館）なりふり構わず動いた。豊昇龍は立ち合いの変化で白星。2敗を守って逆転優勝に望みをつないだが、満員札止めの観客席から落胆のため息が漏れた。

「（前日までの2連敗は）終わったことなので仕方がない。今日は勝ちに行った」

この日、1差で追う大の里が不戦勝。自身が負ければ好敵手に賜杯を許す結びの一番で、横綱らしさよりも勝利にこだわった。立ち合いで右へさっと動き、若隆景をはたきこんだ。

大の里とは千秋楽の直接対決で雌雄を決する。昇進4場所目での横綱初優勝をかなえる条件は、本割と決定戦の2連勝だ。過去の対戦成績は不戦敗も含め、豊昇龍の6勝2敗。「集中して頑張りたい」。真っ向勝負が綱の威厳を取り戻す。（石井文敏）",[],[]
40本塁打＆100打点王手の阪神・佐藤輝明は1安打（サンケイスポーツ）,https://news.yahoo.co.jp/articles/fa4312d8a30a851511e868c604b5e59c74e37584,https://newsatcl-pctr.c.yimg.jp/t/amd-img/20250928-00000003-sanspo-000-1-view.jpg?exp=10800,2025-09-28T00:30:00+09:00,2025-09-28T00:30:00+09:00,サンケイスポーツ,sanspo,サンケイスポーツ,229,"九回、バットを折りながら安打を放った阪神・佐藤輝明＝西宮市・甲子園球場（撮影・林俊志）
（セ・リーグ、阪神3－5中日、24回戦、12勝12敗、27日、甲子園）40本塁打＆100打点に王手をかけている阪神・佐藤輝明内野手（26）は「4番・三塁」で出場し、4打数1安打に終わった。九回2死に守護神・松山から右前打を記録。初球の156キロ直球をバットを折りながら力で運んだ。甲子園での残り2試合で、球団の生え抜きでは1985年の掛布雅之以来となるダブル偉業を狙う。",[],[]
ソフトバンク・孫正義オーナー「野球をなめとんのか」…V争った日本ハム・新庄剛志監督の〝第一印象〟明かしつつ手腕たたえる（サンケイスポーツ）,https://news.yahoo.co.jp/articles/335da3001087f3d11bd214228500c81451500960,https://newsatcl-pctr.c.yimg.jp/t/amd-img/20250928-00000002-sanspo-000-2-view.jpg?exp=10800,2025-09-28T00:24:38+09:00,2025-09-28T08:57:47+09:00,サンケイスポーツ,sanspo,サンケイスポーツ,879,"優勝が決まり、笑顔を見せるソフトバンクの王貞治球団会長㊧と孫正義オーナー　＝ベルーナドーム（撮影・福島範和）
（パ・リーグ、西武1－4ソフトバンク、24回戦、ソフトバンク16勝8敗、27日、ベルーナD）ソフトバンクが27日、2年連続21度目のパ・リーグ制覇を果たした。試合後の午後11時過ぎにはビール3000本やコーラ240本、日本酒4樽などが用意された祝勝会が行われ、開始前には孫正義オーナー（68）も壇上であいさつ。シーズン最終盤まで優勝を争った日本ハム・新庄剛志監督（53）の手腕をたたえる場面があった。
【写真】特注85万円のサングラスを着用も…日本ハム・新庄剛志監督「こんなの誰も買わない」
「あの日本ハムのね、新庄監督も立派だと思うんですよ。数年前、彼が日本ハムの監督になったとき『えっ、何やるんだろう？』って。『なんかハチャメチャな監督だな』と僕、思ったんですよ。『大丈夫かな』と。『野球をなめとんのか』というぐらいの、そういうスタイルのね。なんか（打順を決める）くじ引きとか、いろいろありましたよね」とまずは〝第一印象〟について言及。

そこから「でも、やっぱり、実力を出してきましたよね。日本ハム、強くなりましたよね。ことしシーズン始まって『わぁ！』と。（ソフトバンクとしては）本当に素晴らしいチームとの戦いで、最後まで切磋琢磨して。まあ見事に、やっぱり最後はね、われわれがこういう形でシーズンを勝てた、と。これはね、（小久保）監督にとっても皆さんにとっても一段と自信が深まると思います」と続け、ライバルをたたえた上で鷹ナインをねぎらった。

昨年の日本シリーズで、セ・リーグ3位からクライマックスシリーズを勝ち上がったDeNAに敗れたことは、当然、孫オーナーにとっても苦い記憶だ。それだけに「去年の最後の、日本一を取れなかったという悔しさ。僕も本当にそういう悔しい中から学んだことがたくさんありますから。ぜひぜひ。今年はね。その悔しい思いを倍返しといいますかね。10倍返しといいますか、やりましょう、やれると信じてます」と気合を注入した。",[],[]
阪神・村上頌樹、奪三振タイトルへ10月2日先発有力（サンケイスポーツ）,https://news.yahoo.co.jp/articles/35feae5d19b2643e9e10ecaba8487dfef27cb6fc,https://newsatcl-pctr.c.yimg.jp/t/amd-img/20250928-00000001-sanspo-000-1-view.jpg?exp=10800,2025-09-28T00:10:00+09:00,2025-09-28T00:10:00+09:00,サンケイスポーツ,sanspo,サンケイスポーツ,284,"阪神・村上頌樹
136奪三振でリーグトップだった阪神・村上頌樹投手（27）は27日、阪神戦で7三振を奪った中日・高橋宏に抜かれた。阪神・藤川監督は26日の中日戦後に「まだもうひと登板、チャンスはある。奪三振の方がもう少しありますから」と、タイトル争いに加わる村上にさらなる登板機会を与える可能性を示唆しており、今季最終戦となる10月2日のヤクルト戦（甲子園）での先発が有力だ。

13勝4敗の村上は最高勝率（・765）のタイトル獲得が当確。リーグトップ14勝のDeNA・東がこの日抹消されたため、最終登板で最多勝と最多奪三振を合わせた投手3冠を獲得できる可能性がある。",[],[]
阪神・木浪聖也、2四球でチャンスメーク（サンケイスポーツ）,https://news.yahoo.co.jp/articles/ff11d6851442cb4be48ecac7bbae63f8ef76b62f,https://newsatcl-pctr.c.yimg.jp/t/amd-img/20250928-00000000-sanspo-000-1-view.jpg?exp=10800,2025-09-28T00:00:00+09:00,2025-09-28T00:00:00+09:00,サンケイスポーツ,sanspo,サンケイスポーツ,201,"四回、四球を選ぶ阪神・木浪聖也＝西宮市・甲子園球場（撮影・林俊志）
「7番・遊撃」で2試合ぶりにスタメンの阪神・木浪聖也内野手（31）は高橋宏から2四球を選びチャンスメーク。「すごくいい投手だったんで、なんとか球数を投げさせようと途中で考えを変えて、それがフォアボールになったので、それはよかったです」とホッとしたようす。八回には右前へ安打を放ち、3出塁でアピール。遊撃のポジション獲得へ気合を見せた。",[],[]
