headline,mainEntityOfPage,image,datePublished,dateModified,author,media_en,media_jp,str_count,body,images,external_links
難波小百合リングアナが卒業「こんなにキラキラした時間を過ごせたのは、ホントにみんなのおかげ」最後は全員でのコールで送り出す！（プロレスTODAY）,https://news.yahoo.co.jp/articles/377b9b95f436bcaa9cef9887543d8ed2d6eaa6d9,https://newsatcl-pctr.c.yimg.jp/t/amd-img/20250622-00010008-proresut-000-1-view.jpg?exp=10800,2025-06-22T23:31:51+09:00,2025-06-22T23:31:51+09:00,プロレスTODAY,proresut,プロレスTODAY,1465,"「東京女子のみんなと過ごした時間が私にとっては宝物」
卒業セレモニー
東京女子プロレスは6月22日、両国KFCホールで『TJPW SPRING TOUR 2025 FINAL』を開催。メインイベントにて8人タッグマッチを行い、瑞希＆ハイパーミサヲ＆愛野ユキ＆原宿ぽむと荒井優希＆桐生真弥＆HIMAWARI＆風城ハルが激突した。
【動画】最後は全員で「リングアナウンサー、難波小百合ー！」コールに涙
今大会で難波小百合リングアナウンサーが卒業するが、試合は瑞希と荒井優希による7月21日大田区大会でのプリンセス・オブ・プリンセス王座戦の前哨戦となった。ミサヲが突如マイクを持つと「難波ちゃんと叶えてない夢がある」と難波をリングに呼び込み、「こんなに一緒にいるのに難波ちゃんに私の口上をやってもらったことがなかったの」と懇願して難波が実践して、スプレー攻撃で試合がスタート。

試合は瑞希と荒井が王座戦へ向けてやり合うと、終盤は各選手が持ち味を発揮し、ぽむが風城をぽむ・ど・じゃすてぃすで仕留めた。

勝利後、ぽむがマイクを握り「ぽむはいつもばっちがぽむをすごい楽しそうに見てくれたり、励ましてくれたり、自信をすごい持たせてくれて。こうやってぽむのプロレスのスタイルをばっちがたくさん自信をつけさせてくれたと思うので、今日ばっちの最後のコールをしてもらえて、ばっちの前で勝ててホントに嬉しいです」と涙ながらに感謝を伝えた。

難波も「ぽむさんが泣くと私も泣いちゃうから泣くのやめてよ」と応じ、ぽむとの思い出を語り「東京女子のみんなと過ごした時間が私にとっては宝物で。こんなにキラキラした時間を過ごせたのは、ホントにみんなのおかげだし、これは私の一生の宝物です。ホントにみんなありがとうございます」と感謝を述べると大きな拍手が送られた。

そして、花束、記念アルバムが渡されると最後は桐生真弥の音頭で、選手全員で「リングアナウンサー、難波小百合ー！」とコールされ卒業した。

【大会名】TJPW SPRING TOUR 2025 FINAL
【日時】2025年6月22日
【会場】東京・両国KFCホール
【観衆】365人（超満員札止め）

▼第1試合　第12回東京プリンセスカップ予選リーグ　時間無制限1本勝負
○上原わかな　vs　キラ・サマー●
6分56秒　バナナ・ピロー
※上原が第12回東京プリンセスカップ最終予選に進出。

▼第2試合　第12回東京プリンセスカップ予選リーグ　時間無制限1本勝負
●凍雅　vs　アイビー・スティール○
8分33秒　片エビ固め
※変形パンプハンドルスラム。アイビーが第12回東京プリンセスカップ最終予選に進出。

▼第3試合　20分1本勝負
○長谷川美子　vs　高見汐珠●
7分17秒　マフラーホールド

▼第4試合　20分1本勝負
伊藤麻希＆●小夏れん　vs　らく○＆鈴木志乃
9分3秒　エビ固め
※ドクターイエロー

▼第5試合　20分1本勝負
○鈴芽＆遠藤有栖　vs　宮本もか●＆鳥喰かや
11分49秒　片エビ固め
※リング・ア・ベル

▼セミファイナル　20分1本勝負
中島翔子＆●七瀬千花　vs　辰巳リカ○＆渡辺未詩
12分33秒　ドラゴンスリーパー

▼メインイベント　20分1本勝負
瑞希＆ハイパーミサヲ＆愛野ユキ＆○原宿ぽむ　vs　荒井優希＆桐生真弥＆HIMAWARI＆風城ハル●
12分21秒　体固め
※ぽむ・ど・じゃすてぃす

〈写真提供：東京女子プロレス〉
プロレスTODAY",[],[]
関本大介が6月末をもって大日本プロレスを退団、フリーランスとして活動へ（プロレスTODAY）,https://news.yahoo.co.jp/articles/ea9cf1b90579c592e2d848b6b38a64475a87622a,https://newsatcl-pctr.c.yimg.jp/t/amd-img/20250622-00010007-proresut-000-5-view.jpg?exp=10800,2025-06-22T22:47:59+09:00,2025-06-22T23:00:50+09:00,プロレスTODAY,proresut,プロレスTODAY,787,"「これは区切りであり、終わりではない」
退団が発表された関本
大日本プロレスは6月22日、後楽園ホール大会にて関本大介に関する記者会見を行い、登坂社長より6月末をもって関本が同団体を退団し、7月からフリーランスとして活動を開始することが発表された。また、先月の試合中に発生した負傷についても、大きな損傷や致命傷になるような怪我、傷はなく復帰可能との診断を受けていることを報告した。
【動画】登坂社長による関本大介の経過報告と退団についての記者会見
関本は先月、後楽園ホール大会の試合中に一時的に体が動かなくなるアクシデントに見舞われ、都内の病院に緊急搬送された。診察の結果、大きな損傷は確認されず、その日のうちに帰宅。その後、神奈川県内の病院でMRIやCT検査を受け、さらに脳神経外科も受診したが、復帰に問題はないとの診断を受けたとのこと。

しかしながら、26年間にわたる激闘の蓄積を考慮し、本人および団体の判断により、一定期間リフレッシュ期間を設けることとなった。現時点で復帰時期は未定とされ、各団体の理解をもらい、7月中のすべての試合を欠場する。

また、今回の退団については、「今年の頭ぐらいより、将来的な引退を見据えた上で、彼自身がプロレスをもっと楽しみたいという観点で、最後のランディング期間をフリーランスとして過ごそうじゃないかと、僕自身が同意をしていました」と計画的なものであると説明。

会見では「これは区切りであり、終わりではない。今後は関本選手がのびのびと試合に臨める環境を提供したい」との姿勢が示された。関本自身は会見に出席できなかったが、復帰の際には改めて本人とともに経緯を説明する場を設ける予定だという。

最後に「皆さんにまだご迷惑をかけますけれども、大日本プロレスならびに関本大介をどうかよろしくお願いいたします」とした。
プロレスTODAY",[],[]
がん闘病でプロレス活動休業の橋本友彦のためA-TEAMが8・24新木場で「橋本AID大会」を開催し、参戦選手を公募へ！（プロレスTODAY）,https://news.yahoo.co.jp/articles/33e2c30b8d5c946079c43dfb40dcde5b5cf9503a,https://newsatcl-pctr.c.yimg.jp/t/amd-img/20250622-00010006-proresut-000-1-view.jpg?exp=10800,2025-06-22T18:25:11+09:00,2025-06-22T18:25:11+09:00,プロレスTODAY,proresut,プロレスTODAY,1157,"“兄貴分”橋本を救うべく、「橋本友彦AID大会」の開催を決めた
会見を行ったプロレスリングA-TEAM
プロレスリングA-TEAMが6月22日、千葉・オリエンタルホテル東京ベイ大会の試合前、緊急記者会見を開いた。がん闘病のため、今大会をもって、プロレス活動を休業する橋本友彦のため、8月24日に東京・新木場1stRINGで「橋本友彦AID大会　One Heart, One Fight, All for You～大丈夫！絶対に大丈夫！みんな待ってるよ！」（午前11時開始）を開催することを発表した。
【動画】2021年橋本友彦と藤田和之の一騎打ち（新木場1STRING）
同団体のエースである橋本は昨年9月に肝臓にがんが見つかりステージ2と告知され、同11月19日、都内の病院でラジオ波焼灼術による治療を受けた。その後の定期検査でいったんはがんが消えたこともあった。ところが、5月の定期検査の結果がかんばしくなく、同中旬に精密検査を受けた結果、肝臓の難しい部位にがんが再発していることが判明。主治医から、抗がん剤など西洋医学での治療は困難との宣告を受けた。別の病院を回ったが医師から伝えられた答えは同じだった。そのため、橋本は東洋医学、湯治、食事療法などで治療を行っていくことを決断。今後、治療に専念するため、6・22浦安大会をもってプロレス活動を休業する。

　この事態に、同団体の所属全選手、全スタッフが一致団結。“兄貴分”橋本を救うべく、「橋本友彦AID大会」の開催を決めた。全選手がノーギャラで参加し、この大会の興行収入から必要経費を差し引いた全額が治療費として、橋本に贈られる。

　参加選手はA-TEAM所属選手のほか、団体枠にとらわれず、大会趣旨に賛同したプロレスラーに広く公募し、決まり次第、随時発表される。また、同時に大会の特別協賛企業も募集する。

　会見ではA-TEAM選手、スタッフの総意として、「ボス、橋本友彦は必ず復帰します。そして復帰に向けてこれからも戦いは続いていきます。光を探して一丸となって毎日を必死に動いています。だけど動けば動くほど、そして話を聞けば聞くほど、めまいがするような高額な治療費が発生します。今はA-TEAMの橋本友彦ではありますが、古くからの戦友旧友の方々にも、少しでもお力添えをいただけたら本当にありがたいです。これまでは橋本の方が病と戦う選手に、少しでも力になればと旗を振ってAID大会をやってきましたが、本人もまさか自分のAID大会をやってもらう側になるとはと思っているかと思います。ご協力していただける選手はぜひA-TEAM、または各選手まで声を掛けてください」とのコメントが発表された。

〈写真提供：プロレスリングA-TEAM〉
プロレスTODAY",[],[]
棚橋弘至プロデュース興行6.29愛知県体育館『TANAHASHI JAM～至（いたる）』全対戦カード決定！（プロレスTODAY）,https://news.yahoo.co.jp/articles/d31a0bbcbc1fea24adff183a8f81ccef2062fef9,https://newsatcl-pctr.c.yimg.jp/t/amd-img/20250622-00010005-proresut-000-1-view.jpg?exp=10800,2025-06-22T17:58:49+09:00,2025-06-22T17:58:49+09:00,プロレスTODAY,proresut,プロレスTODAY,1347,"ダブルメインイベントⅡ 丸藤正道＆棚橋弘至vs大岩陵平＆清宮海斗
プロデュースする棚橋
新日本プロレスは6月29日に愛知・愛知県体育館で開催する、棚橋弘至プロデュース興行『TANAHASHI JAM～至（いたる）』の追加対戦カードを発表、全対戦カードが決定した。
【動画】ALL TOGETHERにて棚橋・高木・丸藤の重役トリオが拷問地獄？！
今大会ではダブルメインイベントⅠにて、IWGP世界ヘビー級選手権試合 王者・後藤洋央紀にザック・セイバーJr.が挑戦。

そして、ダブルメインイベントⅡの棚橋弘至プロデュース試合は丸藤 正道＆棚橋 弘至と大岩 陵平＆清宮 海斗が激突する。

また、新NEVER無差別級王者のボルチン・オレッグは挑戦者に永田裕志を指名。ドラゴンゲートからドラゴン・キッドが参戦、プロデュースする棚橋はダブルメインイベントⅡの他、時空を超えた縁(えにし)と継(つなぐ)として、田口隆祐＆海野翔太とのタッグでLEONA＆高橋ヒロム＆藤波辰爾と対決など第0試合も含めて全9試合が行われる。

TANAHASHI JAM～至（いたる）
日時：2025年6月29日 (日) 16:00開場17:00開始
会場：愛知・愛知県体育館（ドルフィンズアリーナ）

▼第0試合 10分1本勝負
村島 克哉
vs
小田嶋 大樹
※16時30分開始予定

▼第1試合 30分1本勝負
棚橋弘至プロデュース試合「時空を超えた縁(えにし)と継(つなぐ)」
田口 隆祐＆海野 翔太＆棚橋 弘至
vs
LEONA＆高橋 ヒロム＆藤波 辰爾

▼第2試合 30分1本勝負
棚橋弘至プロデュース試合「本隊最強クインテット結成」
YOSHI-HASHI＆矢野 通＆タイチ＆石井 智宏＆上村 優也
vs
チェーズ・オーエンズ＆ドン・ファレ＆高橋 裕二郎＆成田 蓮＆“キング・オブ・ダークネス”EVIL

▼第3試合 60分1本勝負
棚橋弘至プロデュース試合「壁を超えてゆけ」NEVER無差別級選手権試合
〈第48代チャンピオン〉
ボルチン・オレッグ
※初防衛戦
vs
〈チャレンジャー〉
永田 裕志

▼第4試合 30分1本勝負
棚橋弘至プロデュース試合「ドラゴン・キッド参戦」
マスター・ワト＆YOH＆エル・デスペラード＆ドラゴン・キッド
vs
金丸 義信＆DOUKI＆SHO＆SANADA

▼第5試合 15分1本勝負
NJPW WORLD認定TV選手権試合 オープンチャレンジマッチ
〈第9代チャンピオン〉
エル・ファンタズモ
※2度目の防衛戦
vs
？

▼第6試合 30分1本勝負
棚橋弘至プロデュース試合「付き人対決！　棚橋イズムが見たい」
X＆鷹木 信悟＆辻 陽太
vs
ジェイコブ・オースティン・ヤング＆カラム・ニューマン＆グレート-O-カーン

▼第7試合 60分1本勝負
ダブルメインイベントⅠ IWGP世界ヘビー級選手権試合
〈第12代チャンピオン〉
後藤 洋央紀
※8度目の防衛戦
vs
〈チャレンジャー〉
ザック・セイバーJr.

▼第8試合 30分1本勝負
ダブルメインイベントⅡ 棚橋弘至プロデュース試合
丸藤 正道＆棚橋 弘至
vs
大岩 陵平＆清宮 海斗
プロレスTODAY",[],[]
GHCジュニア王者YO-HEYが小峠撃破！HAYATAが登場「次は、俺や」“夫婦対決”が決定！（プロレスTODAY）,https://news.yahoo.co.jp/articles/248cc1a03218db5a6120c93d78c5b1e576d8399e,https://newsatcl-pctr.c.yimg.jp/t/amd-img/20250622-00010004-proresut-000-2-view.jpg?exp=10800,2025-06-22T12:20:06+09:00,2025-06-22T13:43:26+09:00,プロレスTODAY,proresut,プロレスTODAY,1340,"「嫁さんよ。さすがやな。ホンマに今日、大阪で指名する気満々やったんや」
“夫婦対決”YO-HEYとHAYATA
プロレスリング・ノアは6月21日、『25周年記念大会 MEMORIAL VOYAGE 2025 in OSAKA』を開催した。
【動画】YO-HEYがトップロープから必殺のバンブードラゴンフライを放つも小峠が意地で返す
セミファイナルで行われたGHCジュニアヘビー級選手権試合にて、王者・YO-HEYが挑戦者・小峠篤司をドロップキックで下し、3度目の防衛に成功した。

大阪からノアへの道を作った小峠が挑戦表明した際にYO-HEYが「おいらチャンピオンYO-HEYちゃんからひとつ条件がある。このベルトをかけておいらとタイトルマッチしたいんだったら、あの頃のように格好ええ小峠篤司で来いよ」としていたが対戦後には「ちょっとだけカッコよかったぞ」と振り返っていた。

そして試合後、タッグパートナーであり“嫁”と呼ぶHAYATAがリングに登場し「次は、俺や」と挑戦を表明。YO-HEYはこれを快諾し、7月19日の後楽園ホール大会での防衛戦が決定した。

プロレスリング・ノア25周年記念大会 MEMORIAL VOYAGE 2025 in OSAKA
日程：2025年06月21日（土）開始17:30
会場：大阪・エディオンアリーナ大阪第2競技場
観衆：929人（札止め）

▼GHCジュニアヘビー級選手権試合
【王者】YO-HEY
VS
【挑戦者】小峠篤司
17分25秒　ドロップキック → 片エビ固め
※第58代王者が3度目の防衛に成功。

バックステージでYO-HEYは「(頭を押さえて)ああ、痛え。やってくれたね。小峠篤司よ。お前、言いたないけど、ちょっとだけ強かった。ちょっとだけ危なかった。だせえし、モミアゲがスゲェし、わけわからんピンクヘアなのかようわからん頭で今日も来て、『なんやねん、あいつ』って思ったけど、ちょっとだけカッコよかったぞ。さすがは俺、YO-HEYちゃんに大阪プロレス教室でプロレスというものを少しだけ教えてくれた師匠になるのかな。それだけのことはあるな。でもまあ、こうやっておいらが褒めとったら、また調子乗って、どうしようもならんレスラーになってまうやろ。だからな、小峠篤司。お前は今、おいらに負けて、底辺におるんや。だからのう、もっともっとカッコええなって、もう一度おいらの前に立ってみせろや。

あと、嫁さんよ。さすがやな。ホンマに今日、大阪で指名する気満々やったんや。やっぱわかっとったんやろうな。俺もおるぞと。あんまりYO-HEYちゃんよ、調子乗っとったら、嫁さんのHAYATAがパシパシにしてまうぞとわかっとったんやろ。OK。いずれは必ずやる運命にあったわけや。それが7月の後楽園で決まった。ただそれだけのことや。今まであいつには超えられへんかった部分がいっぱいあるけど、今のおいらは強いぞ、HAYATA。それを後楽園で味わわせてやるのみです! 頭痛い。うおお、モミアゲがこんなになった! すごいよ、あいつ。こんなん(頭突き)して」と語った。

〈写真提供：NOAH / WRESTLE UNIVERSE〉
プロレスTODAY",[],[]
MVLが遺恨清算のノーDQ戦を制圧！電撃登場の“大怪獣”ボジラがAZMに宣戦布告（プロレスTODAY）,https://news.yahoo.co.jp/articles/d9689e2b01e082aecb500bc56c66afb428c24034,https://newsatcl-pctr.c.yimg.jp/t/amd-img/20250622-00010003-proresut-000-1-view.jpg?exp=10800,2025-06-22T11:46:21+09:00,2025-06-22T11:46:21+09:00,プロレスTODAY,proresut,プロレスTODAY,1892,"鈴季「ノーDQってことは何をやってもいい…そう、人間凶器だって使っていいんだよ」
ミ・ヴィダ・ロカに加入したボジラ（右）
6月21日、東京・代々木第二体育館で行われた女子プロレス団体スターダム『STARDOM THE CONVERSION 2025』にて、Mi Vida Loca（ミ・ヴィダ・ロカ/MVL）とNEO GENESISの因縁対決となる8人タッグ・ノーDQマッチが実現。
【動画】ノーDQマッチにマリーゴールで大暴れしていた”大怪獣”ボジラの乱入に場内騒然
熾烈な争いはMVLに軍配が上がり、試合終盤には“想定外の破壊兵器”が姿を現した。

『STARDOM THE CONVERSION 2025』
日時：2025年6月21日（土）
会場：東京・国立代々木競技場 第二体育館
観衆：2,521人

昨年結成されたNEO GENESISは、スターダムの次世代を担うユニットとして注目を集めてきた。

だが、今年春に中心メンバーの鈴季すずが離脱。

山下りな、青木いつ希、鉄アキラらと新ユニットMVLを旗揚げし、団体内の対立は激化していた。

決戦の舞台となったこの日は、ルール無用のノーDQマッチ。開始のゴングと同時に、両軍入り乱れての乱戦が勃発した。

場外での凶器攻撃、鉄柱を巻き込んだ攻防、そして椅子やテーブルも飛び交う混沌の展開。

互いに引くことを知らぬ激闘は、まさに泥沼の様相を呈していた。

試合は中盤、NEO GENESISがAZMと星来芽依を中心に反撃を仕掛けるも、MVLは冷静に切り返す。

しかし形勢は拮抗し、流れは完全に読めないまま終盤へと突入する。

その時だった。場内に重低音の足音が響くと、突如としてリングへフード付きの巨体が乱入。巨大な体躯で次々とNEO GENESISの面々をなぎ倒していくと、フードを脱ぎ捨てたその正体は…大怪獣ボジラ。

ドイツ出身のボジラはマリーゴールドで活躍していた規格外のパワーファイターであり、4月に家庭の事情で一時帰国していたが、この日スターダムのリングに電撃登場を果たした。

ボジラはAZMに対し高角度パワーボムを炸裂。リング内を一掃し、流れは一気にMVLへと傾く。

その勢いのまま、山下がキッドにスプラッシュマウンテン、すずがキッドにジャーマンスープレックスホールドを決めて3カウント。

MVLが因縁の対抗戦に決着をつけた。

ミ・ヴィダ・ロカが大怪獣・ボジラをサプライズ投入。電撃加入でロカが5人体制に！

＜試合結果＞

▼第7試合　NEO GENESIS vs Mi Vida Loca～ノーDQノータッチルール（時間無制限1本勝負）
鈴季すず 〇
山下りな
青木いつ希
鉄アキラ
vs
スターライト・キッド ×
AZM
星来芽依
天咲光由
22分44秒、ジャーマン・スープレックス・ホールド

勝利の余韻が残るリングで、すずがマイクを握る。

「これがMVLの力なんだよ！ノーDQってことは何をやってもいい…そう、人間凶器だって使っていいんだよ。今日からMVLの一員になったボジラだ！」

この瞬間、ボジラのスターダム入りが公式に宣言された。客席からは驚きと興奮の歓声が巻き起こる。

続けてマイクを奪ったボジラは、新たな標的を明言する。

これを青木が「AZMベイビー、アンタのベルトはいただくぜ！」と訳した。

この発言は、新日本プロレスが認定するSTRONG女子王座への挑戦表明であった。標的とされたAZMも即座に応じる。

「英語が苦手な私ですら分かったぞ、おいボジラ、私が持ってるSTRONGに挑戦したいだって？おぉ、やってやるよオイ。めちゃくちゃデカイしめちゃくちゃ強いけど、この小さいAZMがお前の事ぶん投げてやるから、すぐにでもカード組んでください！」

21歳・181cm・91kgという規格外のフィジカルと、かつて赤いベルトを巻いた実力を併せ持つボジラが、スターダムマットを再び揺らし始めた。

しかも、この日にはSareeeもIWGP女子王座を戴冠。昨年マリーゴールドを熱狂の渦に巻き込んだ両者が、今度はスターダムの中心で再び火を噴く。

今夏開幕する5☆STAR GPを控え、MVL、そしてボジラが引き起こす旋風は、団体内外に大きな波紋を呼ぶだろう。すずが最後に言い放った言葉が、これからの展開を物語っている。

「5人のMVL、今年の夏はMVLがいただきます！」

戦力を一気に増強したMVLが、スターダムの秩序を破壊する。今、革命は加速する。
プロレスTODAY",[],[]
Sareeeが朱里を撃破し悲願のIWGP女子王座初戴冠！“太陽神”が32分超の激闘制す「誰に何と言われようが、自分を信じてここまでやってきた」（プロレスTODAY）,https://news.yahoo.co.jp/articles/9c267e51911c1cc2d8bf6d1ace22a4142c0941cc,https://newsatcl-pctr.c.yimg.jp/t/amd-img/20250622-00010002-proresut-000-1-view.jpg?exp=10800,2025-06-22T10:38:13+09:00,2025-06-22T10:38:13+09:00,プロレスTODAY,proresut,プロレスTODAY,3391,"「私は誰に何と言われようが、自分を信じてここまでやってきた」
王座を奪取したSareee
女子プロレス界に新たな歴史が刻まれた。

6月21日、東京・国立代々木競技場第二体育館で開催されたスターダムのビッグマッチ『STARDOM THE CONVERSION 2025』にて、Sareeeが朱里との死闘を制し、悲願のIWGP女子王座を初戴冠。“太陽神”の異名を持つ実力者が、その存在を再び世界に示した。
【動画】Sareeeがエプロンで朱里にドラゴンスクリューを見舞い、場外でも締め上げる
『STARDOM THE CONVERSION 2025』
日時：2025年6月21日（土）
会場：東京・国立代々木競技場 第二体育館
観衆：2,521人

この日の一戦は、3月に行われた自主興行『Sareee-ISM』で30分時間切れ引き分けに終わった両者の再戦。

互いに譲れぬ因縁を胸に、再びリング上で拳を交えることとなった。

ゴングが鳴ると、開始直後から両者は一歩も譲らぬ攻防を展開。

エルボー、キック、投げ技、そして場外での容赦ない攻め合い。試合は序盤から激しさを増し、観客を緊張感で包み込んだ。

朱里はMMA仕込みの打撃と関節技を駆使して主導権を握りかけるが、Sareeeも執念の反撃を見せる。

互いにヘッドバットを応酬する場面では、場内に鈍い音が響き渡り、両者はダブルノックダウン。

満身創痍の状態ながらも19カウントで奇跡的にリングに戻る姿に、場内からはどよめきが起きた。

終盤、朱里が放ったエメラルド・フロウジョンやグラウンド式朱雀はSareeeをあと一歩のところまで追い詰める。

しかし、Sareeeはロープエスケープや意地のカウント返しで応戦。

30分を超えた後、Sareeeはヘッドバットを連打し、裏投げを三連発。

最後はリストクラッチ式裏投げで渾身のフォール。32分49秒、壮絶な一戦に終止符が打たれた。

＜試合結果＞

▼メインイベント　IWGP女子選手権試合（60分1本勝負）
＜王者＞朱里 ×
vs
＜挑戦者＞Sareee 〇
32分49秒　リストクラッチ式裏投げ→片エビ固め
※Sareeeが第5代IWGP女子王者となる

激戦を終え、無言でリングを降りようとする朱里に、Sareeeがマイクで語りかける。

「本当に数少ない、絶対に負けたくないと思えるライバルだと思っています。今日はありがとうございました。私たちにこれ以上の言葉なんていらないでしょ。またあなたと戦うことを楽しみにしているから、こんなんでくじけるんじゃねえぞ！」

その言葉に、朱里の闘志が再び燃え上がる。振り返った朱里が声を荒げた。

「くじけるわけねえよ！でも、Sareeeは強かったよ。今日は負けた…負けたけど、私は絶対にそのベルトを取り戻して見せる。覚えておけよ！」

意地と意地がぶつかり合ったリング上。互いへのリスペクトと闘志が交錯する濃密な数分間に、会場のファンは固唾を飲んで耳を傾けた。

朱里がリングを下りると、Sareeeは再びマイクを握り、満員の観衆に向けて感極まった様子で吠えた。

「やったぞー！やっと獲った、第5代IWGP女子チャンピオンのSareeeです！」

その叫びは、これまでのキャリアすべてを背負った一声だった。WWEからの帰国、国内再起、批判や期待を背負い続けたSareee。女子プロレス大賞の受賞、岩谷麻優との激闘、朱里との時間切れドロー。あらゆる試練と悔しさを乗り越えてたどり着いた頂点だった。

「私は誰に何と言われようが、自分を信じてここまでやってきた。その結果が去年の女子プロレス大賞に結びついて、そして今日、ずっと目標にしてきたIWGP女子チャンピオンになりました」

言葉の一つ一つに、重みが宿る。

「私はリングの上でウソはつかない。この涙も叫びも全部、戦いの魂なんですよ。私はこのベルトを巻いたからには、このIWGP女子のベルトをもっともっともっと、刺激的なものにしていきます」

リングに立ち続け、戦い続けた者だけが語れる重み。プロレスの本質が、Sareeeの声を通して観客に伝わった瞬間だった。

最後に、観客席を見渡しながら深々と頭を下げた。

「ここまで応援してくださったファンの皆様、本当にありがとうございました。これからも私に付いて来てください。ありがとうございました！」

誰に媚びることなく、誇り高く、自らの信念とプロレス観を胸に歩んできたSareee。IWGP女子王者としての第一歩は、感情を剥き出しにした魂のスピーチで幕を開けた。

今、新たなチャンピオンが時代を動かし始める。

■試合後バックステージコメント

悲願の初戴冠を果たしたSareeeが、試合後バックステージでその胸中を赤裸々に語った。

「やっとIWGP、私が一番欲しかった」

絞り出すような第一声に、積み重ねた歳月の重みが滲んだ。

2023年3月、世界最大の団体・WWEを退団し帰国。日本マットに戻ったSareeeは、以後「闘いを見せる」ことに執念を燃やし続けた。しかし、その道は決して平坦ではなかった。

「アメリカから帰って来てから、色んなこと言われてきました。失敗してきただの、やりきれなかっただの、色々言われましたけど…今日のこの結果が、私のすべてを救ってくれたなと思っています」

スターダム復帰後も岩谷麻優に挑戦して惜敗。だが、その熱戦が評価され、2023年の女子プロレス大賞を受賞するなど、確かな爪痕を残してきた。そしてこの日、満員の代々木で、ついに自らの手でIWGP女子のベルトを掴み取った。

「本当に諦めなくて良かったなと思っています。プロレスの神様ってやっぱいて、頑張ってれば後押ししてくれるんだなって、私は実感しています」

目指していたのは岩谷とのリマッチによる戴冠だったという。だが、それ以上にこの日、朱里との激闘に意味を見出した。

「岩谷麻優から本当はこのベルトを獲りたかった。1回負けてるんでね。でも、それ以上に私は今日、朱里と闘えて本当に良かったなって思っています。本当に強かったし、だからこそ獲った意味があると思っています」

実力者・朱里との30分超の死闘を制したSareeeは、この勝利を通じて、IWGP女子王座の重責を受け止めていた。

「このベルトの責任ってとんでもないぐらい、重い重いモノだと覚悟できてるんで、私がしっかりこのベルト巻いたからには絶対に恥のないように、これから進んでいこうと思っています」

その上で、新王者は挑戦者たちに強烈なメッセージを放つ。

「私は絶対に逃げたりしない。守るだけのベルトなんかに絶対しないんで、誰が相手でも受けて立ちますよ」

この言葉には裏打ちがある。試合後、リングに誰一人として現れなかったスターダム所属選手たち。その状況に対して、Sareeeは静かに、しかし強い語気で問いかけた。

「今日ね、スターダムの選手、私がこのベルトを巻いて誰ひとりとしてリングに上がってこなかった。それでいいのかよ？　本当にそれでいいのかよって私は思います」

これは、王者としての覚悟を示すと同時に、団体内外への挑戦状でもあった。新王者として立ったSareeeは、リングの中心から呼びかける。

「これから誰が一番最初にこのベルトを狙いに来るのか、すごく楽しみです。でも私は絶対に、そう簡単には渡さないので、このベルトを世界中で一番のベルトに、必ずしていきます。今日は本当に有難うございました。ここからがはじまりだと思って、進んでいきたいと思います。有難うございます」

その言葉通り、Sareeeの歩みはまだ始まったばかりだ。新王者としての責任と覚悟を胸に、世界を視野に入れた戦いが幕を開ける。

なお、試合直後には一部観客から心ない罵声も飛んだ。だが、それすらも力に変えるSareeeは、毅然とこう言い切った。

「認めさせてみせる。今に見てろよ」

朱里との一戦を経て、“太陽神”が再び燃え上がった。Sareeeが照らすリングの未来は、誰もが見逃せない熱量に満ちている。IWGP女子王座の新章が、今ここに動き出した。
プロレスTODAY",[],[]
マサ北宮「自分を見つめ直す時間が欲しい」6.22名古屋大会を欠場（プロレスTODAY）,https://news.yahoo.co.jp/articles/ecf639d7bdcb5fcf63d1aeb3fcb8686ed1ba3bfe,https://newsatcl-pctr.c.yimg.jp/t/amd-img/20250622-00010001-proresut-000-2-view.jpg?exp=10800,2025-06-22T09:31:24+09:00,2025-06-22T10:39:43+09:00,プロレスTODAY,proresut,プロレスTODAY,861,"「もう無理だ! そう思ったことは何百回もあったが今日はその最たるもの」
欠場するマサ北宮
プロレスリング・ノアは6月22日のLives NAGOYA大会に出場を予定のマサ北宮から「自分を見つめ直す時間が欲しい」との要望があったため、同大会を欠場することを発表した。
【動画】マサ北宮に喝を入れる藤田和之
北宮は21日の大阪大会後に「2連敗だよ。これほど情けないことはないよ。選手会長も、スカウティング部長も務め、NOAHに殉じて戦ってきた。ひとつも結果がついてない。もう無理だ! そう思ったことは何百回もあったが今日はその最たるもの。マサ北宮を見つめ直す時が今なのかも」と語っていた。

これにより対戦カードが以下の通り変更となり、大阪大会の結果を受けて全対戦カードが決定。

SUNNY VOYAGE 2025
日時：6月22日（日）開始：15:00開場：14:00　
会場：愛知・Lives NAGOYA

【全対戦カード】
※第4試合が変更

＜第7試合　メインイベント・シングルマッチ＞
OZAWA（TEAM 2000X）
VS　
YO-HEY（情熱RATEL’S）

＜第6試合・8人タッグマッチ＞
丸藤正道　遠藤哲哉　ドラゴン・ベイン　アルファ・ウルフ
VS　
杉浦貴　ダガ　タダスケ　オオワダサン（TEAM 2000X¬）

＜第5試合・6人タッグマッチ＞
征矢学　稲葉大樹　サクソン・ハックスリー（情熱RATEL’S）
VS　
拳王　佐々木憂流迦　KENTA

＜第4試合・タッグマッチ＞※
ウィル・クロス　ブラックめんそーれ
VS　
藤田和之　大原はじめ

＜第3試合・タッグマッチ＞
HAYATA　小田嶋大樹
VS　
AMAKUSA　宮脇純太

＜第2試合・タッグマッチ＞
Eita　スペル・クレイジー
VS　
アレハンドロ　カイ・フジムラ（ALL REBELLION）

＜第1試合・シングルマッチ＞
清宮海斗（ALL REBELLION）
VS　
小峠篤司（TEAM NOAH）
プロレスTODAY",[],[]
全日本の長尾一大心が巡業バスとの事故による外傷性ショックで予断を許さない状況（プロレスTODAY）,https://news.yahoo.co.jp/articles/7527f3c85683463c14d37482aaaa319c442eebbe,https://newsatcl-pctr.c.yimg.jp/t/amd-img/20250622-00010000-proresut-000-1-view.jpg?exp=10800,2025-06-22T07:28:53+09:00,2025-06-22T07:28:53+09:00,プロレスTODAY,proresut,プロレスTODAY,445,"救急集中治療室で予断を許さない状況
欠場中の長尾一大心
全日本プロレスは21日、交通事故で欠場中の長尾一大心が巡業バスとの事故により腹部が圧迫されたことによる外傷性ショックで、現在救急集中治療室で予断を許さない状況と報告した。
【動画】長尾一大心がデビュー戦で鮮やかなドロップキック
この発表を受けて選手会長の宮原健斗は自身のXにて「僕達は一大心の帰りを強い気持ちで待っています。ファンの皆さんも待っていてください。」と気持ちをつづっている。

団体からの発表は以下の通り

「交通事故により欠場しております、長尾一大心選手の状況についてご報告致します。

長尾一大心選手は5月31日、巡業バスとの事故により腹部が圧迫されたことによる外傷性ショックにより、現在救急集中治療室で予断を許さない状況の中治療を続けております。

ファン、関係者、ご親族の皆様にはご心配をお掛けしておりますことを深くお詫び申し上げます。
長尾選手の状況につきましては、引き続きご報告致します。」
プロレスTODAY",[],[]
