headline,mainEntityOfPage,image,datePublished,dateModified,author,media_en,media_jp,str_count,body,images,external_links
佳子さま　ギリシャ訪問終え帰国（テレビ朝日系（ANN））,https://news.yahoo.co.jp/articles/740bf66a2bb5dcaeb6e08b18c73c30cf1a184659,https://newsatcl-pctr.c.yimg.jp/t/amd-img/20240601-00000051-ann-000-2-thumb.jpg?exp=10800,2024-06-01T23:29:29+09:00,2024-06-01T23:42:52+09:00,テレビ朝日系（ANN）,ann,テレビ朝日系（ANN）,333,\nAll Nippon NewsNetwork(ANN)\n秋篠宮ご夫妻の次女・佳子さまがギリシャ訪問を終え、帰国されました。\n\n 佳子さまは1日午後5時すぎ、羽田空港に到着し、宮内庁幹部らの出迎えを受けられました。\n\n 佳子さまは3日、皇居の賢所を参拝し、ギリシャ訪問を報告するほか、4日には御所に天皇皇后両陛下を訪ね、サケラロプル大統領の表敬訪問で天皇陛下からのメッセージを伝えたことなどを報告される予定です。\n\n 佳子さまは、その後も多忙な日程が続きます。\n\n 5日には児童文学作品の贈賞式でお言葉を述べられ、6日には全米さくらの女王らと面会、7日には昭和天皇が埋葬されている武蔵野陵を参拝し、ギリシャ訪問について報告されます。\nテレビ朝日,[],[]
靖国神社の石柱に落書き　赤いスプレーで「Toilet」（テレビ朝日系（ANN））,https://news.yahoo.co.jp/articles/c0ae99ee1174ffb822489e4b132f96022a2878b7,https://newsatcl-pctr.c.yimg.jp/t/amd-img/20240601-00000052-ann-000-2-thumb.jpg?exp=10800,2024-06-01T23:33:48+09:00,2024-06-01T23:45:47+09:00,テレビ朝日系（ANN）,ann,テレビ朝日系（ANN）,315,\nAll Nippon NewsNetwork(ANN)\n靖国神社にある石の柱にスプレーで落書きがされているのが見つかりました。警察は器物損壊事件として捜査しています。\n\n 1日午前6時20分ごろ、東京・千代田区の靖国神社で、入口にある神社名が書かれた「社号標」と呼ばれる石の柱に落書きがされているのを通行人が発見し、警察に通報しました。\n\n 警視庁によりますと、石柱には赤いスプレーで「Toilet」とアルファベットで書かれていたということです。\n\n 今のところ、敷地内に他の落書きは見つかっていません。\n\n 警視庁は付近の防犯カメラの映像を解析するなどし、器物損壊の容疑で捜査を進めています。\nテレビ朝日,[],[]
日韓　レーダー照射問題の再発防止で合意　防衛交流再開へ（テレビ朝日系（ANN））,https://news.yahoo.co.jp/articles/f29923a53671761c581604ef1f090e6642ecd41a,https://newsatcl-pctr.c.yimg.jp/t/amd-img/20240601-00000050-ann-000-7-view.jpg?exp=10800,2024-06-01T23:24:23+09:00,2024-06-01T23:42:34+09:00,テレビ朝日系（ANN）,ann,テレビ朝日系（ANN）,437,"\n""日韓 レーダー照射問題の再発防止で合意 防衛交流再開へ""\n木原防衛大臣は訪問先のシンガポールで韓国のシン国防相と「レーダー照射問題」を巡る再発防止策について合意し、防衛当局間における交流の再開を確認しました。\n\n木原防衛大臣\n「長年の懸案であった火器管制レーダー照射事案の再発防止は図られたと判断しておりまして、本日の結果を踏まえて日韓防衛協力交流を活発化させていく考えであります」\n\n 再発防止に向けて実務者により部隊間の連絡、意思疎通の強化に関して文書が策定されたとし、木原大臣は「安全は担保される」との認識を示しました。\n\n 一方で「日本の主張を変更したわけではない」と述べましたが、事実認定については日韓双方の見解が食い違うことを踏まえ、棚上げとしています。\n\n 韓国海軍による自衛隊機への「レーダー照射問題」は2018年12月に日本海で発生し、日本側の抗議に対して韓国側は照射を否定し、両国の主張は平行線をたどっていました。\nテレビ朝日",['https://newsatcl-pctr.c.yimg.jp/t/amd-img/20240601-00000050-ann-000-7-view.jpg?exp=10800'],['https://news.yahoo.co.jp/articles/f29923a53671761c581604ef1f090e6642ecd41a/images/000']
6月使用分から電気代値上がり 鮮魚店も悲鳴 暑さの影響も…（テレビ朝日系（ANN））,https://news.yahoo.co.jp/articles/02dd3a838199590fb3292a79d1e7a2d4aa957ccf,https://newsatcl-pctr.c.yimg.jp/t/amd-img/20240601-00000053-ann-000-3-thumb.jpg?exp=10800,2024-06-01T23:30:00+09:00,2024-06-02T00:12:16+09:00,テレビ朝日系（ANN）,ann,テレビ朝日系（ANN）,2814,\nAll Nippon NewsNetwork(ANN)\n■「電気代値上がり」各地で悲鳴\n \n1日、サタデーステーションが訪れたのは大阪の堺市にある鮮魚店です。\n \n（仁科健吾アナウンサー）\n「たくさんのお客さんの目の前にあるのがマグロです。解体ショーが行われています」\n \n高知県産の天然マグロが、豪快に捌かれていきます。\n \n買い物客\n「新鮮だと思います。魚の目も透き通っていて。安いし、美味しい」\n \n産地直送の新鮮な魚が人気のこちらのお店。鮮度を保つために保存方法にもこだわっています。\n \n水起水産まぐろパーク堺本店 水島一美店長\n「ちょっとでも溶けたら鮮度が劣化するので…“鮮度”そこが命なので」\n \n■「年間3割くらい上がる」暑さも影響\n \nお店の人が気にしているのは、1日使用分から値上がりする「電気代」です。これまで政府が物価高対策として行ってきた補助金が5月で終了。東京電力エリアは、去年の6月使用分から1544円上がり、上昇率は20．9％。関西電力は2428円増で、上昇率は最も高い46．4％などとなっています。\n \n取材した鮮魚店では…大型の冷蔵庫に冷凍庫、魚を並べるショーケースやレジなど、電気を使うものだけで140以上もあるといいます。1年間にかかる電気代は…\n \n水起水産まぐろパーク堺本店 水島一美店長\n「規模感で言うと（電気代は）数千万単位ですね。うちは、他にも業態がありまして、全店で大体70店舗あるんです。6月から来年5月までの1年間で（電気代が）3割くらい上がる」\n \n電気代の負担が重くのしかかるのは「暑さ」の影響もあります。去年は“観測史上最も暑い夏”となりましたが、今年も、それに匹敵する「災害級の暑さ」となる可能性が指摘されています。\n \n■「災害級の暑さ」を前に電気代値上がり\n \n水起水産まぐろパーク堺本店 水島一美店長\n「気温がこれから上がってくるので、（空調など）冷やしこみをしなくちゃいけなくて、電力をより使うって形にはなると思うんですよ」\n \n魚の鮮度を維持するため、製氷機で大量の氷を作っていますが、これにも電気代がかかっています。しかも、厳しい暑さが続くと氷を作るのに3日以上かかることもあるそうです。\n \n水起水産まぐろパーク堺本店 水島一美店長\n「鮮度維持のために、氷を無償で提供しているんですよ。（製氷機を）どれだけ稼働するのか、あとは（氷が）なくなったとき、どれだけ頑張ってくれるか、そこが心配です」\n \n■医療現場からは「節電出来ない」\n \n電気代「値上がり」の影響は医療の現場にも…埼玉県・富士見市にあるクリニックにお邪魔しました。耳鼻咽喉科として外来診療や手術などを行っています。毎月の電気代は…\n \n武田耳鼻咽喉科 武田桃子院長\n「11～12万円、毎月かかっているみたいで。削れるところは削るけど、なかなか難しい」\n \n治療に欠かすことの出来ない医療機器は、ほとんどが電気を使うといいます。\n \n武田耳鼻咽喉科 武田桃子院長\n「鼻の中を撮るCTの検査になります。患者さんがいつ来るかわからないので、診察終了まで電源は入れっぱなし」「ここは手術室で、鼻の手術に関しては、鼻の中の奥の方まで詳細に写すために内視鏡を使います」\n \n手術は1時間ほどかかり、その間、医療機器は稼働し続けています。\n \n武田耳鼻咽喉科 武田桃子院長\n「手術時間を30分とか45分とか短くすることはできない。どうしてもコストは削減できないところはあるし、患者さんに請求するわけにもいかないので医療の質の高さっていうのを保ちたいから、すごくジレンマはあります」\n \n医療費は国で定められているため、電気代が値上がりしたからといって、患者に転嫁できないといいます。\n \n武田耳鼻咽喉科 武田桃子院長\n「新しいもの（医療機器）を使えずに古いものを使っているクリニックが増えると思うし、医療全体の質が落ちていく可能性は懸念としてある」\n \n◇◇◇\n高島彩キャスター）\n電気代の値上がりも気がかりですが、それ以外にも今月から値段が上がっているようです。\n \n板倉朋希アナウンサー）\nまずは都市ガスです。東京ガスや大阪ガスでは、平均的な家庭で、前の月に比べて1ケ月に121円ほど増えるということです。さらに帝国データバンクによりますと、食品では614品目が値上げされるということで、例えば値上げ品の半分を占める「加工食品」では、ペヤングソースやきそばが、5年ぶりの値上げで193円から214円に。そして「菓子類」は10円程度の値上げ。「アイス類」も、4％～10％上がるということです。こうした値上げの理由ですが、3割の企業が「円安」を理由にあげています。そして、値上げの波はこんなとろにもきています。西濃運輸は一般便や宅配便の運賃が6月から平均で10～20％引き上げると発表しています。ヤマト運輸や佐川急便では、すでに4月から値上げが行われています。さらに、医療機関の診療報酬改定に伴い、6月から窓口での支払が、3割負担の人では、初診の時に最大で219円増えるということです。\n \n高島彩キャスター）\n今年に入ってじわじわと値上がりしていましたが、6月に入ってさらにこれだけ値上がりになるということなんですね。物価高対策として、1人年間4万円を差し引く「定額減税」が今月からはじまりましたが、これだけ値上げが相次いでは、「減税の恩恵が感じられない」といった声もあります。\n \nジャーナリスト 柳澤秀夫氏）\n焼け石に水っていう感じは否めないですよね。1回の定額減税で、その効果は限定的だと思うんですよ。さらに今回の定額減税については給与明細に明示しろというのは、どうにも恩着せがましいですよね。\n \n高島彩キャスター）\n「これやってるぞ」っていうのは、やっぱりアピールしたいと…\n \nジャーナリスト 柳澤秀夫氏）\n政権浮揚につなげたいんでしょうけれど、今一番求められているのはやっぱり緊急の物価対策だと思うんです。円安で輸出関連企業は収益を上げてるんですよね。そういったところからの還元を政府が促すということも必要ですし、電気代ガス代の補助金を打ち切りましたけど、言ってみれば、まだ痛みや熱がある患者に解熱鎮痛剤を途中でやめてしまうと同じですからね。これはぜひ継続すべきだと思いますね。\n \n高島彩キャスター）\nまだ補助金を打ち切るタイミングではないんじゃないかなと感じますよね。そして定額減税も1年間で、一応限定ということですから、これもどこまで効果があるのか、ちょっといろいろと気がかりなところがありますね。\nテレビ朝日,[],[]
【池上解説】ニセ池上はなぜなくならない？SNS詐欺横行のワケ（テレビ朝日系（ANN））,https://news.yahoo.co.jp/articles/d333e2926f73b77732fb6a5a9d361c8b6c69e6d4,https://newsatcl-pctr.c.yimg.jp/t/amd-img/20240601-90003901-ann-000-2-view.jpg?exp=10800,2024-06-01T22:46:44+09:00,2024-06-01T23:02:00+09:00,テレビ朝日系（ANN）,ann,テレビ朝日系（ANN）,1748,\n【池上解説】ニセ池上はなぜなくならない？SNS詐欺横行のワケ\n最近SNSやネットサービスに関するニュースをよく目にするようになりました。\n私の名前を騙った投資詐欺まで登場しています。\nSNSを使った犯罪はなぜなくならないのか、その理由を解説してまいります。\n【画像】ニセ池上はなぜなくならない?SNS詐欺横行のワケ\n■世界＆日本で人気のSNSとは?\n皆さんにとってもSNSはなくてはならない存在になっていると思います。\nでは、今世界でどんなSNSが使われているか、ご存知ですか?\n実は順位はこのようになっています。\n\nWhatsAppはアメリカのメッセージアプリです。日本でいうLINEのようなものですね。\nWeChatは中国で使われているもので、メッセージや通話に加えて支払いの機能も付いています。ちなみにTikTokは6位、X（旧Twitter）は14位となっています。\n\nでは日本で最も使われているSNSは何だと思いますか?\n\n日本では世界に比べてXのランキングが高いですね。\nこれだけたくさんの人がSNSを使っているので、問題が起きたり詐欺の手段となりやすいんです。\n\nそして最近では誹謗中傷も大きな問題となっています。\n日本でも色々対策がとられ始めていますが、世界と比較するとこんなデータがあるんです。\n\n2022年にTwitter社が公表した報告書によると、削除要求や情報開示請求は日本が圧倒的に多いんです。実に世界全体の4割強が日本からなんです。\n\nもちろんこの削除要求のすべてが誹謗中傷、というわけではありませんが、それでも日本は世界で見ても誹謗中傷が多い国と考えられています。\n一体なぜかわかりますか?\n\n今言われているのがこの2つの理由です。\n\n1.匿名で利用できるものが多い\n2.行き過ぎた正義感\n\n人は匿名性が高い空間だと攻撃行動が高まると言われています。\nSNSも「他の人も言っているから」と自らの言動を正当化しやすい、\n相手の顔が見えないので感情の抑えがきかない、そのため誹謗中傷がおきやすいと\nいわれているんです。でもこれは世界共通ですよね。日本人に特徴的と言われているのが、2つ目の「行き過ぎた正義感」です。\n\n日本人は規律を守る意識が高いと言われる一方で、ルールやマナーを守らない人、迷惑をかける人に厳しくあたる傾向があると言われています。\nなので実は誹謗中傷している人の多くは自分の言動を誹謗中傷と思ってない人が多いとも言われているんです。\nただし、こうした誹謗中傷も程度によっては刑事罰に問われる場合があります。\n社会全体で対応に取り組む必要があるんです。\n■「ニセ池上」はなぜなくならない?\nそして最近では私の名前を騙った投資詐欺も登場しています。全て詐欺ですから\n皆さん信じないように注意してくださいね。\n\nそして今この詐欺広告で問題になっているのが、削除要請をしても対応してもらえないことなんです。一体なぜかわかりますか?\n\n実は日本と海外とでは運営する事業者への対応が全く違うんです。\n例えばEUではデジタルサービス法（DSA）という法律があって、例えば違法コンテンツの削除要請に従わない、など、問題が起きた際に対応を怠った事業者には最大で年間売り上げの6％が制裁金として課されるようになっています。なので事業者も必死に削除しているわけです。しかし日本には現在このような法律はありません。政府はまもなく対策をまとめるとしていますが、こうして対策が後手後手になっていることで、「罰金もないし日本は後回しでいいや」となり、詐欺がのさばる結果となっているわけですね。\n\nしかし表示された広告によって実際に被害にあっている人がいて、逮捕者も出ています。人の手で削除はできるはずなので、事業社には早急に手を打ってほしいと思っています。また、こうしたデジタル犯罪は日々「進化」しています。後れをとらないよう、日本の法律も整備するなど、素早く対応できる環境づくりが必要だと思います。\n\n（6月1日放送 池上彰のニュースそうだったのか!! より）\nテレビ朝日,['https://newsatcl-pctr.c.yimg.jp/t/amd-img/20240601-90003901-ann-000-2-view.jpg?pri=l&w=640&h=360&exp=10800'],"['https://news.yahoo.co.jp/articles/d333e2926f73b77732fb6a5a9d361c8b6c69e6d4/images/000', 'https://news.tv-asahi.co.jp/news_society/articles/photos/900003901.html']"
中国軍の船が金門島の周辺に　軍船の確認は初めてか　台湾当局が警戒（テレビ朝日系（ANN））,https://news.yahoo.co.jp/articles/43e161cf4992c03bc5a500f5d24b5f6da44137c2,https://newsatcl-pctr.c.yimg.jp/t/amd-img/20240601-00000048-ann-000-5-view.jpg?exp=10800,2024-06-01T22:05:43+09:00,2024-06-01T22:13:19+09:00,テレビ朝日系（ANN）,ann,テレビ朝日系（ANN）,378,"\n""中国軍の船が金門島の周辺に 軍船の確認は初めてか 台湾当局が警戒""\n台湾が実効支配する金門島の周辺海域を中国軍の船2隻が航行したと台湾の海上保安当局が1日、発表しました。この海域で軍の船が確認されたのは初めてとみられます。\n\n 台湾の海巡署によりますと、先月29日、中国軍の補給船2隻が、金門島周辺の台湾が「制限水域」と定める海域に現れました。\n\n 2隻を発見した台湾の巡視艇が警告を発し続けた結果、2隻はおよそ40分後に制限水域を出たということです。\n\n 中国は頼清徳総統が先月20日に就任して以降、台湾周辺で大規模な軍事演習を展開するなど台湾への圧力を強めています。\n\n 今回の海域では中国海警局の船がこれまでにも頻繁にパトロールしていますが、軍の船を確認したのは初めてとみられます。\n\n画像：台湾・海巡署提供\nテレビ朝日",['https://newsatcl-pctr.c.yimg.jp/t/amd-img/20240601-00000048-ann-000-5-view.jpg?exp=10800'],['https://news.yahoo.co.jp/articles/43e161cf4992c03bc5a500f5d24b5f6da44137c2/images/000']
ロシア法務省　野党結成を目指すジャーナリストらを「外国の代理人」＝スパイに指定（テレビ朝日系（ANN））,https://news.yahoo.co.jp/articles/da9abc44a17c169514c83f3b69c0c5311fc736c7,https://newsatcl-pctr.c.yimg.jp/t/amd-img/20240601-00000049-ann-000-4-view.jpg?exp=10800,2024-06-01T22:19:35+09:00,2024-06-01T22:23:31+09:00,テレビ朝日系（ANN）,ann,テレビ朝日系（ANN）,511,"\n""ロシア法務省 野党結成を目指すジャーナリストらを「外国の代理人」＝スパイに指定""\nロシア法務省は、野党結成を目指すジャーナリストや動員兵の帰還を求める運動を行う女性らを、スパイを意味する「外国の代理人」に指定しました。\n\n ロシア法務省は5月31日、去年の大統領選で反戦の立場で出馬を阻まれ、現在、野党の結成を目指しているエカテリーナ・ドゥンツォワさんを「外国の代理人」＝スパイに指定しました。\n\n ドゥンツォワさんは「これは当局にとって不都合な政治家への対処だ。決定には同意できず、異議を申し立てる」とコメントし、今後も政党の正式な登録を目指していく方針を明らかにしました。\n\n ただ「外国の代理人」に指定されたドゥンツォワさん本人の出馬は禁じられます。\n\n 法務省はまた、動員兵の帰還を求める運動「プーチ・ダモイ」の中心人物であるマリア・アンドレエワさんらも「外国の代理人」に指定しました。\n\n 理由については「ロシアの否定的イメージを作り出すため虚偽の情報を広めた」「ウクライナでの特別軍事作戦に反対した」などとしていて、当局は政権への異論を排除する姿勢を一層強めています。\nテレビ朝日",['https://newsatcl-pctr.c.yimg.jp/t/amd-img/20240601-00000049-ann-000-4-view.jpg?exp=10800'],['https://news.yahoo.co.jp/articles/da9abc44a17c169514c83f3b69c0c5311fc736c7/images/000']
ペルー　ワゴン車が線路越え横転の瞬間　少なくとも6人が負傷（テレビ朝日系（ANN））,https://news.yahoo.co.jp/articles/cfb6ea814e0759db024fe1fc148b3c8434ca9997,https://newsatcl-pctr.c.yimg.jp/t/amd-img/20240601-00000047-ann-000-5-thumb.jpg?exp=10800,2024-06-01T19:15:05+09:00,2024-06-01T19:21:58+09:00,テレビ朝日系（ANN）,ann,テレビ朝日系（ANN）,318,\nAll Nippon NewsNetwork(ANN)\nペルーで車が道路を外れ、線路を越えて横転する瞬間を監視カメラが捉えました。\n\n 画面の奥から走ってくる白いワゴン車。前方に止まっている車をよけようと道を外れると、隣の線路も越え、勢いよく木のコンテナに突っ込みます。\n\n 衝撃でワゴン車はひっくり返り、辺りは砂ぼこりに包まれます。\n\n 先月30日にペルーの首都リマで起きたこの事故では、通行人も巻き込まれました。\n\n ロイター通信によりますと、亡くなった人はいませんでしたが、少なくとも6人が負傷し病院に搬送されたということです。\n\n 事故の原因はまだ分かっておらず、警察などが調べています。\nテレビ朝日,[],[]
日米韓外務次官協議　北朝鮮とロシアの協力深化に「懸念」（テレビ朝日系（ANN））,https://news.yahoo.co.jp/articles/8d967f856d97b22033ed8b934af8802d22a248e9,https://newsatcl-pctr.c.yimg.jp/t/amd-img/20240601-00000046-ann-000-2-thumb.jpg?exp=10800,2024-06-01T19:13:41+09:00,2024-06-01T19:18:01+09:00,テレビ朝日系（ANN）,ann,テレビ朝日系（ANN）,523,\nAll Nippon NewsNetwork(ANN)\n日米韓3カ国はアメリカの首都ワシントン近郊で外務次官協議を開き、北朝鮮やロシア、中国などへの対応を話し合いました。\n\n 先月31日に開かれた3カ国の次官協議には、日本の岡野正敬外務次官、アメリカのキャンベル国務副長官、韓国の金ホン均（キム・ホンギュン）外務第1次官が出席しました。\n\n 3カ国は共同声明で北朝鮮による衛星の打ち上げやミサイル開発を非難し、完全な非核化に向けて引き続き緊密に連携していくことを確認しました。\n\n そのうえでアメリカが「核の傘」などの拡大抑止を強化し、日本と韓国の防衛に関与することが明記されました。\n\n また、北朝鮮とロシアの武器の移転を含む協力深化に対する「懸念」を共有したということです。\n\n さらに南シナ海の情勢などについても協議され、威圧的な行動を繰り返す中国を念頭に「力による一方的な現状変更の試みは許してはならない」との認識を改めて確認し、連携、協力を一層深めていくことで合意しました。\n\n 次回の3カ国の外務次官協議は今年後半にソウルで開催するほか、年内の日米韓首脳会談の実現にも期待感を示しています。\nテレビ朝日,[],[]
全国的に晴れ　広く夏日に（テレビ朝日系（ANN））,https://news.yahoo.co.jp/articles/26fedb1056f283271368ba040997f72fc000f87f,https://newsatcl-pctr.c.yimg.jp/t/amd-img/20240601-00000044-ann-000-14-thumb.jpg?exp=10800,2024-06-01T18:28:02+09:00,2024-06-01T20:10:02+09:00,テレビ朝日系（ANN）,ann,テレビ朝日系（ANN）,1389,\nAll Nippon NewsNetwork(ANN)\n1日は全国的に晴れて広い地域で25℃以上の夏日を観測しました。京都ではオーバーツーリズム対策で「観光特急バス」の運行が始まりました。\n\n■全国的に晴れ 広く夏日に\n\n 少し蒸しっとした体感となった1日の東京。最高気温が26℃を超える2日ぶりの夏日となりました。\n\n きょうから6月。新しい月が始まりました。\n\n■神戸 西日本唯一 シャチのショー\n\n 神戸市で1日、オープンしたのは「神戸須磨シーワールド」です。\n\n 訪れた人のお目当ては、迫力満点、西日本では唯一となるシャチのパフォーマンスです。1日は初夏の陽気となった神戸市。容赦のない水しぶき。来場者を楽しませていました。\n\n■京都 観光特急バス運行開始\n\n 一方、京都市で1日から始まったのは「観光特急バス」の運行です。\n\n この観光特急バス、停車するのは清水寺や銀閣寺など観光客に人気の場所だけ。京都駅から最短ルートで結びます。料金は一律500円。通常のおよそ2倍ですが、所要時間を最大20分程度、短縮。土日祝日のみ運行し、主に観光客の利用を見込んでいます。\n\n愛知県から来た人\n「早く着くのでいいかなとは思います」\n\n名古屋から来た人\n「便利ですよね。色々回っちゃうと時間もかかるし、直接行くとスマートに行けるじゃないですか」\n\n 実は京都市、観光客が多すぎる、いわゆる“オーバーツーリズム”が深刻な状況にあり、一般市民が混み合うバスに乗れないとの苦情が続出。1日から観光特急バスを運行させることで市民と観光客が乗るバスをすみ分けて混雑緩和につなげようとしています。\n\n■高岡 ひざにおきゅう「ひとつやいと」\n\n 富山県高岡市の国宝「瑞龍寺」。\n\n この寺で1日に行われたのは、ひざにお灸（きゅう）を据えて無病息災を祈願する「ひとつやいと」。300年以上前から続く伝統行事です。熱でツボを刺激し血行を良くするとされるお灸。暑い夏を迎える前に英気を養えそうです。\n\n参拝者\n「思った以上に熱くて、ちょっとびっくりしました。これで1年頑張っていけそうかなと思っております」\n\n ひとつやいとは来月1日にも行われます。\n\n■白老 5年ぶり牛肉祭\n\n 札幌市から車でおよそ1時間。白老町で1日から始まったのは北海道最大級の肉フェス「白老牛肉まつり」です。\n\n 5年ぶりの開催となったこのイベント。大勢の来場者が炭火で焼いた黒毛和牛に舌鼓。いかがですか、お味の方は…。\n\n来場者\n「ジューシーでとけます。おいしいです」\n「見るからに最高の牛肉だということで、おいしくいただいています」\n\n 最高気温が13.3℃と少し肌寒い日となりましたが、胃袋はほくほくです。\n\n■名古屋 今年で10周年 手羽先サミット\n\n いい音を響かせているのは手羽先。カラッと揚がっています。\n\n 2日ぶりの夏日となった名古屋市では、名古屋発祥の鶏料理・手羽先の世界一を決める「手羽先サミット」が始まりました。\n\n 今年10周年を迎えた手羽先サミット。今回は全国から16店が参加。来場者の投票でグランプリが選ばれます。\n\n 手羽先サミットは2日まで開かれます。\nテレビ朝日,[],[]
全米女子オープンゴルフ　日本勢活躍 渋野らしさ復活へ 笹生 3年ぶりVへ（テレビ朝日系（ANN））,https://news.yahoo.co.jp/articles/2768fb0f98a9bd75e98e3a270a16d1cb7e4e204c,https://newsatcl-pctr.c.yimg.jp/t/amd-img/default.jpg?exp=10800,2024-06-01T18:07:58+09:00,2024-06-01T18:22:30+09:00,テレビ朝日系（ANN）,ann,テレビ朝日系（ANN）,201,\n全米女子オープン2日目。日本勢が大健闘をみせています。\n\n 15位スタートの渋野日向子。この日、イーブンで迎えた9番・パー4の第2打。ピンに吸い寄せられるようなナイスショット。ここをバーディーとします。\n\n その後も乱れることなく5位タイで4年ぶりの決勝ラウンド進出を決めました。\n\n 日本勢のトップは3年前、この大会を制した笹生優花。トップと3打差の3位に付けています。\nテレビ朝日,[],[]
【関東の天気】あすは天気も気温も急変！？  一日雨 局地的に激しい雨も（テレビ朝日系（ANN））,https://news.yahoo.co.jp/articles/18fa7d112d463c05a6330a84d1111df23891adbb,https://newsatcl-pctr.c.yimg.jp/t/amd-img/20240601-00000045-ann-000-4-thumb.jpg?exp=10800,2024-06-01T18:39:58+09:00,2024-06-01T18:45:35+09:00,テレビ朝日系（ANN）,ann,テレビ朝日系（ANN）,479,\nAll Nippon NewsNetwork(ANN)\n1日と2日の天気で大きく変わることが2つありまして、一つが気温なんです。\n\n 1日、2日の昼すぎの気温を比べたものです。1日に広がっている赤い25℃以上の夏日エリアが2日はありません。北部は10℃近く下がるので少しひんやりしそうです。東京は22℃。半袖だとひんやりするかも。気温差、一つお気を付け下さい。\n\n もう一つ1日と大きく違うのは、急な雷雨の可能性です。\n\n 雷の発生する確率を比べてみると、2日は雷雨の危険度が高い赤やオレンジのエリアが広がります。1日も一部ではにわか雨がありますが、2日の方が断然、危険になります。\n\n 2日は朝からぐずついた天気となり、昼から一気に強い雨のエリアが広がります。全体で激しく降るわけではありませんが、局地的には一気に道路冠水、河川が増水といった危険な雷雨となりそうです。2日は天気の急変にお気を付け下さい。\n\n 週間予報です。2日に加えて3日も急な雨がありそうです。週後半は晴れて、梅雨入りは再来週以降となりそうです。\nテレビ朝日,[],[]
きょうから6月  定額減税・電気料金UP・円安値上げ　暮らしどうなる（テレビ朝日系（ANN））,https://news.yahoo.co.jp/articles/476c351922cdb0936e5f0b0501d343f0ac5e5e26,https://newsatcl-pctr.c.yimg.jp/t/amd-img/20240601-00000043-ann-000-3-thumb.jpg?exp=10800,2024-06-01T18:17:01+09:00,2024-06-01T23:49:30+09:00,テレビ朝日系（ANN）,ann,テレビ朝日系（ANN）,1748,\nAll Nippon NewsNetwork(ANN)\nきょうから6月。一人あたり4万円の定額減税が始まります。一方、電気料金が上がるほか、600品目以上の食料品が「円安値上げ」となります。私たちの暮らしはどう変わるのか、取材しました。\n\n■定額減税・電気料金UP・円安値上げ\n\n 所得税と住民税の定額減税が1日から始まります。一部の高額所得者を除き、一人あたり4万円が減税となり、会社員などは今月支給分の給与やボーナスから反映されます。\n\n 今年の春闘で実現した“歴史的賃上げ”の効果は実際、現れているのでしょうか。\n\n医療系の人（27）\n「給料自体は上がったが、全然上がった気がしない」\n\n医療系の人（20代）\n「大きくは変わっていない。もう少し上げてほしい」\n\n 一方、今月の使用分から電気料金が値上がりします。標準的な使用量の家庭で電力会社それぞれ前の月と比べて400円から600円前後の上げ幅となります。東京電力の場合、7月に請求される電気料金は6月より392円上がり8930円です。\n\n30代の人\n「一番電気代が上がっちゃっているので、こまめに電気を消したり。あとは寝る時間にエアコンを回すのもちょっと時間を気にして回している」\n\n20代の人\n「こまめに消灯したりとか、冷蔵庫も物を詰めておくと電気代とかも上がっちゃうと思うので少なめにしたりとか、買ってすぐに食べたりとか意識してます」\n\n さらに、歴史的な“円安”の影響で、今月から値上げを予定している食品が614品目に上ります。全体の半分以上を「加工食品」が占め、不作が続く「のり製品」の値上げが目立ちます。\n\n また、お菓子も値上げされ、秋にかけて「値上げ」の割合がさらに増えるとみられます。\n\n60代の人\n「（パート勤務で）全然（賃金が）上がらないので貯金を崩して生きている感じで、先々心配ですね」\n\n■きょうから6月 暮らしどうなる\n\n 物価高騰を受け買い控えの状況が続くなかで、消費者にお得になる、新たな対策も行われています。\n\n 松坂屋上野店が新たに始めたサービス「降水確率連動 食品サービス」。\n\n松坂屋上野店 食品担当 山田潮人さん\n「気象庁のHPで発表される降水確率に連動して翌日の予報が50％以上の場合に、食品で色々なサービスを展開する」\n\n かに・いくら丼や漬まぐろ丼などの海鮮丼が各種一律100円引きになったり、梅雨入り前のじめじめした今の時期にぴったりの、さっぱりしたフルーツドリンクなども10％オフと、お得になります。\n\n山田潮人さん\n「本日は残念ながら降水確率が50％に満たないのでサービスは実施しないが、今、色々な物が値上がりしているご時世なので、安くなっているとお客様も非常に満足、得した気分になるので新しく始めた」\n\n来店客（50代）\n「うれしいですね、本当にとても。『行こうかな、来ようかな』と思う」\n\n来店客（40代）\n「働いている身からすると、必ず平日で、雨が降ったら行けるかというと行きにくい。土日だと助かります」\n\n 他にも、節約対策として浮上しているのが…。\n\nふるさとチョイス 広報 花堂歩見さん\n「地域を応援するという側面に加えて、生活防衛としてふるさと納税を活用する人が増えてきている」\n\n ふるさと納税総合サイト「ふるさとチョイス」によると…。\n\n花堂歩見さん\n「オリーブオイルなど価格が高騰していることから、ふるさと納税の返礼品として選択する人が増えている。市販品が値上がりすると、ふるさと納税で寄付をする人が増える」\n\n 暮らしが良くなっていると実感できるのは一体、いつごろなのでしょうか。\n\n第一生命経済研究所 永濱利廣首席エコノミスト\n「ボーナスも増え、定額減税も支給されるので収入面での増加は期待できる部分もあるが、物価の上昇より収入の増加が上回らないといけないが、その点については今年年内は難しい可能性が高い。ポイ活を積極的にやったり、フリマアプリで販売することで収入を得る。積極的に収支を改善する行動が求められている」\nテレビ朝日,[],[]
米でセミの大発生始まる　221年ぶり（テレビ朝日系（ANN））,https://news.yahoo.co.jp/articles/bf5aca65327308e1e8f06e0755840445ba3974e8,https://newsatcl-pctr.c.yimg.jp/t/amd-img/20240601-00000041-ann-000-4-thumb.jpg?exp=10800,2024-06-01T18:04:59+09:00,2024-06-01T18:22:01+09:00,テレビ朝日系（ANN）,ann,テレビ朝日系（ANN）,272,\nAll Nippon NewsNetwork(ANN)\nアメリカで221年に一度のセミの大量発生が始まりました。\n\n 大きさが3センチほどで日本のアブラゼミより少し小型のこのセミは「素数ゼミ」と呼ばれ、17年に1回大量発生します。\n\n 成虫になると寿命はおよそ4週間で、オスが大音量で鳴きます。\n\n 特に今年は「17年に1回」と「13年に1回」大量発生するセミが同時に成虫になる221年ぶりの年で、専門家は合わせて1兆匹が羽化すると予想しています。\n\n セミの鳴き声対策として耳栓が売れているということです。\nテレビ朝日,[],[]
ZOZO創業者 前澤友作氏　月への周回旅行を断念（テレビ朝日系（ANN））,https://news.yahoo.co.jp/articles/d29915d3a77fa39d31c9936ef5ebe093397ae222,https://newsatcl-pctr.c.yimg.jp/t/amd-img/20240601-00000040-ann-000-6-thumb.jpg?exp=10800,2024-06-01T18:02:46+09:00,2024-06-01T18:21:29+09:00,テレビ朝日系（ANN）,ann,テレビ朝日系（ANN）,286,\nAll Nippon NewsNetwork(ANN)\n実業家の前澤友作氏が、月を周回する宇宙旅行を断念すると発表しました。\n\n 衣料通販サイト「ZOZO」の創業者・前澤氏は、2021年に日本の民間人として初めてISS＝国際宇宙ステーションに滞在しました。\n\n その後、スペースX社の宇宙船に乗って民間人による世界初の月への周回旅行に参加する予定でしたが、実現の見通しが不明瞭であることから、自身のSNSで「苦渋の決断だがプロジェクトを中止する」と発表しました。\n\n 今後について前澤氏は「次なる挑戦に歩みを進めていきたい」と話しています。\nテレビ朝日,[],[]
茂木幹事長「必ず成立させる」と強調　政治資金規正法改正めぐる自民党修正案について（テレビ朝日系（ANN））,https://news.yahoo.co.jp/articles/61618cc2f504ffd1165ccbe27de7a4267566db7f,https://newsatcl-pctr.c.yimg.jp/t/amd-img/20240601-00000038-ann-000-3-thumb.jpg?exp=10800,2024-06-01T17:22:16+09:00,2024-06-01T17:27:41+09:00,テレビ朝日系（ANN）,ann,テレビ朝日系（ANN）,323,\nAll Nippon NewsNetwork(ANN)\n自民党の茂木幹事長は政治資金規正法の改正を巡り、公明党や日本維新の会の案を取り入れた自民党の修正案を今の国会で「必ず成立させる」と強調しました。\n\n自民党 茂木幹事長\n「来週以降、できるだけ早急に衆議院で可決をして、そしてこの国会で、この改正法、必ず実現をする、改正を実現する、成立をさせる。こういった思いで取り組みを進めていきたいと思っています」\n\n 茂木幹事長は自民党の修正案について「与野党間の協議も踏まえ、各党の考え方を取り入れられるものはできるだけ取り入れた」と説明しました。\n\n そのうえで、「極めて実効性の高い最終の修正案」だと強調しました。\nテレビ朝日,[],[]
国道で乗用車4台が絡む事故　男女5人がけがで搬送　埼玉・富士見市（テレビ朝日系（ANN））,https://news.yahoo.co.jp/articles/dedd56b9d6320b417c1ab79df388ba71693ad80b,https://newsatcl-pctr.c.yimg.jp/t/amd-img/20240601-00000037-ann-000-8-thumb.jpg?exp=10800,2024-06-01T17:20:15+09:00,2024-06-01T17:41:46+09:00,テレビ朝日系（ANN）,ann,テレビ朝日系（ANN）,344,\nAll Nippon NewsNetwork(ANN)\n埼玉県富士見市の交差点で乗用車4台が絡む事故がありました。この事故で5人がけがをして搬送されましたが、全員意識はあるということです。\n\n 1日午前9時すぎ、富士見市の国道463号の交差点で「車4台の事故で5人ほどけがしていそう。1台は横転してます」と複数の通報がありました。\n\n 交差点の中央付近で白い車が横転し、横断歩道上にはもう1台が止まっているのが確認できます。\n\n 消防によりますと、けがをしたのは男性2人と女性3人の合わせて5人で、搬送時は全員意識はあり、会話ができる状態だったということです。\n\n 当時、現場は交通量が多かったということで、警察と消防は詳しい事故の原因を調べています。\nテレビ朝日,[],[]
女性宅に侵入 窃盗未遂の疑い　警視庁公安部の警察官を逮捕（テレビ朝日系（ANN））,https://news.yahoo.co.jp/articles/1bc64411b9b2c5d42173b61a128984f86caabdd0,https://newsatcl-pctr.c.yimg.jp/t/amd-img/20240601-00000039-ann-000-4-thumb.jpg?exp=10800,2024-06-01T18:00:00+09:00,2024-06-01T18:06:31+09:00,テレビ朝日系（ANN）,ann,テレビ朝日系（ANN）,286,\nAll Nippon NewsNetwork(ANN)\n警視庁公安部の警察官が、女性の部屋に侵入しバッグを盗もうとしたとして逮捕されました。\n\n 警視庁公安部公安総務課の巡査部長・高畑雄樹容疑者（32）は先月2日の深夜、東京・板橋区のマンションに住む女性の部屋に侵入し、バッグを盗もうとした疑いが持たれています。\n\n 警視庁によりますと、部屋には鍵が掛かっていませんでしたが、侵入に気付いた女性が110番通報したということです。\n\n 警視庁は「職員が逮捕され、極めて遺憾です。今後、捜査を尽くし、厳正に対処いたします」とコメントしています。\nテレビ朝日,[],[]
住宅全焼で住人の高齢男性が死亡　横須賀市（テレビ朝日系（ANN））,https://news.yahoo.co.jp/articles/11e318e79f6f6f4e301e4be56b761c103026b091,https://newsatcl-pctr.c.yimg.jp/t/amd-img/20240601-00000036-ann-000-3-thumb.jpg?exp=10800,2024-06-01T17:15:17+09:00,2024-06-01T17:21:16+09:00,テレビ朝日系（ANN）,ann,テレビ朝日系（ANN）,401,\nAll Nippon NewsNetwork(ANN)\n住宅火災が各地で相次いでいます。神奈川県横須賀市では焼け跡から男性1人が心肺停止の状態で見つかり、その後、死亡が確認されました。\n\n 1日午前8時10分ごろ、横須賀市鴨居で「1階部分から炎が出て隣に燃え移っている」と近隣住民から119番通報がありました。\n\n 消防車など13台が出動し火はおよそ2時間半後に消し止められましたが、木造2階建て住宅が全焼し、周辺の住宅の屋根など一部が焼けました。\n\n この火事で焼け跡から火元の住人の高齢男性が心肺停止の状態で見つかり、その後、死亡が確認されました。\n\n 警察によりますと、この家には高齢夫婦と娘が暮らしていて、40代の娘が煙を吸って病院に搬送されましたが命に別状はありません。\n\n 70代の妻は外出していて無事でした。\n\n 警察は出火原因を調べています。\nテレビ朝日,[],[]
日中防衛相会談　木原大臣「多くの懸念が存在する」台湾海峡の平和と安定も強調（テレビ朝日系（ANN））,https://news.yahoo.co.jp/articles/749b41c9e356e03a25af8a65477ba0ee26fa9dc5,https://newsatcl-pctr.c.yimg.jp/t/amd-img/20240601-00000035-ann-000-8-thumb.jpg?exp=10800,2024-06-01T17:02:42+09:00,2024-06-01T23:45:58+09:00,テレビ朝日系（ANN）,ann,テレビ朝日系（ANN）,346,\nAll Nippon NewsNetwork(ANN)\n木原防衛大臣は訪問先のシンガポールで中国の董軍国防相と会談し、中国軍による日本周辺での軍事活動の活発化に懸念を示しました。\n\n木原稔防衛大臣\n「日中間には、尖閣諸島を含む東シナ海情勢や、我が国周辺海空域における中国側の軍事活動の活発化等、安全保障上、多くの懸念が存在しています」\n\n 会談の冒頭で木原大臣は、安全保障上の多くの懸念があるからこそ防衛当局間で率直な議論を重ね、建設的で安定的な関係を構築することが必要だと伝えました。\n\n 董軍国防相からも同様の考えが示されました。\n\n 木原大臣は南シナ海情勢等について深刻な懸念を改めて表明したほか、台湾海峡の平和と安定の重要性について強調しました。\nテレビ朝日,[],[]
「MLB史上最も先見の明があるツイート」12年前の投稿が話題に　大谷選手の活躍を予言（テレビ朝日系（ANN））,https://news.yahoo.co.jp/articles/416dcd7b9fed6adff22288f2bc45b9e319a151dd,https://newsatcl-pctr.c.yimg.jp/t/amd-img/20240601-00000034-ann-000-4-thumb.jpg?exp=10800,2024-06-01T15:27:48+09:00,2024-06-01T15:34:31+09:00,テレビ朝日系（ANN）,ann,テレビ朝日系（ANN）,714,\nAll Nippon NewsNetwork(ANN)\n5月末、メッツとの3連戦に臨んだドジャースは大谷翔平選手の14号ホームランを含む活躍で3連勝しました。あるメッツファンは、大谷選手が18歳のころから今日の活躍ぶりを予言していました。\n\n ニューヨークに住む熱烈なメッツファンのプリンス・ラーマンさんは12年前の2012年、SNSでメッツのゼネラルマネージャーにこんなメッセージを宛てました。\n\n当時のツイート（現X）\n「この選手とサインしなければならないよ！大谷翔平は日本の18歳で、100マイル（約160キロ）を投げるんだ。他のチームが動く前に獲得しよう」\n\n 当時、大谷選手は高校を卒業したばかりでしたが、14歳だったプリンスさんは大谷選手の日本人離れした体格、球速やピッチングに大きな衝撃を受け、自分が応援するメッツが獲得すべきだと訴えました。\n\nプリンス・ラーマンさん\n「YouTubeやTwitterで（大谷の）映像を見つけました。高校時代の映像は主に彼が投球しているものでしたが、完璧で美しいとすぐ分かりました」\n\n 現地メディアは、大谷選手の今日の活躍を12年前から予言していたとして「MLB史上、最も先見の明があるツイートだった」と指摘しています。\n\nプリンス・ラーマンさん\n「大谷は皆の期待をはるかに超えた選手になりました。当時のメッツのGMには僕のツイートに書いたアドバイスを聞いてほしかったです。私はメッツに勝ってほしいので応援していますが、選手としては、大谷がどんどんヒットを打ってファンを興奮させ、素晴らしいプレーを見せてほしいと思っています！」\nテレビ朝日,[],[]
「跳んじゃった」17年ぶり新記録　走幅跳・秦澄美鈴　パリと7ｍへ“テイクオフ”（テレビ朝日系（ANN））,https://news.yahoo.co.jp/articles/a4c209a7ee7ba0a80e1da93e834d6ddad54087d3,https://newsatcl-pctr.c.yimg.jp/t/amd-img/20240601-90003895-ann-000-2-view.jpg?exp=10800,2024-06-01T14:46:47+09:00,2024-06-01T17:02:00+09:00,テレビ朝日系（ANN）,ann,テレビ朝日系（ANN）,946,\n■リミッターなしの跳躍力\n「跳んじゃった」17年ぶり新記録 走幅跳・秦澄美鈴 パリと7ｍへ“テイクオフ”\n陸上・女子走幅跳の秦澄美鈴選手（28）。去年、6メートル97のビッグジャンプで17年ぶりに日本記録を更新。オリンピック参加標準記録も突破しました。\n【画像】実は走高跳から走幅跳に転向 秦澄美鈴選手\n秦選手\n「（6メートル97は）想定してなかったのですごく驚きは強かったです。あっ!跳んじゃったって思って（笑）」\n\n 秦選手のエールポイントは…。\n\n秦選手\n「私のエールポイントは、テイクオフです」\n\n テイクオフとは助走から踏切までの動作のこと。このテイクオフを多くの名ジャンパーを育ててきた坂井裕司コーチはこう評します。\n\n坂井コーチ\n「スポーツカーのようなバネ。見たことないような…すごいんです。外国人選手が幅跳びの踏み切りをやる。それ以上だった」\n\n秦選手\n「上に跳び上がることは、体に染みついてるというか。助走を付けて勢い付けてきたものを、そのままちゃんと良い角度で飛び出せるっていうのが、自分のすごく良いところかなって」\n\n 陸上を始めた高校時代、この跳躍力を生かして走高跳の選手として活躍していた秦選手。しかし、大学卒業後に走幅跳に転向。一体、なぜなのでしょうか?\n\n秦選手\n「走高跳ってそこまで全力で走ることがないので、持て余してる感というか。走幅跳ってバーがないじゃないですか。自分が飛んだところまでが記録になるので、走高跳だったらバーがあって高さが決められているので、そのバーの高さでどれだけ高く跳んでも、その時バーを落とさなかっただけが記録になるので。『せっかくこんなに跳んでいるのに』って、もやもやを感じている部分もあって」\n\n 制限なく、もっと全力で跳びたい。競技が変わり、リミッターが外れたテイクオフで目指すのは初のオリンピック。そして日本人が不可能と言われていた7メートル台です。\n\n秦選手\n「『五輪!五輪!』って思わずに自分の力をちゃんと出せるように準備して、五輪で結果が出たっていう風にしていきたいなって思っています」\n\n（「報道ステーション」2024年5月31日放送分より）\nテレビ朝日,['https://newsatcl-pctr.c.yimg.jp/t/amd-img/20240601-90003895-ann-000-2-view.jpg?pri=l&w=640&h=360&exp=10800'],"['https://news.yahoo.co.jp/articles/a4c209a7ee7ba0a80e1da93e834d6ddad54087d3/images/000', 'https://news.tv-asahi.co.jp/news_sports/articles/photos/900003895.html']"
環境・技術で国際ルールを主導へ　政府が新計画（テレビ朝日系（ANN））,https://news.yahoo.co.jp/articles/bd10e8a59bb248a11e3dc420833beeb458300588,https://newsatcl-pctr.c.yimg.jp/t/amd-img/20240601-00000028-ann-000-2-thumb.jpg?exp=10800,2024-06-01T12:18:28+09:00,2024-06-01T12:41:19+09:00,テレビ朝日系（ANN）,ann,テレビ朝日系（ANN）,327,\nAll Nippon NewsNetwork(ANN)\n政府は、環境ルールや先端技術など、国際標準が定まっていない分野のルール作りを日本が主導するための新たな計画を決定します。\n\n 環境分野では、欧米や中国などが自国の企業に有利なルール作りに動いていて、EUでは新しく作る車に再生プラスチックを25％使うよう義務化する規制案が提案されています。\n\n EUはアフリカなどで再生プラスチックの確保に動いていて、EUのメーカーに有利な市場が形成される可能性があります。\n\n 日本政府は大学などと連携し国際標準づくりに向けた戦略を策定する計画で、4日の「知的財産戦略本部」で決定し、「骨太の方針」にも盛り込む方向で調整しています。\nテレビ朝日,[],[]
【独自】環境・技術で国際ルール作りを主導　政府が新計画を4日に決定へ（テレビ朝日系（ANN））,https://news.yahoo.co.jp/articles/6466555c67e43b61cb5394ef2d8c9c85640253b3,https://newsatcl-pctr.c.yimg.jp/t/amd-img/20240601-00000033-ann-000-7-view.jpg?exp=10800,2024-06-01T12:41:16+09:00,2024-06-01T13:31:58+09:00,テレビ朝日系（ANN）,ann,テレビ朝日系（ANN）,699,"\n""【独自】環境・技術で国際ルール作りを主導 政府が新計画を4日に決定へ""\n政府は、環境ルールや先端技術など国際標準が定まっていない分野のルールづくりを日本が主導するための取り組みを強化する、新たな計画を決定します。\n\n 環境ルールを巡っては、企業が水や鉱物など天然資源を利用する際の国際ルールづくりが進んでいます。\n\n 政府関係者は「新たなルール形成の動きは、市場競争のゲームチェンジをもたらすなど、日本の産業や社会への影響が増している」と指摘します。\n\n 欧米や中国はすでに自国の企業に有利なルールづくりに動いています。\n\n たとえば、EUでは新しく作る車に再生プラスチックを25％使うように義務化する規制案が提案されていますが、その一方で、EUはすでにアフリカなどで再生プラスチックの調達販路の開拓を進めていて、規制が実施されれば自動車市場が一気にEUのメーカーに有利になる可能性があります。\n\n 日本企業には日本がルールづくりで主導権をとれなければ、国際標準から取り残されたり新たな市場に乗り遅れたりするとの危機感があります。\n\n そこで政府は、大学やNPOと連携して、国際標準づくりの戦略を策定したり、ルール形成に関わる人材の育成や発掘を進めたりする計画です。\n\n 岸田総理大臣が本部長の「知的財産戦略本部」で4日に決定する「知的財産推進計画2024」に盛り込まれ、今年度の「骨太の方針」や「統合イノベーション戦略」にも反映される見通しです。\n\n これを受けて環境省は今年秋にも民間企業や大学などと連携し、新たな事業を立ち上げる予定です。\nテレビ朝日",['https://newsatcl-pctr.c.yimg.jp/t/amd-img/20240601-00000033-ann-000-7-view.jpg?exp=10800'],['https://news.yahoo.co.jp/articles/6466555c67e43b61cb5394ef2d8c9c85640253b3/images/000']
千葉県でも532集落に孤立の恐れ　半島部で地震や大雨のリスク　能登半島地震うけ調査（テレビ朝日系（ANN））,https://news.yahoo.co.jp/articles/549a36900498788bbd9ee18112bf153fdb17d760,https://newsatcl-pctr.c.yimg.jp/t/amd-img/20240601-00000032-ann-000-3-thumb.jpg?exp=10800,2024-06-01T12:27:25+09:00,2024-06-01T16:05:48+09:00,テレビ朝日系（ANN）,ann,テレビ朝日系（ANN）,482,\nAll Nippon NewsNetwork(ANN)\n能登半島地震では多くの地区が孤立しましたが、半島部の面積が広い千葉県でも地震や大雨の際に532カ所の集落で孤立する恐れがあることが分かりました。\n\n岸田総理大臣\n「“被災地が半島である”との地理的制約もあり、現地へのアクセスは困難を極めました」\n\n 石川県では、能登半島地震で一時、最大で24地区・3300人以上が孤立しました。\n\n 政府の検証チームが「アクセスルートが遮断され、奥能登全体が孤立状態になった」と指摘するなど、半島の地形に起因する交通手段の確保が大きな課題になりました。\n\n これを受けて房総半島を抱える千葉県は、海沿いと山間部の集落の状況について、県内の市町村に聞き取りを行いました。\n\n その結果、地震や大雨などにより富津市など県の南部を中心に532の集落で孤立の恐れがあることが分かり、山間部だけで最大で8万7000人になるとみられるということです。\n\n 千葉県は今後、災害時に使われる主要道路沿いで法面を点検するなど、対応を急ぐ考えです。\nテレビ朝日,[],[]
来春入社の採用活動がきょう解禁　コロナ後も面接はウェブで（テレビ朝日系（ANN））,https://news.yahoo.co.jp/articles/e086a55de13d42b02b9f91d8f33ea9f62370945e,https://newsatcl-pctr.c.yimg.jp/t/amd-img/20240601-00000031-ann-000-2-thumb.jpg?exp=10800,2024-06-01T12:22:27+09:00,2024-06-01T12:42:41+09:00,テレビ朝日系（ANN）,ann,テレビ朝日系（ANN）,384,\nAll Nippon NewsNetwork(ANN)\n6月1日は政府が原則として定める本格的な採用活動の解禁日です。土曜日にもかかわらず面接が行われています。\n\n 三井住友海上は来年の春入社に向けて、およそ360人の採用を予定しています。\n\n 去年、新型コロナが5類に移行しましたが、地方に住む学生への配慮などから、1次面接と2次面接はインターネットで行います。\n\n面接を受けた学生\n「入社してから『そうじゃなかった』と思うのは嫌なので、嘘偽りなくありのままの自分でお話しすることを心掛けました」\n「少し緊張しすぎるところがあるので、緊張しすぎないように、笑顔で面接を受けることを気を付けていました」\n\n 一方で、採用活動の早期化も進んでいて、大学生の就職内定率は、去年の同じ時期より6ポイント高い、78.1％となっています。\nテレビ朝日,[],[]
狙われる高級海産物「検挙の瞬間」サザエ次々と！　なぜ増加？中国SNSに“密漁動画”（テレビ朝日系（ANN））,https://news.yahoo.co.jp/articles/506d50fcf1fc382216eb7a363f1306338726a8fe,https://newsatcl-pctr.c.yimg.jp/t/amd-img/20240601-90003482-ann-000-2-view.jpg?exp=10800,2024-06-01T17:02:00+09:00,2024-06-01T17:16:47+09:00,テレビ朝日系（ANN）,ann,テレビ朝日系（ANN）,3960,\n狙われる高級海産物「検挙の瞬間」サザエ次々と！ なぜ増加？中国SNSに“密漁動画”\n海の高級食材を狙う悪質な密漁者を追跡しました。\n【画像】“日本で潮干狩り体験”中国SNSで拡散…勝浦海上保安署が奮闘「密漁から守る」\n■悪質な密漁は許さない!検挙の瞬間\n日本の海産物を守る最後の砦、海上保安庁。逃げているのはナマコの密漁者たちです。悪質な密漁は決して許しません。\n\n追跡取材班が向かったのは、房総半島。今の季節、高級食材のイセエビや大きな身が詰まったサザエ、ハマグリなど、海の幸の宝庫です。\n\nこの貴重な海産物を密漁から守るのが、勝浦海上保安署の保安官たちです。この日も出動し、取り締まる海岸はおよそ30キロにも及びます。\n\nある海岸に到着しました。注意の看板があるにもかかわらず、潮が引く日には密漁が横行するといいます。\n\n日本のほとんどの沿岸部では漁業権が設定され、対象の貝や海藻、イセエビなどを密漁した場合、漁業法により100万円以下の罰金が科されます。\n\n保安官たちも行動開始。服装は、目立たないようにレジャー客を装い、リーダーの勝浦海上保安署・内田裕之警備救難係長の指示の下で、違反者を発見する担当と証拠をカメラで抑える担当に分かれてパトロールします。\n\nすると、ある男性の動きに目を止めました。動きや服装などから、漁師ではないと判断。保安官が向かいます。\n\n保安官\n「こんにちは。海上保安庁です。持ち物を見せていただいてよろしいですか?漁師の方?」\n\n男性\n「ではない」\n\n保安官\n「これ何をとったの?」\n\n男性\n「あの…ウニ」\n\n日本語を話しますが、出身は中国だという男性。袋を開けると、大量のウニが次々と。その数、実に23個。他にも、サザエが1個と、トコブシが2個入っていて、8000円相当です。\n\nこの場所でウニやサザエを無断でとった場合、密漁となります。\n\n保安官\n「これ何するためにとった?」\n\n男性\n「興味があって」\n\n保安官\n「持ち帰ってどうするつもりだったの?」\n\n男性\n「いや、これは持ち帰るつもりはないです」\n\n保安官\n「ここまで持ってきて『持ち帰るつもりがない』というのはおかしい。何回かとったことある?」\n\n男性\n「ないです、きょう、今年が初めて」\n\n「たまたま拾っただけ」と言いますが、男性が持っていたものに保安官が気付きます。プロの漁師が貝をとるために使用する「磯がね」という道具です。\n\n保安官\n「この道具とか、よく知っているね」\n「これどうやって手に入れたの?」\n\n男性\n「オンライン（ショップ）」\n\n保安官\n「食べようと思って、持って帰ろうとしていたよね?」\n\n男性\n「そうです」\n\n漁業法違反として検挙されます。この後、取り調べを受けますが、100万円以下の罰金の可能性があります。\n■漁協にとって死活問題「外国人による密漁」\n全国的に密漁の検挙件数は増加しています。コロナ禍が明け、千葉県内ではサザエやイセエビなどを大量にとる悪質なケースも多いといいます。\n\n東京に近い潮干狩りで人気のふなばし三番瀬海浜公園では、ゴールデンウィークには多くの人たちでにぎわっていました。\n\n有料の潮干狩り場が盛り上がりますが、隣接する漁業権が設定されたエリアは、アサリやカキをとることが禁止されています。\n\n注意の看板や沖合付近にはポールが立てられ、「密漁禁止」と外国語でも書かれた横断幕があるにもかかわらず、主に外国人による密漁が絶えないといいます。\n\n漁協では稚貝を長年かけて育てていて、密漁はまさに死活問題です。\n\n船橋漁協 中村繁久組合長\n「それをとって生計を立てている人にとってはマイナス、痛手になります」\n■中国語が話せる保安官もパトロール\n先月27日、海上保安部・警察・漁協が大規模なパトロールを実施しました。海には巡視艇も。パトロール開始から5分、明らかに杭よりも先の禁止エリアに人影が確認されました。\n\n巡視艇から「こちらは貝をとってはいけない場所ですので、とった貝は海に返して」と呼び掛けられますが、全く反応がありません。\n\nそこで、保安官たちはひざ下までつかるなか、現場へ向かいます。\n\n海上保安庁\n「海上保安庁ですけど、日本の方ですか?日本語は話せますか?」\n\n中国人女性 \n「話せません。とってはいけないの?」\n\n海上保安庁\n「そう、漁業権があるからです」\n\n中国人女性 \n「とってはいけないなら帰ります、大丈夫です」\n\n海上保安庁\n「貝類はとってはいけません」\n\n今年4月から中国語が話せる保安官もパトロールに加わっています。\n\n中国出身の夫婦だという男女がとっていたのはカキで、密漁になります。\n\n中国人女性 \n「ちょっとだけなら…」\n\n海上保安庁\n「全部ダメです」\n\nそれでも…。\n\n中国人女性\n「ちょっとだけならいいでしょ!」\n\n海上保安庁\n「ダメです。全部戻してください」\n\nすると男性が…。\n\n中国人男性\n「戻そう、戻そう、もういいよ」\n\n海上保安庁\n「全部戻してください」\n\n女性は歩きながらポイ捨てをしてしまいます。\n\n中国人男性\n「すみませんね」\n\n禁止エリアに気付かなかったという中国出身の男女に対し、漁業権があることを伝え、立ち退かせます。\n■SNSで拡散…中国出身者による密漁増加\n千葉海上保安部によると、ここ数年増えているのが、中国出身者による密漁です。\n\n実は今、中国のSNSでは「潮干狩り」と称し、日本での密漁と思われる動画が拡散されています。動画には「日本で潮干狩り体験」と書かれています。\n\n特にアワビやナマコなどの密漁は「3年以下の懲役または3000万円以下の罰金」と罰則が強化されていますが、動画やとった場所の情報まで投稿されています。\n\n館山市と思われる動画には、「岩の隙間に何匹ものイセエビが隠れているのを発見。本日の成果を見せます、イセエビです。アワビもあります」と中国語で投稿されていました。\n\n日本で潮干狩りをしたというイセエビの写真の投稿には…。\n\n通訳スタッフ\n「『こっそりとって食べたら違法ですよ」という（投稿者への）書き込み」\n\nそれに対し、画像の投稿者は「じゃあ捕まえに来なよ」と返信しました。\n\n浜に来ていた中国人男性は、禁止エリアには入っていませんでしたが、「ネットで見た。TikTokとか。ここの住所とか出てくるので、それで来た」と話しました。\n\nこうした動画の拡散については海上保安庁でも把握し、問題視しています。\n\n勝浦管内で検挙した密漁の写真には、大きなイセエビが10匹も写っています。この時期、特にイセエビの被害が多くなるといいます。\n\n勝浦で50年以上 イセエビ漁師\n「漁獲量にも影響してくるし、そういう人（密漁者）が釣っていると情報が拡散して、ワッと増える。やっぱり憤慨ですよね」\n\n漁港は立ち入り禁止で柵もありますが、密漁者たちは…。\n\nイセエビ漁師\n「みんなこうやってくぐっていくわけ。こっちも漁場だけどね、下にイセエビがいるわけ」\n■海上保安官“日本の海産物を守る戦い”\n午後10時、密漁者が多いのは、夜の闇に紛れているからです。海上保安官は監視を始めます。その時、立ち入り禁止区域で海面を照らす怪しい光が…。\n\n男性に保安官が接近します。\n\n保安官\n「こんばんは。海保です。なんか下を照らして」\n\n男性\n「何かいるかなと思って」\n\n保安官\n「何がいた?」\n\n男性\n「カニがいたから、とれるかなと思って」\n\n保安官\n「分かっていると思いますが、イセエビとか」\n\n男性\n「やらない。リスクがデカすぎる」\n\n密漁はしていませんでしたが、立ち入り禁止区域への侵入が見つかりました。注意して立ち退かせました。\n\nイセエビは岸壁や岩の間に潜んでいるため、岸壁を照らす釣り人を注視します。すると、立ち入り禁止区域で怪しい光が…。\n\nイセエビを狙っているのでしょうか?確認するため、保安官が気付かれないように近付くと…。\n\n保安官\n「日本語じゃない。日本人じゃない」\n「イセエビとっていた?」\n「はい」\n\n保安官が近付きます。\n\n保安官\n「こんばんは。海上保安官なんですけど、これ何?イセエビ?」\n\n男性\n「はい」\n\n釣りバケツには、イセエビが入っています。すると、中国出身だという男性がいました。\n\n男性\n「リリースします」\n\n保安官\n「なんでリリースするって言うの?」\n\n男性\n「ダメだから」\n\n保安官\n「ダメって分かっててとったんでしょ?だからすぐリリースするって言った」\n\n男性\n「そうですね」\n\n保安官\n「とっちゃダメ。分かってるもんね」\n\n男性\n「すみません。気を付けます」\n\nイセエビの密漁は、100万円以下の罰金の可能性があります。\n\n男性\n「いやもう怖いな。どうしよう。罪としては1匹も10匹も同じ?」\n\n保安官\n「関係ない」\n\n釣れたイセエビは2500円相当。男性は漁業法違反として検挙され、取り調べを受けることになりました。\n\n日本の海産物を守る海上保安官の闘いは続きます。\nテレビ朝日,['https://newsatcl-pctr.c.yimg.jp/t/amd-img/20240601-90003482-ann-000-2-view.jpg?pri=l&w=640&h=360&exp=10800'],"['https://news.yahoo.co.jp/articles/506d50fcf1fc382216eb7a363f1306338726a8fe/images/000', 'https://news.tv-asahi.co.jp/news_society/articles/photos/900003482.html']"
温泉育ちのウニ“海なし県”埼玉の特産品へ…提供始まる（テレビ朝日系（ANN））,https://news.yahoo.co.jp/articles/a26c94d62eec28b2094d08d17d19602c8fcb9331,https://newsatcl-pctr.c.yimg.jp/t/amd-img/20240601-00000030-ann-000-2-thumb.jpg?exp=10800,2024-06-01T12:18:26+09:00,2024-06-01T12:49:07+09:00,テレビ朝日系（ANN）,ann,テレビ朝日系（ANN）,277,\nAll Nippon NewsNetwork(ANN)\n海がない埼玉県で、日帰り温泉施設の温泉で育てたウニの提供が1日から始まりました。\n\n 埼玉県久喜市の「天然温泉・なごみ」では、今年2月から温泉を使っておよそ2000匹のウニを育ててきました。\n\n 施設近くの海産物加工会社から傷の付いたワカメなどを提供してもらい、身が少ないウニを太らせてきました。\n\n久喜市在住の夫婦\n「おいしい。ちょっとクリーミーな感じ」\n「期待以上にいいウニです」\n\n 温泉施設では今後はウニの畜養を拡大し、地域の特産品に育てる計画です。\nテレビ朝日,[],[]
イスラエルが新たな休戦案　ハマス前向きな姿勢　米大統領「戦争終わらせる時が来た」（テレビ朝日系（ANN））,https://news.yahoo.co.jp/articles/9c192c6fae4f8cc8b37469965096f92b8850dbf6,https://newsatcl-pctr.c.yimg.jp/t/amd-img/20240601-00000029-ann-000-4-thumb.jpg?exp=10800,2024-06-01T12:17:33+09:00,2024-06-01T12:30:07+09:00,テレビ朝日系（ANN）,ann,テレビ朝日系（ANN）,432,\nAll Nippon NewsNetwork(ANN)\nアメリカのバイデン大統領は、ハマスに対するイスラエルの新たな休戦案を明かし、「この戦争を終わらせる時が来た」と述べました。\n\nアメリカ バイデン大統領\n「人質が戻り、イスラエルが安全になり、苦しみを止める、新しいステージの始まりだ。この戦争を終わらせる時が来た」\n\n バイデン大統領は演説で、イスラエルの新たな提案を「恒久的停戦と人質解放に向けたロードマップ」として内容を明らかにしました。\n\n 提案は3段階に分かれ、イスラエル軍のガザ地区からの撤退と引き換えにハマスが人質を解放し、最終段階で大規模な復興計画を進めるとしています。\n\n これに対して、ハマスは「演説の内容を肯定的に見ている」との声明を出し、提案に前向きな姿勢を示しました。\n\n 一方、ネタニヤフ首相は演説内容には触れず、「政府は人質の即時解放に向け、団結し全力を尽くしている」と声明を出しています。\nテレビ朝日,[],[]
タクシー「発砲」強盗事件　逮捕された男は以前福島に居住、仕事も（テレビ朝日系（ANN））,https://news.yahoo.co.jp/articles/cbd75f7a38fa4efdafad1a6ba092df0345979cda,https://newsatcl-pctr.c.yimg.jp/t/amd-img/20240601-00000027-ann-000-2-thumb.jpg?exp=10800,2024-06-01T12:16:36+09:00,2024-06-01T12:25:03+09:00,テレビ朝日系（ANN）,ann,テレビ朝日系（ANN）,383,\nAll Nippon NewsNetwork(ANN)\n埼玉県川口市でタクシー運転手が拳銃で撃たれてけがをした事件で、逮捕された男が事件後に潜伏していた福島県に以前、住んでいたことが分かりました。\n\n 埼玉県川口市の無職・瀬川好一容疑者（68）は、川口市でタクシー運転手の男性（72）に拳銃を突き付け「金を出せ」と脅迫したうえで、後部座席から発砲した疑いが持たれています。\n\n 捜査関係者によりますと、瀬川容疑者は事件後に、福島県内の知人女性の家にいて、その女性に送られて新幹線に乗りJR大宮駅へ移動したところで警察が身柄を確保しました。\n\n 瀬川容疑者は福島県出身で、福島で仕事などもしていたことがあるということです。\n\n 瀬川容疑者の自宅からは実弾のようなものが押収されていて、警察は銃を入手した経緯や動機などを調べています。\nテレビ朝日,[],[]
きのうの涼しさから一転　西～東日本に夏の暑さ戻る（テレビ朝日系（ANN））,https://news.yahoo.co.jp/articles/c6f4629bd4fd8c000f2cd261dccdf2a7e7e42a16,https://newsatcl-pctr.c.yimg.jp/t/amd-img/20240601-00000026-ann-000-2-thumb.jpg?exp=10800,2024-06-01T12:14:29+09:00,2024-06-01T12:41:09+09:00,テレビ朝日系（ANN）,ann,テレビ朝日系（ANN）,242,\nAll Nippon NewsNetwork(ANN)\n涼しかった先月31日から一転、西日本から東日本には夏の暑さが戻る見込みです。\n\n 曇っていた関東もお昼前に日差しが戻り、1日午前11時の気温は東京都心で23.4℃、すでに先月31日の最高気温を超えています。\n\n この後も各地で気温が上がり、前橋、名古屋、京都、大分県の日田市では29℃と真夏日一歩手前の暑さが予想されています。\n\n 先月31日との気温差が大幅に高くなるため、暑さに警戒が必要です。\nテレビ朝日,[],[]
京都で住宅全焼　高齢男性が死亡　3人やけど（テレビ朝日系（ANN））,https://news.yahoo.co.jp/articles/c60f7a1ad4a6ece4fd48f68a7c807a2102d8ad06,https://newsatcl-pctr.c.yimg.jp/t/amd-img/20240601-00000022-ann-000-4-thumb.jpg?exp=10800,2024-06-01T12:03:35+09:00,2024-06-01T12:10:29+09:00,テレビ朝日系（ANN）,ann,テレビ朝日系（ANN）,335,\nAll Nippon NewsNetwork(ANN)\n1日未明、京都市で住宅が全焼し、住人とみられる男性1人が死亡し、3人がけがをしました。\n\n 午前1時50分ごろ、京都市中京区西ノ京月輪町にある住宅の住人から「建物の1階から火が出ている」と消防に通報がありました。\n\n 火はおよそ1時間半後にほぼ消し止められましたが、木造3階建て住宅が全焼しました。\n\n 警察によりますと、この家は4人暮らしで、70代の住人とみられる男性が心肺停止の状態で病院に運ばれ、死亡が確認されました。\n\n この男性の70代の妻と40代の長女が重いやけどで病院に運ばれ、50代の長男も手や足にやけどをしました。\n\n 警察と消防が出火原因を調べています。\nテレビ朝日,[],[]
能登半島地震から5カ月　断水解消進むも避難長期化（テレビ朝日系（ANN））,https://news.yahoo.co.jp/articles/3e6edd5c319ee69ad66c0f799563d0b79a3bb960,https://newsatcl-pctr.c.yimg.jp/t/amd-img/20240601-00000024-ann-000-3-thumb.jpg?exp=10800,2024-06-01T12:05:31+09:00,2024-06-01T12:40:46+09:00,テレビ朝日系（ANN）,ann,テレビ朝日系（ANN）,391,\nAll Nippon NewsNetwork(ANN)\n能登半島地震から1日で5カ月です。石川県では最大でおよそ11万戸に上った断水世帯が1900戸ほどまでに減った一方、今も3300人以上が避難生活を送っています。\n\n 石川県によりますと、先月28日の時点で260人の死亡が確認されています。\n\n このうち30人が避難生活による体への負担などが原因の災害関連死です。\n\n 今も3319人が避難所に身を寄せていて、このうち1530人が地元を離れ、宿泊施設などで避難生活を続けています。\n\n 仮設住宅は31日までに4443戸が完成しましたが、自治体からの要望戸数の6割ほどにとどまっています。\n\n 断水世帯は元日の地震直後におよそ11万戸に上りましたが、土砂崩れなどで復旧が難航している輪島市と珠洲市の一部の1900戸ほどを除いて解消しています。\nテレビ朝日,[],[]
トランプ前大統領が上訴の方針表明「有罪評決は不当だ」（テレビ朝日系（ANN））,https://news.yahoo.co.jp/articles/f24c31c33110b39bbf05871cd467c1a42d6d6b9b,https://newsatcl-pctr.c.yimg.jp/t/amd-img/20240601-00000025-ann-000-5-thumb.jpg?exp=10800,2024-06-01T12:13:32+09:00,2024-06-01T12:38:35+09:00,テレビ朝日系（ANN）,ann,テレビ朝日系（ANN）,475,\nAll Nippon NewsNetwork(ANN)\n不倫口止め料の改ざんを巡る事件で、有罪の評決を受けたアメリカのトランプ前大統領が上訴する方針を明らかにしました。\n\nアメリカ トランプ前大統領\n「評決は不当だ。これはバイデンとその仲間によって仕組まれたことだ。これは詐欺だ。私は上訴する」\n\n ニューヨークのトランプタワーで会見したトランプ氏は、裁判官や検察を批判し、裁判が政治的な迫害だと訴えました。\n\n反トランプ派\n「アメリカでは法律を超える存在はいない。この評決はそれを証明する第一歩だ」\n\nトランプ支持\n「トランプ氏を支えるために来た。彼は犠牲者だ。評決は不公平だ。とても腹が立った」\n\n トランプ陣営によりますと、有罪評決の後に3480万ドル、およそ54億円の献金が寄せられたということです。\n\nアメリカ バイデン大統領\n「評決が気に入らないからといって、不正だと言うのは無謀であり、危険で無責任だ」\n\n バイデン大統領は有罪評決を不正だと主張するトランプ氏をこう批判しました。\nテレビ朝日,[],[]
地面の亀裂や牛舎の復旧進まず　ブランド牛「能登牛」にも影響（テレビ朝日系（ANN））,https://news.yahoo.co.jp/articles/37de66c54dee60bfb49353b836ada4c702e13db6,https://newsatcl-pctr.c.yimg.jp/t/amd-img/20240601-00000023-ann-000-4-thumb.jpg?exp=10800,2024-06-01T12:04:30+09:00,2024-06-01T12:11:12+09:00,テレビ朝日系（ANN）,ann,テレビ朝日系（ANN）,523,\nAll Nippon NewsNetwork(ANN)\n地震直後、断水の影響でブランド牛「能登牛」の飼育にも大きな影響が出ました。水は出るようになったものの、いまだ傷ついた牛舎などの復旧は進んでいません。\n\n能登牧場 平林将専務取締役\n「あっという間の5カ月でした」\n\n 能登牧場では能登牛などを1100頭ほど飼育しています。\n\n 地震直後は断水や停電などで一時は牛に十分に水を与えることができない状況でしたが、1日で5カ月となる今では、餌（えさ）や水を地震前と同様に牛たちに与えられるようになったといいます。\n\n能登牧場 平林将専務取締役\n「牛に餌をあげる時間、電気をつける時間、消す時間というのは発災前と後で違った環境にならないような、違うルーティンにならないように心掛けてました」\n\n しかし、傾いたままの牛舎や地面の亀裂はそのままです。\n\n 建設会社などに復旧工事を依頼しても発注が混み合っていて、地震前の姿を取り戻すことはできていません。\n\n能登牧場 平林将専務取締役\n「前例にとらわれない支援をお願いしますとしてきました。その一つ一つにどうか耳を傾けていただければと思っています」\nテレビ朝日,[],[]
ギリシャ訪問の佳子さま着用？2990円青ニットは注文殺到、品切れに…水色ワンピも完売（テレビ朝日系（ANN））,https://news.yahoo.co.jp/articles/dc1055b120bfc283959356f2b26366c01d5377ff,https://newsatcl-pctr.c.yimg.jp/t/amd-img/20240601-90003891-ann-000-2-view.jpg?exp=10800,2024-06-01T11:57:53+09:00,2024-06-01T13:22:01+09:00,テレビ朝日系（ANN）,ann,テレビ朝日系（ANN）,1614,\nギリシャ訪問の佳子さま着用？2990円青ニットは注文殺到、品切れに…水色ワンピも完売\nギリシャを訪問していた佳子さまが帰国の途に就きました。現地メディアは「東洋のダイアナ」と連日報道し、お召しになった洋服が完売になるなど、大きな反響を呼んでいます。\n【画像】水色ワンピースは総レース 「CELFORD（セルフォード）」2万7500円\n■現地メディアも大きな関心、連日報道\nホテルのスタッフと笑顔で握手をされる、秋篠宮家の次女・佳子さま。見送りの人々に笑顔であいさつし、空港に向けて出発されました。日本とギリシャの外交関係樹立125周年などを記念してのギリシャ訪問。佳子さまの海外公式訪問は3回目となります。\n\n佳子さま\n「この度の訪問を通してギリシャの多様な魅力に触れ、両国のつながりを実感でき、大変うれしく感じております」\n\n 連日、精力的に公務に励まれていた佳子さま。ギリシャを訪問するにあたり、ギリシャ語のあいさつを習われたといいます。\n\n佳子さま\n「ヤーサス（こんにちは）お会いできてうれしいです」\n\n 世界遺産のパルテノン神殿や日本が修復作業で協力した修道院の壁画などを視察。ギリシャの歴史と文化に触れつつ、現地の学生とも笑顔で交流されました。\n\n佳子さま\n「ありがとうございます。日本語を勉強してくださって、日本のこともすごく好きで\n。元気で過ごしてください。エフカリスト パラパラパラ ポリ（本当にありがとうございました）」\n\n 現地メディアも大きな関心を寄せ、国際親善に臨まれる佳子さまについて連日報道しました。\n\n現地メディア\n「東洋のダイアナ」\n「佳子さまの穏やかなお人柄、天性の気品と美貌、そして近年日本の皇室が経験してきた『危機』が佳子さまにスポットライトを当てている」\n\n 佳子さまを「東洋のダイアナ」と称し、フィギュアスケートを習っていたことや、手話が堪能なことなど、詳しいプロフィールを添えて紹介。\n■ブルーのニット、水色のワンピースも完売に…\n日本では、訪問先に合わせた佳子さまの装いも注目されています。\n\n佳子さま\n「すごくきれいによく（海が）見えますね」\n\n こちらはパルテノン神殿を訪れた際の服装。ギリシャの国旗をイメージし、ブルーのニットに白のパンツという装いです。\n\nPierrotプレス 友廣真由子さん\n「本当にうちの商品をお召しになっていたのであれば、大変光栄ですし、驚いています」\n\n 佳子さまが着用されていたブルーのニットは、オンライン販売専門のメーカーのものとみられ、一躍、注目の的に。お値段は…。\n\n友廣さん\n「税込みで2990円になります」\n\n 報道後に注文が殺到し品切れに。次の販売は未定だといいます。実は、佳子さまが去年、ペルーを訪問された時にも同じメーカーのジャケットを着用していると話題になりました。この時も注文が殺到し、瞬く間に完売となりました。\n\n佳子さま\n「みなさまに本当に温かくお迎えいただき、とてもうれしく思っています」\n\n ケルキラ島を訪れ、世界遺産に登録されている旧市街を視察されたこの日。佳子さまがお召しになっていたのは水色のワンピース。膝下までの華やかな総レース仕立てで、ウエストの黒いベルトがアクセントとなっています。\n\nCELFORDチーフプレス 一真由子さん\n「ソールドアウトになっているので、リクエスト数が一気に伸びている。問い合わせは殺到している」\n\n 佳子さまが着用されたワンピースではと言われている商品は、売り切れに。大きな反響があったといいます。6日間の滞在中、笑顔を絶やさず、日本とギリシャの親善に尽くされた佳子さま。1日午後に帰国されます。\n\n（「グッド!モーニング」2024年6月1日放送分より）\nテレビ朝日,['https://newsatcl-pctr.c.yimg.jp/t/amd-img/20240601-90003891-ann-000-2-view.jpg?pri=l&w=640&h=360&exp=10800'],"['https://news.yahoo.co.jp/articles/dc1055b120bfc283959356f2b26366c01d5377ff/images/000', 'https://news.tv-asahi.co.jp/news_society/articles/photos/900003891.html']"
米議会指導部　ネタニヤフ首相を議会演説に招待し賛否分かれる（テレビ朝日系（ANN））,https://news.yahoo.co.jp/articles/d0413f2b85b407ea09729eef3d2f32da63d61560,https://newsatcl-pctr.c.yimg.jp/t/amd-img/20240601-00000020-ann-000-2-view.jpg?exp=10800,2024-06-01T11:10:20+09:00,2024-06-01T11:17:45+09:00,テレビ朝日系（ANN）,ann,テレビ朝日系（ANN）,484,"\n""米議会指導部 ネタニヤフ首相を議会演説に招待し賛否分かれる""\nアメリカの議会指導部は、イスラエルのネタニヤフ首相を上下両院の合同会議での演説に招待する書簡を送ったと明らかにしました。\n\n アメリカ議会の民主、共和両党の指導部は31日、イスラエルのネタニヤフ首相に宛てた書簡で上下両院合同会議での演説に招待しました。\n\n 具体的な日程は明示されていませんが、アメリカの専門紙「ザ・ヒル」は7月から8月ごろになる見込みだとしています。\n\n 議会指導部はネタニヤフ氏に対し、議会演説を通じて「民主主義を守り、テロと闘い、地域の永続的な平和を確立しようとするイスラエル政府の構想を共有する」よう求めました。\n\n ネタニヤフ氏は過去に3回、アメリカ議会で演説していて、ロイター通信は、今回が実現すれば外国の首脳として最多となると伝えています。\n\n イスラエルが国際社会での孤立を深めるなか、アメリカ議会として連帯を示す狙いがある一方、リベラル派の一部の議員はネタニヤフ氏の対応を強く非難してきた経緯があり、演説への招待に反発しています。\nテレビ朝日",['https://newsatcl-pctr.c.yimg.jp/t/amd-img/20240601-00000020-ann-000-2-view.jpg?exp=10800'],['https://news.yahoo.co.jp/articles/d0413f2b85b407ea09729eef3d2f32da63d61560/images/000']
頬杖ついて物思い？“考える”ワンちゃん…まるでロダンの彫刻　なにを考えているの？（テレビ朝日系（ANN））,https://news.yahoo.co.jp/articles/f4ad6f925b17d3a7612a1282e82863f19abf05ae,https://newsatcl-pctr.c.yimg.jp/t/amd-img/20240601-90003854-ann-000-1-view.jpg?exp=10800,2024-06-01T11:31:59+09:00,2024-06-01T11:31:59+09:00,テレビ朝日系（ANN）,ann,テレビ朝日系（ANN）,577,\n頬杖ついて物思い？“考える”ワンちゃん…まるでロダンの彫刻 なにを考えているの？\n考えるワンちゃんです。\n【画像】頬杖ついて物思い? “考える”ワンちゃん まるでロダンの彫刻…なにを考えている?\n■犬が“頬杖”をついて“考え事”?\n飼い主さんとおもちゃで元気に遊ぶワンちゃん。\n\n しかし、ケージの中にいる時は…なんと頬杖をつきながら、じーっとこちらを見つめています。\n\n 前脚にアゴをのせながら、何ともいえないこの表情。\n\n その姿は、まるでロダンの彫刻「考える人」。\n\n 悩みごとでもあるのでしょうか?\n\n じっと一点を見つめ、物思いにふけっているかのようです。\n\n ワンちゃんは頬杖をついて何を考えているのでしょうか?\n■専門家「ただ退屈している」\n頬杖をついてカメラの方を見つめていたのは、こたろうくん（10カ月）です。\n\n こたろうくんは頬杖をついて何を考えているのでしょうか。\n\n ドッグトレーナーの鹿野正顕さんによりますと、「何かを考えているわけではなく、ただ退屈している。ケージに体が寄りかかって、たまたまこの体勢になった」ということです。\n\n（「羽鳥慎一 モーニングショー」2024年5月31日放送分より）\n\n※この映像にはナレーションはありません。ご了承ください。\nテレビ朝日,['https://newsatcl-pctr.c.yimg.jp/t/amd-img/20240601-90003854-ann-000-1-view.jpg?pri=l&w=640&h=360&exp=10800'],"['https://news.yahoo.co.jp/articles/f4ad6f925b17d3a7612a1282e82863f19abf05ae/images/000', 'https://news.tv-asahi.co.jp/news_society/articles/photos/900003854.html']"
【速報】横須賀市で住宅全焼　男性1人が心肺停止（テレビ朝日系（ANN））,https://news.yahoo.co.jp/articles/41ede3cbda3c174b59520114fa1dd55820c9b9df,https://newsatcl-pctr.c.yimg.jp/t/amd-img/20240601-00000021-ann-000-5-thumb.jpg?exp=10800,2024-06-01T11:28:53+09:00,2024-06-01T11:36:54+09:00,テレビ朝日系（ANN）,ann,テレビ朝日系（ANN）,309,\nAll Nippon NewsNetwork(ANN)\n1日朝、神奈川県横須賀市で住宅が全焼する火事があり、男性1人が心肺停止の状態で発見されました。\n\n 午前8時8分ごろ、横須賀市鴨居で、「1階部分から炎が出ています」「隣に燃え移ってます」と近くに住む人から119番通報がありました。\n\n 消防によりますと、消防車や救急車13台が出動し、周辺の住宅5軒を焼くなどしておよそ2時間半後に消し止められました。\n\n 焼け跡からは火元の住人の男性が心肺停止の状態で発見されたほか、火元の住人の別の1人が救急搬送され、喉のやけどで治療中です。\n\n 警察と消防で出火の原因などを調べています。\nテレビ朝日,[],[]
埼玉・草加で大行列“30円コロッケ” 58年の歴史に幕　夫婦二人三脚「世界一幸せ」（テレビ朝日系（ANN））,https://news.yahoo.co.jp/articles/2a80fbf7b7e4aea76033434a24467e579ade4ee7,https://newsatcl-pctr.c.yimg.jp/t/amd-img/20240601-90003890-ann-000-2-view.jpg?exp=10800,2024-06-01T11:06:54+09:00,2024-06-01T18:24:50+09:00,テレビ朝日系（ANN）,ann,テレビ朝日系（ANN）,2266,\n埼玉・草加で大行列“30円コロッケ” 58年の歴史に幕 夫婦二人三脚「世界一幸せ」\n1個30円のコロッケなど、地元で愛されてきた精肉店が58年の歴史に幕を閉じました。二人三脚で店を守り続けてきた夫婦は別れを惜しんで訪れる多くの常連客たちの姿に「世界一幸せ」と語りました。\n【画像】サクサクジューシーなメンチカツ80円 素朴な味わい…ボリュームたっぷりコロッケ30円\n■子へ、孫へ…受け継がれた“地元の味”\n最大でおよそ100メートルにも及んだ長蛇の列。その先頭にあったのが、精肉店「肉のやまだ」です。\n\n常連客\n「草加市民なら誰でも知っていると思う。ソウルフードじゃないですか」\n\n中学生\n「（Q.一番好きなものは何?）一口カツもおいしいし、全部ですかね。全部おいしいです」\n\n肉のやまだ\n山田 奨大将（81）\n「トンカツあがったぞ。チキンカツは何枚だ?」\n\n 長きにわたり、地元の人たちに変わらぬ味を届けてきたのは、大将の山田さんと妻の好子さん（78）です。\n\n山田大将\n「くたばるだけだよ、我々は。こんな店に並ぶ必要ねえよな」\n\n 「人に使われるのが嫌だ」との思いから、58年前、20代の若さで開業した大将。以来、妻との二人三脚で店を切り盛りするとたちまち地元で評判の店に…。\n\n 数あるメニューのなかでも特に人気なのがサクサクジューシーなメンチカツ、お値段は80円。そして、素朴な味わいがやみつきになる「コロッケ」はなんと1個30円です。\n\n小学生の頃から通う常連客\n「おなかすいたと言って、お小遣い少ないなか、みんなで行って1個ずつ好きなの買って、50円とか持ってみんなで行って、小学生からしたらすごくありがたかった」\n「親と一緒に来てて、そこから自分も来るようになって」\n「（Q.娘さんも食べる?）まだ食べられないです。でも息子が食べてて、幼稚園帰りとか寄ってたりもしたんで。（買うのは）コロッケとかです。なくなるのは悲しいです」\n\n 子どもの頃に親しんだ味は、子へ、そして孫へと受け継がれてきました。そんなコロッケを一口いただいてみると…。\n\n紀真耶アナウンサー\n「じゃがいもの優しい甘さを感じます。おいしい。30円でこれだけボリュームあったら大満足です」\n■体力の限界、後継者不在で…\n物価高のなかでも、昔ながらの値段を貫いているのは夫婦のある思いからでした…。\n\n山田大将\n「中学生とか高校生、小学生がお小遣いで買えるでしょ」\n\n好子さん\n「子どもも大事にしないといけません。子どもたちが『うまい、うまい』と宣伝したのが、あの子たちなんです」\n\n 地元に根付き、草加っ子から愛され続けてきたお店ですが、先月31日に閉店の日を迎えました。惜しまれつつも、閉店を決断した理由は…。\n\n好子さん\n「本当はやめたくないんですけどね。体に限界がきちゃったから」\n\n山田大将\n「俺はやめたいよ」\n「（Q.どこか悪い所があるんですか?）頭!頭が悪いんだよ（笑）」\n\n こうはぐらかした大将。そして…。\n\n山田大将\n「こどもだって、自分の人生だから。これやれって言えないよな」\n\n 体力の限界と、後継者がいなかったことで、58年の歴史に幕をおろすことになりました。\n■常連客からの鳴り止まない拍手「最高です」\n店には、夫婦への“感謝の気持ち”を形で表した人も…。\n\n約30年前からの常連客\n「30年くらい、僕の場合はお世話になっていたので。僕は地元を離れて、こっちにいるので、草加のお母さんと勝手に思っていたぐらいなので、すごく寂しいです」\n\n好子さん\n「（Q.大変な時はなかった?）ないです。楽しいです。楽しいですよ!こんな楽しい商売ないでしょ。私は日本一、世界一幸せな女です。私はそう思っている」\n\n 日が暮れてもなお、途切れない行列。品数が少なくなってきた夕方には学校から帰宅した子どもたちの姿も目立つようになりました。そして、午後7時30分。\n\nスタッフ\n「みなさん、本当に、ありがとうございました、長いこと。もうきょう売り切れなので、申し訳ございません。並んでも買えません。長いことありがとうございました!」\n\n 鳴り響く拍手。それでも名残りを惜しむ常連客たちが、感謝の気持ちを伝えにやってきました。\n\n ずっと厨房（ちゅうぼう）の奥にいた大将も、客の前に姿を見せると…。\n\n常連客\n「娘が手紙を」\n\n山田大将\n「読ませていただきます」\n\n常連客\n「いつもおいしいコロッケをありがとうございます」\n\n山田大将\n「よかったね。明日は昼間、チャーシューだけ売ります。だって、みんなきちゃって…」\n\n なんと、客の要望におされて余った豚肉で、一日延長して「焼き豚」だけを限定販売することに決めたのです。\n\n 急きょ、仕込み作業を始めることにした大将。午後9時をすぎ、ようやくひと気が途絶えるとこのように話しました。\n\n好子さん\n「（Q.大将も最後、お客さんの方に出てた。やはりお客さんが好き?）大好きですよ」\n\n山田大将\n「違うよ」\n\n好子さん\n「この人のほうが好きですよ、私より」\n「（Q.終わってみて?）最高です。この仕事をしておいてよかった」\n\n（「グッド!モーニング」2024年6月1日放送分より）\nテレビ朝日,['https://newsatcl-pctr.c.yimg.jp/t/amd-img/20240601-90003890-ann-000-2-view.jpg?pri=l&w=640&h=360&exp=10800'],"['https://news.yahoo.co.jp/articles/2a80fbf7b7e4aea76033434a24467e579ade4ee7/images/000', 'https://news.tv-asahi.co.jp/news_society/articles/photos/900003890.html']"
【SDGs】梱包資材から生まれる新しい物流のカタチ（テレビ朝日系（ANN））,https://news.yahoo.co.jp/articles/0a0bea6e40842f3c85f179c3d61fefe12b03ace2,https://newsatcl-pctr.c.yimg.jp/t/amd-img/20240601-00000018-ann-000-5-thumb.jpg?exp=10800,2024-06-01T10:00:56+09:00,2024-06-01T10:06:42+09:00,テレビ朝日系（ANN）,ann,テレビ朝日系（ANN）,238,\nAll Nippon NewsNetwork(ANN)\n繰り返し使える梱包資材を開発し、運用のシステムも自ら作った梶田伸吾さん。以前、商社で物流ビジネスに携わっていた際、業者間での物流には梱包資材を何度も繰り返し使用する一方で、消費者向けには使い捨ての梱包資材を使っていることに疑問を抱き、この取り組みを始めました。物流は単に物を運ぶだけの機能的なサービスではなく、人それぞれの思いも運び、通じ合う力があることを証明したいと語る梶田さんの思い描く未来とは？\nテレビ朝日,[],[]
岐阜の大型トラック衝突事故　死亡した2人は50代の運転手（テレビ朝日系（ANN））,https://news.yahoo.co.jp/articles/15f6298581753d0a51085e1fbb34109cb06ffd60,https://newsatcl-pctr.c.yimg.jp/t/amd-img/20240601-00000019-ann-000-6-thumb.jpg?exp=10800,2024-06-01T10:12:33+09:00,2024-06-01T10:33:33+09:00,テレビ朝日系（ANN）,ann,テレビ朝日系（ANN）,284,\nAll Nippon NewsNetwork(ANN)\n1日未明、岐阜県中津川市の国道で、大型トラック同士が正面衝突する事故があり、双方の運転手が死亡しました。\n\n 警察によりますと午前2時ごろ、中津川市落合の国道19号で通行人の男性からトラック同士の事故の110番通報が入りました。\n\n 大型トラック2台が正面衝突し、それぞれの車を運転していた男性2人が体を強く打ち死亡しました。\n\n 死亡したのは岐阜県多治見市の米増誠司さん（52）と群馬県高崎市の萩原勝利さん（53）です。\n\n 現場はカーブで、警察が事故の原因を調べています。\nテレビ朝日,[],[]
TOBE滝沢秀明社長が“正社員”を募集！ 初年度年収350万円～600万円と想定（テレビ朝日系（ANN））,https://news.yahoo.co.jp/articles/fb586677c8c4596ba30f432abf3a5f6b26ddad78,https://newsatcl-pctr.c.yimg.jp/t/amd-img/20240601-90003889-ann-000-1-view.jpg?exp=10800,2024-06-01T09:36:51+09:00,2024-06-01T09:36:51+09:00,テレビ朝日系（ANN）,ann,テレビ朝日系（ANN）,393,\nTOBE滝沢秀明社長が“正社員”を募集！ 初年度年収350万円～600万円と想定\n芸能事務所「TOBE」の滝沢秀明社長が31日、X（旧ツイッター）で、同社の“正社員”を募集していることを明かした。\n\n転職サイト「マイナビ転職」のリンクを貼り、「『新たな時代へTOBE』一緒に手掛けていきませんか?」と伝えた。\n\n同サイトによると、募集しているのは正社員で、所属アーティストのスケジュール調整や管理、現場同行や営業企画やプロモーションなどを担当する仕事とのこと。フレックスタイム制（標準労働時間1日8時間）で、月給は25万円から（試用期間3カ月あり）で賞与は年2回なので、初年度年収は350万円～600万円と想定されるという。\n\n滝沢社長は「条件が合う方、TOBEで働いてみたいお気持ちがある方がいらっしゃいましたらご応募お待ちしております」と呼び掛けた。\nテレビ朝日,['https://newsatcl-pctr.c.yimg.jp/t/amd-img/20240601-90003889-ann-000-1-view.jpg?pri=l&w=640&h=360&exp=10800'],['https://news.yahoo.co.jp/articles/fb586677c8c4596ba30f432abf3a5f6b26ddad78/images/000']
安保理会合　北朝鮮が偵察衛星発射を正当化（テレビ朝日系（ANN））,https://news.yahoo.co.jp/articles/bac083d9874ad99e0c916e5ac04532ff821d195f,https://newsatcl-pctr.c.yimg.jp/t/amd-img/20240601-00000017-ann-000-5-view.jpg?exp=10800,2024-06-01T09:39:47+09:00,2024-06-01T09:47:33+09:00,テレビ朝日系（ANN）,ann,テレビ朝日系（ANN）,349,"\n""安保理会合 北朝鮮が偵察衛星発射を正当化""\n国連の安全保障理事会は北朝鮮が偵察衛星を打ち上げたことを受けて緊急会合を開き、各国が相次いで非難しましたが、北朝鮮は「自衛権の行使だ」と反発しました。\n\n 31日、日本やアメリカなどが要請して開かれた安保理会合で、多くの理事国が北朝鮮の偵察衛星の打ち上げについて「安保理決議違反」だと指摘しました。\n\n 会合には北朝鮮の国連大使も出席し「自衛権の行使だ」と正当化したうえで、今後も開発を続ける考えを示しました。\n\n また、中国とロシアはアメリカが朝鮮半島の緊張を高めていると指摘し、今回も北朝鮮を擁護する姿勢を貫きました。\n\n 北朝鮮のミサイルや偵察衛星を巡って安保理は、2018年以降一致した対応が取れずにいます。\nテレビ朝日",['https://newsatcl-pctr.c.yimg.jp/t/amd-img/20240601-00000017-ann-000-5-view.jpg?exp=10800'],['https://news.yahoo.co.jp/articles/bac083d9874ad99e0c916e5ac04532ff821d195f/images/000']
バイデン政権、米兵器でのロシア領攻撃を容認　長距離ミサイルは不可（テレビ朝日系（ANN））,https://news.yahoo.co.jp/articles/52248f691aaa6f2c994f00a1cafede34b25d19fd,https://newsatcl-pctr.c.yimg.jp/t/amd-img/20240601-00000014-ann-000-4-thumb.jpg?exp=10800,2024-06-01T09:09:10+09:00,2024-06-01T09:13:28+09:00,テレビ朝日系（ANN）,ann,テレビ朝日系（ANN）,229,\nAll Nippon NewsNetwork(ANN)\nアメリカの兵器の使用が認められるのは、ウクライナ北東部・ハルキウ州に隣接するロシアの国境地帯です。\n\n ロシア軍の拠点となっているこの地域に対し、ウクライナがアメリカから供与されたロケット砲などを反撃手段として使用することを容認したということです。\n\n ただし、射程の長いミサイルでの攻撃は認められていません。\n \n（「グッド！モーニング」2024年6月1日放送分より）\nテレビ朝日,[],[]
新鮮魚介たっぷり“海鮮丼”一品勝負の訳は…有名ラーメン店＆天丼店の創業者の思い出（テレビ朝日系（ANN））,https://news.yahoo.co.jp/articles/8df9feffb89490ae336627eb6a7235f76fdefc73,https://newsatcl-pctr.c.yimg.jp/t/amd-img/20240601-90003471-ann-000-2-view.jpg?exp=10800,2024-06-01T11:02:06+09:00,2024-06-01T11:09:51+09:00,テレビ朝日系（ANN）,ann,テレビ朝日系（ANN）,3568,\n新鮮魚介たっぷり“海鮮丼”一品勝負の訳は…有名ラーメン店＆天丼店の創業者の思い出\n東京・日本橋にある「つじ半」。開店前から大行列の店は8割が外国人観光客です。お目当ては、新鮮な海鮮がたっぷりと盛られた「ぜいたく丼」1250円から。一品勝負の理由は、有名ラーメン店と天丼店の創業者の思い出にありました。\n【画像】並んでも食べたい絶品…店主の“もったいない”精神から生まれた“もつ煮”\n府中にある「たま家食堂本店」の「もつ煮込定食」は700円。一品勝負の理由は“もったいない精神”!?。実は、店の本業は肉のおろし業務。加工を行う中で規格外のモツが大量に出ることから始めていました。\n\n銀座で女性に大人気の店「たらちゃん」。一品勝負するのは、韓国のスープ「プゴク」1300円。プゴクとは、干したタラを使ったスープです。店主は、カツオ節などを使って日本風にアレンジしていました。\n■外国人も絶賛「海鮮丼」一品勝負\n日本橋にある「つじ半」。開店直後の午前11時、お店に行ってみると、すでに40人以上の長い列ができていました。\n\n開店のおよそ1時間前からできる行列は、8割が外国人観光客だといいます。\n\n北海道から来た観光客\n「びっくりしました。余裕をもって（開店の）30分前に着いたら、もう並んでいて」\n\nSNSを見てやって来たという外国人たち。お目当ては、新鮮な魚介がたっぷりと盛られた、その名も「ぜいたく丼」一品です。\n\nカナダから来た観光客\n「こんな盛り付け方は、カナダにはない。本当においしい!」\n\n一番シンプルな「梅」は、マグロ、イカ、ツブ貝など10種類の具材を混ぜ合わせて盛り付けます。さらに、ブリの刺身がついて1250円です。\n\nつじ半日本橋本店 総料理長\n石川知徳さん\n「お待たせしました」\n\n桝田沙也香アナウンサー\n「海鮮が山盛りです。一つひとつの海鮮の味が濃くて甘いです。それが、口の中で一体化します」\n\nさらに、食べ進めたところで…。\n\n石川さん\n「ここまで食べましたら、次はだしを入れます。タイだしです」\n\nタイのかぶとや香味野菜などを2時間煮込んで作った濃厚なタイだしを丼に注ぎ、タイ茶漬けに。ごまダレがかかったブリの刺身を中に入れても、また違った味わいが楽しめます。\n\nアメリカから来た観光客\n「とてもいい。おなかにしみわたります」\n\n韓国から来た観光客\n「海の味がする」\n\n一杯で色々な食べ方が楽しめる、まさにぜいたく丼。これも、外国人に人気の理由です。\n\n創業以来、こだわりの海鮮丼一品で勝負してきた、つじ半。そのワケは?\n\n石川さん\n「（つじ半の創業者）宮本社長の（学生時代の）後輩に、つじ田というラーメン屋さんと、金子半之助という天丼屋さんがいて。（それぞれ）ラーメンと天丼という一品で勝負した」\n\nつじ半の社長の後輩で、有名つけ麺店「つじ田」の創業者・辻田雄大さんと、人気天丼専門店「金子半之助」の創業者・金子真也さん。実は、幼なじみです。学生時代、よく一緒に食べていたという海鮮丼の味が忘れられず…。\n\n石川さん\n「（2人から）海鮮も一品で勝負できないかという相談を受けて、（つじ半の創業者）宮本が店を作った」\n\n海鮮丼一本で勝負し、今や台湾や香港など海外にも出店するほどの勢い。外国人にも人気のぜいたく丼。1250円の「梅」にイクラを増量しカニを加えた「竹」（1650円）や、そこにウニを加えた「松」（2200円）もあります。\n\n行列必至の「つじ半 日本橋本店」。近くに、今年3月オープンした室町店があり、こちらはまだ比較的空いているとのことです。\n■絶品「もつ煮込定食」一品に秘めた思い\n東京・府中。東京競馬場の裏、西武多摩川線・是政駅から歩いて8分ほどのところにある「たま家食堂本店」。\n\n稲城市から初来店\n「妻がインターネットで調べて、もつ煮がおいしそうだということで、ちょっときょう来てみようと」\n\n昭島市から初来店\n「気合いを感じます。なかなか、もつ煮だけで専門店ってないですもんね」\n\n“もつ煮一品”で勝負。それは、店主の“もったいない”精神から生まれていました。\n\n並んでも食べたい絶品の「もつ煮込定食」はごはんとスープ、サラダがついて、お値段700円です。\n\n使われているのはブタの内蔵。ボイルした後、みそ、ゴマ、香辛料などで味付けして、コトコト煮込みます。うずらの卵、豆腐、ネギを入れて完成です。\n\nこの他、みそ味と並んで人気なのが、カレー味です。\n\nそして、女性に人気なのがトマト味のもつ煮。チーズのトッピングもできます。\n\n常連客\n「月に2回くらい（来店）。きょうはトマト味。おいしいです」\n\n店をよく見ると、看板の上にもう1つ看板があります。実は、もつ煮一品で勝負する理由が、そこにありました。\n\nたま家食堂本店 店主\n大久保武彦さん\n「肉のおろし業務が本業なので。廃棄する規格外の原料（もつ）が、多い時で何百キロと出た時があった。これはまずいと。そこからスタートですね」\n\n本業である肉の加工をする中で、規格外のもつが大量に出ることに悩んでいたという店主の大久保武彦さん。\n\n形が不ぞろいなだけで捨ててしまうのはもったいないと、工場併設のもつ煮専門店を作って出すことにしたのです。\n\nさらに“もったいない”から生まれたのは、他にもあります。\n\n大久保さん\n「“肉そぼろラー油”。原料が端材なので、無料でお客さんに提供しています」\n\nミンチした豚肉にピーナッツ、ラー油などで味付けしたオリジナルの調味料「肉そぼろラー油」です。\n\n常連客\n「結構大量に。いつも、これぐらいかけています。めちゃめちゃごはんに合います」\n「普通の人より、余分に乗せて食べているような気がします」\n\n初めて来た客\n「ちょっとピリ辛で、ごはんにすごく合います」\n\n大人気のもつ煮専門店。新メニューとして、もつ煮にうどんをつけて食べる「もつ煮込みうどん定食」も始め、人気となっています。\n■二日酔いに効くスープ!?スープ“一品勝負”\n続いてやってきたのは銀座。歌舞伎座から裏手に歩いて3分ほどの所にある「たらちゃん」。昼時は、行列ができる人気店です。\n\nこだわりの素材を使い、日本人が食べやすい味。一品で勝負するのは、二日酔いに効くと言われるスープでした。\n\n客\n「おいしいです。優しくて、ほっとする味」\n「しみわたる感じ。きのう、ちょっと胃が疲れてたので、ちょうどいい感じです」\n\n女性たちをとりこにする一品。それは、韓国のスープ「プゴク」です。ごはんやキムチなどがついて1300円。\n\nたらちゃん店主\n高潤美さん\n「お待たせしました。プゴクになります」\n\n桝田アナ\n「あっさりとした優しい味わいのスープです。乾物のコクでしょうか、うまみが凝縮しています」\n\nプゴクはプゴ（干したタラ）を使ったスープのこと。具はたっぷりの干しダラのほか、ふわふわの溶き卵、スープを吸った高野豆腐です。\n\n韓国出身の常連客\n「プゴクは、お酒を飲んだ後の次の朝に、お母さんがお父さんのために作ってくれるというスープ」\n\n一口飲めば、滋味あふれるスープが優しくしみわたります。\n\n韓国では家庭でも日常的に食べられており、二日酔いにもいいのだとか。\n\n3年前、銀座にお店をオープンした店主の高潤美さん。一品にこだわる理由は?\n\n高さん\n「プゴクは、祖母が作ってくれたものは飲んだことがあったんですけど。ソウルにプゴクの専門店があって、そこでプゴクを食べた時に衝撃的なおいしさで感銘を受けて。こんなお店を日本でやりたいなと思って、始めたのがきっかけです」\n\n6年前、旅行で訪れた韓国で出会った本場のプゴクの味。当時、まだあまり知られていない日本に、このおいしさを広めたいと一念発起したのです。\n\n高さん\n「私にしかできないスープの取り方。乾物を組み合わせてスープベースを作るところにこだわりました」\n\n本場韓国では、牛テールなど動物系のスープがベースになるのですが、高さんは3年の歳月をかけ、イリコだしを使うなど日本人に合う味にアレンジしたところ大人気に。\n\n初来店の親子\n「味が体に優しくて、韓国料理っぽくないです」\n\nもう少し刺激がほしい人には、自家製のキムチやエゴマの粉末などで味変するのが、おすすめだということです。\nテレビ朝日,['https://newsatcl-pctr.c.yimg.jp/t/amd-img/20240601-90003471-ann-000-2-view.jpg?pri=l&w=640&h=360&exp=10800'],"['https://news.yahoo.co.jp/articles/8df9feffb89490ae336627eb6a7235f76fdefc73/images/000', 'https://news.tv-asahi.co.jp/news_economy/articles/photos/900003471.html']"
「歴史に残る記録を作れた（笑）」人身事故めぐり　JR東日本で不適切社内報（テレビ朝日系（ANN））,https://news.yahoo.co.jp/articles/67201d45da428e03d35bb0d791262a0d3d1af60c,https://newsatcl-pctr.c.yimg.jp/t/amd-img/20240601-00000016-ann-000-14-thumb.jpg?exp=10800,2024-06-01T09:19:09+09:00,2024-06-01T14:05:36+09:00,テレビ朝日系（ANN）,ann,テレビ朝日系（ANN）,432,\nAll Nippon NewsNetwork(ANN)\n社内報に人身事故についての不適切な記事を掲載していました。\n\n 不適切な記事が掲載されたのは、JR常磐線に乗務する運転手などが所属するJR東日本水戸支社土浦運輸区の社内報です。\n\n 管内で起きた人身事故について運転手のインタビューが掲載されていましたが、その内容が…。\n\n「人身事故最年少記録を達成した（実名）さんにインタビューしました」\n「（Q.率直な感想は？）やってもうた」\n「（Q.最年少記録の気持ちは？）歴史に残る記録を作れた（笑）」\n\n 記事は事前にチェックされていましたが、管理者は「社員同士の誹謗（ひぼう）中傷ではない」として掲載を許可していたということです。\n\n JR東日本水戸支社は、「今回の事実を厳粛に受け止め、コンプライアンスに関する社員教育を徹底します」とコメントをしています。\n\n（「グッド！モーニング」2024年6月1日放送分より）\nテレビ朝日,[],[]
住宅ローン固定金利、大手5行一斉引き上げ　変動金利は各社据え置き（テレビ朝日系（ANN））,https://news.yahoo.co.jp/articles/5e35394a7ca142d1bdc3b9840875798812fa303a,https://newsatcl-pctr.c.yimg.jp/t/amd-img/20240601-00000013-ann-000-8-thumb.jpg?exp=10800,2024-06-01T09:02:06+09:00,2024-06-01T13:52:20+09:00,テレビ朝日系（ANN）,ann,テレビ朝日系（ANN）,333,\nAll Nippon NewsNetwork(ANN)\n大手銀行は住宅ローンの固定金利を一斉に引き上げます。\n\n 銀行各社は先月31日、今月から適用される住宅ローンの金利を発表しました。\n\n 長期金利の上昇を受け、10年固定住宅ローンの最優遇金利は、\n三菱UFJ銀行が1.2％（前月比＋0.14％）\n三井住友銀行が1.75％（前月比＋0.05％）\nみずほ銀行が1.55％（前月比＋0.05％）\n三井住友信託銀行が1.445％（前月比＋0.1％）\nりそな銀行が1.83％（前月比＋0.05％）に引き上げられます。\n\n 一方、変動金利は各社いずれも据え置いています。\n\n（「グッド！モーニング」2024年6月1日放送分より）\nテレビ朝日,[],[]
【速報】大型トラック同士が正面衝突　双方の運転手死亡　岐阜・中津川市（テレビ朝日系（ANN））,https://news.yahoo.co.jp/articles/48ae8b183c49a526411ac526e60780138668bf98,https://newsatcl-pctr.c.yimg.jp/t/amd-img/20240601-00000012-ann-000-5-thumb.jpg?exp=10800,2024-06-01T08:04:11+09:00,2024-06-01T08:10:16+09:00,テレビ朝日系（ANN）,ann,テレビ朝日系（ANN）,296,\nAll Nippon NewsNetwork(ANN)\n1日未明、岐阜県中津川市の国道で、大型トラック同士が正面衝突する事故があり、双方の運転手が死亡しました。\n\n 警察によりますと午前2時ごろ、中津川市落合の国道で、通行人の男性からトラック同士が正面衝突の事故を起こしたとの110番通報がありました。\n\n 正面衝突したのは、ともに大型トラックで、西へ向かっていたトラックと東へ向かっていたトラック双方の運転手の男性が死亡しました。\n\n 事故は、東へ向かう側の車線で起きていて、現場はカーブだったということです。\n\n 警察は事故の詳しい原因を調べています。\nテレビ朝日,[],[]
黒柳徹子さん北京訪問　日本語を学ぶ学生と交流（テレビ朝日系（ANN））,https://news.yahoo.co.jp/articles/1e55b03945170ce047a04c8a4747f71de0bedb38,https://newsatcl-pctr.c.yimg.jp/t/amd-img/20240601-00000011-ann-000-2-thumb.jpg?exp=10800,2024-06-01T07:26:12+09:00,2024-06-01T07:32:41+09:00,テレビ朝日系（ANN）,ann,テレビ朝日系（ANN）,374,\nAll Nippon NewsNetwork(ANN)\n中国語版の「続・窓ぎわのトットちゃん」の刊行に合わせて、北京を訪れている黒柳徹子さんが、日本語を学ぶ大学生らと交流しました。\n\n黒柳徹子さん\n「これから先の将来に私の言っていることが役に立つとすればうれしいことですので、私の話を聞いていただければと思います」\n\n 北京外国語大学で開かれた講座にはおよそ600人が参加しました。\n\n黒柳徹子さん\n「（以前）オペラの歌手になりたいと思ったんです」\n\n 徹子さんはオペラ歌手の物まねなどユーモアを交えながら、およそ1時間半にわたって学生たちの悩みに答えました。\n\n大学生\n「（本の中の）友だちの徹子さんとお会いしてとてもうれしかったです。励ましの言葉、温かい言葉をいただいて今後の励みになると思います」\nテレビ朝日,[],[]
「彷徨い続ける同胞」がＷＭＦで銀賞 フィリピン残留２世の無国籍問題を徹底取材（テレビ朝日系（ANN））,https://news.yahoo.co.jp/articles/f72e62403edb75c8ec3ae623d89f5d99a45c37b0,https://newsatcl-pctr.c.yimg.jp/t/amd-img/20240601-90003871-ann-000-1-view.jpg?exp=10800,2024-06-01T07:02:03+09:00,2024-06-01T07:02:03+09:00,テレビ朝日系（ANN）,ann,テレビ朝日系（ANN）,468,\n戦後79年経てもなお取り残されたままの日本人がいる\nテレビ朝日が制作したテレメンタリー2023「彷徨い続ける同胞」が、ドイツで開催された「World Media Festivals」で銀賞を受賞しました。\n「無国籍」の残留日本人2世の多くは80代から90代。残された時間は長くない\n「WorldMediaFestivals」はドイツ・ハンブルグで開かれるテレビ、企業広告などの優れたコンテンツを表彰するヨーロッパ最大規模の映像コンペティションです。テレビ朝日が制作したテレメンタリー「彷徨い続ける同胞」は、ドキュメンタリー部門で銀賞を受賞しました。\n\n番組では、太平洋戦争中に日本人の父親と生き別れ、無国籍状態のままフィリピン国内で暮らす残留日本人2世が国籍回復を願い続ける実態を現地取材しました。\n放送後、取材に応じた1人の女性が日本の家庭裁判所への申し立てが認められ、日本国籍を回復しています。\n一方で、戦後79年となるいまも、フィリピンには日本にルーツを持つ無国籍者が400人以上も残されています。\nテレビ朝日,['https://newsatcl-pctr.c.yimg.jp/t/amd-img/20240601-90003871-ann-000-1-view.jpg?pri=l&w=640&h=360&exp=10800'],"['https://news.yahoo.co.jp/articles/f72e62403edb75c8ec3ae623d89f5d99a45c37b0/images/000', 'https://news.tv-asahi.co.jp/news_international/articles/photos/900003871.html']"
4日ぶり反発　来週の日経平均は？（テレビ朝日系（ANN））,https://news.yahoo.co.jp/articles/f900f1cb3f9a9e5ec33d989ddbfda7e3560c885d,https://newsatcl-pctr.c.yimg.jp/t/amd-img/20240601-00000015-ann-000-6-thumb.jpg?exp=10800,2024-06-01T07:00:05+09:00,2024-06-01T10:34:53+09:00,テレビ朝日系（ANN）,ann,テレビ朝日系（ANN）,511,\nAll Nippon NewsNetwork(ANN)\n日経平均が4日ぶりに反発しました。\n\n 31日の日経平均株価は、午前は小動きでしたが、午後に入って買いが優勢となり、終値は前の日と比べて433円高い3万8487円で取引を終えました。\n\n三井住友DSアセットマネジメント\n市川雅浩氏\n「前日のアメリカ株が下げていましたので、朝は慎重な動きにつながった。その後は海外投資家の先物の買い戻しが主導する形で上げ幅を拡大していった」\n\n その後夜になって、アメリカのインフレ動向を占う4月のPCE＝個人消費支出の物価指数が発表されました。\n\n 市場の予想通り、前の月と比べて0.2％上昇という結果でしたが、日本の株価への影響について、専門家はこのように話します。\n\n市川氏\n「予想を大きく上回るような物価の伸びが確認されなかった、ということは市場にとっては安心材料だと思うので、日経平均にもプラス材料として働く可能性が高い。問題は3万9000円まで一気に行くかどうかは、もう一段物価に関する手掛かりが必要だと思います」\n\n（「グッド！モーニング」2024年6月1日放送分より）\nテレビ朝日,[],[]
ドイツ ウクライナへの提供武器でロシア領攻撃を容認（テレビ朝日系（ANN））,https://news.yahoo.co.jp/articles/2ba31721c310bd6d483dbd6b368bdd3e6813bb24,https://newsatcl-pctr.c.yimg.jp/t/amd-img/20240601-00000007-ann-000-6-thumb.jpg?exp=10800,2024-06-01T06:15:27+09:00,2024-06-01T07:37:09+09:00,テレビ朝日系（ANN）,ann,テレビ朝日系（ANN）,321,\nAll Nippon NewsNetwork(ANN)\nドイツ政府は31日、ウクライナに対し、ドイツが提供した武器で自衛のためにロシア領内を攻撃することを認めると発表しました。\n\n ドイツはこれまで、ロシアへの直接の武器使用について慎重な姿勢をとってきましたが、ロシアがハルキウで攻勢を強めるなか、「ウクライナには国際法に基づき攻撃から自国を守る権利がある」として、方針を転換しました。\n\n また、フランスのマクロン大統領も28日、軍事施設への攻撃に限って容認する姿勢を示しました。\n\n 一方、イタリアのタヤーニ外相は31日、「憲法で禁じられている」として、ロシア領内での使用を認めない考えを明らかにしました。\nテレビ朝日,[],[]
佳子さま　ギリシャを出発　きょう夕方に帰国（テレビ朝日系（ANN））,https://news.yahoo.co.jp/articles/ac9506312a00feb8c0f0b082099cb25d5705202b,https://newsatcl-pctr.c.yimg.jp/t/amd-img/20240601-00000010-ann-000-9-thumb.jpg?exp=10800,2024-06-01T06:30:23+09:00,2024-06-01T11:06:57+09:00,テレビ朝日系（ANN）,ann,テレビ朝日系（ANN）,342,\nAll Nippon NewsNetwork(ANN)\nギリシャを訪問している佳子さまが公式日程をすべて終え、帰国の途に就かれました。\n\n 佳子さまは、現地時間31日午前、宿泊していたホテルを出発されました。\n\n アテネ空港では、経由地となるイギリスのヒースロー空港の離着陸が混雑している影響で、出発が45分ほど遅れるというハプニングに見舞われましたが、乗り継ぎに問題はありませんでした。\n\n 佳子さまは、1日夕方に羽田空港に到着し、宮内庁幹部らの出迎えを受けられます。\n\n 3日には皇居の賢所を参拝してギリシャ訪問を報告するほか、4日には御所に天皇皇后両陛下を訪ね、大統領の表敬訪問で天皇陛下からのメッセージを伝えたことなどを報告される予定です。\nテレビ朝日,[],[]
下請けへの“不適切取引”　日産社長が報酬自主返上（テレビ朝日系（ANN））,https://news.yahoo.co.jp/articles/e4bcb88d38f301cae2cebf99aa911e1eeed87098,https://newsatcl-pctr.c.yimg.jp/t/amd-img/20240601-00000008-ann-000-4-thumb.jpg?exp=10800,2024-06-01T06:25:24+09:00,2024-06-01T07:39:46+09:00,テレビ朝日系（ANN）,ann,テレビ朝日系（ANN）,302,\nAll Nippon NewsNetwork(ANN)\n公正取引委員会から下請け法違反を指摘された日産自動車の内田誠社長が、役員報酬を自主返上することを明らかにしました。\n\n日産 内田誠社長\n「企業風土の改革を率先して進めていくことを、きょう、この場で皆さまにお約束します」\n\n 日産は、下請け企業に対し納入代金を不当に引き下げていた問題を受け、内田社長の報酬の30％を3カ月間自主返上することを明らかにしました。\n\n 3月に下請法の指摘があった後も不適切取引が続いたとする一部報道については、社外弁護士らによる日産社内への調査では、問題が確認できなかったとしています。\nテレビ朝日,[],[]
定額減税きょうから始まる 一人あたり4万円（テレビ朝日系（ANN））,https://news.yahoo.co.jp/articles/01a15c0fcc91b87f92a1e203c78e2452a6ad80d3,https://newsatcl-pctr.c.yimg.jp/t/amd-img/20240601-00000009-ann-000-6-thumb.jpg?exp=10800,2024-06-01T06:20:25+09:00,2024-06-01T17:43:29+09:00,テレビ朝日系（ANN）,ann,テレビ朝日系（ANN）,340,\nAll Nippon NewsNetwork(ANN)\n所得税と住民税の定額減税が1日から始まります。一部の高額所得者を除き、一人あたり4万円が減税となります。\n\n 減税となるのは、所得税が3万円、住民税が1万円で、会社員などは今月支給分の給与やボーナスから反映され、引ききれない分は来月以降に減税されます。\n\n 合計の所得が1805万円を超える場合は対象外となる一方、納税額が減税分に満たない場合は引ききれない分が1万円単位で給付されます。\n\n 今回の定額減税は給付分も含めると5.5兆円の規模となり、政府は「所得の伸びが物価の上昇を上回る状況を作りたい」としています。\n\n 一方、自治体や企業からは事務負担の増加に反発の声が上がっています。\nテレビ朝日,[],[]
タクシー“発砲強盗”男を逮捕  「金奪おうと思ってなかった」（テレビ朝日系（ANN））,https://news.yahoo.co.jp/articles/9aa7a6767680bf8fd02b73726457a5df2ae3ced5,https://newsatcl-pctr.c.yimg.jp/t/amd-img/20240601-00000006-ann-000-16-thumb.jpg?exp=10800,2024-06-01T06:10:28+09:00,2024-06-01T11:53:10+09:00,テレビ朝日系（ANN）,ann,テレビ朝日系（ANN）,354,\nAll Nippon NewsNetwork(ANN)\n埼玉県川口市でタクシー運転手が金を要求されたうえ拳銃で撃たれてけがをした事件で、警察は指名手配した68歳の男を逮捕しました。\n\n 瀬川好一容疑者は、川口市でタクシー運転手の男性（72）に拳銃を突き付け「金を出せ」と脅迫したうえで、後部座席から発砲した疑いが持たれています。\n\n 警察によりますと、瀬川容疑者は事件後に福島県内に潜伏していて、JR大宮駅へ移動したところで警察が身柄を確保しました。\n\n 取り調べに対して、「金を奪おうと思ってはいなかったが、ピストルを撃ったことは間違いない」などと供述しています。\n\n 瀬川容疑者の自宅からは実弾のようなものが押収されていて、警察は銃の入手経緯や動機などを調べています。\nテレビ朝日,[],[]
米バイデン大統領　イスラエル側が提案した新たな休戦案を明らかに（テレビ朝日系（ANN））,https://news.yahoo.co.jp/articles/23e855f38dedfb6d5b0a90281395e33c415a12ff,https://newsatcl-pctr.c.yimg.jp/t/amd-img/20240601-00000005-ann-000-10-view.jpg?exp=10800,2024-06-01T05:48:51+09:00,2024-06-01T07:35:45+09:00,テレビ朝日系（ANN）,ann,テレビ朝日系（ANN）,554,"\n""米バイデン大統領 イスラエル側が提案した新たな休戦案を明らかに""\nアメリカのバイデン大統領は、イスラエルが人質解放などを巡る新たな休戦案を提案したと明かし、「この戦争を終わらせる時が来た」と訴えました。\n\nアメリカ バイデン大統領\n「人質が戻り、イスラエルが安全になり、苦しみを止める、新しいステージの始まりだ。この戦争を終わらせる時が来た」\n\n バイデン大統領は5月31日の演説で、イスラエル側が提案した新たな休戦案について「恒久的な停戦と人質解放に向けたロードマップ」だと述べ、三段階に分かれることを明らかにしました。\n\n 第一段階では6週間の休戦期間を設け、その間にイスラエル軍がガザの人口密集地から撤退することや、女性や高齢者などの人質を解放することが盛り込まれています。\n\n 第二段階では、イスラエル軍のガザ全域からの撤退と引き換えに、生存する残り全ての人質を解放させたうえで最終段階として大規模な復興計画を描いています。\n\n バイデン大統領は、イスラエル政府内に紛争を続けようとしている人がいると指摘したうえで、「完全勝利を追い求める無期限の戦争はイスラエルとガザを泥沼に陥れるだけだ」などと警告し、イスラエルとハマス双方に交渉に応じるよう求めました。\nテレビ朝日",['https://newsatcl-pctr.c.yimg.jp/t/amd-img/20240601-00000005-ann-000-10-view.jpg?exp=10800'],['https://news.yahoo.co.jp/articles/23e855f38dedfb6d5b0a90281395e33c415a12ff/images/000']
米トランプ前大統領　有罪評決から一夜明け会見「評決は不当で仕組まれたこと」（テレビ朝日系（ANN））,https://news.yahoo.co.jp/articles/67be4120f18799373179286ba1e7c6d5469e505d,https://newsatcl-pctr.c.yimg.jp/t/amd-img/20240601-00000004-ann-000-8-view.jpg?exp=10800,2024-06-01T05:14:11+09:00,2024-06-01T07:43:01+09:00,テレビ朝日系（ANN）,ann,テレビ朝日系（ANN）,489,"\n""米トランプ前大統領 有罪評決から一夜明け会見「評決は不当で仕組まれたこと」""\nアメリカのトランプ前大統領が、有罪評決から一夜明け、ニューヨークのトランプタワーで記者会見を開きました。評決に強い不満を示し、上訴する方針を明らかにしました。\n\nアメリカ トランプ前大統領\n「評決は不当だ。これはバイデンとその仲間によって仕組まれたことだ。これは詐欺だ。私は上訴する」\n\n トランプ氏はおよそ35分間の会見で、裁判官や検察の批判を展開するなど、裁判が政治的な迫害であると訴えました。\n\nトランプ反対派女性\n「（例え元大統領でも）法の下に平等であるべきだ」\n\nトランプ支持者女性\n「不公平だと思います。とても腹が立ちました」\n\n トランプ陣営によりますと、有罪評決後、3480万ドル、日本円でおよそ54億円の献金が寄せられたということです。\n\n トランプ氏はまた、評決後にトランプ氏を好意的に見るようになったという人の割合が、否定的になった人を6ポイント上回ったという一部世論調査の報道を引用し、11月の大統領選への支持を訴えました。\nテレビ朝日",['https://newsatcl-pctr.c.yimg.jp/t/amd-img/20240601-00000004-ann-000-8-view.jpg?exp=10800'],['https://news.yahoo.co.jp/articles/67be4120f18799373179286ba1e7c6d5469e505d/images/000']
米バイデン大統領　「評決を不正というのは無責任」トランプ氏を批判（テレビ朝日系（ANN））,https://news.yahoo.co.jp/articles/2b6b4ad43f38d820cf77f138778457d925c07270,https://newsatcl-pctr.c.yimg.jp/t/amd-img/20240601-00000002-ann-000-8-view.jpg?exp=10800,2024-06-01T03:42:49+09:00,2024-06-01T07:42:49+09:00,テレビ朝日系（ANN）,ann,テレビ朝日系（ANN）,541,"\n""米バイデン大統領 「評決を不正というのは無責任」トランプ氏を批判""\nアメリカのバイデン大統領は、次期大統領の座をかけて対決するトランプ氏が有罪評決を受けたことについて、「評決が気に入らないからといって不正と言うのは無責任だ」と批判しました。\n\nバイデン大統領\n「評決が気に入らないからといって、不正だと言うのは無謀であり、危険で無責任だ」\n\n バイデン大統領は5月31日、トランプ氏に有罪評決が下されたことについて初めて公の場で言及し、公正なプロセスで選ばれた12人の陪審員による審議で「法の上に立つ者はいないというアメリカの原則が再確認された」と評価しました。\n\n また、トランプ氏には「他の被告と同様に上訴する権利がある」としたうえで「司法制度は文字通りアメリカの礎であり尊重されるべきだ。それを壊すことは許されない」と述べ、不正だとの主張を繰り返すトランプ氏を批判しました。\n\n 11月に大統領選挙が迫るなか、トランプ氏の有罪評決が有権者の投票にどう影響を及ぼすのかが注目されています。\n\n バイデン氏の陣営としては「アメリカに未来にとってトランプ氏は脅威だ」と印象付けることで無党派や反トランプ票の取り込みを加速させたい考えです。\nテレビ朝日",['https://newsatcl-pctr.c.yimg.jp/t/amd-img/20240601-00000002-ann-000-8-view.jpg?exp=10800'],['https://news.yahoo.co.jp/articles/2b6b4ad43f38d820cf77f138778457d925c07270/images/000']
高知県西部で震度4　津波の心配なし（テレビ朝日系（ANN））,https://news.yahoo.co.jp/articles/f696fc9e5b1de3ff9214cb46eed9f7a0cee63bcd,https://newsatcl-pctr.c.yimg.jp/t/amd-img/20240601-00000003-ann-000-6-thumb.jpg?exp=10800,2024-06-01T04:08:57+09:00,2024-06-01T06:48:50+09:00,テレビ朝日系（ANN）,ann,テレビ朝日系（ANN）,134,\nAll Nippon NewsNetwork(ANN)\n1日午前04時2分ごろに高知県西部で震度4の地震がありました。\n\n 震源地は豊後水道で、地震の規模（マグニチュード）は4.5と推定されます。\n\n この地震による津波の心配はありません。\nテレビ朝日,[],[]
米バイデン政権　ウクライナに対しロシア領内への反撃で米供与の武器使用を容認（テレビ朝日系（ANN））,https://news.yahoo.co.jp/articles/4a1c9f1321ee58e4f426992f51e04246ec16ca77,https://newsatcl-pctr.c.yimg.jp/t/amd-img/20240601-00000001-ann-000-6-view.jpg?exp=10800,2024-06-01T01:13:17+09:00,2024-06-01T07:44:53+09:00,テレビ朝日系（ANN）,ann,テレビ朝日系（ANN）,629,"\n""米バイデン政権 ウクライナに対しロシア領内への反撃で米供与の武器使用を容認""\nアメリカのブリンケン国務長官は、バイデン大統領がウクライナの反撃能力を高めるため、アメリカ製の兵器をロシア領内への攻撃に使用することを容認したと明らかにしました。\n\nブリンケン国務長官\n「この数週間、ウクライナは私たちに対して、ロシア側国境に集結し、ウクライナに攻撃を仕掛けているロシア軍を含め、この侵略から防衛するために私たちが提供する武器の使用許可を求めた。そしてそれはバイデン大統領に届いた」\n\n ブリンケン国務長官は5月31日、訪問先のチェコ・プラハでの会見で「ロシア軍がウクライナ北東部に対する攻勢を強めている」「大西洋地域の安全保障にとって、今が正念場といっても過言ではない」と強調しました。\n\n そのうえで、ロシア軍の攻勢に反撃するため、バイデン大統領がウクライナに対してアメリカが供与する兵器を使ったウクライナ国境に近いロシア領内への攻撃を容認したということです。\n\n これによりウクライナ軍は国境付近のロシア軍の施設や部隊への攻撃にアメリカ製の兵器を使用できるようになります。\n\n ブリンケン長官はアメリカからの軍事支援について「ウクライナが必要とするときに必要なものを得られるよう、戦況に応じて適応し、調整してきた」と述べました。\n\n バイデン政権として方針を転換しウクライナへの関与を強める姿勢を示した形です。\nテレビ朝日",['https://newsatcl-pctr.c.yimg.jp/t/amd-img/20240601-00000001-ann-000-6-view.jpg?exp=10800'],['https://news.yahoo.co.jp/articles/4a1c9f1321ee58e4f426992f51e04246ec16ca77/images/000']
ビットコイン482億円相当が不正流出と発表 DMMビットコイン（テレビ朝日系（ANN））,https://news.yahoo.co.jp/articles/e9ffc4af6a042f324f1c83fc508c7f6272238006,https://newsatcl-pctr.c.yimg.jp/t/amd-img/20240601-00000000-ann-000-6-view.jpg?exp=10800,2024-06-01T00:17:39+09:00,2024-06-01T07:47:56+09:00,テレビ朝日系（ANN）,ann,テレビ朝日系（ANN）,355,"\n""ビットコイン482億円相当が不正流出と発表 DMMビットコイン""\nIT大手「DMM.COM」のグループ会社で、暗号資産の交換業を営む「DMMビットコイン」は、482億円相当の仮想通貨が不正に流出したと発表しました。\n\n DMMビットコインによりますと、31日午後1時26分ごろ、同社から482億円相当の仮想通貨＝ビットコインが不正に流出していることを検知したということです。\n\n これを受けて現在、暗号資産の出庫処理や現物取引の買い注文などのサービスを制限しています。\n\n 客から預かったビットコインについては全額保証するとしています。\n\n DMMビットコインは「お客様には多大なご迷惑およびご心配をおかけしておりますことを、深くお詫び申し上げます」とコメントしています。\nテレビ朝日",['https://newsatcl-pctr.c.yimg.jp/t/amd-img/20240601-00000000-ann-000-6-view.jpg?exp=10800'],['https://news.yahoo.co.jp/articles/e9ffc4af6a042f324f1c83fc508c7f6272238006/images/000']
パー券公開「5万円超」公明・維新に譲歩…なぜ？“規正法”トップ会談で急転決着（テレビ朝日系（ANN））,https://news.yahoo.co.jp/articles/011098c46be5201429c761f3a8e9ea409472dc8d,https://newsatcl-pctr.c.yimg.jp/t/amd-img/20240601-90003888-ann-000-4-view.jpg?exp=10800,2024-06-01T01:22:01+09:00,2024-06-01T09:57:52+09:00,テレビ朝日系（ANN）,ann,テレビ朝日系（ANN）,2421,\nパー券公開「5万円超」公明・維新に譲歩…なぜ？“規正法”トップ会談で急転決着\n迷走していた政治資金規正法改正をめぐる自民党の修正案がようやくまとまりました。岸田総理は31日午前、連立を組む公明党の山口代表、そして野党の日本維新の会の馬場代表と立て続けに会談を行い、それぞれの要求を取り入れる形で受け入れました。\n■パー券公開「5万円超」公明に譲歩\n握手で始まった自公の党首会談。30日の発言を受けてのことです。\n\n公明党 山口那津男代表（30日）\n「自民党から昨日示された修正案は、そのまま賛同することはできないというのが公明党の考え方」\n\n修正案をめぐる自公の溝は2つです。パーティー券を誰がいくら買ったのか公開する額の「5万円超」への引き下げ。そして、党から幹部に渡される政策活動費を監視する第三者機関の設置です。\n\n溝は埋まったのでしょうか。\n\n公明党 山口那津男代表\n「自民党総裁、岸田総裁としての大きな決断をお示しいただいた。パーティー券収入の公開上限について5万円にすると。政策活動費については第三者機関を設置すると」\n■維新にも譲歩 旧文通費・政活費で\n山口代表が取材に応じるなかで官邸を後にする岸田総理。姿を見せたのは国会です。協力をもとめたのは、野党第2党の日本維新の会でした。会談後に署名までしてみせた合意文書の中身はこうです。\n\n政策活動費は、維新の要求を受けて、1年間に使える上限を決め、10年後に領収書などを公開することに。さらに、維新の看板政策である旧文通費（調査研究広報滞在費）の公開を法制化することも認めました。\n\n日本維新の会 馬場伸幸代表\n「我々の主張を100％丸のみは非常に大きな前進」\n■“骨抜きの可能性” 立憲が指摘\n公明党ばかりか野党の主張も取り入れて、政治決着でまとまった修正案。ところが、自民党が示した修正案の説明資料には、改革の先送りとも取れる言葉が並んでいました。13項目にわたる修正内容うち、8カ所に「検討」と書かれています。\n\n例えば、政策活動費について。もともと維新の案では金額を年間5000万円などに制限したうえで、10年後に領収書などを公開するとしていました。ところが、修正案の資料では「制度の具体的な内容については早期に検討」となっています。\n\nさらに、公明党と合意した政治資金をチェックする第三者機関の設置も「監査の在り方を含め検討」となっています。\n\n立憲民主党は、骨抜きになる可能性があると指摘します。\n\n立憲民主党 安住淳国対委員長\n「（パーティー券の公開額を）5万円に引き下げるといっても、経過期間は20万円のままなんでしょ。（政策活動費は）5000万円の上限でとアッパーを決めていたのに、そこが外れてしまうと、今みたいに何億円でもいいんですかとなるから。これは事実上の骨抜きになっているというよりも、今よりも緩くなったりすることもあり得るんですよ」\n■岸田総理 「踏み込んだ案を提示」\n街の人はどう見ているのでしょうか。\n\n80歳\n「（Q.政策活動費を10年後に公開すると）10年?死んじゃうわ。もっと早くできないのかしら。お金に関しては、私たちからしたら（政治家は）雲の上の方。感覚違うんじゃないと思います」\n\n32歳\n「今年度でいいんじゃないですか。普通だったら」\n「公開された時に（国会議員を）辞めている人もいると思うので、責任逃れというか。（10年後に公開されても）そんなことやってたんだくらい。熱が冷めるのを利用している」\n\n政治決着で修正案をまとめた岸田総理は…。\n\n岸田文雄総理大臣\n「政治資金規正法の改正を今国会で確実に実現する。国民の皆さんとの約束、これは果たさなければ政治への信頼回復はできない。こうした強い思いから、自民党として思い切った、踏み込んだ案を提示する決断をした」\n■公開額「5万円超」なぜ“譲歩”?\n政治部官邸キャップの千々岩森生記者に聞きます。\n\n（Q.パーティー券の公開基準額について、自民党は、5万円なんてとてもできないと言っていましたが、岸田総理が出てきて折れました。なぜですか）\n\n千々岩森生記者\n「まず、パーティー券に拘ったのは、自民党議員の資金源そのものだからです。企業や一般の方がパーティー券を買う場合、名前を出してほしくない。今の20万円から10万円になれば、議員からみれば収入が半分。5万円なら一気に4分の1になる可能性があります。これは与野党問わず、議員は皆嫌です。自民党内の反発は必至ですから、岸田総理としては半減の10万円で収めたかった。ただ、29日に状況ががらっと変わりました。『公明が自民案に賛成へ』と報道が一斉に流れた。批判の矛先が公明党に向かいかけた。支持者の反発もあって公明党の態度が硬化し、岸田総理が譲歩せざるを得なくなったのが大きな流れです。公明党との交渉にあたった自民党議員は『5万円の条件をのんだことで、党内から凄まじい批判の矢が飛んでくる』と嘆き節でした」\n\n（Q.党内の反発も予想されるとなると、岸田総理は今後、どうやって党運営していくのでしょうか）\n\n千々岩森生記者\n「揺れに揺れて、最後は総理が飛び降りて決着するという、最近の岸田政権のパターンが繰り返された印象です。派閥解消も政倫審の時もそうでした。自民党には今、まとめ役がいない。岸田総理の求心力は確かに低下しているけども、茂木幹事長も麻生副総裁も軸となって腕力を発揮していくことも見えてこない。私は自民党が“Gゼロ時代”に入ったとみています。ここ数カ月の自民党のあり様が改めて浮き彫りになった気がしています。中身は別としても、法案は来週に衆議院を通過、今の国会で成立する流れは見えてきました」\nテレビ朝日,['https://newsatcl-pctr.c.yimg.jp/t/amd-img/20240601-90003888-ann-000-4-view.jpg?pri=l&w=640&h=360&exp=10800'],['https://news.yahoo.co.jp/articles/011098c46be5201429c761f3a8e9ea409472dc8d/images/000']
