headline,mainEntityOfPage,image,datePublished,dateModified,author,media_en,media_jp,str_count,body,images,external_links
【順位結果】2026年F1第13戦イタリアGP　決勝（オートスポーツweb）,https://news.yahoo.co.jp/articles/d8035d3c06d93376e1b4d80f64738c032840ec7f,https://newsatcl-pctr.c.yimg.jp/t/amd-img/20260907-01349027-rcg-000-6-view.jpg?exp=10800,2026-09-06T23:56:47+09:00,2026-09-07T02:34:35+09:00,オートスポーツweb,rcg,オートスポーツweb,973,2026年F1第13戦イタリアGP 角田裕毅（レーシングブルズ） 2026年9月6日（日）、F1第13戦イタリアGPの決勝が行われ、アンドレア・キミ・アントネッリ（メルセデス）が優勝した。2位はジョージ・ラッセル（メルセデス）、3位はマックス・フェルスタッペン（レッドブル）となっている。角田裕毅（レーシングブルズ）は10位だった。 【写真】2026年F1第13戦イタリアGP ターン11でクラッシュしたシャルル・ルクレール（フェラーリ） ■2026年F1第13戦イタリアGP 決勝暫定結果 Pos／No.／Driver／Team／Time/Gap／Laps 1／12／A.アントネッリ／メルセデス／1h51’15.281／53 2／63／G.ラッセル／メルセデス／0’3.857／53 3／3／M.フェルスタッペン／レッドブル／0’14.718／53 4／1／L.ノリス／マクラーレン／0’19.056／53 5／81／O.ピアストリ／マクラーレン／0’19.253／53 6／44／L.ハミルトン／フェラーリ／0’24.655／53 7／10／P.ガスリー／アルピーヌ／0’27.351／53 8／41／A.リンドブラッド／レーシングブルズ／0’45.136／53 9／43／F.コラピント／アルピーヌ／0’47.353／53 10／22／角田裕毅／レーシングブルズ／0’58.187／53 11／5／G.ボルトレート／アウディ／1’05.187／53 12／27／N.ヒュルケンベルグ／アウディ／1’06.187／53 13／55／C.サインツ／ウイリアムズ／1’14.117／53 14／30／L.ローソン／レッドブル／1’15.609／53 15／87／O.ベアマン／ハース／1’18.958／53 16／31／E.オコン／ハース／1Lap／52 17／23／A.アルボン／ウイリアムズ／1Lap／52 18／11／S.ペレス／キャデラック／1Lap／52 19／77／Vボッタス／キャデラック／2Laps／51 20／18／L.ストロール／アストンマーティン／DNF／26 21／14／F.アロンソ／アストンマーティン／DNF／23 22／16／C.ルクレール／フェラーリ／DNF／1 [オートスポーツweb 2026年09月06日],[],[]
【ポイントランキング】2026年FIA F2第10戦モンツァ終了時点／フェラーリ育成カマラが選手権2位浮上（オートスポーツweb）,https://news.yahoo.co.jp/articles/e1df7f0c9b1b95bdd857496104c89a0139c406ab,https://newsatcl-pctr.c.yimg.jp/t/amd-img/20260907-01348951-rcg-000-7-view.jpg?exp=10800,2026-09-06T18:50:09+09:00,2026-09-06T19:40:56+09:00,オートスポーツweb,rcg,オートスポーツweb,1442,2026年FIA F2第10戦モンツァ ラファエル・カマラ（インビクタ・レーシング／フェラーリ育成） 9月4〜6日に行われた2026年FIA F2第10戦モンツァ終了後のドライバーズランキング、チームランキングは以下のとおり。 【写真】2026年FIA F2第10戦モンツァ／選手権首位のニコラ・ツォロフ（カンポス・レーシング／レッドブル育成） ドライバー選手権はニコラ・ツォロフ（カンポス・レーシング／レッドブル育成）が首位をキープ。一方、フィーチャーレースで2位に入り21点を獲得したラファエル・カマラ（インビクタ・レーシング／フェラーリ育成）が選手権2位に浮上した。 前戦ブダペスト終了時に選手権2位につけていたガブリエレ・ミニ（MPモータースポーツ／アルピーヌ育成）は母国ラウンドをノーポイントで終え、選手権3位に後退した。 フィーチャーレースで5位に入った宮田莉朋（ハイテック／TGR-DC）は10点を獲得し、ドライバーズランキング12位に浮上した。 チームランキングはツォロフとノエル・レオンの所属するカンポス・レーシングが首位をキープ。47点差でインビクタ・レーシングが選手権2位をキープしている。 2026年FIA F2、次戦となる第11戦は9月11〜13日にスペイン・マドリードの新設コース『マドリンク』で開催される。 ■2026年FIA F2 ドライバーズランキング（第10戦モンツァ終了時点） Pos.／No.／Driver／Team／Point 1／6／N.ツォロフ／カンポス・レーシング／177 2／1／R.カマラ／インビクタ・レーシング／166 3／9／G.ミニ／MPモータースポーツ／147 4／15／A.ダン／ロダン・モータースポーツ／118 5／5／N.レオン／カンポス・レーシング／114 6／16／K.マイニ／ARTグランプリ／88 7／7／D.ベガノビッチ／ダムス・ルーカスオイル／79 8／2／J.デュルクセン／インビクタ・レーシング／78 9／24／L.ファン・ホーペン／トライデント／66 10／17／T.イントラフヴァサク／ARTグランプリ／63 11／14／M.ステンスホーン／ロダン・モータースポーツ／62 12／3／宮田莉朋／ハイテック／44 13／25／J.ベネット／トライデント／38 14／23／R.ヴィラゴメス／VAR／38 15／10／O.ゲーテ／MPモータースポーツ／37 16／11／S.モントーヤ／プレマ・レーシング／28 17／4／C.ハータ／ハイテック／26 18／8／R.ビリンスキー／ダムス・ルーカスオイル／24 19／22／N.バローネ／VAR／15 20／12／M.ボヤ／プレマ・レーシング／12 21／20／E.フィッティパルディJr.／AIXレーシング／10 22／21／C.シールズ／AIXレーシング／10 ■2026年FIA F2 チームランキング（第10戦モンツァ終了時点） Pos.／Team／Point 1／カンポス・レーシング／291 2／インビクタ・レーシング／244 3／MPモータースポーツ／184 4／ロダン・モータースポーツ／180 5／ARTグランプリ／151 6／トライデント／104 7／ダムス・ルーカスオイル／103 8／ハイテック／70 9／VAR／53 10／プレマ・レーシング／40 11／AIXレーシング／20 [オートスポーツweb 2026年09月06日],[],[]
「今日はチャンスがあるかもしれないと思った」「明日はティフォシのために戦う」／F1第13戦イタリアGP予選トップ10コメント（2）（オートスポーツweb）,https://news.yahoo.co.jp/articles/c6a178bb5f814717032576e461d8a4de6c00eac9,https://newsatcl-pctr.c.yimg.jp/t/amd-img/20260907-01348926-rcg-000-4-view.jpg?exp=10800,2026-09-06T18:28:42+09:00,2026-09-06T18:28:54+09:00,オートスポーツweb,rcg,オートスポーツweb,3173,2026年F1第13戦イタリアGP ポールポジションを獲得したピエール・ガスリー（アルピーヌ）をシャルル・ルクレール（フェラーリ）が祝福 2026年F1第13戦イタリアGPの予選が行われ、ポールポジション～5番手のドライバーたちが土曜日を振り返った。ポールポジション～5番手のドライバーはピエール・ガスリー（アルピーヌ）、ジョージ・ラッセル（メルセデス）、オスカー・ピアストリ（マクラーレン）、シャルル・ルクレール（フェラーリ）、ルイス・ハミルトン（フェラーリ）だ。 【写真】2026年F1第13戦イタリアGP予選 左から2番手ジョージ・ラッセル（メルセデス）、PPピエール・ガスリー（アルピーヌ）、3番手オスカー・ピアストリ（マクラーレン） ■ルイス・ハミルトン（スクーデリア・フェラーリHP）予選 5番手（Q1＝8番手1分22秒847：ソフトタイヤ／Q2＝10番手1分22秒516：ソフトタイヤ／Q3＝5番手1分22秒011：ソフトタイヤ） 「FP3ではマシンが力強く感じられ、予選序盤でもしっかりしたペースを示すことができた。でもQ3で最大限の仕事をすることができず、それが代償となった。でも、ピエールが素晴らしい結果を出したことにおめでとうと言いたい」 「全体として、自分たちが進んでいる方向性には勇気づけられている。チームは信じられないほど懸命に働き、アップデートを投入し、さらなるパフォーマンスを引き出そうと絶えず努力している。ここサーキットで働いている全員、そしてマラネロで仕事をしている全員を本当に誇りに思う」 「ティフォシの応援は僕にとって大きな意味を持っているし、そのサポートに心から感謝している。前方では接近した戦いが繰り広げられており、前進するチャンスはある」 「だから明日は全力でレースを戦い、自分たちがやるべきことに集中し、この観客の前で良い結果を届けるためにすべてを出し切る」 ■シャルル・ルクレール（スクーデリア・フェラーリHP）予選 4番手（Q1＝9番手1分22秒902：ソフトタイヤ／Q2＝9番手1分22秒509：ソフトタイヤ／Q3＝4番手1分22秒004：ソフトタイヤ） 「ここは、今年のマシンでパワーユニット（PU）とドライビングスタイルを最適化するのがとても難しいサーキットであり、今回は完全に最適化することができなかった。今日はピエール（・ガスリー）がポールポジションを獲得したことを本当にうれしく思う。彼は信じられないほど素晴らしい仕事をして、チャンスが来たときにきっちり結果を出した」 「予選仕様での状況と比べれば、明日の方が強さを発揮できると期待している。ただ、ライバルたちはストレートでとても速いことを念頭に置いておく必要がある。僕たちはコーナーでの速さを生かし、どこでタイムを稼げるかを見ていく」 「明日は『ヨーヨーレーシング』がひとつのテーマになるだろう。全員が同じPU戦略を採用するのであれば別だが、その可能性は低い」 「明日はティフォシのために戦い、彼らが誇りに思ってくれるよう、できることをすべてやる」 ■オスカー・ピアストリ（マクラーレン・マスターカード F1チーム）予選 3番手（Q1＝11番手1分22秒924：ソフトタイヤ／Q2＝2番手1分22秒017：ソフトタイヤ／Q3＝3番手1分21秒966：ソフトタイヤ） 「最終的には明日のレースを6番手からスタートすることになるが、予選を3番手で終えられたのは良かった。ここでは、いつアタックするかが常に重要になる。僕たちはピットレーンでの位置によって後方に取り残されるリスクがあることを分かっていたので、早めにガレージを出て、隊列の先頭を走ることにした。最初のラップはかなり良かったし、タイムを見ると、最後のアタックでタイムを更新できたのはほんの数台だった。だからチームの判断は正しかったと思う」 「アルピーヌとピエール（・ガスリー）が初ポールポジションを獲得したことにも、おめでとうと言いたい」 「明日に目を向けると、僕たちのロングランペースはメルセデスやフェラーリほど速くない。ただ、ここでは最初の数周がたいてい混乱した展開になるし、必ずしも最速のマシンがその後、先頭を走るとは限らない。面白いレースになるかもしれない」 ■ジョージ・ラッセル（メルセデス-AMG・ペトロナス F1チーム）予選 2番手（Q1＝7番手1分22秒779：ミディアムタイヤ／Q2＝5番手1分22秒161：ソフトタイヤ／Q3＝2番手1分21秒846：ソフトタイヤ） 「今日はポールポジションが手の届くところにあった。でも、最後のアタックは少しまとまりを欠いてしまったし、最大限スムーズに物事を進めるということができなかったと思う。キミはセッションを通して僕を助けるために素晴らしい仕事をしてくれて、必要なときに有効なスリップストリームを与えてくれた。ただ、最後のプッシュラップでは、マックスがパラボリカで少し状況を難しくした。でも、それもレースの一部だ」 「それはさておき、ピエールには心からおめでとうと言いたい。今日、彼からあれほどの速さが出てくるとは思っていなかったので、驚きだった。彼は素晴らしい仕事をした。ピエールは、素晴らしい人物であり、素晴らしいドライバーだ。この結果に完全に値する人だよ」 「2番グリッドからのスタートでも、決勝に向けて強力なポジションにいる。この週末はすべてのセッションで上位にいたので、自分自身についても、マシンについても良い手応えを感じている。モンツァのようなサーキットでは、スタート位置がすべてというわけではない。実際にオーバーテイクのチャンスがあるからだ。クリーンなスタートを決め、1周目のトラブルを避けることが重要になる。そこからは自分たちのレースに集中し、勝利を狙える良い位置につけたい」 ■ピエール・ガスリー（BWTアルピーヌ F1チーム）予選 1番手（Q1＝1番手1分22秒612：ソフトタイヤ／Q2＝4番手1分22秒077：ソフトタイヤ／Q3＝1番手1分21秒786：ソフトタイヤ） （F1のインタビューで語り）「最高だ。本当に信じられないような予選だった。Q1の最初のラップから、マシンの感触はとても良かった。セッションごとに少しずつタイムを削っていこうとして、（Q3の）最後にはとても良いラップを走れた」 「本当にうれしい。（F1フル参戦デビューから）9年間、ポールポジションを追い求め、チャンスをつかもうとしてきた。モンツァで初勝利を挙げ、そしてこのサーキットで初めてポールポジションを獲得できた。ここで成し遂げたことは、本当に特別なものだと思う」 （F1 TVインタビューで「この結果はどこから生まれたのか」と聞かれ）「教えたいところだけど、自分でも分からないんだ！ 本当にうれしい。チームの皆にとっても、僕自身にとっても、喜ばしい結果だ」 「予選のQ1でトップだったので、『ここから他のドライバーたちがペースを上げてくるだろう』と思っていた。ところがQ2でも上位に残り、Q3の1回目のアタックでは3番手にいた。そこで『今まで考えたこともなかったけど、今日はチャンスがあるかもしれない』と思ったんだ」 「最後のラップですべてを出し切って、それが結果として報われるのを目の当たりにして、こういう感情を味わえるというのは、本当に特別なことだよ」 「今日乗ったレースカーに本当に感謝している。自信を持って、快適に走ることができた。最後のラップでは持てるものをすべて出し切り、1000分の1秒までタイムを絞り出すことができた。今日はこの結果を楽しみたい」 [オートスポーツweb 2026年09月06日],[],[]
「アルピーヌの直線スピードは際立っていた」「ブレーキングの問題が自信に影響」／F1第13戦イタリアGP予選トップ10コメント（1）（オートスポーツweb）,https://news.yahoo.co.jp/articles/b02ce2a72b621c8b9200739caa25906f7ac4ce77,https://newsatcl-pctr.c.yimg.jp/t/amd-img/20260907-01348908-rcg-000-2-view.jpg?exp=10800,2026-09-06T18:27:44+09:00,2026-09-06T18:28:26+09:00,オートスポーツweb,rcg,オートスポーツweb,2741,2026年F1第13戦イタリアGP ランド・ノリス（マクラーレン） 2026年F1第13戦イタリアGPの予選が行われ、6〜10番手のドライバーたちが土曜日を振り返った。6〜10番手のドライバーはマックス・フェルスタッペン（レッドブル）、アンドレア・キミ・アントネッリ（メルセデス）、フランコ・コラピント（アルピーヌ）、ランド・ノリス（マクラーレン）、アービッド・リンドブラッド（レーシングブルズ）だ。 【写真】2026年F1第13戦イタリアGP予選 ポールポジションを獲得した僚友ピエール・ガスリーを祝福するフランコ・コラピント（アルピーヌ） ■アービッド・リンドブラッド（ビザ・キャッシュアップ・レーシングブルズF1チーム）予選 10番手（Q1＝5番手1分22秒728：ソフトタイヤ／Q2＝7番手1分22秒345：ソフトタイヤ／Q3＝1番手1分22秒286：ソフトタイヤ） 「またQ3に進出できたのは素晴らしいけれど、今日の最終的な結果は少し悔しいものだ。Q1とQ2は好調だったが、Q3では最後のラップを最大限に活かすことができず約0.1秒失った。8番手も見えていたんだけどね」 「今年F1で経験したなかで最も複雑な予選セッションのひとつだった。みんながトウを使おうとしていて、まるでF3のようなセッションだったと感じた」 「アルピーヌには間違いなく驚かされた。彼らは明らかに何かを隠し持っていて、実際にストレートでの速さは際立っていた。彼らはよくやったと思うけれど、僕たちにはとても優れたパッケージがあることはわかっているし、モンツァは特殊なサーキットなので不安になることはない 「明日は、レースではトップチームが（後続を）引き離すことになるだろうと思う。でもポイントを獲ることは十分に可能だ。今晩はいくつかの課題に取り組むことに集中し、レースでは僕たちにできるベストなリザルトを目指す」 ■ランド・ノリス（マクラーレン・マスターカード F1チーム）予選 9番手（Q1＝3番手1分22秒659：ソフトタイヤ／Q2＝3番手1分22秒067：ソフトタイヤ／Q3＝9番手1分22秒256：ソフトタイヤ） 「フラストレーションのたまる予選だったが、このサーキットでの僕たちのマシンのパフォーマンスを考えれば、予想していた結果でもある。僕たちの最大の弱点はストレートラインスピードが不足していることで、そのため競争力を発揮するために、良いスリップストリームを確保することに大きく依存している。最後の2回のアタックでは、コース上での位置取りに恵まれず、トウを得ることができなかった。そのため、ラップタイムを大きく失うことになった。僕自身のラップは悪くなかったが、ここでは自分たちの弱点の代償を払うことになる。また、ブレーキングにも問題があり、自信に影響していた。決して理想的な状況ではない」 「レースについては、あまり大きな期待はしていない。ストレートで不利な状況にある以上、後方から追い上げるのは厳しいだろうし、レースペースによってさらに難しくなるかもしれない。それでも、興味深いグリッドになったのは素晴らしいことだ。アルピーヌとピエールのパフォーマンスを祝福したい。オスカーも素晴らしい仕事をして、マシンをトップ3に入れてみせた。スリップストリームがあれば、何が可能なのかを示してくれた。すべてを分析して、明日は楽しみながら、できる限り良いポイントを獲得するために戦いたい」 ■フランコ・コラピント（BWTアルピーヌF1チーム）予選 8番手（Q1＝4番手1分22秒662：ソフトタイヤ／Q2＝8番手1分22秒400：ソフトタイヤ／Q3＝1番手1分22秒220：ソフトタイヤ） 「まず最初に、ピエールとチームにおめでとうと言いたい。ピエールのラップは素晴らしいものだったし、予選の終盤には、僕と比較してもタイムを縮めていた」 「選手権でライバルとの差が開いていることを考えると、2台揃ってQ3に進出し、明日のポイント争いに加われるのはポジティブなことだ。予選を通してマシンの感触はよかったし、マシンの変更もポジティブだった。このサーキットは明らかに僕たちのパッケージに合っている。十分なストレートスピードはあるけれど、今年はここでのオーバーテイクがどうなるかは未知数で、ディプロイメント戦略が重要になるだろう。しっかりと準備をし、ベストを尽くしてポイントを持ち帰りたい」 ■アンドレア・キミ・アントネッリ（メルセデス-AMG・ペトロナス F1チーム）予選 7番手（Q1＝2番手1分22秒758：ソフトタイヤ／Q2＝1番手1分21秒882：ソフトタイヤ／Q3＝7番手1分22秒093：ソフトタイヤ） 「決勝でペナルティを受けることを分かったうえで予選に臨むのは、とても奇妙な感覚だった。当然、ポールポジションを争い、トップから決勝をスタートしたかった。でも、僕たちはそういう状況にはいない。それでもチームのために、そしてジョージを助けるためにやるべき仕事はあったので、ベストを尽くした。今日、それができてうれしいよ」 「明日はレースを楽しみ、あらゆるチャンスを最大限に生かすことがすべてだ。ここは楽しんで走れるサーキットだし、ポジションを上げるチャンスもたくさんあるはずなので、うまく前進できればと思っている。重要なのは、クリーンなスタートを決め、トラブルを避け、トラフィックを抜け、そして前を走るマシンを追い詰めていくことだ」 ■マックス・フェルスタッペン（オラクル・レッドブル・レーシング）予選 6番手（Q1＝2番手1分22秒631：ソフトタイヤ／Q2＝6番手1分22秒188：ソフトタイヤ／Q3＝6番手1分22秒070：ソフトタイヤ） 「FP3はかなりポジティブなセッションで、僕たちにとってすべてがとても順調だった。ポールポジションを争えるとは思っていなかったが、かなり運転しやすいマシンだったし、それは本当に良かった」 「予選は少し難しくなり、マシンがかなり跳ね回っていた。おそらくマシンに何らかの問題があり、それが予選に影響してパフォーマンスを制限し、低速域でタイムを失わせたのだと思う」 「今日はもっと速さを引き出せると思っていただけに残念だ。リアムにとっても残念だった。Q2でブロックされ、それが彼のラップに影響してしまったからだ」 「僕たちはすべてを最適化することができなかったので、まずはマシンが抱えている制約を見直す必要がある。そのうえで、決勝ではもう少し競争力を高められるようにしたい。明日、何ができるか見てみよう」 [オートスポーツweb 2026年09月06日],[],[]
宮田莉朋が今季ベストタイ5位。デュルクセン連勝飾る／FIA F2第10戦フィーチャーレース（オートスポーツweb）,https://news.yahoo.co.jp/articles/478fc778baaf3f6623cadacb3a7e707f7bcd99a5,https://newsatcl-pctr.c.yimg.jp/t/amd-img/20260907-01348895-rcg-000-28-view.jpg?exp=10800,2026-09-06T17:52:45+09:00,2026-09-07T02:36:25+09:00,オートスポーツweb,rcg,オートスポーツweb,3899,2026年FIA F2第10戦モンツァ 宮田莉朋（ハイテック／TGR-DC） 9月6日（日）、2026年FIA F2第10戦のフィーチャーレースがイタリアのモンツァ・サーキットで行われ、ジョシュア・デュルクセン（インビクタ・レーシング／メルセデスF1開発ドライバー）が、前日のスプリントレースに続く今季4勝目を飾った。宮田莉朋（ハイテック／TGR-DC）は今季ベストタイの5位となった。 【写真】2026年FIA F2第10戦モンツァ ジョシュア・デュルクセン（インビクタ・レーシング／メルセデスF1開発ドライバー） ポールシッターはラファエル・カマラ（インビクタ・レーシング／フェラーリ育成）、2番グリッドにデュルクセンが続き、フロントロウにインビクタ勢が並んだ。また、2列目は3番グリッドのアレクサンダー・ダン（ロダン・モータースポーツ／アルピーヌ育成）と4番グリッドのマルティニウス・ステンスホーン（ロダン・モータースポーツ）のロダン・モータースポーツ勢が続いた。 なお、予選4番手のノエル・レオン（カンポス・レーシング）と予選6番手のニコラ・ツォロフ（カンポス・レーシング／レッドブル育成）に対する3グリッド降格ペナルティにより、予選で8番手タイムを記録した宮田は6番グリッドスタートとなった。 スタートタイヤは22台中ほとんどの車両がオプションタイヤ（スーパーソフトタイヤ／パープル）を選択。気温27度、路面温度32度、湿度50パーセントというコンディションで、タイヤ交換義務を有する30周もしくは60分+1周のフィーチャーレースはスタートを迎えた。ポールシッターのカマラはターン1でオーバーシュートし、デュルクセンが首位に浮上する。 その背後では、5番グリッドからタサナポル・イントラフヴァサク（ARTグランプリ）が抜群の蹴り出しでロダン勢を攻略し3番手に浮上。宮田は7番グリッドスタートのレオンに先行を許すも、ツォロフとの攻防の末にステンスホーンが後退したことで6番手を守りオープニングラップを終えた。 イントラフヴァサクは序盤から猛プッシュを続け、先行するインビクタの背後につける。そんななか、4周目のターン1でカマラがデュルクセンをかわし首位を取り戻す。続けて5周目のターン1ではデュルクセンがカマラをパス。6周目にもターン1でポジションを入れ替えるかたちとなり、インビクタの2台はお互いにDRSを使いながらレースをリードする。 そうして迎えた7周目、2番手デュルクセンが真っ先にピットに滑り込み、プライムタイヤに履き替えた。デュルクセンが前からいなくなったイントラフヴァサクはDRSを失い、DRSを使うダン、レオンの猛追を抑えることに必死となる。 カマラが後続へのリードを広げるなか、8周目にダン、レオンらがピットイン。そして9周目には首位カマラ、イントラフヴァサク、宮田、ステンスホーン、ツォロフなど、残る上位勢が全車プライムタイヤに履き替えた。 カマラがコース復帰すると、デュルクセンが先行しアンダーカット成功。これで上位オーダー（ステイ組を除く）は首位デュルクセン、2番手カマラ、3番手ダン、4番手レオン、5番手ジョン・ベネット（トライデント／10番グリッドスタート）、6番手イントラフヴァサク、7番手宮田、8番手ツォロフ、9番手ステンスホーンというオーダーに。 11周目、宮田がイントラフヴァサクをパスし6番手の座を取り戻す。一方、チームメイトのコルトン・ハータ（ハイテック／キャデラックF1テストドライバー）は、12周目の最終ターン11（クルバ・アルボレート）でスピンを喫し、グラベル上で車両を降りた。 これでセーフティカー（SC）導入に。このSC中に、プライムタイヤでコース上にステイし続けたフィッティパルディJr.がオプションタイヤに履き替えたが、オプションタイヤで半分以上残されたスティントを走り切ることは困難。フィッティパルディJr.は14周目に再度ピットインすると再びプライムタイヤを履き、タイヤ交換義務だけ消化し、最後尾で隊列に復帰した。 17周目にレース再開を迎えると、宮田はターン1でベネットに仕掛けるがオーバーテイクには届かず。その隙にイントラフヴァサクにかわされて7番手に後退する。続く第2シケインでは2番手カマラとの攻防の末にダンがシケインをオーバーシュート。その隙にレオンが3番手に浮上した。 宮田は19周目のターン1でイントラフヴァサクをパスし6番手に復帰。前日のスプリントレースの苦戦から一転、フィーチャーレースでは強気の走りを見せる。また、19周目には1分32秒845というこの時点でのファステストラップを、宮田が記録する。 レースも残り10周となる21周目を迎えると、各車ペースを上げた。レース終盤にDRSを失えば、勝負権を失うモンツァだけに、タイヤの摩耗状況とDRS、そして前後のライバルの位置関係も考慮しながら高度な駆け引きが繰り広げられた。 首位のデュルクセンがペースを上げれば2番手カマラ、3番手レオンもペースアップ。タイムを上げられなくなった4番手ダンは、レオンに2秒のギャップを開けられ、トップ集団から出遅れる。そのダンは第2グループの先頭となり、DRSを使える5番手ベネットのプレッシャーを受け続ける展開に。 そして25周目、ベネットがダンを容易くかわし4番手に浮上。ただ、これでDRSを取り戻したダンがベネットの背中を追う。そのダンの後方1秒以内／DRS使用圏内に6番手宮田も追いついた。 ただ、26周目にツォロフがイントラフヴァサクをパスし7番手に浮上すると、今度は宮田の背中を追った。宮田はできるだけ早くダンを攻略しなければ、ツォロフが着実に背後に近づく状況だった。 27周目、ダンはベネットをなかなかかわせず、第2グループは4番手ベネットを先頭にダン、宮田、ツォロフが連なる状況となってしまった。そんななか、ダンが28周目の第2シケインをオーバーシュート。続く29周目のターン1で宮田はダンをかわし、5番手に浮上した。 一方、3番手レオンが出遅れたことで、首位争いはデュルクセンとカマラに絞られた。2台はほぼ同タイムでテール・トゥ・ノーズの戦いを続けたが、デュルクセンの鉄壁のディフェンスを前に、カマラにチャンスはなかった。 デュルクセンが前日のスプリントレースに続く2連勝を飾り、モンツァ大会で大量ポイント獲得を果たした。カマラはポールポジションを獲得しながらも、チームメイトに負ける悔しい2位。そしてレオンが3位となった。 4位ベネット、5位宮田、6位ダン、7位ツォロフ、8位イントラフヴァサク、9位オリバー・ゲーテ（MPモータースポーツ）、10位ニコ・バローネ（VAR）までがポイント獲得。なお、ファステストラップはカマラが22周目に記録した1分32秒884となった。 宮田の5位は開幕戦メルボルンの両レースで記録した以来の今季ベストタイ。そして4レースぶりの入賞となった。なお、デュルクセンはチェッカー後に車両後方から出火。第2シケイン手前でマシンを降り、メディカルカーで表彰式に合流した。 2026年FIA F2、次戦となる第11戦は9月11〜13日にスペイン・マドリードの新設コース『マドリンク』で開催される。 ■2026年FIA F2第10戦モンツァ フィーチャーレース正式結果 Pos.／No.／Driver／Team／Time/Gap 1／2／J.デュルクセン／インビクタ・レーシング／51'05.855 2／1／R.カマラ／インビクタ・レーシング／0.424 3／5／N.レオン／カンポス・レーシング／4.647 4／25／J.ベネット／トライデント／8.039 5／3／宮田莉朋／ハイテック／8.375 6／15／A.ダン／ロダン・モータースポーツ／9.361 7／6／N.ツォロフ／カンポス・レーシング／9.638 8／17／T.イントラフヴァサク／ARTグランプリ／10.409 9／10／O.ゲーテ／MPモータースポーツ／14.265 10／22／N.バローネ／VAR／15.167 11／9／G.ミニ／MPモータースポーツ／15.954 12／24／L.ファン・ホーペン／トライデント／16.598 13／12／M.ボヤ／プレマ・レーシング／17.674 14／7／D.ベガノビッチ／ダムス・ルーカスオイル／20.612 15／14／M.ステンスホーン／ロダン・モータースポーツ／21.060 16／21／C.シールズ／AIXレーシング／24.534 17／16／K.マイニ／ARTグランプリ／26.833 18／11／S.モントーヤ／プレマ・レーシング／27.946 19／23／R.ヴィラゴメス／VAR／30.029 20／20／E.フィッティパルディJr.／AIXレーシング／31.549 21／8／R.ビリンスキー／ダムス・ルーカスオイル／62.580 -／4／C.ハータ／ハイテック／DNF ・ファステストラップ：ラファエル・カマラ（インビクタ・レーシング）1分32秒884（22/30） 224.525km/h ・ペナルティ：マルティニウス・ステンスホーン（ロダン・モータースポーツ）／ 10秒タイムペナルティ（接触要因） ・ペナルティ：セバスチャン・モントーヤ（プレマ・レーシング）／ 10秒タイムペナルティ（接触要因） [オートスポーツweb 2026年09月06日],[],[]
フェルスタッペン予選6番手「マシンが跳ね回ってタイムをロス。何か問題があった」降格ローソンの助けをQ3では得られず（オートスポーツweb）,https://news.yahoo.co.jp/articles/a766ea2219cd406382b01ad814b1f0d7f9df0a7f,https://newsatcl-pctr.c.yimg.jp/t/amd-img/20260907-01348894-rcg-000-3-view.jpg?exp=10800,2026-09-06T17:17:54+09:00,2026-09-06T17:19:36+09:00,オートスポーツweb,rcg,オートスポーツweb,1166,2026年F1第13戦イタリアGP マックス・フェルスタッペン（レッドブル） 2026年F1イタリアGPの予選で、レッドブルのマックス・フェルスタッペンは6番手だった。 【写真】2026年F1第13戦イタリアGP ファンイベントでのマックス・フェルスタッペンとリアム・ローソン（レッドブル） FP3に際し、レッドブルがリアム・ローソン車のパワーユニットに6基目のエンジン（ICE）、ターボチャージャー（TC）、エキゾーストセット（EXH）、4基目のMGU-K、7基目のパワーユニット補助コンポーネント（PU-ANC）を入れたことにより、ローソンに35グリッド降格ペナルティが科されることが発表された。そのため、予選でフェルスタッペンはローソンのサポートを得ることとなった。 Q2でローソンの手助けを受けた後、フェルスタッペンはローソンがQ3に進むために、トウ（スリップストリーム）を与えようとしていたところ、前を行くオスカー・ピアストリ（マクラーレン）にローソンが妨害される形になった。ローソンは14番手にとどまり、Q3に進出できず、フェルスタッペンは単独で戦うことになった。 Q3最初のランでフェルスタッペンは暫定5番手、最後のアタック後にルイス・ハミルトン（フェラーリ）に抜かれて、予選6番手に。ピエール・ガスリー（アルピーヌ）のポールポジションタイムとの差は0.284秒、ハミルトンとは0.059秒差だった。 ピアストリが妨害によるペナルティを受けたため、フェルスタッペンは5番グリッドからスタートする予定。 ■マックス・フェルスタッペン（オラクル・レッドブル・レーシング）FP3 3番手（1分22秒569：ソフトタイヤ／24周）予選 6番手（Q1＝2番手1分22秒631：ソフトタイヤ／Q2＝6番手1分22秒188：ソフトタイヤ／Q3＝6番手1分22秒070：ソフトタイヤ） 「FP3はかなりポジティブなセッションで、僕たちにとってすべてがとても順調だった。ポールポジションを争えるとは思っていなかったが、かなり運転しやすいマシンだったし、それは本当に良かった」 「予選は少し難しくなり、マシンがかなり跳ね回っていた。おそらくマシンに何らかの問題があり、それが予選に影響してパフォーマンスを制限し、低速域でタイムを失わせたのだと思う」 「今日はもっと速さを引き出せると思っていただけに残念だ。リアムにとっても残念だった。Q2でブロックされ、それが彼のラップに影響してしまったからだ」 「僕たちはすべてを最適化することができなかったので、まずはマシンが抱えている制約を見直す必要がある。そのうえで、決勝ではもう少し競争力を高められるようにしたい。明日、何ができるか見てみよう」 [オートスポーツweb 2026年09月06日],[],[]
加藤大翔がモンツァで3位。週末2度目の表彰台登壇果たす／FIA F3第8戦フィーチャーレース（オートスポーツweb）,https://news.yahoo.co.jp/articles/d1e61015321267c35b59cc124ad31ac566fb2803,https://newsatcl-pctr.c.yimg.jp/t/amd-img/20260907-01348860-rcg-000-18-view.jpg?exp=10800,2026-09-06T16:15:52+09:00,2026-09-07T02:39:32+09:00,オートスポーツweb,rcg,オートスポーツweb,2429,2026年FIA F3第8戦モンツァ フィーチャーレース／加藤大翔（ARTグランプリ／HFDP） 9月6日、2026年FIA F3第8戦モンツァのフィーチャーレースが行われ、イタリア出身のニコラ・ラコルテ（ダムス・ルーカスオイル）がFIA F3初優勝を飾った。 【写真】2026年FIA F3第8戦モンツァ／フィーチャーレース3位の加藤大翔（ARTグランプリ／HFDP） 2位にトゥッカ・タポネン（MPモータースポーツ／フェラーリ育成）、3位に加藤大翔（ARTグランプリ／HFDP）が続き、加藤は5日のスプリントレースでの優勝に続き、今週末2レース続けての表彰台登壇となった。 F1、FIA F2を目指す若手が参戦するFIA F3。2026年シーズンは日本から加藤、りー海夏澄（ARTグランプリ）、山越陽悠（VAR）、中村仁（ハイテック／TGR-DC）の4名が参戦している。 今回の予選は2グループ制で実施され、グループBで1分38秒114を記録したフレディ・スレイター（トライデント／アウディ育成）がフィーチャーレースのポールポジションを獲得。フロントロウ／2番グリッドにはグループA最速となる1分38秒163を記録した海夏澄が続いた。 そのほかの日本勢では加藤が4番グリッド、山越が6番グリッド、中村が29番グリッドからスタートとなるなか、気温24度、路面温度30度というコンディションで22周のフィーチャーレースはスタートを迎えた。 ポールシッターのスレイターが危なげないスタートを見せるなか、海夏澄は3番手ラコルテを従えてオープニングラップを終えた。一方、4番グリッドの加藤はエルネスト・リベラ（カンポス・レーシング／レッドブル育成）に先行され5番手、山越はスタートの蹴り出しが悪く13番手まで後退してしまう。 3周目の第1シケインでリベラがラコルテをかわし3番手に浮上。3番手争いの戦いで後続との間合いが1秒以上に広がった2番手海夏澄は徐々に首位スレイターとの間合いを詰めようとしていた。しかし、フィオン・マクラフリン（ハイテック／レッドブル育成）が他車との接触からストップしたため、3周目からセーフティカー（SC）導入に。 5周目にリスタートを迎えると、第1シケインで加藤がラコルテをかわし4番手の座を取り戻す。一方、2番手の海夏澄は6周目のターン1でフロントブレーキから白煙を巻き上げながらもスレイターをオーバーテイクし、ラップリーダーに浮上した。 また、加藤もリベラをかわし3番手に浮上すると、続けて6周目のターン9（アスカリ）でスレイターをかわし、ARTグランプリの日本人2名がワンツーとなる。さらにDRS区間を中心とした大混戦は続き、選手権首位スレイターはラコルテにかわされ4番手に後退する事態に。 8周目の第1シケインでラコルテが加藤をかわし2番手に浮上。さらにタポネンがスレイターをかわし4番手に浮上する。 9周目のターン1では加藤がラコルテをパス。しかし、ターン9（アスカリ）でラコルテが抜き返すと、続く10周目のターン1でラコルテが海夏澄をパスしラップリーダーの座を掴む。さらに加藤も海夏澄を抜き2番手に浮上した。 さらに11周目にはタポネンがターン1で3ワイドとなるなか加藤、海夏澄を2台抜きし2番手に浮上。これで加藤が3番手、海夏澄が4番手となるなか、一時は13番手まで後退した山越が5番手まで挽回し、トップ集団に追いついた。 一方、12周目には最終ターン11で中村がオーバーシュートから単独スピン。幸い他車との接触はなく、コースに復帰した。しかし、波乱は続いた。13周目には入賞圏外までポジションを下げていたスレイターの右リヤタイヤホイールが脱落。さらに、序盤好調だったリベラもマシンを止めた。 これにより14周目に2度目のSC導入となる。このSC導入時点でのトップ5オーダーはラコルテ、タポネン、加藤、海夏澄、山越となった。 17周目にリスタートとなると、海夏澄が加藤に仕掛けるがここは加藤が3番手を守る。18周目を迎えると加藤は2番手タポネンから1.4秒ギャップが開き、3番手加藤はDRSを失う。 ただ、4番手海夏澄も加藤に対するDRSを失い、5番手山越が海夏澄にプレッシャーをかける。しかし、その山越もイェヴァン・デイビッド（AIXレーシング）にかわされ、19周目に6番手に後退した。 レース終盤はDRSの駆け引きだけではなく、どれだけタイヤを残しているかの戦いとなった。タイヤに余力を残すデイビッドはしきりに4番手海夏澄にプレッシャーをかけるが、海夏澄は必死にディフェンスラインを取る。 ファイナルラップを迎えた際、首位ラコルテと2番手タポネンは0.9秒差。3番手加藤はタポネンとの間に1.4秒のギャップが開いており、加藤はこれ以上の追い上げは叶わなかった。 22周目を終え、イタリア出身でFIA F3参戦2年目のラコルテが初優勝を飾った。2位はフェラーリ育成タポネン、3位はスプリントレースウイナーの加藤となり、加藤は2レースとも表彰式登壇となった。 4位争いはファイラルラップの最終コーナーまで定かではなかった。それまで耐え続けた海夏澄だったが、最終コーナーでデイビッドに先行され、16番グリッドスタートのデイビッドが4位。海夏澄が5位、山越が6位となった。 スレイターがリタイアとなるなか、ウーゴ・ウゴチュクウ（カンポス・レーシング）が8位に入り4ポイントを獲得。この週末不運が続いた中村は正式結果で20位となった。 2026年FIA F3、次戦はいよいよ最終戦マドリンクとなる。予選2回、総レース数3回の特殊フォーマットとなるなか、タイトル争いの行く末はいかに。そして、さらなる日本人ウイナーの誕生はあるのか。注目の最終戦は次週9月11〜13日に開催される。 [オートスポーツweb 2026年09月06日],[],[]
0.060秒差でポールを逃したラッセル。メルセデス代表が「フェルスタッペンにトウの計画を邪魔された」と嘆く（オートスポーツweb）,https://news.yahoo.co.jp/articles/b520c4e427246bdcbb77c5dbd489f18e0d11b7c2,https://newsatcl-pctr.c.yimg.jp/t/amd-img/20260907-01348859-rcg-000-2-view.jpg?exp=10800,2026-09-06T15:35:04+09:00,2026-09-06T15:36:35+09:00,オートスポーツweb,rcg,オートスポーツweb,1869,2026年F1第13戦イタリアGP アンドレア・キミ・アントネッリとジョージ・ラッセル（メルセデス） 2026年F1イタリアGPの予選で、メルセデスのジョージ・ラッセルは2番手、アンドレア・キミ・アントネッリは7番手だった。 【写真】アンドレア・キミ・アントネッリ（メルセデスW17） アントネッリはパワーユニットのエレメント交換により、30グリッド降格が決まっているため、ラッセルのサポート役も務めた。Q3では、ラッセルにトウ（スリップストリーム）を与えることに集中し、自身のためのアタックは1回のみで、7番手という結果になった。土曜日に発表された暫定グリッドでは、他者のペナルティの関係で、アントネッリには20番グリッドが与えられている。 ラッセルはQ3最初のランで暫定首位を獲得。2回目最後のランでは、アントネッリがトウを与えるためにラッセルの前を走ったが、そのすぐ前をマックス・フェルスタッペン（レッドブル）が走行していた。アウトラップの最終コーナーでフェルスタッペンは大幅にペースを落とし、メルセデス2台は追い付いてしまい、アントネッリはプランどおりラッセルにトウを与えることができなかった。 それでもラッセルは自己ベストタイムを更新したが、その後にフィニッシュしたピエール・ガスリー（アルピーヌ）に0.060秒差で敗れる結果に。メルセデスチーム代表トト・ウォルフは、『Sky Sports F1』からラッセルがポールジションを逃した原因を聞かれ、「最後のアタックでラップを開始する際、マックスに邪魔されたことだ」と答えた。 「あまりにも近すぎた。それが最終的にラップタイムを損ない、ポールポジションを失うことにつながった」 ■ジョージ・ラッセル（メルセデス-AMG・ペトロナス F1チーム）FP3 1番手（1分22秒219：ソフトタイヤ／13周）予選 2番手（Q1＝7番手1分22秒779：ミディアムタイヤ／Q2＝5番手1分22秒161：ソフトタイヤ／Q3＝2番手1分21秒846：ソフトタイヤ） 「今日はポールポジションが手の届くところにあった。でも、最後のアタックは少しまとまりを欠いてしまったし、最大限スムーズに物事を進めるということができなかったと思う。キミはセッションを通して僕を助けるために素晴らしい仕事をしてくれて、必要なときに有効なスリップストリームを与えてくれた。ただ、最後のプッシュラップでは、マックスがパラボリカで少し状況を難しくした。でも、それもレースの一部だ」 「それはさておき、ピエールには心からおめでとうと言いたい。今日、彼からあれほどの速さが出てくるとは思っていなかったので、驚きだった。彼は素晴らしい仕事をした。ピエールは、素晴らしい人物であり、素晴らしいドライバーだ。この結果に完全に値する人だよ」 「2番グリッドからのスタートでも、決勝に向けて強力なポジションにいる。この週末はすべてのセッションで上位にいたので、自分自身についても、マシンについても良い手応えを感じている。モンツァのようなサーキットでは、スタート位置がすべてというわけではない。実際にオーバーテイクのチャンスがあるからだ。クリーンなスタートを決め、1周目のトラブルを避けることが重要になる。そこからは自分たちのレースに集中し、勝利を狙える良い位置につけたい」 ■アンドレア・キミ・アントネッリ（メルセデス-AMG・ペトロナス F1チーム）FP3 4番手（1分22秒580：ソフトタイヤ／18周）予選 7番手（Q1＝2番手1分22秒758：ソフトタイヤ／Q2＝1番手1分21秒882：ソフトタイヤ／Q3＝7番手1分22秒093：ソフトタイヤ） 「決勝でペナルティを受けることを分かったうえで予選に臨むのは、とても奇妙な感覚だった。当然、ポールポジションを争い、トップから決勝をスタートしたかった。でも、僕たちはそういう状況にはいない。それでもチームのために、そしてジョージを助けるためにやるべき仕事はあったので、ベストを尽くした。今日、それができてうれしいよ」 「明日はレースを楽しみ、あらゆるチャンスを最大限に生かすことがすべてだ。ここは楽しんで走れるサーキットだし、ポジションを上げるチャンスもたくさんあるはずなので、うまく前進できればと思っている。重要なのは、クリーンなスタートを決め、トラブルを避け、トラフィックを抜け、そして前を走るマシンを追い詰めていくことだ」 [オートスポーツweb 2026年09月06日],[],[]
サージェントがダカールマシンに／以前の同タイムは2014年／8回違反の新人に慈悲【WEC第5戦予選日Topics】（オートスポーツweb）,https://news.yahoo.co.jp/articles/7dd4bea4b0a3957bf2610aa62d0da7b405c54630,https://newsatcl-pctr.c.yimg.jp/t/amd-img/20260906-01348791-rcg-000-4-view.jpg?exp=10800,2026-09-06T13:49:52+09:00,2026-09-06T14:09:01+09:00,オートスポーツweb,rcg,オートスポーツweb,6303,ポールポジション獲得を喜ぶアレッサンドロ・ピエール・グイディ／ジェームス・カラド／アントニオ・ジョビナッツィ組（フェラーリAFコルセ） 2026年WEC第5戦ローン・スター・ル・マン 9月5日、テキサス州オースティンのサーキット・オブ・ジ・アメリカズ（COTA）で、WEC世界耐久選手権第5戦『ローン・スター・ル・マン』の予選およびハイパーポールが行われた。ここでは決勝前日のパドックから予選後の声を含む最新トピックをお届けする。 【写真】LMGT3クラスのポールを獲得したエドゥアルド・バリチェロ（23号車アストンマーティン・バンテージAMR GT3エボ） ＊ ＊ ＊ ＊ ＊ ＊ ＊ フェラーリは、COTAにおけるハイパーカーのポールポジション無敗記録を維持し、アントニオ・ジョビナッツィ（フェラーリAFコルセ／51号車フェラーリ499P）が、ローン・スター・ル・マンにおいて過去3年間で自身2度目となる栄誉を手にした。なお昨年は、サテライトチームであるAFコルセの83号車フェラーリ499Pを駆るロバート・クビサがポールポジションを獲得している。 それはハイパーポールでの同タイムというかたちで実現した。ジョビナッツィと、ジャック・エイトケン（キャデラック・ハーツ・チーム・JOTA／38号車キャデラックVシリーズ.R）の両者が1分52秒455というまったく同じラップタイムを記録したのだ。ただし、ジョビナッツィが先にタイムを記録していたため、フェラーリにポールポジションが与えられた。 ハイパーカーの歴史においてはこれが初めての出来事であったが、2014年の上海6時間レースの予選でも同一のベストタイムが記録されている。当時はふたりのドライバーの平均タイムで予選順位を決める方式であり、ロマン・デュマとニール・ジャニがドライブした14号車ポルシェ919ハイブリッド（ポルシェ・チーム）の平均タイム1分48秒300と、セバスチャン・ブエミとアンソニー・デビッドソンが駆る8号車トヨタTS040ハイブリッド（トヨタ・レーシング）の平均タイムがまったく同じとなった。 エイトケンは、これが自身のキャリアにおいて2度目の予選での同タイムであると明かした。1度目は2015年にイモラで開催されたフォーミュラ・ルノー2.0アルプス・シリーズのレースで、彼が記憶する限りでは、亡きアントワーヌ・ユベールとまったく同じラップタイムを記録した時であった。エイトケンはSportscar365に対し、「しかし、あの時は自分が有利な（ポールを獲得できる）側にいた」と語った。 ■4メーカーが0.050秒以内に並ぶ接戦 ジョビナッツィは、ピットレーンに入るほんの直前まで、エイトケンが同一のタイムを記録していたことを知らなかったと語った。「ポールポジションにいることは分かっていたが、どれほどの差があるかは知らなかった」と彼は言った。「運が良かったと思う。しかし、すべてがうまくかみ合うには多少の幸運も必要であり、今日がその日だった。願わくば、明日の決勝レースも良い一日にしたい」 ジョビナッツィは、ポールを獲得した自身のラップが「ベストではなかった」と認め、次のように語った。「予選中のクルマの状態にはあまり満足していなかった。しかし、51号車をポールポジションに置くには充分だった。ハイパーポールではすべてのマシンがタイムを更新できたわけではなかった。風の影響だろうか、何か違う要因があったのだと思う」 一方のエイトケンは、ポールポジションを争うことになるとは予想していなかったと認めた。一時的なパワーロスに見舞われたため、2回目のアタックラップは最終的に影響しなかったと明かしたが、仮にアタックできていたとしてもタイム更新の可能性は「ほとんどなかった」と述べた。同タイムとなったラップについて、彼は「まったく分からなかった」と語った。「アタックを終えた時は、『これで5番手から3番手か4番手あたりに上がれただろう。コンマ1秒縮められたから価値はあった』という感じだった。いま思えば少し悔しいよ」 エイトケンは以下のように付け加えた。「多くのドライバーがベストなラップをまとめきれなかったのが見て取れた。もちろん、自分のラップを振り返れば、少し改善できたはずの場所は無数にある。しかし、かなり良いラップだったし、良い予選だった。満足している」 キャデラックの決勝での戦略について尋ねられると、「まずはシングル（スティント）でスタートし、感触を確かめるつもりだ。それは今夜の話し合いの一部だね」と語った。 ハイパーポールでは、フェラーリ、キャデラック、アルピーヌ、アストンマーティンという4つの異なるハイパーカー・マニュファクチャラーが0.050秒未満の僅差にひしめき合っており、これは記録的なものと考えられている。 ■自己ベストタイム抹消もポール獲得 一方、アストンマーティンは、LMGT3クラスで3戦連続ポールポジションを獲得した最初のマニュファクチャラーとなった。この連続記録は、マッティア・ドルディ（27号車アストンマーティン・バンテージAMR GT3エボ）によるル・マン24時間レースでのクラスポールから始まり、その後ハート・オブ・レーシングチームの姉妹車である23号車アストンマーティンを駆るコービー・パウエルがサンパウロの予選を制し、今回エドゥアルド・バリチェロがCOTAで獲得したポールポジションへと続いている。 バリチェロは、ハイパーポールでの自己ベストタイムである2分05秒103を、ターン19でのトラックリミット違反により失った。しかし、このブラジル人ドライバーのセカンドベストラップである2分05秒160でも、ポールポジションを獲得するには充分であった。 これにより、アストンマーティンのWECクラスポール獲得数は記録を更新する73回目となった。LMGT3クラスにおけるフロントロウ独占は、プロトン・コンペティションが2台のフォード・マスタングGT3を並べた昨年のCOTA以来、1年ぶりだ。 トヨタ・レーシングのテクニカルディレクターであるデビッド・フローリーは、2台のTR010ハイブリッドが7番手（8号車）と9番手（7号車）からスタートすることについて、5番手または6番手は「潜在的に実現可能に見えた」と、複雑な心境を語った。 彼はさらに次のように付け加えた。「完全にすべてをまとめきれたわけではなかったが、1番手から4番手は我々にとって不可能な選択肢だった。7番手と9番手という結果に少しがっかりするかもしれないが、その一方で、予選でこれほど良い位置につけたのはイモラ以来のことだ」 予選について複雑な見解を持つもうひとつのチームは、アストンマーティンTHORチームだった。金曜のFP2と土曜のFP3でトップに立ったハリー・ティンクネルは、007号車で4位に終わったものの、ポールポジションからはわずか100分の5秒差だった。「これほど近づきながら、届かなかったのは非常に悔しい」と彼は語った。「他チームはフリープラクティスで我々よりも実力を少し隠していたのかもしれないが、それでも予選で充分に競争力を持てたことは強みだ」 しかし同陣営の姉妹車である009号車のマルコ・ソーレンセンは、プラクティス後の楽観的な見通しとは裏腹に、クルマに施された「行うべきではなかった、かなり大きな変更」をともなう調整を悔やんだ。僚友がセカンドロウを得た一方で、このクルマは予選の第1セッションにおいて全17台のハイパーカーの中で最下位に沈んだためだ。 ■2台がトップ10に入るも、予選結果に失望 ジェネシス・マグマ・レーシングの2台は、ル・マンの予選に続き、デビュー以来2度目となる2台揃ってのハイパーポール進出を果たした。しかし、チーム代表のシリル・アビテブールは、ジェネシスGMR-001ハイパーカーの17号車が8番手、同19号車が10番手にとどまったことに失望していた。7月にCOTAでテストを行っていたことから、彼は「ここで輝くチャンスがあると感じていた」と語った。またアビテブールは、システム側の成熟度の低さがそれほど痛手とならないため、「1周のペースは伝統的にこのルーキーチームの強み」であると付け加えた。 BMW Mモータースポーツのディレクターであるアンドレアス・ルースは、前戦サンパウロでシーズン2勝目を挙げた直後ということもあり、フリープラクティスでは主にレースペースに焦点を当てていたため、2台のBMW MハイブリッドV8（BMW MチームWRT）がポールポジションを争うとは予想していなかったと認めた。2台のBMWは11番手（15号車）と13番手（20号車）からスタートする。 ルースはSportscar365に対し、「スタートポジションがもっとも重要というわけではないと思う」と述べた。「しかしそれでも、つねに速いクルマを持ち、前方にいたいものだ。今回はそれを逃してしまったので、これから宿題をこなし、明日のレースが良くなることを願うばかりだ」と挽回を期待していた。 ルースは、決勝日の気温が低くなれば、チームはミシュランのハードコンパウンドの代わりにミディアムコンパウンドを使用する可能性があることを示唆した。「明日の気温次第になる」と同氏。「いまのところ、気温は下がりそうだ。そのためミディアムを使う可能性もありえる」 アメリカ人WECルーキーのグレイ・ニューウェル（23号車アストンマーティン）は今週末、慣れ親しんだCOTAの地に戻ってきたが、このトラックで競うことは彼が考えていた以上に「より困難」であるようだ。ハート・オブ・レーシングのLMGT3ドライバーである彼は、「僕のドライビングには、ちょっと変わった癖があるんだ」と語った。「まだこのレースを始めてから日が浅いため、蓄積されたマッスルメモリーが、実際には私の足を引っ張っている。ある意味で、以前ここに来たことがあるという事実によって、いくらか不利な状況に置かれているように感じる。馬鹿げた話に聞こえるかもしれないが、チームのみんなが本当にうまくコーチングしてくれているよ」 ニューウェルは、以前にSROアメリカ・シリーズでCOTAを走った時と比較して「厳しい」ルールに引っかかり、金曜日の最初のプラクティスセッションで8回のトラックリミット違反を犯したが、大きなペナルティは免れた。 彼は次のように説明した。「SROではターン9の立ち上がりでトラックリミットを適用しないため、そこで違反を連発してしまった。1回しか指摘されず、コーナーのエイペックスでのことだと思い込んでいたため、何度も何度も同じことを繰り返してしまったんだ。スチュワードは僕に対してとくに快く思っていなかったが、情をかけてくれて、もうトラックリミット違反を犯さないことを条件に、25分間のようなペナルティは科されなかった」 ■ロシア国旗を掲出 2022年のウクライナ侵攻を受けてロシアまたはベラルーシの国旗の下でドライバーが参戦することを禁止していた措置を解除するという、FIA世界モータースポーツ評議会の決定を受け、WECの車両に7年ぶりにロシアの国旗が掲げられた。 91号車ポルシェ911 GT3 Rエボ（マンタイDKエンジニアリング）には、これまで中立旗でレースに出場していたティムール・ボグスラフスキーのためにロシア国旗が描かれた。ウクライナ戦争の勃発前に同シリーズでレースをした最後のロシア人ドライバーは、2019年にジネッタG60-LT-P1 AERのステアリングを握ったエゴール・オルジェフであった。 32号車BMW M4 GT3エボ（チームWRT）をドライブするダレン・ラーンは、マクラーレン720S GT3エボ（ユナイテッド・オートスポーツ）でクラス優勝を果たした昨年のCOTAに続き、ふたつの異なるGT3マシンで連覇することを目指している。 彼はSportscar365に対し、当時を振り返って「雨が降ってきたのは、ちょっとした天の恵みだった。おかげで最後まで攻め抜いて、トップのままクルマをチームメイトに引き渡すことができた。それは最高だった」と語った。「レースを盛り上げるために、今年も少し雨が降ることを期待している。おそらく、我々には少しそれが必要だ」 ラーン、アウグスト・ファーフス、ショーン・ゲラエルの3人が乗り込む32号車BMWにとって、今シーズンのWECはこれまでのところ厳しいものであり、LMGT3クラスでの最高成績は5位にとどまっている。ラーンは、オースティンを「勝利の後のアフターパーティーを開催するには、おそらく最高の場所」と表現し、WRTのクルーには「成功するチャンスが潜在的にある」と考えている。 ■サージェントがラプターT1＋をドライブへ 今週末、アメリカのモータースポーツ界における多くの著名人がパドックで目撃された。その中には、かつて長年にわたりCARTのチームオーナーを務め、後にNASCARへ転身し、現在はジミー・ジョンソンが共同所有するレガシー・モーター・クラブのCEOを務めるキャル・ウェルズも含まれる。同チームはJOTAスポーツと共通の関心を持っており、ナイトヘッド・キャピタル・マネジメントが両方の事業の株式を保有している。 プレマUSAのピアズ・フィリップスCEOと、チームのオペレーションマネージャーであるグラハム・クインは、ミーティングのために金曜日にパドックを訪れた。この元インディカーチームは、現在もインディアナポリスに多くのフルタイムスタッフを擁しているとみられている。 IMSAのジョン・ドゥーナン代表は、今週末にシーズンを締めくくるマスタング・チャレンジ・ノース・アメリカの認可団体としての立場で出席している。また、2030年に向けたトップクラスの技術規則の統合に関する詳細の確認作業が進められるなか、IMSAとACOフランス西部自動車クラブとの密接な協力関係も彼の出席の背景にある。 元GMのスポーツカー・プログラム・マネージャーであるローラ・ウォントロップ・クラウザーは、WECのアンバサダーとして、サーキットでの学生エンジニアリングイベントを含むイベント、物流、プロモーションの支援を行っている。また、リシ・コンペティツィオーネのチームオーナーであるジュゼッペ・リシも現地に姿を見せている。 今年のダカールラリーでダブル表彰台を獲得したフォード・ラプターT1＋が、明日のレース前セレモニーで行われるWECの“ラップ・オブ・オナー（名誉ラップ）”を先導する予定であり、ローガン・サージェント（プロトン・コンペティション／88号車フォード・マスタングGT3エボ）がステアリングを握る。Mスポーツが製作したこのオフロード・レースカーは、今週末パドックに展示されている。 トロント・ラプターズとマイアミ・ヒートの両チームでプレーしたNBA殿堂入り選手のクリス・ボッシュが、今大会のオフィシャルスターターを務め、明日グリッドから各車がスタートする合図となるグリーンフラッグを振る予定だ。 6時間にわたって行われるWEC第5戦ローン・スター・ル・マンの決勝レースは、現地13時（日本時間7日朝3時）にスタートが切られる。 [オートスポーツweb 2026年09月06日],[],[]
FIA F3初優勝の加藤大翔「最高です、信じられない気分」／第8戦スプリントレース後会見（オートスポーツweb）,https://news.yahoo.co.jp/articles/818922480b45627773235dfb6d8a736b821b2410,https://newsatcl-pctr.c.yimg.jp/t/amd-img/20260906-01348833-rcg-000-6-view.jpg?exp=10800,2026-09-06T13:40:42+09:00,2026-09-06T13:41:37+09:00,オートスポーツweb,rcg,オートスポーツweb,1605,2026年FIA F3第8戦モンツァ スプリントレース／優勝の加藤大翔（ARTグランプリ／HFDP）と3位の山越陽悠（VAR） 9月5日に行われた2026年FIA F3第8戦モンツァのスプリントレースでは、加藤大翔（ARTグランプリ／ホンダ・フォーミュラ・ドリーム・プロジェクト）がFIA F3初優勝。選手権首位のフレディ・スレイター（トライデント／アウディ育成）が2位、山越陽悠（VAR）が3位となった。 【写真】2026年FIA F3第8戦モンツァ スプリントレース／加藤大翔（ARTグランプリ／HFDP） スプリントレース後に行われたトップ3会見に登壇した加藤は「最高です、信じられない気分です。9番グリッドからのスタートだったので、正直言葉が出ません。ここモンツァではオーバーテイクのチャンスがあることは分かっていました」と、振り返った。 「レースを通してクルマは素晴らしく、ドライブすることが本当に楽しかったです。クルマが最高だったので、チームに心から感謝しています。ここ数レースはパフォーマンス面で少し苦戦していたので、この結果にはとても満足しています」 第8戦モンツァのスプリントレースはセーフティカー（SC）が2度入る荒れ模様となった。 「前方の混乱は見ていました。特に序盤、ストレートで3台や4台が横一列に並んでいた時ですね。レース中は終始冷静さを保ち、インシデントを避け、タイヤをうまくコントロールしました。ペースはとても良さそうでしたし、終始自信を持てたので、車内では常に落ち着いていられました」と、加藤。 レースはファイナルラップの最終ターン11（クルバ・アルボレート）立ち上がりまで、加藤、スレイター、山越の誰が勝ってもおかしくはない僅差・激戦ぶりだった。 ファイナルラップの様子を尋ねられた加藤は、「ペースも良く、マシンの調子も最高でした。ミスをしなければ勝てるという自信があったので、集中力を切らすことはありませんでした」と、コメントした。 また、3位に入った山越にとって今回はシーズン3度目の表彰台だった。とはいえ、スプリントレースは順風満帆ではなく、1周目からレースペースが厳しかったことを明かした。 「4番グリッドから3位へと順位を上げたということで、進歩を感じています。苦しい場面もありましたが、スタート前の目標はポジションを維持し、上位で戦うことでした。結果として、チームとともにかなりうまくやり遂げられたと思います」 「1周目から他の選手ほどペースが速くないと感じていたので、自分の持つ力を最大限に引き出そうと努めました。ペースが厳しかったことや、レースをうまくマネジメントできたことを考えると、この表彰台は特別なものです」 ペースが厳しい山越は一時は2番手に浮上するも、最終盤にスレイターにかわされることになった。 「今回はいろいろと考えながら走りましたが、運にも恵まれ、多くの場面をうまく切り抜けることができました。何が起こるか、どれほどのペースで走れるかについて、多くの選択肢やシミュレーションを検討していました。それらのシミュレーションを通じた準備が、この結果につながったと思います」 2026年FIA F3第8戦モンツァのスプリントレースを終えた時点で、日本勢のドライバーズランキングは6位山越（63点）、8位加藤（56点）、14位中村仁（ハイテック／TGR-DC／39点）、21位りー海夏澄（ARTグランプリ／20点）となる。 続いて、2026年FIA F3第8戦モンツァのフィーチャーレースは、6日の日本時間15時15分（現地時間8時15分）から、22周で争われる。日本勢は海夏澄がフロントロウ2番グリッドから、加藤が4番グリッドから、山越が6番グリッドから、中村が29番グリッドからスタートする予定だ。 [オートスポーツweb 2026年09月06日],[],[]
酷暑による“リスク”避けた戦略も検討「優勝争いはできる」とトヨタ平川亮【WEC第5戦決勝前会見】（オートスポーツweb）,https://news.yahoo.co.jp/articles/8269f53235e017af0c834277071f69f0eb0764e7,https://newsatcl-pctr.c.yimg.jp/t/amd-img/20260906-01348803-rcg-000-11-view.jpg?exp=10800,2026-09-06T12:15:57+09:00,2026-09-06T12:16:03+09:00,オートスポーツweb,rcg,オートスポーツweb,1775,平川亮が予選アタックを担当した8号車トヨタTR010ハイブリッド 9月5日にアメリカ・テキサス州オースティンのサーキット・オブ・ジ・アメリカズ（COTA）で行われたWEC世界耐久選手権第5戦の予選で、7番手と9番手を獲得したトヨタレーシング。現地時間の予選日夜、チーム代表であり7号車TR010ハイブリッドの予選アタッカーも務めた小林可夢偉と、8号車のアタックを担当した平川亮が、現地からのリモートで日本メディアの取材に応えた。 ■ライバルBMWが沈むなか、大量得点はマスト 第3戦ル・マン24時間を制した7号車のマイク・コンウェイ／可夢偉／ニック・デ・フリースは、20号車BMW Mハイブリッド V8のレネ・ラスト／ロビン・フラインスと同点首位でドライバーズタイトルを争っている。また、マニュファクチャラーズランキングでもBMWと僅差で首位を争う状況とあり、オースティンを含め、その後の富士、バルセロナ、モンツァと続く重要なシーズン後半戦を、トヨタは迎えている。 第4戦サンパウロではノーポイントに終わったトヨタだったが、ここオースティンでは復調気味だ。可夢偉も、「最近の予選のポジションとしては比較的良かったかなと思います」とまずはポジティブに予選日を振り返った。 「暑いオースティンではできるだけ前の方に行きたかったのですが、予選のパフォーマンスはまだまだ課題ではありますね。レースに向けては悪くなかったと思うので、しっかりレースでパフォーマンスを出し切れるように戦いたいと思います」 今季スペックが改められたミシュランタイヤと、酷暑となっているオースティンとのマッチングについては、「いろいろとやってはいるんですが、明確なところは見つからない。ただ、レースに向けてある程度のパターンは試せた」と可夢偉は語る。 一方、8号車を7番グリッドに付けた平川は「今週に関しては、予選よりレースの方がペースがいいことは（7月にCOTAで実施した）テストの時から分かっていました。そのなかで7位と9位という結果は良かったですし、明日に向けても悪くはないポジション」と決勝に期待を寄せた。 その決勝は引き続き暑さも予想され、一時的とはいえ降雨の可能性もありそうだという。とりわけ、予選日も38度に達した酷暑に関しては「（タイヤではなく）人間の方が、ダブルスティントが難しそうな感じがする」（平川）と、一部では事前から予想されていた1スティントごとにドライバー交代をしていく戦略プランも視野に入れられている。 「クーリングベストがあるのですが、それが故障気味で、故障してしまうと暑すぎるのと、もしダブルスティントの2スティント目でセーフティカーが入ってしまうと、実質2スティント以上を乗る覚悟で行かなきゃいけない。それはちょっとリスキーなので、シングルスティントで行こうかと話しているところです」（平川） 今回、チャンピオンシップを争う最大のライバルであるBMWは、ハイパーポール進出を逃している。ドライバーランキングで実質の4位につける平川は、「彼らはここで苦戦しているように見えるので、（自分たちは）しっかりと稼がなきゃいけない。フェラーリが速いのは若干びっくりしましたけど、ロングランだとアルピーヌも結構速い。その中でも、僕らはペースがいい方ではあるので、明日に関しては優勝争いはできるかなと思っています」と決勝への展望を語った。 なお、このサマーブレイク中には、中東情勢の影響からカレンダーが変更となり、最終2戦が当初予定のカタール＆バーレーンから、バルセロナ＆モンツァへと移った。この影響について、平川は次のように語っている。 「モンツァはアストンマーティンやフェラーリがテストをしていたと思いますので、そこはテスト経験のあるチームが有利になるかなと思います。僕らはバーレーンが得意だったので、そこのビッグポイント（※8時間レースのバーレーンでは通常の1.5倍ポイントが与えられていた）が無くなったのはちょっと痛いところではありますが、その前に今回と富士でしっかり稼いでいきたいと思っています」 タイトル争いを睨んでも重要なテキサス決戦。注目の決勝レースは日本時間の7日午前3時にスタートが切られる。 [オートスポーツweb 2026年09月06日],[],[]
ガスリー、センセーショナルな初ポールに歓喜「どうやって成し遂げたか自分でも分からない。デビュー以来の悲願だった」（オートスポーツweb）,https://news.yahoo.co.jp/articles/4d5ad3ddacfd8d5cd57325f77e9447690c5b0b4e,https://newsatcl-pctr.c.yimg.jp/t/amd-img/20260906-01348817-rcg-000-2-view.jpg?exp=10800,2026-09-06T12:14:13+09:00,2026-09-06T12:15:25+09:00,オートスポーツweb,rcg,オートスポーツweb,1354,2026年F1第13戦イタリアGP ピエール・ガスリー（アルピーヌ）がポールポジションを獲得 2026年F1イタリアGPの予選で、アルピーヌのピエール・ガスリーは、F1キャリア初のポールポジションを獲得した。 【写真】2026年F1第13戦イタリアGP ポールポジションを獲得し、笑顔のピエール・ガスリー（アルピーヌ） FP1では、ルーキー起用規則によりリザーブドライバーのポール・アーロンにマシンを託したガスリーは、FP2から走行をスタートし、14番手。土曜のFP3で9番手に浮上した後、予選Q1でトップに立った。Q2では4番手を獲得し、余裕でQ3に進出した。 Q3最初のランではジョージ・ラッセル（メルセデス）とオスカー・ピアストリ（マクラーレン）に次ぐ暫定3番手。そして最終ランでアルピーヌは、ガスリーとフランコ・コラピントをライバルたちの後ろで最後にコースに送り出した。ガスリーは3つのセクターすべてで自己ベストを更新、ラッセルが最終アタックで記録した暫定ポールタイムを0.060秒差で破り、逆転ポールを決めた。 これはアルピーヌにとって初のポールポジションであり、ルノー時代から考えると17年ぶりの快挙。また、ガスリーにとってモンツァは、2020年、アルファタウリ（レーシングブルズ前身）時代にF1初優勝を挙げた場所だ。 ■ピエール・ガスリー（BWTアルピーヌ F1チーム）FP3 9番手（1分22秒898：ソフトタイヤ／24周）予選 1番手（Q1＝1番手1分22秒612：ソフトタイヤ／Q2＝4番手1分22秒077：ソフトタイヤ／Q3＝1番手1分21秒786：ソフトタイヤ） （F1のインタビューで語り）「最高だ。本当に信じられないような予選だった。Q1の最初のラップから、マシンの感触はとても良かった。セッションごとに少しずつタイムを削っていこうとして、（Q3の）最後にはとても良いラップを走れた」 「本当にうれしい。（F1フル参戦デビューから）9年間、ポールポジションを追い求め、チャンスをつかもうとしてきた。モンツァで初勝利を挙げ、そしてこのサーキットで初めてポールポジションを獲得できた。ここで成し遂げたことは、本当に特別なものだと思う」 （F1 TVインタビューで「この結果はどこから生まれたのか」と聞かれ）「教えたいところだけど、自分でも分からないんだ！ 本当にうれしい。チームの皆にとっても、僕自身にとっても、喜ばしい結果だ」 「予選のQ1でトップだったので、『ここから他のドライバーたちがペースを上げてくるだろう』と思っていた。ところがQ2でも上位に残り、Q3の1回目のアタックでは3番手にいた。そこで『今まで考えたこともなかったけど、今日はチャンスがあるかもしれない』と思ったんだ」 「最後のラップですべてを出し切って、それが結果として報われるのを目の当たりにして、こういう感情を味わえるというのは、本当に特別なことだよ」 「今日乗ったレースカーに本当に感謝している。自信を持って、快適に走ることができた。最後のラップでは持てるものをすべて出し切り、1000分の1秒までタイムを絞り出すことができた。今日はこの結果を楽しみたい」 [オートスポーツweb 2026年09月06日],[],[]
判事の独立性を疑うブリアトーレ。マクラーレン側は「多大な尊敬に値するチームに侮辱的」と忠告【代表のコメント裏事情】（オートスポーツweb）,https://news.yahoo.co.jp/articles/92eb9e54d5519569bdbcfabe9aca3e136d3767c2,https://newsatcl-pctr.c.yimg.jp/t/amd-img/20260906-01348793-rcg-000-4-view.jpg?exp=10800,2026-09-06T11:33:36+09:00,2026-09-06T13:58:56+09:00,オートスポーツweb,rcg,オートスポーツweb,2518,2026年F1第13戦イタリアGP FIA会見 アンドレア・ステラ代表（マクラーレン） 2026年F1第13戦イタリアGPの初日、9月4日の金曜日、国際自動車連盟（FIA）が8月25日にフランス・パリで行われたF1第6戦モナコGPの審理の裁定を正式に発表した。それによれば、FIA国際控訴裁判所（ICA）が、マクラーレンとレッドブルの控訴を認め、ピエール・ガスリー（アルピーヌ）に科されていた2件の5秒タイムペナルティが復活。これにより、アイザック・ハジャー（レッドブル）が3位に復帰し、以下オスカー・ピアストリ、リアム・ローソン、アービッド・リンドブラッドがそれぞれひとつずつ順位が繰り上がり、ガスリーは7位に降格した。 【写真】2026年F1第13戦イタリアGP FIA会見 フラビオ・ブリアトーレ（アルピーヌ エグゼクティブアドバイザー） 決定が発表された直後にモンツァで行われたFIA会見には、控訴が認められたマクラーレンのアンドレア・ステラ代表と、裁定によって表彰台を失うこととなったアルピーヌのエグゼクティブアドバイザーを務めるフラビオ・ブリアトーレのふたりのイタリア人が出席。国際控訴裁判所の審理を巡って、激しい舌戦を繰り広げた。 口火を切ったのは、ブリアトーレだった。 「我々はこの決定を受け入れるが、あまりに不公平だった。なぜなら、4人の判事の中で、ひとりの判事がまるで検察官のように振る舞っていたからだ。あれ自体は不愉快ではあるが、大きな問題ではない。問題は、その判事がマクラーレン社と非常に密接な関係にあることだ。2018年にビバリーヒルズで行われたマクラーレン社の会合に、この人物がスピーチしている姿が写っている素敵な写真をわれわれは入手した。彼は『ワン・ドロップ財団』という財団を運営しており、マクラーレン社はその財団に2台か3台のマクラーレン車を寄贈していることがわかった。判事のひとりが、我々を訴えていたチームと関係があった。これはかなり不公平だね」 これに対して、ステラは冷静に裁定そのものを評価した。 「この判決は間違いなく歓迎すべきものだ。重要なのは、FIAの国際スポーツ規定の第1.1.1条の適用に関して明確さをもたらすからだ。この条項は、そこから派生するあらゆる事柄の基礎となるものだからだ。我々が上訴したのは、この明確化を確実に図りたかったからで、失った2ポイントを取り返したかったからではない。我々が懸念していたのは、スポーツマンシップにおける平等性と公平性の適用だった。それは我々にとってのみ重要なことではなく、我々と同じく上訴したレッドブルだけでもない。それは聴聞会にはすべてのチームが出席していたことでもわかる。規則をどのように適用するか、一貫性をどのように保つか、そしてこの具体的なケースにおいては、レースウィークエンドを通じて有効な手法に関する一貫性を明確にするという点で、すべてのチームにとって重要な瞬間だったからだ」 ステラが論点を変えたので、ブリアトーレは元に戻した。 「国際スポーツ規定の第1条の1あるいは1.1とか、2とか3とか、そういうことではなく、ある判事がマクラーレンとつながりがあったということだ。判事は完全に独立していなければならない。その判事の名前はイタリア風だが、彼はフィリッポ・マルキーノというアメリカ人で、公聴会では判事というより、まるで検察官のように振る舞っていた。なぜあの男があれほど我々に対して意地悪だったのか、その後理由が判明した。これは我々が調べてわかったことだ。ステラが何と言おうと、判決を下す場において、判事は独立していなければならない。マクラーレンのために演説をするような人物や、チャリティでマクラーレンの車を使っているような人物であってはならない第1条の1、1、3、2、4、5なんてどうでもいい」 ブリアトーレはステラやマクラーレンに不満をぶつけているのではなく、マクラーレンと親しい仲にあると思われる人物が判事の仲にいたと指摘しているのだが、それは間接的にマクラーレンを侮辱しているとステラは次のように語って、ブリアトーレに釘を刺した。 「この記者会見がこのような方向に進んでいることは、マクラーレンにとって、そして多大な尊敬に値するチームの評判にとって、かなり侮辱的だと感じている。このような、かなりひどい主張を公の場で行う人物は、それ相当の責任を取らなければならないことになる。なぜなら、聴聞会、そして国際控訴裁判所は最高水準で運営されており、この段階で疑問視すべきではないからだ」 ブリアトーレが怒りの矛先を国際控訴裁判所の判事に向けたことで、今度は国際自動車連盟（FIA）が、次のような声明を出すことになった。 「FIA裁判所は、審理委員会の判事の独立性および公平性を疑問視する世論の声が上がっていることを承知している。すべての判事はFIA総会によって選出されており、そのうちの一部は、FIA定款に従い、少なくとも5つのF1チームからなるグループの提案に基づいて選出され、判事は全員、FIA司法・懲戒規則に定められた独立性および守秘義務の要件に従い、FIAコンプライアンス担当官に対して年次利害関係開示を行い、係争中の問題および関係当事者を考慮して、各案件ごとに特定の独立性宣言書に署名し、これを当事者に送付している。さらに審理の開始時および終了時、当事者に対し、手続や裁判所の構成に関する問題があれば申し立てるよう求められたが、申し立てを行った者はいなかった。審理中、裁判所による証人への尋問方法や手続の進行に関しても、異議は申し立てられなかった」 ブリアトーレほど経験豊富な人物であれば、FIAの会見で侮辱的な発言を行えば、どうなるのかぐらいは知っているはず。にも関わらず、ブリアトーレはあえて、禁じ手を使った。そこにどんな意図があるのか。ICAによるモナコGPに関する審理は終了したが、審理を巡るブリアトーレとマクラーレン、そしてICAの対立はまだ収まっていないようだ。 [オートスポーツweb 2026年09月06日],[],[]
7＆9番手で予選終えたトヨタ。決勝は「オースティンの暑さが力になるかも」と小林可夢偉／WEC第5戦（オートスポーツweb）,https://news.yahoo.co.jp/articles/12e85bedd015be58f9b708541104689ea8aff299,https://newsatcl-pctr.c.yimg.jp/t/amd-img/20260906-01348775-rcg-000-6-view.jpg?exp=10800,2026-09-06T09:46:58+09:00,2026-09-06T11:08:00+09:00,オートスポーツweb,rcg,オートスポーツweb,1186,平川亮が予選アタックを担当した8号車トヨタTR010ハイブリッド 9月5日にアメリカ・テキサス州のサーキット・オブ・ジ・アメリカズ（COTA）で行われた2026年FIA世界耐久選手権（WEC）第5戦『ローンスター・ル・マン』の公式予選で、トヨタレーシングの2台のTR010ハイブリッドは、トップ10グリッドを獲得した。 【ポールポジション獲得を喜ぶ51号車フェラーリ499Pのアントニオ・ジョビナッツィ】 セバスチャン・ブエミ／ブレンドン・ハートレー／平川亮の8号車は7番グリッドから、ドライバーズチャンピオンシップで同率首位に立つマイク・コンウェイ／小林可夢偉／ニック・デ・フリースの7号車は9番グリッドから決勝レースをスタートする。 予選は今大会ここまでで最も暑いコンディションのなかで行われ、7号車可夢偉と8号車平川がそれぞれの車両でアタックに臨んだ時には、気温は38℃に達していた。新品のミディアムコンパウンドのミシュランタイヤを装着し、低燃料状態で臨んだ予選では、平川が12分間のセッション開始と同時にコースイン。一方可夢偉は数分後にコースインし、アタックを開始した。ここでは平川が8番手、可夢偉が9番手となり、2台はともにハイパーポールへと進出を決めた。 僅差となったハイパーポールでは、可夢偉は唯一のアタックラップで9番手を獲得。一方の平川は2回のアタックラップを敢行し、2回目にタイムをわずかに更新すると、7番手へ順位を上げた。 引き続き暑いコンディションが予想されるなか、WECシーズンで最もタイヤへの負荷が高いCOTAの特性を踏まえ、チームのエンジニアとドライバーはレース戦略の最適化に取り組み、6日13時（日本時間7日3時）にスタートする決勝レースに備えることになる。 ■小林可夢偉（チーム代表兼7号車ドライバー） 「もう少し上の順位を期待していましたが、それでも決勝レースに向けては良いポジションにつけられたと思います。明日はさらに良い結果を期待していますし、オースティンの暑さは私たちの力になるかもしれません」 「今日は本当に多くのレースファンが来場していましたし、明日はさらに多くのファンが訪れると思います。私たちもエキサイティングなレースを楽しみにしていますし、レース後に笑顔で終えられることを願っています」 ■平川亮（8号車） 「本当に暑く、とても厳しいコンディションでした。気温は今朝よりもかなり高く、タイヤはオーバーヒート気味でした。そのため多くの調整が必要になりましたが、チームは良い仕事をしてくれました」 「予選は少し厳しい戦いになると予想していましたが、7番手と9番手という結果は悪くないと思います。レースペースには自信があるので、明日は再び優勝争いができることを期待しています」 [オートスポーツweb 2026年09月06日],[],[]
ホンダ折原GM「モンツァに向けパフォーマンス改善を図ったが厳しい予選結果に」アロンソの問題は「原因究明のため分析中」（オートスポーツweb）,https://news.yahoo.co.jp/articles/fb073478545eb5499da6de13f92233bb15237431,https://newsatcl-pctr.c.yimg.jp/t/amd-img/20260906-01348777-rcg-000-2-view.jpg?exp=10800,2026-09-06T09:40:49+09:00,2026-09-06T09:45:50+09:00,オートスポーツweb,rcg,オートスポーツweb,739,2026年F1第13戦イタリアGP フェルナンド・アロンソ（アストンマーティン） 2026年F1イタリアGPの予選で、アストンマーティン・ホンダのフェルナンド・アロンソは21番手、ランス・ストロールは22番手と、最下位に沈んだ。アロンソのタイムは1分25秒150、ストロールは1分25秒222を記録した。 【写真】2026年F1第13戦イタリアGP ホンダ・レーシング（HRC）の折原伸太郎トラックサイド・ゼネラルマネージャー兼チーフエンジニア 21番手のアロンソとひとつ上20番手セルジオ・ペレス（キャデラック）とは0.555秒差。ピエール・ガスリー（アルピーヌ）によるQ1最速タイムとの差は2.538秒だった。アロンソは、Q1で問題が発生したため、新品ソフトタイヤで行う予定だった最後のアタックを中止した。チームはこのトラブルについて詳細を明かしていないが、アロンソはF1のインタビューにおいて、エンジンの問題だと発言している。 ホンダ・レーシング（HRC）の折原伸太郎トラックサイド・ゼネラルマネージャー兼チーフエンジニアは、一日を振り返り、次のようにコメントした。 「モンツァはパワーユニットにとって厳しいサーキットであり、今日の予選結果がそれを表しています。データの最適化を継続してパフォーマンスの改善を図ってきましたが、今はこの予選結果が現実的な順位です」 「一方、ドライバビリティについては引き続き正しい方向に改善が進んでいます。明日のレースに向けてできる限りの準備を進めていきます」 「残念ながら、アロンソ選手は予選で最終アタックに臨むことができませんでした。原因を究明すべく、現在もデータの分析を進めています」 [オートスポーツweb 2026年09月06日],[],[]
アストンマーティン予選最下位、アロンソはトラブルで最終アタックができず「ストレートでのペース不足で苦しみ、問題も発生」（オートスポーツweb）,https://news.yahoo.co.jp/articles/3774b8364a3618483bf8a739d3474e50b9e9d6b0,https://newsatcl-pctr.c.yimg.jp/t/amd-img/20260906-01348767-rcg-000-2-view.jpg?exp=10800,2026-09-06T09:01:14+09:00,2026-09-06T09:47:45+09:00,オートスポーツweb,rcg,オートスポーツweb,1425,2026年F1第13戦イタリアGP フェルナンド・アロンソ（アストンマーティン） 2026年F1イタリアGPの予選で、アストンマーティン・ホンダのフェルナンド・アロンソは21番手、ランス・ストロールは22番手と、最下位に沈んだ。 【写真】2026年F1第13戦イタリアGP土曜 フェルナンド・アロンソ（アストンマーティンAMR26） アロンソはQ1最初のランで新品ソフトタイヤで1分25秒270をマーク、2回目のランでユーズドソフトを装着し、自己ベストを1分25秒150に縮めた。その後、再度新品ソフトタイヤでアタックする予定だったということだが、トラブルが発生したため、走行を切り上げた。 トラブルについてチームは公式には詳細を明かしておらず、「フェルナンドのマシンに発生したトラブルについて現在調査を進めている」としている。しかしアロンソは予選後のF1のインタビューにおいて、「エンジンに問題が起きた」と述べている。 21番手のアロンソとひとつ上20番手セルジオ・ペレス（キャデラック）とは0.555秒差。ピエール・ガスリー（アルピーヌ）によるQ1最速タイムとの差は2.538秒だった。 チーフトラックサイドオフィサーのマイク・クラックは、一日を振り返り、次のようにコメントした。 「モンツァの土曜日は厳しいものとなった。高速サーキットという特性が、現時点の我々のマシンパッケージには適していない」 「Q1を通して2台とも前方のマシンからスリップストリームを得ようと試みたが、結局は、Q2へ進むためのペースが単純に不足していた」 「明日も同様に厳しい状況になるだろう。だからこそ、自分たちがコントロールできることを最大限に生かし、巡ってくるチャンスをすべてものにしていきたい」 他車がペナルティを受ける関係で、土曜日発表の暫定決勝グリッドでは、アロンソに18番グリッド、ストロールに19番グリッドが与えられている。 ■フェルナンド・アロンソ（アストンマーティン・アラムコ F1チーム）FP3 19番手（1分24秒919：ソフトタイヤ／20周）予選 21番手（Q1＝21番手1分25秒150：ソフトタイヤ） 「Q1終盤、マシンのトラブルによってガレージに留まることになった。現在、この問題について調査しているところだ」 「（最後に）新品タイヤを使う機会を逃し、予選を途中で打ち切った。そのため、ラップタイムを改善するチャンスを得られなかった」 「自分たちがライバル勢に後れを取っていることは分かっている。特にストレートでのペースが不足しているため、このサーキットは非常に厳しいものになっている」 （F1のインタビューで語り）「ストレートが多いサーキットでは、より厳しくなるのは分かっていたことだ。さらに今回はエンジンに問題が出た。最後に新品タイヤのセットを使うことができず、短い予選になってしまった」 ■ランス・ストロール（アストンマーティン・アラムコ F1チーム）FP3 22番手（1分25秒555：ソフトタイヤ／20周）予選 22番手（Q1＝22番手1分25秒222：ソフトタイヤ） 「今日の結果は予想していたとおりのものだ。このサーキットが大きなチャレンジになることは以前から分かっていた。ここで必要となるパワーが不足しているからだ」 「明日のレースは、僕たちにとって厳しいものになるだろう」 [オートスポーツweb 2026年09月06日],[],[]
劇的同タイム決着！　フェラーリがキャデラック退けポール獲得、トヨタ2台はトップ10入り【WEC第5戦予選レポート】（オートスポーツweb）,https://news.yahoo.co.jp/articles/ffec79f3f681e58712b97f9b6b9bc8b327e1f981,https://newsatcl-pctr.c.yimg.jp/t/amd-img/20260906-01348717-rcg-000-16-view.jpg?exp=10800,2026-09-06T07:12:15+09:00,2026-09-06T07:58:25+09:00,オートスポーツweb,rcg,オートスポーツweb,3088,ポールポジションを獲得した51号車フェラーリ499P 9月5日、アメリカ・テキサス州オースティンに位置するサーキット・オブ・ジ・アメリカズで、WEC世界耐久選手権第5戦『ローンスター・ル・マン』の予選およびハイパーポールが行われ、アレッサンドロ・ピエール・グイディ／ジェームス・カラド／アントニオ・ジョビナッツィ組の51号車フェラーリ499P（フェラーリAFコルセ）がポールポジションを獲得した。 【LMGT3クラスのポールポジションを獲得を喜ぶエドゥアルド・バリチェロ】 サマーブレイクを経て、アメリカからシーズン後半戦に突入している2026年のWEC。公式予選はLMGT3、ハイパーカーという2クラスそれぞれで、『予選』『ハイパーポール』という2段階のノックアウト方式で行われ、いずれのクラスでもハイパーポールへの進出台数は10台となっている。 ■エドゥアルド・バリチェロがチームの3連続ポールを決める 現地時刻15時、まずは12分間のLMGT3の予選セッションがスタート。気温は38度、路面温度は55度という酷暑のコンディションのなか、18台のマシンがコースへと向かった。 このセッションはブロンズドライバーがアタックを担当。なお今大会では、LMGT3の単独タイヤサプライヤーであるグッドイヤーが選択したミディアムコンパウンドが全車に供給されている。 ここでは、88号車フォード・マスタングLMGT3（プロトン・コンペティション）のステファノ・ガットゥーゾがトップタイムを記録。61号車メルセデスAMG LMGT3（アイアン・リンクス）のマーティン・ベリー、58号車マクラーレン720S LMGT3エボ（ガレージ59）のアレクサンダー・ウエストが続いた。 4番手以下は91号車ポルシェ911 GT3 R LMGT3（マンタイDKエンジニアリング）、27号車アストンマーティン・バンテージAMR LMGT3（ハート・オブ・レーシング・チーム）、21号車フェラーリ296 LMGT3エボ（ビスタAFコルセ）、77号車フォード、32号車BMW M4 LMGT3（チームWRT）、87号車レクサスRC F LMGT3（アコーディスASPチーム）、23号車アストンマーティンまでがハイパーポールへと進出を決めた。2台そろって進出したのはフォードとアストンマーティンの2メーカーだ。 15時20分から10分間で争われたハイパーポールは、シルバードライバーが担当。アウトラップの後、ウォームアップラップを1周とするマシンと2周とするマシンに二分されるなか、まずは23号車アストンマーティンのエドゥアルド・バリチェロが2分05秒160という最速タイムをマーク。これにチームメイトの27号車ザカリー・ロビションが続く。 フォード勢では77号車のベン・タックが好ラップを狙うが、3番手の91号車ポルシェ（ティムール・ボグスラフスキー）と同タイムの4番手となり、アストンマーティンには届かない。一方、第1セッションでトップだった88号車フォードはジャンマルコ・レボラートがコースオフを喫した。 暫定首位のバリチェロは2分05秒103へと全体最速タイムをさらに縮めたが、これはトラックリミット違反とされ抹消に。それでもセカンドベストタイムでもポールポジションを獲得するには充分だった。ワン・ツーを達成したハート・オブ・レーシングチームとしては、ル・マンでの27号車、サンパウロでの23号車に続く、3戦連続でのクラス・ポールポジションを手にしている。 5番手はフィン・ゲアシッツがアタックした58号車マクラーレン。以下21号車フェラーリ、32号車BMW、61号車メルセデス、クレメンス・シュミットがアタッカーを務めた87号車レクサス、88号車フォードと続いている。 ■トヨタは可夢偉と平川がアタックを担当 LMGT3のハイパーポールセッションのレビューに時間を要し、予定より7分ほど遅れて17台で争うハイパーカークラスの予選セッションがスタート。ハイパーカーではミシュランのミディアムとハードからタイヤチョイスが可能となっている。 日本勢では7号車トヨタTR010ハイブリッド（トヨタレーシング）で小林可夢偉、同8号車では平川亮がアタックを担当。なお、7号車はコースインを最も遅らせている。 まずは36号車アルピーヌA424（アルピーヌ・エンデュランス・チーム）のビクトール・マルタンスが1分52秒436というターゲットタイムを記録。これに2台のジェネシスGMR-001（ジェネシス・マグマ・レーシング）が続く格好となり、2台のBMW Mハイブリッド V8（BMW Mチーム WRT）、38号車キャデラックVシリーズ.R（キャデラック・ハーツ・チーム・JOTA）のジャック・エイトケンも上位へと進出する。 残り3分を切り、50号車フェラーリ499Pのニクラス・ニールセンが1分52秒020で暫定トップタイムを塗り替えると、僚友の51号車ジョビナッツィも3番手へ。一方でトヨタ勢の平川、可夢偉もトップ10圏内へと浮上してくる。 ハイパーポール進出ラインも僅差の争いとなるなか、チェッカーラップで007号車アストンマーティン・ヴァルキリー（アストンマーティンTHORチーム）のハリー・ティンクネルが16番手から大幅ジャンプアップを果たし、7番手でハイパーポール進出を決める。 このセッション首位は50号車フェラーリ。36号車アルピーヌ、51号車フェラーリと続き、トヨタの2台は8号車平川が8番手、可夢偉の7号車が9番手となった。 一方でチャンピオンシップを争うBMWは、2台ともハイパーポールへ進出できず。2台のプジョー9X8（プジョー・トタルエナジーズ）、83号車フェラーリ（AFコルセ）、12号車キャデラック、009号車アストンマーティンも、ここで脱落となった。 フェラーリ2台、アルピーヌ2台、ジェネシス2台、トヨタ2台、そしてアストンマーティンとキャデラックから1台ずつで争うことになった10分間のハイパーポールでは、まず38号車キャデラックのエイトケンが1分52秒564というターゲットタイムをセット。 残り1分を前に51号車フェラーリのジョビナッツィがわずかにエイトケンを上回って暫定首位を奪う。8号車トヨタの平川は1分53秒083まで自己ベストを縮め、4番手へ浮上してきた。 チェッカー直前には、38号車キャデラックのエイトケンが1分52秒445という、51号車フェラーリと1000分の1秒まで同タイムを記録。トップ2台がまったくの同タイムとなったが、ポールポジションはこのタイムを先に記録していた51号車フェラーリのものに。ジョビナッツィは開幕戦イモラ以来のポールポジション獲得となった。 さらに最終アタックでポールタイムに0.029秒と迫った35号車アルピーヌのシャルル・ミレッシが3番手となり、これに007号車アストンマーティンのティンクネルが続いた。この4番手までが0.050秒以内という、僅差のハイパーポールとなっている。 5番手は50号車フェラーリ、以下36号車アルピーヌ、最終ラップで1分52秒985まで自己ベストを更新した平川の8号車トヨタ、17号車ジェネシス、可夢偉の7号車トヨタ、19号車ジェネシスというオーダーとなっている。 6時間の決勝レースは、9月6日の現地時刻13時（日本時間7日3時）にスタートが切られる。 [オートスポーツweb 2026年09月06日],[],[]
角田裕毅、要求が厳しいモンツァで予選17番手「マシンに課題を抱えつつ、自分がコントロールできる部分では最大限のことをした」（オートスポーツweb）,https://news.yahoo.co.jp/articles/069c60d61222c5ccadefd5a1bf2cdfb49ea3c3bf,https://newsatcl-pctr.c.yimg.jp/t/amd-img/20260906-01348719-rcg-000-3-view.jpg?exp=10800,2026-09-06T07:04:56+09:00,2026-09-06T07:09:12+09:00,オートスポーツweb,rcg,オートスポーツweb,1544,2026年F1第13戦イタリアGP 角田裕毅（レーシングブルズ） 2026年F1イタリアGPの予選で、レーシングブルズの角田裕毅は17番手だった。角田はオランダGPに続きイタリアでも、リアム・ローソンの代役を任された。ローソンは、負傷したアイザック・ハジャーの代わりにレッドブルから出場している。 【写真】2026年F1第13戦イタリアGP土曜日 角田裕毅（レーシングブルズVCARB 03） 予選直前までガレージ内で角田のマシンの作業が行われ、バッテリーに問題が発生したとの報道もあったが、Q1開始から数分後に無事にコースイン。1回目のアタックでは1分23秒755を記録した。2回目最後のアタックでは、セクター2で自己ベストを更新したものの、セクター1と3が最初のタイムにおよばず、1回目のラップタイムを更新できなかった。そのため角田は暫定15番手から17番手に落ち、Q1敗退となった。 ひとつ上の16番手でQ2に進出したカルロス・サインツ（ウイリアムズ）とは0.139秒差。ピエール・ガスリー（アルピーヌ）によるQ1最速タイムからは1.143秒差だった。チームメイトのアービッド・リンドブラッドはQ1を5番手で通過、最終的に予選10番手という結果だった。 チーフテクニカルオフィサーのティム・ゴスは、角田の一日について次のように振り返った。 「予選セッションでは、アウトラップでのタイヤの準備、パワーユニット（PU）のバッテリーレベルの準備、さらに前方のマシンから強力なトウ（スリップストリーム）を得ることを狙うという、複数の要素のバランスを取る複雑な作業が必要になった。裕毅にとってQ1は計画どおりには進まず、我々もこれら相反する要求をすべて適切なウインドウに収めるということができなかった。モンツァはザントフォールトとはまったく異なるサーキットで、エネルギーの管理という点で適応すべきことが多い」 なお、角田は、他車のペナルティにより、土曜日発表版の暫定決勝グリッドでは15番手が与えられている。 ■角田裕毅（ビザ・キャッシュアップ・レーシングブルズ・フォーミュラ1チーム）FP3 15番手（1分23秒817：ソフトタイヤ／16周）予選 17番手（Q1＝17番手1分23秒755：ソフトタイヤ） 「今日の結果にはがっかりしています。求めていた結果を得ることができませんでした。ザントフォールトとは大きく異なり、アウトラップの準備やパワーユニットとタイヤを適切なウインドウに入れるという点で、ここは本当に複雑です。残念ながら、重要な場面で必要なものをすべてまとめることができませんでした」 「明日は15番手からスタートするので、そこからポジションを上げていければと思います。再びマシンに乗り、何ができるのか確かめるのを楽しみにしています」 （F1のインタビューで、「最後のラップでは最終セクターが良くなかったようだが、何が起きたのか」と聞かれ）「いくつか理由があります。セクター3だけが原因というわけではありません。今回の予選では、全体的にもっと大きな何かが足りなかったのだと思います」 「FP1から、特に僕たちのマシンにはいくつか課題があり、チームはその問題を解決するためにものすごく努力してくれました。でも、100％の状態にするのは難しかったです。チームがいろいろと努力してくれたことに感謝しています」 「セクター1のストレートだけでほぼ0.5秒以上失っていました。何が起きていたのか、何が原因だったのかは分かりませんが、正直、あまり楽しめませんでした。でも、自分でコントロールできることに関しては最大限のことをしたと思います」 [オートスポーツweb 2026年09月06日],[],[]
【正式結果】2026年WEC第5戦オースティン 予選（オートスポーツweb）,https://news.yahoo.co.jp/articles/2a081e4ecc99edf30c2f11a3470206b1a66ca5eb,https://newsatcl-pctr.c.yimg.jp/t/amd-img/20260906-01348720-rcg-000-10-view.jpg?exp=10800,2026-09-06T06:47:06+09:00,2026-09-06T15:35:53+09:00,オートスポーツweb,rcg,オートスポーツweb,3565,2026年のWEC第5戦が行われているサーキット・オブ・ジ・アメリカズの様子 9月5日（土）、アメリカ・テキサス州オースティンに位置するサーキット・オブ・ジ・アメリカズで、WEC世界耐久選手権第5戦『ローンスター・ル・マン』の予選およびハイパーポールが行われ、アレッサンドロ・ピエール・グイディ／ジェームス・カラド／アントニオ・ジョビナッツィ組の51号車フェラーリ499P（フェラーリAFコルセ）がジョビナッツィのアタックによりポールポジションを獲得した。2番手には同タイムで38号車キャデラックVシリーズ.R（キャデラック・ハーツ・チーム・JOTA）が続いている。 【フリープラクティスでコースオフを喫しクレーンに吊り上げられるジェネシスGMR-001】 LMGT3クラスでは、グレイ・ニューウェル／エドゥアルド・バリチェロ／ジョニー・アダム組の23号車アストンマーティン・バンテージAMR LMGT3（ハート・オブ・レーシング・チーム）がクラス最速タイムを記録した。 ■2026年WEC世界耐久選手権第5戦ローンスター・ル・マン予選／ハイパーポール正式結果（19時50分発表） Pos.／No.／Class／Team／Car／Driver／Tyre／Time 1／51／HYPERCAR／フェラーリAFコルセ／フェラーリ499P／アレッサンドロ・ピエール・グイディジェームス・カラドアントニオ・ジョビナッツィ／MI／1'52.445／HP 2／38／HYPERCAR／キャデラック・ハーツ・チーム・JOTA／キャデラックVシリーズ.R／アール・バンバーセバスチャン・ブルデージャック・エイトケン／MI／1'52.445／HP 3／35／HYPERCAR／アルピーヌ・エンデュランス・チーム／アルピーヌA424／アントニオ・フェリックス・ダ・コスタシャルル・ミレッシフェルディナント・ハプスブルク／MI／1'52.474／HP 4／007／HYPERCAR／アストンマーティンTHORチーム／アストンマーティン・ヴァルキリー／ハリー・ティンクネルトム・ギャンブル／MI／1'52.495／HP 5／50／HYPERCAR／フェラーリAFコルセ／フェラーリ499P／アントニオ・フォコミゲル・モリーナニクラス・ニールセン／MI／1'52.873／HP 6／36／HYPERCAR／アルピーヌ・エンデュランス・チーム／アルピーヌA424／フレデリック・マコウィッキジュール・グーノンビクトール・マルタンス／MI／1'52.886／HP 7／8／HYPERCAR／トヨタ・レーシング／トヨタTR010ハイブリッド／セバスチャン・ブエミブレンドン・ハートレー平川亮／MI／1'52.985／HP 8／17／HYPERCAR／ジェネシス・マグマ・レーシング／ジェネシスGMR-001ハイパーカー／アンドレ・ロッテラールイス・フェリペ・デラーニマティス・ジョベール／MI／1'53.006／HP 9／7／HYPERCAR／トヨタ・レーシング／トヨタTR010ハイブリッド／マイク・コンウェイ小林可夢偉ニック・デ・フリース／MI／1'53.293／HP 10／19／HYPERCAR／ジェネシス・マグマ・レーシング／ジェネシスGMR-001ハイパーカー／マシュー・ジャミネポール・ループ・シャタンダニエル・ジュンカデラ／MI／1'53.495／HP 11／15／HYPERCAR／BMW MチームWRT／BMW MハイブリッドV8／ケビン・マグヌッセンラファエル・マルチェッロドリス・ファントール／MI／1'52.841 12／94／HYPERCAR／プジョー・トタルエナジーズ／プジョー9X8／ロイック・デュバルマルテ・ヤコブセンテオ・プルシェール／MI／1'52.947 13／20／HYPERCAR／BMW MチームWRT／BMW MハイブリッドV8／ロビン・フラインスレネ・ラストシェルドン・ファン・デル・リンデ／MI／1'52.998 14／83／HYPERCAR／AFコルセ／フェラーリ499P／イェ・イーフェイロバート・クビサフィル・ハンソン／MI／1'53.043 15／12／HYPERCAR／キャデラック・ハーツ・チーム・JOTA／キャデラックVシリーズ.R／ウィル・スティーブンスノーマン・ナトリッキー・テイラー／MI／1'53.080 16／93／HYPERCAR／プジョー・トタルエナジーズ／プジョー9X8／ポール・ディ・レスタストフェル・バンドーンニック・キャシディ／MI／1'53.220 17／009／HYPERCAR／アストンマーティンTHORチーム／アストンマーティン・ヴァルキリー／アレックス・リベラスマルコ・ソーレンセン／MI／1'53.507 18／23／LMGT3／ハート・オブ・レーシング・チーム／アストンマーティン・バンテージAMR LMGT3／グレイ・ニューウェルエドゥアルド・バリチェロジョニー・アダム／GY／2'05.160／HP 19／27／LMGT3／ハート・オブ・レーシング・チーム／アストンマーティン・バンテージAMR LMGT3／イアン・ジェームスザカリー・ロビションマティア・ドルディ／GY／2'05.284／HP 20／91／LMGT3／マンタイDKエンジニアリング／ポルシェ911 GT3 R LMGT3／ジェームス・コッティンガムティムール・ボグスラフスキーアヤハンカン・ギュベン／GY／2'05.483／HP 21／77／LMGT3／プロトン・コンペティション／フォード・マスタングLMGT3／エリック・パウエルベン・タックセバスチャン・プリオール／GY／2'05.483／HP 22／58／LMGT3／ガレージ59／マクラーレン720S LMGT3エボ／アレクサンダー・ウエストフィン・ゲルシッツベンジャミン・ゲーテ／GY／2'05.654／HP 23／21／LMGT3／ビスタAFコルセ／フェラーリ296 LMGT3エボ／フランソワ・エリオサイモン・マンアレッシオ・ロベラ／GY／2'05.765／HP 24／32／LMGT3／チームWRT／BMW M4 LMGT3エボ／ダレン・ラーンショーン・ゲラエルアウグスト・ファーフス／GY／2'05.888／HP 25／61／LMGT3／アイアン・リンクス／メルセデスAMG LMGT3／マーティン・ベリールイ・アンドラーデマキシム・マルタン／GY／2'05.969／HP 26／87／LMGT3／アコーディスASPチーム／レクサスRC F LMGT3／ペトル・ウンブラレスククレメンス・シュミットホセ-マリア・ロペス／GY／2'06.265／HP 27／88／LMGT3／プロトン・コンペティション／フォード・マスタングLMGT3／ステファノ・ガットゥーゾジャンマルコ・レボラートローガン・サージェント／GY／2'09.196／HP 28／54／LMGT3／ビスタAFコルセ／フェラーリ296 LMGT3エボ／トーマス・フローフランチェスコ・カステラッチダビデ・リゴン／GY／2'07.262 29／34／LMGT3／レーシング・チーム・ターキー・バイ・TF／シボレー・コルベットZ06 LMGT3.R／ピーター・デンプシーサリ・ヨルックチャーリー・イーストウッド／GY／2'07.443 30／92／LMGT3／ザ・ベンド・マンタイ／ポルシェ911 GT3 R LMGT3／ヤッサー・シャヒンリカルド・ペーラリヒャルト・リエツ／GY／2'07.479 31／10／LMGT3／ガレージ59／マクラーレン720S LMGT3エボ／アンタレス・オートーマス・フレミングマービン・キルヒホーファー／GY／2'07.559 32／78／LMGT3／アコーディスASPチーム／レクサスRC F LMGT3／トム・ファン・ロンパウアドリアン・デイビッドエステバン・マッソン／GY／2'07.622 33／69／LMGT3／チームWRT／BMW M4 LMGT3エボ／アンソニー・マッキントッシュパーカー・トンプソンダニエル・ハーパー／GY／2'08.128 34／33／LMGT3／TFスポーツ／シボレー・コルベットZ06 LMGT3.R／ベン・キーティングジョニー・エドガーニッキー・キャツバーグ／GY／2'08.864 35／79／LMGT3／アイアン・リンクス／メルセデスAMG LMGT3／ヨハネス・ゼルガーマッテオ・クレッソーニリン・ホデニウス／GY／2'08.968 [オートスポーツweb 2026年09月06日],[],[]
好調アストンマーティンが最終プラクティスでも最速。新参ジェネシスと母国レースの臨むキャデラックが続く【WEC第5戦FP3レポート】（オートスポーツweb）,https://news.yahoo.co.jp/articles/d41678f31f998d27f2387b3685aa82783533a00a,https://newsatcl-pctr.c.yimg.jp/t/amd-img/20260906-01348704-rcg-000-4-view.jpg?exp=10800,2026-09-06T02:32:49+09:00,2026-09-06T03:13:13+09:00,オートスポーツweb,rcg,オートスポーツweb,1632,FP3でトップタイムを刻んだハリー・ティンクネル（アストンマーティンTHORチーム／007号車アストンマーティン・ヴァルキリー） 2026年WEC第5戦ローン・スター・ル・マン テキサス州オースティンのサーキット・オブ・ジ・アメリカズで開催されているWEC世界耐久選手権第5戦『ローン・スター・ル・マン』は9月5日、フリープラクティス3回目が行われ、アストンマーティンTHORチームの007号車アストンマーティン・ヴァルキリー（ハリー・ティンクネル／トム・ギャンブル組）がトップタイムをマークした。 【写真】FP3でLMGT3クラス最速車となった21号車フェラーリ296 LMGT3エボ セッションが始まった11時時点の気温は31℃、路面温度は41℃。雲が多く見られるものの強い日差しが降り注ぎ、最終的に33℃／46℃まで気温／路面温度が上昇するなか60分にわたって行われたFP3は、上位2台のタイム差が1000分の4秒という僅差の争いとなった。 最初にターゲットタイムをセットしたのはマルコ・ソーレンセン（アストンマーティンTHORチーム／009号車アストンマーティン・ヴァルキリー）で、1分52秒844というタイムで暫定トップに。 これをマシュー・ジャミネ（ジェネシス・マグマ・レーシング／19号車ジェネシスGMR-001ハイパーカー）が上回るが、すぐにもう一台のアストンマーティンが僅差で逆転。007号車を駆るハリー・ティンクネルが1分52秒174でトップに立った。 その後、金曜のFP1で最速タイムを刻んだアントニオ・ジョビナッツィ（フェラーリAFコルセ／51号車フェラーリ499P）が自己ベストを更新して3番手につけたが、これを1分52秒435というタイムで上回ったジャック・エイトケンの38号車キャデラックVシリーズ.R（キャデラック・ハーツ・チーム・JOTA）が3番手に。結果、51号車フェラーリは4番手、009号車アストンマーティンは5番手となっている。 6番手以下は12号車キャデラック、83号車フェラーリ（AFコルセ）、小林可夢偉組の7号車トヨタTR010ハイブリッド（トヨタ・レーシング）、94号車プジョー9X8（プジョー・トタルエナジーズ）、そして50号車フェラーリがトップ10を締めくくった。平川亮組の8号車トヨタは11番手で、8号車までが首位から1秒以内に入った。 LMGT3クラスもハイパーカークラスと同様に、セッション序盤にタイムアタックが集中。そのなかでフランソワ・エリオ（ビスタAFコルセ／21号車フェラーリ296 GT3エボ）が記録した2分05秒731が同クラスのベストタイムとなった。 これはマキシム・マルタンのドライブで2番手につけた61号車メルセデスAMG GT3エボ（アイアン・リンクス）のタイムを0.138秒上回るものだ。 3番手は、2分05秒982をマークしたエリック・パウエルの77号車フォード・マスタングGT3エボ（プロトン・コンペティション）、4番手に続いた27号車アストンマーティン・バンテージAMR GT3エボ（ハート・オブ・レーシング・チーム）までが2分05秒台のタイムを記録している。 FP1でトップタイムをマークした10号車マクラーレン720S GT3エボ（ガレージ59）は2分06秒054で5番手につけ、23号車アストンマーティンをわずか0.033秒上回った。 7番手以下は88号車フォード、54号車フェラーリ、69号車BMW M4 GT3エボ（チームWRT）と続き、トップからコンマ5秒遅れた78号車レクサスRC F GT3（アコーディスASPチーム）が10番手となっている。 全3回のフリープラクティスが終了したWECオースティンは、このあと15時（日本時間6日朝5時）から、決勝のスタートグリッドを決める予選およびハイパーポールが行われる。 [オートスポーツweb 2026年09月06日],[],[]
予選3番手のピアストリに3グリッド降格処分。Q2でローソンを妨害／F1イタリアGP（オートスポーツweb）,https://news.yahoo.co.jp/articles/6e3acd33f367d8309b1a4c50a97d80b824331c0f,https://newsatcl-pctr.c.yimg.jp/t/amd-img/20260906-01348700-rcg-000-4-view.jpg?exp=10800,2026-09-06T02:26:03+09:00,2026-09-06T02:32:05+09:00,オートスポーツweb,rcg,オートスポーツweb,763,2026年F1第13戦イタリアGP オスカー・ピアストリ（マクラーレン） 9月5日（土）に行われた2026年F1第13戦イタリアGPの予選終了後、3番手タイムを記録したオスカー・ピアストリ（マクラーレン）に対し、3グリッド降格ペナルティが下った。予選Q2でリアム・ローソン（レッドブル）の走行を妨害したと認められたためだ。 【写真】2026年F1第13戦イタリアGP 予選後のリアム・ローソン（レッドブル） スチュワード（審査員）の報告書によると、Q2終盤にピアストリがピットを出る際、「マックス・フェルスタッペン（レッドブル）、ローソン、カルロス・サインツ（ウイリアムズ）がちょうど通過する。サインツはピットイン済み。フェルスタッペンとローソンだけが残っている。コースに合流する際は彼らに注意せよ」と、チームから指示があった。 ピアストリが耳にしたこの無線ではフェルスタッペンとローソンがプッシュラップ中であるという警告は受けていない。そのため、ピアストリは『ターン1に差し掛かる直前にフェルスタッペンがプッシュラップ中であることに気づいた』と述べたという。 ピアストリは大幅に減速し、フェルスタッペンが自分を追い越せるようコースの右側に寄ったが、その後ろにいたローソンへの走路妨害を避けることはできなかった。 ローソンは14番手でQ3進出を果たせず、Q3でフェルスタッペンにトウ（スリップストリーム）を与えるという仕事が叶わないまま、予選日の走行を終えたのだった。 スチュワードはピアストリが意図せず、不必要にローソンを妨害した事実を認め、標準的なペナルティとしてピアストリに3グリッド降格を科した。これにより、ピアストリは6番グリッドから決勝のスタートを迎える見込みだ。 [オートスポーツweb 2026年09月06日],[],[]
【タイム結果】2026年WEC第5戦オースティン フリープラクティス3回目（オートスポーツweb）,https://news.yahoo.co.jp/articles/d97dde74c69c89ab6d1ea556f7856c4d2554abef,https://newsatcl-pctr.c.yimg.jp/t/amd-img/20260906-01348668-rcg-000-5-view.jpg?exp=10800,2026-09-06T02:07:51+09:00,2026-09-06T15:33:35+09:00,オートスポーツweb,rcg,オートスポーツweb,3441,ケビン・マグヌッセン／ラファエル・マルチェッロ／ドリス・ファントール組の15号車BMW MハイブリッドV8（BMW MチームWRT） 2026年WEC第5戦ローン・スター・ル・マン 9月5日、テキサス州オースティンのサーキット・オブ・ジ・アメリカズでWEC世界耐久選手権第5戦のFP3が行われ、アストンマーティンTHORチームの007号車アストンマーティン・ヴァルキリー（ハリー・ティンクネル／トム・ギャンブル組）がハイパーカークラス最速タイムをマークした。LMGT3クラスでは、ビスタAFコルセの21号車フェラーリ296 LMGT3エボ（フランソワ・エリオ／サイモン・マン／アレッシオ・ロベラ組）が予選＆ハイパーポール前最後のプラクティスでトップに立っている。 【写真】トップタイムを記録した007号車アストンマーティン・ヴァルキリー ■2026年WEC世界耐久選手権第5戦ローン・スター・ル・マンフリープラクティス3回目正式結果（14時28分発表） Pos.／No.／Class／Team／Car／Driver／Tyre／Time 1／007／HYPERCAR／アストンマーティンTHORチーム／アストンマーティン・ヴァルキリー／ハリー・ティンクネルトム・ギャンブル／MI／1'52.174 2／19／HYPERCAR／ジェネシス・マグマ・レーシング／ジェネシスGMR-001ハイパーカー／マシュー・ジャミネポール・ループ・シャタンダニエル・ジュンカデラ／MI／1'52.178 3／38／HYPERCAR／キャデラック・ハーツ・チーム・JOTA／キャデラックVシリーズ.R／アール・バンバーセバスチャン・ブルデージャック・エイトケン／MI／1'52.435 4／51／HYPERCAR／フェラーリAFコルセ／フェラーリ499P／アレッサンドロ・ピエール・グイディジェームス・カラドアントニオ・ジョビナッツィ／MI／1'52.639 5／009／HYPERCAR／アストンマーティンTHORチーム／アストンマーティン・ヴァルキリー／アレックス・リベラスマルコ・ソーレンセン／MI／1'52.679 6／12／HYPERCAR／キャデラック・ハーツ・チーム・JOTA／キャデラックVシリーズ.R／ウィル・スティーブンスノーマン・ナトリッキー・テイラー／MI／1'52.724 7／83／HYPERCAR／AFコルセ／フェラーリ499P／イェ・イーフェイロバート・クビサフィル・ハンソン／MI／1'52.873 8／7／HYPERCAR／トヨタ・レーシング／トヨタTR010ハイブリッド／マイク・コンウェイ小林可夢偉ニック・デ・フリース／MI／1'52.887 9／94／HYPERCAR／プジョー・トタルエナジーズ／プジョー9X8／ロイック・デュバルマルテ・ヤコブセンテオ・プルシェール／MI／1'52.904 10／50／HYPERCAR／フェラーリAFコルセ／フェラーリ499P／アントニオ・フォコミゲル・モリーナニクラス・ニールセン／MI／1'53.045 11／8／HYPERCAR／トヨタ・レーシング／トヨタTR010ハイブリッド／セバスチャン・ブエミブレンドン・ハートレー平川亮／MI／1'53.109 12／36／HYPERCAR／アルピーヌ・エンデュランス・チーム／アルピーヌA424／フレデリック・マコウィッキジュール・グーノンビクトール・マルタンス／MI／1'53.441 13／93／HYPERCAR／プジョー・トタルエナジーズ／プジョー9X8／ポール・ディ・レスタストフェル・バンドーンニック・キャシディ／MI／1'53.613 14／35／HYPERCAR／アルピーヌ・エンデュランス・チーム／アルピーヌA424／アントニオ・フェリックス・ダ・コスタシャルル・ミレッシフェルディナント・ハプスブルク／MI／1'53.642 15／20／HYPERCAR／BMW MチームWRT／BMW MハイブリッドV8／ロビン・フラインスレネ・ラストシェルドン・ファン・デル・リンデ／MI／1'54.119 16／15／HYPERCAR／BMW MチームWRT／BMW MハイブリッドV8／ケビン・マグヌッセンラファエル・マルチェッロドリス・ファントール／MI／1'54.180 17／17／HYPERCAR／ジェネシス・マグマ・レーシング／ジェネシスGMR-001ハイパーカー／アンドレ・ロッテラールイス・フェリペ・デラーニマティス・ジョベール／MI／1'55.225 18／21／LMGT3／ビスタAFコルセ／フェラーリ296 LMGT3エボ／フランソワ・エリオサイモン・マンアレッシオ・ロベラ／GY／2'05.731 19／61／LMGT3／アイアン・リンクス／メルセデスAMG LMGT3／マーティン・ベリールイ・アンドラーデマキシム・マルタン／GY／2'05.869 20／77／LMGT3／プロトン・コンペティション／フォード・マスタングLMGT3／エリック・パウエルベン・タックセバスチャン・プリオール／GY／2'05.963 21／27／LMGT3／ハート・オブ・レーシング・チーム／アストンマーティン・バンテージAMR LMGT3／イアン・ジェームスザカリー・ロビションマティア・ドルディ／GY／2'05.999 22／10／LMGT3／ガレージ59／マクラーレン720S LMGT3エボ／アンタレス・オートーマス・フレミングマービン・キルヒホーファー／GY／2'06.054 23／23／LMGT3／ハート・オブ・レーシング・チーム／アストンマーティン・バンテージAMR LMGT3／グレイ・ニューウェルエドゥアルド・バリチェロジョニー・アダム／GY／2'06.087 24／88／LMGT3／プロトン・コンペティション／フォード・マスタングLMGT3／ステファノ・ガットゥーゾジャンマルコ・レボラートローガン・サージェント／GY／2'06.131 25／54／LMGT3／ビスタAFコルセ／フェラーリ296 LMGT3エボ／トーマス・フローフランチェスコ・カステラッチダビデ・リゴン／GY／2'06.140 26／69／LMGT3／チームWRT／BMW M4 LMGT3エボ／アンソニー・マッキントッシュパーカー・トンプソンダニエル・ハーパー／GY／2'06.219 27／78／LMGT3／アコーディスASPチーム／レクサスRC F LMGT3／トム・ファン・ロンパウアドリアン・デイビッドエステバン・マッソン／GY／2'06.258 28／32／LMGT3／チームWRT／BMW M4 LMGT3エボ／ダレン・ラーンショーン・ゲラエルアウグスト・ファーフス／GY／2'06.300 29／79／LMGT3／アイアン・リンクス／メルセデスAMG LMGT3／ヨハネス・ゼルガーマッテオ・クレッソーニリン・ホデニウス／GY／2'06.440 30／58／LMGT3／ガレージ59／マクラーレン720S LMGT3エボ／アレクサンダー・ウエストフィン・ゲルシッツベンジャミン・ゲーテ／GY／2'06.485 31／92／LMGT3／ザ・ベンド・マンタイ／ポルシェ911 GT3 R LMGT3／ヤッサー・シャヒンリカルド・ペーラリヒャルト・リエツ／GY／2'06.905 32／87／LMGT3／アコーディスASPチーム／レクサスRC F LMGT3／ペトル・ウンブラレスククレメンス・シュミットホセ-マリア・ロペス／GY／2'06.918 33／91／LMGT3／マンタイDKエンジニアリング／ポルシェ911 GT3 R LMGT3／ジェームス・コッティンガムティムール・ボグスラフスキーアヤハンカン・ギュベン／GY／2'07.083 34／33／LMGT3／TFスポーツ／シボレー・コルベットZ06 LMGT3.R／ベン・キーティングジョニー・エドガーニッキー・キャツバーグ／GY／2'07.151 35／34／LMGT3／レーシング・チーム・ターキー・バイ・TF／シボレー・コルベットZ06 LMGT3.R／ピーター・デンプシーサリ・ヨルックチャーリー・イーストウッド／GY／2'07.155 [オートスポーツweb 2026年09月06日],[],[]
【F1イタリアGP予選の要点】フリー走行から強気だったガスリー。決勝はどこまで踏ん張れるか（オートスポーツweb）,https://news.yahoo.co.jp/articles/37268b8cfca058180181399aa00f6863aab85b23,https://newsatcl-pctr.c.yimg.jp/t/amd-img/20260906-01348667-rcg-000-7-view.jpg?exp=10800,2026-09-06T01:50:46+09:00,2026-09-06T01:52:41+09:00,オートスポーツweb,rcg,オートスポーツweb,1501,2026年F1第13戦イタリアGP ピエール・ガスリー（アルピーヌ） 誰がこんな結末を予想しただろう。アルピーヌのピエール・ガスリーが、2026年F1第13戦イタリアGPでF1キャリア初となるポールポジションを獲得した。大本命のジョージ・ラッセル（メルセデス）を0.060秒差で抑え、母国GPのフェラーリ勢やマックス・フェルスタッペン（レッドブル）を0.2秒以上引き離しての堂々たるポールポジション獲得だった。 【写真】2020年F1第8戦イタリアGP 初優勝を飾ったピエール・ガスリー（アルファタウリ） 「予選Q1の1周目から、ずっといい感じだった。だからポールポジションを獲る気は、満々だったよ」 予選後インタビューでガスリーはそうコメントしていたが、直前のフリー走行3回目は首位ラッセルから0.6秒落ちの9番手。前日のフリー走行2回目は14番手が精一杯で、ポールポジションどころかQ3進出も厳しい状況だった。ただし、ストレートスピードはカスタマーといえど同じメルセデス・パワーユニット（PU）だけに、メルセデス・ワークスとほぼ互角レベルで、ガスリー自身も「僕たちのポテンシャルを反映した結果じゃない。Q3争いに加われる自信はある」と、あくまで強気だった。 その根拠は、まずはメルセデス製PUの優位だろう。長いストレートが続くモンツァ・サーキットでは、優れたエネルギー回生能力が特に大きな武器になる。そして車体面で言えば、前戦オランダGPに投入された大幅アップデートが大きかった。 アルピーヌにとっては今季初の大規模変更で、フロアの全面的な再設計をはじめ、サイドポッド、ディフューザー、リヤウイングにも新しいデザインが導入された。空気抵抗の軽減やフロア下のダウンフォース増大を目的としたこのアップデートが、モンツァの超高速コースで存分に機能したと言っていい。 ガスリーと言えば2020年、アルファタウリ・ホンダ時代に見せた予選10位からの劇的F1初優勝が、今も記憶に新しい。しかし決してモンツァを得意にしているわけではない。2020年の勝利を除けば、イタリアGPの最高位は8位。アルピーヌ移籍後は、予選では一度もQ3に進めず、レースもノーポイントが続いていた。 アルピーヌは昨シーズン中の改良を犠牲にして、今季マシン『A526』の開発をかなり早い段階から進めていた。その結果、去年は選手権最下位に沈んだ代わりに、今季は序盤からほぼ毎レースで予選トップ10入り、レースでも入賞を重ね、トップ4チームに次ぐ選手権5位を争うポジションにつけた。 しかしライバルたちの追い上げは素早く、第7戦バルセロナGP以降は予選で一度もQ3に進めず。夏休み前のハンガリーGPでは、ついにレーシングブルズに選手権5位の座を奪われてしまっていた。オランダGPでのアップデート投入はその意味で、待ちに待ったものだった。 モンツァは追い抜きが比較的容易なこともあり、決勝レースでガスリーがこのまま首位を守り切ることは、正直かなり難しいと思われる。さらに痛いことに、ガスリーはこの週末の直前、モナコGPでの3位表彰台を失った。その結果、レーシングブルズとアルピーヌのポイント差は12点まで広がってしまった。 レーシングブルズのアービッド・リンドブラッドは9番グリッドスタートを予定している（予選7番手のアンドレア・キミ・アントネッリ／メルセデスがグリッド降格のため）。ガスリーがどこまで踏ん張って見せるか。それも決勝レースの大きな見どころになるだろう。 （取材・文 柴田久仁夫） [オートスポーツweb 2026年09月06日],[],[]
【順位結果】2026 SBK第9戦フランス 決勝レース1（オートスポーツweb）,https://news.yahoo.co.jp/articles/2e524a1e7db84f8283ce03ce5f9bc5faadcd2ede,https://newsatcl-pctr.c.yimg.jp/t/amd-img/20260906-01348386-rcg-000-10-view.jpg?exp=10800,2026-09-06T01:20:10+09:00,2026-09-06T01:22:55+09:00,オートスポーツweb,rcg,オートスポーツweb,2649,ニッコロ・ブレガ（Aruba.it Racing - Ducati）／2026WorldSBK第9戦フランス 9月5日、2026年スーパーバイク世界選手権（WorldSBK）第9戦フランスの決勝レース1がマニクール・サーキットで開催され、ニッコロ・ブレガ（Aruba.it Racing - Ducati）が優勝を飾った。 【写真】健闘を讃えるブレガとレクオーナ 11時15分から行われたスーパーポールでは、ブレガが1分34秒318でポールポジションを獲得。サム・ロウズ（ELF Marc VDS Racing Team）が1分34秒486で2番手、イケル・レクオーナ（Aruba.it Racing - Ducati）が1分34秒596で3番手となり、ドゥカティ勢がトップ3を独占した。 15時30分から行われた決勝レース1では、ポールシッターのブレガがホールショットを奪うも、3番グリッドスタートのレクオーナがスタートで2番手に浮上し、続く5コーナーでブレガのインを突きトップに躍り出た。 2番グリッドスタートだったサム・ロウズだったが、スタートで3番手に後退すると、2周目にはアレックス・ロウズ（bimota by Kawasaki Racing Team）にも抜かれ4番手となる。 僚友にトップの座を奪われたブレガだったが、ファステストラップを刻みレクオーナを猛追。3周目、5コーナーでレクオーナをパスしトップを奪い返す。 その後方ではレミー・ガードナー（GYTR GRT Yamaha WorldSBK Team）とチャビ・ビエルゲ（Pata Maxus Yamaha）のヤマハ勢が5コーナーで接触。ビエルゲはコースに止まるもガードナーは転倒しリタイアとなった。 5周目の8コーナーでミゲール・オリベイラ（ROKiT BMW Motorrad WorldSBK Team）、6周目の4コーナーでマッティア・ラト（Motoxracing WorldSBK Team）が転倒。序盤から転倒者の多い展開となる。そんななか、17番手スタートのアクセル・バッサーニ（bimota by Kawasaki Racing Team）が大きくポジションを上げ、9番手にまで浮上している。 10周目、15コーナーでトーマス・ブライドウェル（Superbike Advocates）が転倒。この転倒によりクラッシュバリアが損傷したことで赤旗が掲示された。 クラッシュバリアの修復が行われ、レースは残り12周で再開。再スタートではブレガがホールショットを奪うも、レクオーナが6コーナーでブレガを抜きトップに躍り出る。 2周目、ブレガはオープニングラップで抜かれた6コーナーでレクオーナを抜き返しトップに返り咲く。レクオーナはこのバトルでサム・ロウズにも先行され3番手に後退。すぐさま2番手に浮上するも、その隙にブレガがファステストラップを出しその差を1秒に広げた。 最終的にレクオーナとの差を2秒以上に広げたブレガが完勝。前戦イギリスGPのレース1で連勝を止まったものの、今季24勝目を挙げた。 2位にレクオーナ、3位にはサム・ロウズが入っている。 ■2026年WorldSBK第9戦フランス 決勝レース1（12周） 路面：ドライ Pos.／No.／Rider／Team／Machine／Time／Gap 1／11／ニッコロ・ブレガ／Aruba.It Racing - Ducati／ドゥカティ パニガーレV4 R／19’06.377 2／7／イケル・レクオーナ／Aruba.It Racing - Ducati／ドゥカティ パニガーレV4 R／+3.118 3／14／サム・ロウズ／ELF Marc VDS Racing Team／ドゥカティ パニガーレV4 R／+6.293 4／5／ヤリ・モンテッラ／Barni Spark Racing Team／ドゥカティ パニガーレV4 R／+8.786 5／22／アレックス・ロウズ／bimota by Kawasaki Racing Team／ビモータKB998 Rimini／+9.433 6／34／ロレンツォ・バルダッサーリ／Team Goeleven／ドゥカティ パニガーレV4 R／+10.050 7／47／アクセル・バッサーニ／bimota by Kawasaki Racing Team／ビモータKB998 Rimini／+12.595 8／67／アルベルト・スーラ／Motocorsa Racing／ドゥカティ パニガーレV4 R／+13.843 9／31／ギャレット・ガーロフ／Kawasaki WorldSBK Team／カワサキZX-10RR／+15.233 10／97／チャビ・ビエルゲ／Pata Maxus Yamaha／ヤマハYZF-R1／+16.295 11／96／ジェイク・ディクソン／Honda HRC／ホンダCBR1000RR-R SP／+16.738 12／55／アンドレア・ロカテッリ／Pata Maxus Yamaha／ヤマハYZF-R1／+17.325 13／9／ダニロ・ペトルッチ／ROKiT BMW Motorrad WorldSBK Team／BMW M1000RR／+24.031 14／19／アルバロ・バウティスタ／Barni Spark Racing Team／ドゥカティ パニガーレV4 R／+1'09.462 RET／46／トーマス・ブライドウェル／Honda HRC／ホンダCBR1000RR-R SP／スタートできず RET／62／ステファノ・マンジ／GYTR GRT Yamaha WorldSBK Team／ヤマハYZF-R1／スタートできず RET／87／レミー・ガードナー／GYTR GRT Yamaha WorldSBK Team／ヤマハYZF-R1／スタートできず RET／13／マッティア・ラト／Motoxracing WorldSBK Team／ヤマハYZF-R1／スタートできず RET／88／ミゲール・オリベイラ／ROKiT BMW Motorrad WorldSBK Team／BMW M1000RR／スタートできず RET／35／ソムキャット・チャントラ／Honda HRC／ホンダCBR1000RR-R SP／スタートできず [オートスポーツweb 2026年09月06日],[],[]
タイトル防衛に向け復活期すフェラーリ、首位猛追へ「相性の良いCOTAで期待に応える仕事をする」／WEC第5戦（オートスポーツweb）,https://news.yahoo.co.jp/articles/e427873f8da8143f94ce487825fde623452ab857,https://newsatcl-pctr.c.yimg.jp/t/amd-img/20260906-01348642-rcg-000-4-view.jpg?exp=10800,2026-09-06T00:49:26+09:00,2026-09-06T01:00:31+09:00,オートスポーツweb,rcg,オートスポーツweb,2291,FP1で最速タイムを刻んだアレッサンドロ・ピエール・グイディ／ジェームス・カラド／アントニオ・ジョビナッツィ組の51号車フェラーリ499P（フェラーリAFコルセ） 2026年WEC第5戦ローン・スター・ル・マン フェラーリは、今季2026年のWEC世界耐久選手権におけるハイパーカー部門のタイトル防衛に関して「まだ勝負は終わっていない」と主張しており、今週末のローン・スター・ル・マンに「高い期待」を抱いて臨む。 【写真】アントニオ・フォコ／ミゲル・モリーナ／ニクラス・ニールセン組の50号車フェラーリ499P ■過去2年、オースティンでは好結果 イタリアのスーパーカーブランドは、昨季2025年のWECでドライバーズとマニュファクチャラーズの両タイトルを獲得し、圧倒的な強さを誇ったが、今シーズンはフェラーリ499Pにとってより困難なシーズンとなっており、まだ1勝も挙げていない。 フェラーリは現在、ハイパーカーのマニュファクチャラーズ選手権で3位につけており、首位のトヨタに44ポイント差をつけられている。一方、51号車フェラーリ499Pを駆るアントニオ・ジョビナッツィ／ジェームス・カラド／アレッサンドロ・ピエール・グイディのトリオは2度の2位表彰台を獲得し、首位から18ポイント差のドライバーズランキング4位となっている。 この劣勢に加え、残りのレースはすべて6時間レースであり、当初予定されていたボーナスポイント（カタールやバーレーンでの追加ポイント）が得られないにもかかわらず、フェラーリのチーフデザイナー兼ガバナンス・リレーションズ・マネージャーを務めるマウロ・バルビエリは、前回のブラジル大会で主要ライバルたちが苦戦したことを受け、タイトル争いに向けて依然として楽観的な見方を示している。 「差は大きいが、サンパウロでは上位陣との差をかなり縮めることができた。だから、これを継続し、このまま良いポイントを獲得していくこと、とくにランキングで自分たちの前にいるマシンの前でフィニッシュすることが重要だ」と同氏は語った。 バルビエリは、サーキット・オブ・ジ・アメリカズ（COTA）がフェラーリ499Pの特性に合っていると感じている。このマシンはドライコンディションで行われた2024年のレースで優勝し、昨年はウエットコンディションのなかで2位に入っている。 これはこれまでの練習走行の結果にも反映されており、最初のセッションではジョビナッツィの51号車が跳ね馬のワン・ツー体制を牽引し、続くFP2ではサテライトチームの83号車フェラーリがロバート・クビサのドライブで5番手タイムを記録した。 バルビエリは、「我々のマシンがつねにうまく機能してきたトラックであるため、高い希望と期待がある。その期待に応え、適切な仕事を成し遂げられるかは私たち次第だ」と付け加えた。 カラドもバルビエリの楽観的な見解に同調し、フェラーリが依然としてタイトル争いの一角を担っていることを改めて強調した。 彼は、「僕たちは前向きな気持ちでシーズンの後半をスタートする。楽観的に捉えており、最後までライバルを追い詰めて、最終的に最大の結果を出せるように努力する」と述べた。 ■COTA高気温と開催地変更がフェラーリにとって追い風に？ バルビエリは、今週末に予想される高温がフェラーリに有利に働く可能性が高いと考えている。 「私たちがチームとしてこれまでの数年間に遂げた進歩のひとつは、タイヤの摩耗を抑えるために管理方法を学んだことだと思う」 さらに同氏は、「これは私たちのパッケージの強みのひとつと言えるだろう。そのため、気温が高くなることは私たちにとってプラスになり、一部のライバルにとってはさらなる挑戦になるかもしれない」と続けた。 彼は、これによりフェラーリにとってより多くの戦略の選択肢が開かれ、用意されている2種類のタイヤコンパウンドのうち柔らかい方を使用できるようになる可能性があると説明した。 一方、カラドはスティントごとに許可されるエネルギー量が削減されたことで、レースは「刺激的」になり、「単純」にはいかないだろうと警告した。 残りのラウンドを見据えて、富士は必ずしもフェラーリにとって得意なサーキットではなかったものの、バルビエリは今季スケジュールにバルセロナとモンツァが加わったことについて好意的に捉えていると語った。 「モンツァでは、スタンドからのティフォシによる後押しがあることを期待している」とバルビエリは語った。 「またバルセロナでは何度かテストを行っているため、よく知っているコースだ。残りのサーキットに対してもそれほど失望はしていないが、そこで勝つことを期待していると言うのは傲慢すぎるだろう」 50号車をドライブするアントニオ・フォコ／ミゲル・モリーナ／ニクラス・ニールセン組は現在、ドライバーズランキングで首位から46ポイント差の11位に低迷しているものの、バルビエリはフェラーリがどちらか一方のマシンを優遇し始めるには早すぎると主張する。 「私たちはマニュファクチャラーズ選手権を獲得できる可能性がまだあると考えており、2台のマシンのうち1台を競争相手ではなくサポート役として見なすことは、正しい考え方ではない」と彼は述べた。 そして次のように付け加えた。「両方のクルーが最後まで戦うチャンスを得るに値する。今後のイベントで状況がより明確になるか、あるいはよりはっきりと定まってくるかを見極めることになる」 [オートスポーツweb 2026年09月06日],[],[]
F1参戦10年目のピエール・ガスリーが初ポールポジション獲得。角田裕毅はQ2進出ならず【予選レポート／イタリアGP】（オートスポーツweb）,https://news.yahoo.co.jp/articles/be4fe9f6b51543f1b66a92fa700aa87a4600a6ac,https://newsatcl-pctr.c.yimg.jp/t/amd-img/20260906-01348612-rcg-000-15-view.jpg?exp=10800,2026-09-06T00:18:38+09:00,2026-09-06T00:25:22+09:00,オートスポーツweb,rcg,オートスポーツweb,2983,2026年F1第13戦イタリアGP PPを獲得したピエール・ガスリー（アルピーヌ／中央） 9月5日（土）、2026年F1第13戦イタリアGPの予選が行われ、ピエール・ガスリー（アルピーヌ）がF1キャリア初ポールポジションを獲得した。2番手はジョージ・ラッセル（メルセデス）、3番手はオスカー・ピアストリ（マクラーレン）となった。 【写真】2026年F1第13戦イタリアGP 角田裕毅（レーシングブルズ） 今季2度目の参戦となった角田裕毅（レーシングブルズ）は17番手。ホンダ製パワーユニット（PU）を搭載するアストンマーティン勢は、フェルナンド・アロンソが21番手。ランス・ストロールは22番手となった。 ■Q1：アルピーヌのガスリーが意外な好走。角田裕毅はQ2進出ならず 18分間のQ1は快晴のもと、気温34度、路面温度56度、湿度32パーセントというコンディションで開始された。セッション開始から1分が過ぎるとミディアムタイヤを履いたリアム・ローソン（レッドブル）を先頭に各車コース入り。 メルセデス勢、アルピーヌ勢、そしてレーシングブルズ勢がガレージに収まるなか、まずは16台が最初のアタックに臨み、1分22秒631を記録したマックス・フェルスタッペン（レッドブル）が暫定首位につける。 一方、ランド・ノリス（マクラーレン）の最初のアタックはターン1でオーバーシュート。ノリスは無線で「ブレーキの何かがおかしい」と不満を述べたが、翌周にアタックをやり直し、フェルスタッペンから0.373秒遅れの暫定5番手につけた。 最初のアタックを終えた16台がガレージに戻ったQ1中盤、メルセデス勢、アルピーヌ勢、そしてレーシングブルズ勢がアタック入り。角田の最初のアタックは1分23秒755で暫定14番手。チームメイトで暫定12番手のアービッド・リンドブラッド（レーシングブルズ）からは0.357秒遅れだった。 一方、ガスリーが1分22秒612を記録。フェルスタッペンの最初のアタックを0.019秒上回り暫定首位につけた。また、フランコ・コラピント（アルピーヌ）もガスリーから0.050秒遅れながら暫定3番手につけた。 セッション終盤、Q2進出は安全と判断した暫定2番手フェルスタッペン、暫定6番手と7番手につけるフェラーリ勢に加え、Q1脱落県内の暫定20番手のアロンソがガレージで車両を降りた。 18台がアタックに臨むなか、リンドブラッドは5番手となる1分22秒727を記録。一方の角田の最後のアタックはリンドブラッドから1.028秒遅れの1分23秒755。特にセクター1でタイムが伸びておらず、角田はセクター1だけでもリンドブラッドから0.6秒遅れていた。角田は17番手となりQ1敗退となった。なお、16番手でQ2進出を決めたカルロス・サインツ（ウイリアムズ）からは0.139秒遅れだった。 結局Q1最速はガスリーのままチェッカー。2番手フェルスタッペン。3番手ノリス、4番手コラピント、5番手リンドブラッドとなった。 Q1敗退は17番手角田、18番手アレクサンダー・アルボン（ウイリアムズ）、19番手バルテリ・ボッタス（キャデラック）、20番手セルジオ・ペレス（キャデラック）、21番手アロンソ、22番手ストロールの6台となった。 ■Q2：フェルスタッペンのアシストも虚しく、ローソンが敗退 続くQ2は15分間。セッション序盤はレッドブル勢とサインツの3台のみがコース入り。フェルスタッペンがユーズドタイヤで1分22秒573を記録し暫定首位につける。 残り10分30秒を迎えたところで残る13台もコース入りすると、オスカー・ピアストリ（マクラーレン）が1分22秒017で暫定首位に浮上。ノリスが0.050秒差の2番手に続き、マクラーレンがワンツーとなる。また、0.109秒差の3番手にはガスリーが続いた。 残り4分、レッドブル勢とサインツの3台が再びアタック。ただ、ローソンは暫定13番手。このままではQ3でフェルスタッペンにトウ（スリップストリーム）を与える戦略が使えなくなる。 そこでレッドブルはフェルスタッペンを先行させ、Q2最後のアタックではローソンにトウを与えるように指示。しかし、残り2分でアタックに入ったローソンは、ターン2でピアストリに引っかかりタイムロス。フェルスタッペンのアシストも虚しく、ローソンは14番手に終わった。 Q2終盤、アントネッリが1分21秒882を記録。Q2を最速で終えて地元のファンに快走ぶりを披露した。以下、2番手ピアストリ、3番手ノリス、4番手ガスリー、5番手ラッセル、6番手フェルスタッペン、7番手リンドブラッド、8番手コラピント、9番手シャルル・ルクレール（フェラーリ）、10番手ルイス・ハミルトン（フェラーリ）までがQ3進出。 Q2敗退は11番手ガブリエル・ボルトレート（アウディ）、12番手オリバー・ベアマン（ハース）、13番手ニコ・ヒュルケンベルグ（アウディ）、14番手ローソン、15番手サインツ、16番手エステバン・オコン（ハース）の6台となった。 なお、10番手ハミルトンと11番手ボルトレートのタイム差は0.001秒。フェラーリはかろうじて地元で2台揃ってのQ3進出を決めたのだった。 ■Q3：初優勝の地で。ピエール・ガスリーがキャリア初PP獲得のサプライズ ポールポジションを決める最終Q3は13分間。セッション前半はアントネッリ、ハミルトンがユーズドタイヤ、残る8台がニュータイヤでコース入り。グリッド降格が決定しているアントネッリはラッセルをアシストするこがこのQ3での仕事だ。 アントネッリはホームストレートでラッセルに対しトウを与えると、その周にラッセルは1分21秒929を記録し暫定首位につける。0.037秒差の2番手にピアストリ、0.072秒差の3番手にガスリー、0.075秒差の4番手ルクレールと、トップ4はかなり僅差の状況だった。 セッション終盤、全車がコース入り。コース入り順は、ピアストリ、ノリス、フェルスタッペン、アントネッリ（ユーズドタイヤ）、ラッセル、リンドブラッド、ルクレール、ハミルトン、ガスリー、コラピントだった。 ただ、ピアストリはターン1でオーバーシュートし、ノリスにトウを与えることができなかった。そんななか、Q3トップタイムとなる1分21秒786を記録したのはアルピーヌのガスリーだった。その瞬間、アルピーヌのガレージは歓喜の渦に包まれた。 F1参戦10年目、30歳のガスリーはこれでF1キャリア初のポールポジションを獲得した。 0.060秒差の2番手はラッセル。0.180秒差の3番手にピアストリが続いた。以下、4番手ルクレール、5番手ハミルトン、6番手フェルスタッペン、7番手アントネッリ、8番手コラピント、9番手ノリス、10番手リンドブラッドとなった。 なお、アントネッリ、アルボン、ローソンはPU関連エレメントの交換上限を超えたことを理由に、それぞれグリッド降格となる見込みだ。 2026年F1第13戦イタリアGP、53周の決勝レースは6日（日）の日本時間22時（現地時間15時）にスタートが切られる予定だ。 [オートスポーツweb 2026年09月06日],[],[]
【正式結果】2026年F1第13戦イタリアGP　予選（オートスポーツweb）,https://news.yahoo.co.jp/articles/2c1d744d2f0dd3a232eca181ea87b92c69036bf6,https://newsatcl-pctr.c.yimg.jp/t/amd-img/20260906-01348615-rcg-000-9-view.jpg?exp=10800,2026-09-06T00:02:24+09:00,2026-09-06T19:15:04+09:00,オートスポーツweb,rcg,オートスポーツweb,1038,2026年F1第13戦イタリアGP 角田裕毅（レーシングブルズ） 2026年9月5日（土）、F1第13戦イタリアGPの予選が行われ、ピエール・ガスリー（アルピーヌ）がポールポジションを獲得した。2番手はジョージ・ラッセル（メルセデス）、3番手はオスカー・ピアストリ（マクラーレン）となっている。角田裕毅（レーシングブルズ）は17番手だった。 【写真】2026年F1第13戦イタリアGP PPを獲得したピエール・ガスリー（アルピーヌ／中央）、2番手ジョージ・ラッセル（メルセデス／左）、3番手オスカー・ピアストリ（マクラーレン／右） ■2026年F1第13戦イタリアGP 予選正式結果 Pos／No.／Driver／Team／Time／Laps 1／10／P.ガスリー／アルピーヌ／1’21.786／18 2／63／G.ラッセル／メルセデス／1’21.846／17 3／81／O.ピアストリ／マクラーレン／1’21.966／18 4／16／C.ルクレール／フェラーリ／1’22.004／18 5／44／L.ハミルトン／フェラーリ／1’22.011／15 6／3／M.フェルスタッペン／レッドブル／1’22.070／17 7／12／A.アントネッリ／メルセデス／1’22.093／18 8／43／F.コラピント／アルピーヌ／1’22.220／18 9／1／L.ノリス／マクラーレン／1’22.256／19 10／41／A.リンドブラッド／レーシングブルズ／1’22.286／18 11／5／G.ボルトレート／アウディ／1’22.517／12 12／87／O.ベアマン／ハース／1’22.756／15 13／27／N.ヒュルケンベルグ／アウディ／1’22.779／12 14／30／L.ローソン／レッドブル／1’22.821／17 15／55／C.サインツ／ウイリアムズ／1’23.453／15 16／31／E.オコン／ハース／1’23.454／15 17／22／角田裕毅／レーシングブルズ／1’23.755／6 18／23／A.アルボン／ウイリアムズ／1’24.356／6 19／77／Vボッタス／キャデラック／1’24.364／9 20／11／S.ペレス／キャデラック／1’24.595／9 21／14／F.アロンソ／アストンマーティン／1’25.150／6 22／18／L.ストロール／アストンマーティン／1’25.222／9 [オートスポーツweb 2026年09月06日],[],[]
