headline,mainEntityOfPage,image,datePublished,dateModified,author,media_en,media_jp,str_count,body,images,external_links
YouTubeのコメント欄に「甲子園爆弾仕掛ケタ」　威力業務妨害容疑で43歳男を逮捕（MBSニュース）,https://news.yahoo.co.jp/articles/a19880f5cdc464171faf35cca154355783769685,https://newsatcl-pctr.c.yimg.jp/t/amd-img/20250814-00010017-mbsnews-000-1-view.jpg?exp=10800,2025-08-14T23:23:29+09:00,2025-08-14T23:23:29+09:00,MBSニュース,mbsnews,MBSニュース,400,"甲子園球場
威力業務妨害の疑いで逮捕されたのは、大阪府柏原市の施設作業員山崎晃平容疑者（43）です。

警察によりますと、山崎容疑者は今月9日から10日までの間に、YouTubeに投稿されたアニメ動画のコメント欄に「高校野球帰レ甲子園爆弾仕掛ケタ逃ゲロ」と書き込み、甲子園球場で開催されている全国高等学校野球選手権大会の関係者らの業務を妨害した疑いが持たれています。

コメントには「帰レ」「仕掛ケタ」「逃ゲロ」という文言が繰り返し並べられていたということです。

10日夜に警察庁のサイバー事案に関する相談窓口に通報があり、捜査員が甲子園球場の内外を捜索しましたが、不審物は見つからなかったということです。

警察の調べに対し、山崎容疑者は「『高校野球帰レ甲子園爆弾仕掛ケタ逃ゲロ』などとYouTubeの動画のコメント欄に書き込みをしました」と容疑を認めていて、警察は動機などを詳しく調べています。",[],[]
兄と遊泳中の71歳男性が死亡　溺れたか　兵庫・新温泉町の海岸で（MBSニュース）,https://news.yahoo.co.jp/articles/44a98fc92c88f6c9be56f88fe53be94f9f78074b,https://newsatcl-pctr.c.yimg.jp/t/amd-img/20250814-00010016-mbsnews-000-2-view.jpg?exp=10800,2025-08-14T22:50:23+09:00,2025-08-14T23:18:22+09:00,MBSニュース,mbsnews,MBSニュース,401,"兵庫県美方警察署
14日午後、兵庫県新温泉町の海岸で71歳の男性が浮いているのが見つかり死亡が確認されました。警察は男性が何らかの原因で溺れたとみて、当時の状況を調べています。

警察によりますと、午後4時ごろ、新温泉町居組の海岸で、神戸市灘区に住む無職・池成勝美さん（71）が浮いているのを、一緒に泳いでいた74歳の兄が見つけました。2人は午後1時ごろから海岸付近で泳いでいましたが、途中で勝美さんの姿が見えなくなったため、兄が探していたということです。勝美さんは兄に救助されましたが、その場で死亡が確認されたということです。ライフジャケットなどは着用していませんでした。

2人が泳いでいたのは兵庫県と鳥取県の県境に近い場所にあり観光名所にもなっている穴見海岸の東側に位置する場所で、遊泳禁止エリアではないということです。警察は勝美さんが何らかの原因で溺れたとみて、当時の状況を詳しく調べています。",[],[]
【ラグビー】『エディーＪＡＰＡＮ』パシフィックネーションズカップ前の合宿参加メンバー３７人を発表　エディーヘッドコーチ「手ごたえのあるメンバー、勝てるラグビーを構築」（MBSニュース）,https://news.yahoo.co.jp/articles/b2c03e5a57f8facb482bfd32ea51d1dd8a46ae1d,https://newsatcl-pctr.c.yimg.jp/t/amd-img/20250814-00067745-mbsnews-000-1-view.jpg?exp=10800,2025-08-14T20:00:00+09:00,2025-08-14T20:00:00+09:00,MBSニュース,mbsnews,MBSニュース,1888,"MBSニュース
ＪＲＦＵ（日本ラグビーフットボール協会）は、８月下旬に開幕する「パシフィックネーションズカップ２０２５大会」を前に、８月１５日から宮崎県宮崎市及び東京都府中市で行う日本代表合宿に参加するメンバー３７人を発表しました。（８月１２日に３７名を発表後、池田悠希選手が離脱したため、８月１４日にチャーリー・ローレンス選手を追加召集）

　７月に行われたウェ―ルズ代表との試合では、強豪国相手に逆転で勝利をつかんだ確かな手ごたえと、修正を加えてきたライバルにリベンジを許す対応力の未完成さという両面をのぞかせた日本代表。

　エディー・ジョーンズヘッドコーチが「去年（２位）より上の順位で終えたい。この大会（試合に向けての合宿）を通して勝てるラグビーを構築する」と位置付ける今回のメンバーには、「手ごたえのあるメンバー」とその成長に期待を寄せる若手メンバーが数多く選出されました。

　ウェ―ルズ戦に出場したメンバーから、キャプテンを務めたリーチ・マイケル選手と海外組の齋藤直人選手の経験豊富な２人の召集が見送られる中、けがのため離脱した選手を除くメンバーを召集。そのうえで、「（勝てる戦術を構築するには）キックを交えていくことが大事」と、キックを使う中で、カギとなるキックコンテストの対応を高く評価する長田智希選手（埼玉パナソニックワイルドナイツ）と木田晴斗選手（クボタスピアーズ船橋・東京ベイ）がメンバー入りを果たしました。

　学生からただ１人選出された竹之下仁吾選手（明治大学）を含めて、代表キャップ数が１桁の選手が半数以上の２３人、ノンキャップの選手が９人とフレッシュな顔ぶれとなった今回の日本代表のメンバー構成を踏まえて、「次世代のリーダーを育成しないといけない。将来的には日本（出身）のキャプテンを育てないといけないと思っている」と口にしたエディー・ジョーンズヘッドコーチ。

　ＰＮＣ（パシフィックネーションズカップ）のプール第１戦は、８月３０日（土）に仙台のユアテック・スタジアムで行われるカナダ代表との一戦。プレー面でも、精神的にも絶対的な支柱であるリーチ・マイケル選手が不在の中、果たしてどの選手が、次代を背負う若きリーダーに指名されるのか、ＪＡＰＡＮの進化に注目です。

【ラグビー日本代表（宮崎、東京）合宿参加メンバー（８月１５日～）】
（氏名、所属）

◆ＦＷ（２２名）
紙森陽太（クボタスピアーズ船橋・東京ベイ）
小林賢太（東京サントリーサンゴリアス）　〇
木村星南（東芝ブレイブルーパス東京）
江良颯（クボタスピアーズ船橋・東京ベイ）
佐藤健次（埼玉パナソニックワイルドナイツ）　〇
原田衛＊
木原三四郎（東京サントリーサンゴリアス）　〇
竹内柊平（東京サントリーサンゴリアス）
為房慶次朗（クボタスピアーズ船橋・東京ベイ）
伊藤鐘平（東芝ブレイブルーパス東京）　〇
エピネリ・ウルイヴァイティ（三菱重工相模原ダイナボアーズ）　
ワイサケ・ララトゥブア（コベルコ神戸スティーラーズ）
ワーナー・ディアンズ（東芝ブレイブルーパス東京）
山本秀（リコーブラックラムズ東京）　〇
奥井章仁（トヨタヴェルブリッツ）　〇
ベン・ガンター（埼玉パナソニックワイルドナイツ）
サウマキ アマナキ（横浜キヤノンイーグルス）
ジャック・コーネルセン（埼玉パナソニックワイルドナイツ）
下川甲嗣（東京サントリーサンゴリアス）
ティエナン・コストリー（コベルコ神戸スティーラーズ）
ファカタヴァ アマト（リコーブラックラムズ東京）
マキシ ファウルア（クボタスピアーズ船橋・東京ベイ）

◆ＢＫ（１５名）
北村瞬太郎（静岡ブルーレヴズ）
福田健太（東京サントリーサンゴリアス）
藤原忍（クボタスピアーズ船橋・東京ベイ）
中楠一期（リコーブラックラムズ東京）
李承信（コベルコ神戸スティーラーズ）
中野将伍（東京サントリーサンゴリアス）
シオサイア・フィフィタ（トヨタヴェルブリッツ）
ディラン・ライリー（埼玉パナソニックワイルドナイツ）
チャーリー・ローレンス（三菱重工相模原ダイナボアーズ）　〇☆
石田吉平（横浜キヤノンイーグルス）
長田智希（埼玉パナソニックワイルドナイツ）
木田晴斗（クボタスピアーズ船橋・東京ベイ）　〇
マロ・ツイタマ（静岡ブルーレヴズ）
サム・グリーン（静岡ブルーレヴズ）
竹之下仁吾（明治大学）　〇
　
〇＝ノンキャップ（代表戦出場歴なし）の選手
☆＝追加召集選手
＊原田選手は前所属チームを退団。移籍に向けて調整中
MBSニュース",[],[]
【近畿の天気】１５日（金）も猛烈な暑さと夕立に注意！晴雨兼用の傘が活躍　大阪・京都・奈良は３６℃予想（MBSニュース）,https://news.yahoo.co.jp/articles/ed40a944706dca5c665c4db60d4f915411d4b4f2,https://newsatcl-pctr.c.yimg.jp/t/amd-img/20250814-00067742-mbsnews-000-1-thumb.jpg?exp=10800,2025-08-14T19:15:00+09:00,2025-08-14T19:15:00+09:00,MBSニュース,mbsnews,MBSニュース,394,"MBSニュース
８月１５日（金）の近畿地方は、猛烈な暑さと夕立に要注意。市街地でも雷を伴い、激しい雨の降る所がありそうです。

　近畿地方は引き続き太平洋高気圧に覆われて晴れますが、気温の上がる午後は大気の状態が不安定になるでしょう。山地を中心に雨雲や雷雲がわき立ち、市街地にも流れ込むことがありそうです。天気の急変には引き続き注意をしてください。

　朝の最低気温は２３～２８℃くらい、日中の最高気温は３５℃前後の所が多い見込みです。お盆でたくさんお酒を飲んだり、疲れがたまっていたりすると、熱中症のリスクが高まりますので、油断せずに暑さ対策を行ってください。

　その先もしばらくは晴れの天気と、厳しすぎる残暑が続きます。連日３５℃を超える猛暑日となり、８月も後半に入るというのに、暑さのパワーはまだまだ衰えません。

　体調管理や、農作物の管理にお気を付けください。
MBSニュース",[],[]
「私は絶対に犯人ではない」と主張も…　不同意わいせつ罪で有罪判決を受けた50代男性警部補に停職処分　大阪府警（MBSニュース）,https://news.yahoo.co.jp/articles/cba3d9ab2528c7fe09ac8a29b77ea628ea066f48,https://newsatcl-pctr.c.yimg.jp/t/amd-img/20250814-00010015-mbsnews-000-3-view.jpg?exp=10800,2025-08-14T19:13:26+09:00,2025-08-14T20:57:29+09:00,MBSニュース,mbsnews,MBSニュース,376,"大阪府警本部
20代女性に対する不同意わいせつの罪で、1審で有罪判決を受けた50代の警部補について、大阪府警は停職の懲戒処分を下しました。

　停職6か月の懲戒処分を受けたのは、大阪府警平野署地域課に所属する男性警部補（53）です。

　男性警部補は、2023年11月に奈良県香芝市の路上で女性（20代）の胸を複数回揉むなどしたとして、不同意わいせつの罪で逮捕・起訴され、「私は絶対に犯人ではない」と無罪を主張していましたが、今年7月31日に奈良地裁葛城支部が懲役2年・執行猶予3年の有罪判決を言い渡していました。

　大阪府警は「警察官として言語道断の行為であり、厳正に処分しました。今後、職員に対する指導教養の徹底を図り、再発防止に努めて参ります」とコメントしています。

　今後、有罪判決が確定すれば、男性警部補は自動的に失職することになります。",[],[]
何者かが埋めたか…国の史跡・池上曽根遺跡から「大量の樹木」発掘調査中に発見　大阪・和泉市（MBSニュース）,https://news.yahoo.co.jp/articles/9a4a09a6681d795b4e6481088d473ee6711415f8,https://newsatcl-pctr.c.yimg.jp/t/amd-img/20250814-00067741-mbsnews-000-1-thumb.jpg?exp=10800,2025-08-14T19:10:00+09:00,2025-08-14T19:10:00+09:00,MBSニュース,mbsnews,MBSニュース,325,"MBSニュース
国の史跡で発掘中に大量の樹木が見つかりました。何者かが埋めたとみられています。

　遺跡で見つかった大量の樹木。大阪府和泉市によりますと、去年６月、和泉市と泉大津市にまたがる池上曽根遺跡で発掘調査中、樹木が埋まっているのが見つかったということです。

　市が調べたところ、東西約２８ｍ、南北約１８ｍの範囲で地面が数か所、深さ２ｍほど掘られていて、数年以内に伐採されたとみられる大量の樹木が埋まっていたということです。

　池上曽根遺跡は弥生時代の大規模な集落跡で、１９７６年に国の史跡に指定されています。

　遺跡にはフェンスなどはなく、市は何者かが大量の樹木を埋めたとみて、警察に被害の相談をしているということです。
MBSニュース",[],[]
「誰も情報を持っていない状態」万博会場での“情報の少なさ”指摘する声　博覧会協会は「アナウンスのタイミングが適切かどうか、検証する必要がある」　大阪メトロ運転見合わせで大勢の帰宅困難者（MBSニュース）,https://news.yahoo.co.jp/articles/200fcaf6294dfb44c740b8cd9bb7ca40b8286693,https://newsatcl-pctr.c.yimg.jp/t/amd-img/20250814-00067740-mbsnews-000-1-thumb.jpg?exp=10800,2025-08-14T19:10:00+09:00,2025-08-14T19:10:00+09:00,MBSニュース,mbsnews,MBSニュース,1014,"MBSニュース
大阪・関西万博の会場で大勢の帰宅困難者。大阪メトロと博覧会協会が謝罪です。

　万博会場で発生した大勢の帰宅困難者。８月１３日午後９時半ごろ、万博会場につながる唯一の鉄道、大阪メトロ中央線のコスモスクエア駅と大阪港駅の間で設備トラブルが起き、一時全線が運転見合わせに。

　その後、夢洲駅と隣のコスモスクエア駅でピストン輸送が始まりましたが、全線の運転再開は約８時間後で、会場から帰れなくなる人が続出しました。

　（北海道・札幌市から）「結構体調不良の人が出ていたんですけど、皆さん協力的に警備員を呼んだりして、そういうのはみんな積極的にやっていた。子どもたちは大人の中にまぎれていたので、苦しい思いをしたのかなと心配だった」
　（北海道・札幌市から）「ちょっと体調悪かった。吐きそうだった」

　博覧会協会は、午後１１時半ごろにパビリオンや営業施設などを開放することを決定。足止めされた人は、一時３万人にのぼったということです。万博会場で夜を明かした人たちからは、「情報の少なさ」を指摘する声が聞かれました。

　（神奈川県から）「（Ｑ会場のアナウンスは？）全然ない。ただパーク（会場内）に戻ってくださいというだけで何も。全く情報がない。（Ｑ電車に乗れるまで時間がかかりそう？）乗ったあとどうするんだろうと」
　（茨城県から）「警備員さんも（中央線で）どこまで行くか分からないと。ずっとそれに右往左往して。誰も情報を持っていない状態だったので、午後１１時とかそのくらいは」

　一夜明け、大阪メトロは情報発信のあり方を含め再発防止に努めるとしました。

　（大阪メトロ万博輸送管理センター　江口清司センター長）「臨時のバスを提供していく、しっかりと足を確保するということに注力してしまって、お客様目線というところでのお客様への情報発信が遅れたのではないか」

　博覧会協会は、来場者が会場内に滞留する事態は初めてだったとし、午後１１時半ごろ“災害に準じて”マニュアルに沿って対応することにしたということです。

　（博覧会協会　高科淳副事務総長）「アナウンスのタイミングが適切かどうかについては、今後検証する必要がある。お客さまに適時・的確な情報をタイムリーに知らせることができていたのかは、しっかり検証しないといけない」

　閉幕まであと２か月、来場者が安心できる会場づくりが求められます。
MBSニュース",[],[]
"「""武は負けたけど、文で勝て"" みんなの声が聞こえる」巨星堕つ... 千玄室さんが102歳で死去　元特攻隊員　茶道を究め平和を希求した人生【生前の単独インタビュー】（MBSニュース）",https://news.yahoo.co.jp/articles/944bdb76bc81c87d8256b20ececcda69f803945b,https://newsatcl-pctr.c.yimg.jp/t/amd-img/20250814-00010014-mbsnews-000-1-view.jpg?exp=10800,2025-08-14T19:01:38+09:00,2025-08-14T19:01:38+09:00,MBSニュース,mbsnews,MBSニュース,1332,"千玄室さん（今年6月）
茶道「裏千家」の前の家元、千玄室さんが8月14日、亡くなりました。102歳でした。元特攻隊員として知られた千さん。終戦80年を見届けるかのように、茶道の道を究め、平和を希求し続けた人生の幕を引きました。MBSが6月に行った単独インタビューを再掲します。
【写真で見る】戦争と失った仲間への思いを語る千玄室さん
「ぼくらの仲間は私1人になった」今年6月、MBSの取材に答える千玄室さん
今年6月、MBSの取材に答えていた千玄室さん。裏千家によりますと、8月14日未明、病気のためなくなったということです。102歳でした。

　千さんは千利休の子孫で、1964年に京都の茶道・裏千家の15代家元を継承。茶道の発展に大きく貢献し2002年、家元を長男に譲りました。

　太平洋戦争中は海軍の特攻隊員だったことでも知られ、亡くなる2か月前、MBSの取材に当時の仲間への思い、平和への思いを語っていました。

　（千玄室さん）「もう誰もいません。ぼくらの仲間は、私1人になった。生き残った人はみな死んでしまった」
「みんな本当は死にたくなかった」　仲間は叫ぶ「お母さーん」と
1943年、日本が敗走を重ねる中、不足する兵力を補うため、大学生は陸海軍へ入隊することなりました。「学徒出陣」と呼ばれ、大学生だった千さんも海軍に入隊。そして1945年、特攻隊員を志願しました。

　（千玄室さん）「こんなんかなんわと、本音は。歩兵にいった連中はどんな目にあっているか、それ思ったら何とも言えない」

　爆弾を抱えた戦闘機が艦船をめがけて急降下する「特攻」。「出撃すれば確実に死ぬ」。千さんが我が身を重ねたのが先祖の千利休。時の権力者、豊臣秀吉の命令で切腹しました。

　（千玄室さん）「利休居士は腹を召された。私は15代目でまた腹を召さなあかんかなと。ただね、さみしそうなおふくろの顔が出てきてね。それだけやった」

　千さんは言います。「みんな本当は死にたくなかった」。特攻機のそばで開いた茶会で仲間が立ち上がり叫びました。

　（千玄室さん）「『お母さーん』とみんなが叫んだ声が私の耳の奥に残っています。『おふくろに会いたいなあ』と、みんな涙流しながら。思い出しますね、みんなの声が。みんな突っ込みました。みんな帰りませんでしたね。みんな亡くなった」
「茶を介し、敬いあって交流すれば…」戦後も平和を訴え
仲間が命を失う中、千さんには待機命令が続き、終戦を迎えました。

　戦後、裏千家の家元となった千さん。「茶を介し、敬いあって交流すれば、国同士も争わなくなるはず」との思いを胸に茶会を開き続けました。根底にあるのは仲間たちへの思いです。

　（千玄室さん）「80年間、慙愧の念に堪えず、私は生き残ってきたんですよ。このお茶を勧め合う気持ち、アフターユー、どうぞ、どうぞ。本当の心のおもてなし。大事なことなんです。これを世界中に伝えてきている」

　（千玄室さん）「“千よ、お前残ってな、お前のお茶で、武は負けたけど、文でやれ、文で勝て”みんなの声が聞こえますよ」

　終戦から8月15日で80年。戦争の現実を知り、平和を訴える茶人が亡くなりました。",[],[]
【またも死亡水難事故】徳島県海陽町の海部川で溺れ…　インドネシア人の20代男性船員が死亡　友人と川遊びをしていた中の悲劇（MBSニュース）,https://news.yahoo.co.jp/articles/33a728ed4ba83cf71108cd76ecb1e03daba9d929,https://newsatcl-pctr.c.yimg.jp/t/amd-img/20250814-00010013-mbsnews-000-3-view.jpg?exp=10800,2025-08-14T18:37:43+09:00,2025-08-14T18:44:32+09:00,MBSニュース,mbsnews,MBSニュース,277,"MBSニュース
徳島県海陽町の海部川で8月13日に起きた水難事故で、心肺停止の状態で搬送されていた20代のインドネシア人男性が死亡しました。

　8月13日午後3時すぎ、徳島県海陽町の海部川で、「外国人1人がおぼれている」と119番通報がありました。

　警察によりますと、溺れたのは同町内に住むインドネシア国籍の船員の男性（26）で、周囲にいた人たちによって引き上げられ、心肺停止の状態で搬送されましたが、14日午後3時すぎに病院で死亡が確認されたということです。死因は溺水でした。

　亡くなった男性は当時、友人2人と川遊びをしていたということです。",[],[]
"人工芝で雑魚寝...""オールナイト万博""として楽しむ人も　お盆の万博で約3万人が足止め　夜通し対応したオランダ館スタッフ「最善の策は何か考えて行動した。実際とても良い夜だったと思う」（MBSニュース）",https://news.yahoo.co.jp/articles/f9d634b4a14c243ddb7b7dd240d97884f84287dc,https://newsatcl-pctr.c.yimg.jp/t/amd-img/20250814-00010012-mbsnews-000-2-view.jpg?exp=10800,2025-08-14T18:13:39+09:00,2025-08-14T18:17:18+09:00,MBSニュース,mbsnews,MBSニュース,2434,"MBSニュース
万博会場のある大阪メトロ夢洲駅の前を埋めつくす人々。8月13日午後9時半ごろ、大阪メトロ中央線で設備トラブルで電車への電力供給が止まり、一時全線で運転を見合わせました。
【画像で見る】“オールナイト万博”として楽しむ人たち
「ぎゅうぎゅう詰めの状態」大阪メトロが運転見合わせ…会場からの帰宅ラッシュ直撃
万博会場のある夢洲は、大阪湾を埋め立ててできた人工島。周りは海に囲まれ、鉄道は大阪メトロ中央線しかありません。夢洲駅では、入場規制が行われ万博からの帰宅困難者が続出する事態に。

　万博会場のライブカメラを見ると、13日午後10時ごろの東ゲート付近は人はまばらですが、時間が経つにつれ、みるみるうちに帰宅困難者が増加。1時間後の午後11時ごろには多くの人で埋めつくされました。現地にいた人は…

　「運ばれている人も何人かいますね、さすがに。警察とケンカしている人もいれば駅員とケンカする人もいるという感じ」

　帰宅困難者の中には疲れ切って寝てしまう子どもたちの姿も。

　「ぎゅうぎゅう詰めの状態で、蒸し風呂みたいな状態になって、気分が悪くなって大変ですわ。子ども連れていたら」

　夜になっても30℃近い暑さで飲み水を汲みにくる人もあとを絶ちません。この事態に大阪府の吉村洋文知事はSNSで…

　（吉村知事のXより）「大阪メトロ代替輸送バス16台で桜島駅に輸送。タクシーも引き続き夢洲へ集まってもらうとりうる手段をとっていきます」

　代替輸送や終電の延長などを投稿しました。

　現場にいた人によると、各社のバスも駆けつけ帰宅困難者をピストン輸送していたといいます。
“オールナイト万博”として夜通し万博を楽しむ人たちも
お盆休み後半戦の初日ということもあり、多くの人が訪れていた万博。博覧会協会は、運転再開まで来場者が万博会場内で待機できるよう東ゲートを開放し対応。電力館が電源タップを出し携帯電話の充電を可能にしました。

　また、パビリオンをあけて見学できるようにしたオランダ館では、パビリオンの職員が水やクッキーを配布。ポルトガル館ではダンスを披露し、会場に残った人を楽しませました。

　落合陽一さんが手掛けるパビリオン「null2」は…

　（null2担当　村井大輝さん）「帰れないお客さんが少しでも楽しんでいただければと思って。いつもは午後10時ぐらいに消しているんですけど、LEDライトをつけさせていただいているのと、昼間では流せないDJ音楽を落合さんがセレクションして流しています」

　このような状況にいっそのこと“オールナイト万博”として夜通し「万博」を楽しもうという人たちの姿も。万博のライブカメラには踊る人たちの姿もありました。

　一方、ベンチでは多くの人が横になり人工芝は雑魚寝状態。

　「寝たい、眠たい」
　「キツイですね、想定外でした。でも途中でドイツ館の人がハリボーのグミを配布してくれた」

　そして万博会場は、日の出を迎えました。お盆休みを直撃した地下鉄のトラブル。14日午前5時半前、ようやく全線で運転を再開しました。

　混乱から一夜明け14日の万博は通常より30分遅く午前9時半に開場しました。

　「きょうもそういうことがないように願っていました」
　「なったらなったで何とかしようかなって」
　「トラブルはつきものなのでしゃーないけど、きょうも9時にほんまは入りたかったけど入れへんのとか残念です」
夜通し対応したオランダ館の担当者「最善の策を考えて行動した。とても良い夜だった」
夜通しで帰宅できない来場者への対応にあたった、オランダ館の担当者に話を聞きました。

　―――開放を決めた理由は？
　（オランダパビリオンスタッフ　ナディー・ヨンカーズさん）「来場者がパビリオンに戻ってきたので、対応する必要があると思った」
　―――水とクッキーはもともと用意されていた？
　（ナディー・ヨンカーズさん）「このような状況を想定して置いていたものではなかったのですが、こんな状況で最善の策は何か考えて行動しました」
　―――夜通し働いて大変だったと思うがどうだった？
　（ナディー・ヨンカーズさん）「実際は結構たのしかったです。手を叩いたりハイタッチしたり、私たちのチームは精力的に活動しました。実際とても良い夜だったと思うし、とてもいい思い出になりました」
　―――こういう問題が起こったときに一番大事なことは？
　（ナディー・ヨンカーズさん）「落ち着いて、そして楽しい気持ちでいること。その両方ですね」
原因は「停電」大阪メトロは会見で謝罪
一時、約3万人が足止めされた今回のトラブルについて大阪メトロは14日午前、会見を開き謝罪しました。

　（大阪メトロ　堀元治交通事業本部長）「多大なるご迷惑をおかけしたことを心よりおわび申し上げます。大変申し訳ありませんでした」

　運転取りやめの原因については、電車に電力を供給する「サードレール」がショートし、停電したことによるものだと説明。発生後の来場者への情報共有については…

　（大阪メトロ　江口清司万博輸送管理センター長）「臨時のバスを提供していく、しっかり足を確保するということに注力してしまって、お客さま目線というところでのお客さまへの情報発信が遅れたのではないか」

　復旧のめどや代替輸送の状況などの情報発信が不十分だったとして、再発防止に努めるとしました。

　また、博覧会協会も会見を開き「パビリオンなどへの協力要請や水の配給など、災害マニュアルに準じてある程度の対応ができた」とした一方…

　（博覧会協会　高科淳副事務総長）「多くの方々が大変な思いをされたことは大変心苦しく感じている。しっかり検証して改善すべきところは改善する」

　アナウンスが円滑に行われていたかなど、今後、検証を行う必要があるとしました。",[],[]
「黒ミャクミャク」など人気グッズの再販日にあわせて来場…高額転売狙いか　万博・オフィシャルストアで約７万４０００円相当を盗んだ疑いで２１歳男ら２人送検（MBSニュース）,https://news.yahoo.co.jp/articles/d228fa1f24bf846281d62d6e9b2ba0f22e2cd5d6,https://newsatcl-pctr.c.yimg.jp/t/amd-img/20250814-00067737-mbsnews-000-2-view.jpg?exp=10800,2025-08-14T17:50:00+09:00,2025-08-15T12:55:00+09:00,MBSニュース,mbsnews,MBSニュース,322,"MBSニュース
高額転売狙いか。「黒ミャクミャク」の再販日にあわせて来場していました。

　送検された東京都に住む大学生の名取利恭容疑者（２１）と無職の荒牧賢人容疑者（２１）は今年６月、大阪・関西万博の会場内にあるオフィシャルストアでミャクミャクとキャラクターがコラボしたワッペンやノートなど９点、約７万４０００円相当を盗んだ疑いが持たれています。

　警察によりますと、２人はすでに逮捕されている大学生３人とともに、高額での転売が見込める「黒ミャクミャク」など特定の人気商品の再販日にあわせて来場していたことがわかりました。

　取り調べに対し２人は容疑を認めていて、警察は、もう１人いるとみられる共犯者の行方を捜しています。
MBSニュース",[],[]
【森友文書問題】「忖度」「与党と調整」などの記述がメールに　妻・雅子さん「特に改ざんに関わる部分を見てみたい」　次は１０月をめどに開示予定（MBSニュース）,https://news.yahoo.co.jp/articles/1c847541a40de3b5ab1c826807371ef89bb7ff7c,https://newsatcl-pctr.c.yimg.jp/t/amd-img/20250814-00067739-mbsnews-000-1-thumb.jpg?exp=10800,2025-08-14T17:50:00+09:00,2025-08-14T17:50:00+09:00,MBSニュース,mbsnews,MBSニュース,365,"MBSニュース
新たに財務省が開示した森友学園の関連文書。「忖度」の記述などが見つかりました。

　財務省は、公文書の改ざんを苦に自殺した近畿財務局の元職員・赤木俊夫さん（当時５４）の妻・雅子さんに対し１３日、３回目となる関連文書の開示を行いました。

　開示文書には、当時、近畿財務局の中で送られたメールで「森友案件に関しては、今後、開示請求に対して極力新たな文書を開示しないように対応することで与党と調整」といった記述のほか、別のメールでは理財局長の答弁にかかわるやりとりの中で、手書きで「忖度」と書かれ「存在を知らないものに本件の特定にたどりつかないようにしたい」と書かれたものもありました。

　雅子さんは「特に改ざんに関わる部分を見てみたい」としていて、次は１０月をめどに開示される予定だということです。
MBSニュース",[],[]
【速報】国内屈指の環濠集落で「何者かが掘削し樹木を大量に廃棄」か　大阪府和泉市の池上曽根遺跡「史跡の毀損で違法な現状変更」（MBSニュース）,https://news.yahoo.co.jp/articles/2b37d3acdb8fa0ac25fb25c44ae2673c02c59073,https://newsatcl-pctr.c.yimg.jp/t/amd-img/20250814-00010011-mbsnews-000-11-view.jpg?exp=10800,2025-08-14T15:14:34+09:00,2025-08-14T18:18:39+09:00,MBSニュース,mbsnews,MBSニュース,723,"埋められていた樹木（提供：和泉市教育委員会）
大阪府和泉市は8月14日、去年行われた池上曽根史跡での発掘調査で「一部エリアが掘削され、伐採された樹木が大量に埋められている状況」が確認されたと発表しました。何者かが許可なく現状変更し、樹木を廃棄したとみられます。
【画像を見る】国の史跡「池上曽根遺跡」上空からの様子は？
近年伐採されたとみられる大量の樹木が…
樹木などが見つかったエリア（提供：和泉市教委）
和泉市によりますと、去年6月5日に「池上曽根遺跡」内で発掘調査を実施していた際、大型掘立柱建物の北東側にある南北18.5m・東西28mのエリアで、複数の箇所が深さ1.5～2mほど掘削され、近年伐採されたとみられる樹木が埋められているのが確認されたということです。

　和泉市は、大阪府教育庁や文化庁に報告し、大阪府警和泉署にも捜査を依頼したということです。

　遺跡内の他のエリアへ被害が広がっているような状況は確認されておらず、和泉市は今月末から、毀損されたエリアでの発掘調査を行うということです。
弥生時代に形成された国内屈指の環濠集落　1976年に史跡指定
池上曽根遺跡（14日午後撮影）
「池上曽根遺跡」は和泉市と泉大津市にまたがり、南北1.5㎞・東西0.6㎞・総面積60万㎡の規模をほこる大遺跡です。

　弥生時代に形成された、国内屈指の環濠集落（周囲を溝で囲んだ集落）で、1976年に国の史跡に指定されています。
和泉市教委「巡回の強化など史跡指定地内の管理を徹底する」
MBSニュース
和泉市教育委員会は「史跡の毀損が見つかったことは大変遺憾であり、巡回の強化など史跡指定地内の管理を徹底し、再発防止に努める」としています。",[],[]
「ストレス解消で一服してしまった」小学校の管理作業員が勤務中に校舎で150回超の喫煙…前任校では近くの公園で　停職1か月の懲戒処分　大阪市（MBSニュース）,https://news.yahoo.co.jp/articles/4e78c415141c6686855e1a196538997999c16619,https://newsatcl-pctr.c.yimg.jp/t/amd-img/20250814-00010010-mbsnews-000-2-view.jpg?exp=10800,2025-08-14T15:13:41+09:00,2025-08-14T15:57:30+09:00,MBSニュース,mbsnews,MBSニュース,487,"MBSニュース
大阪市の小学校に勤務する管理作業員が勤務時間中に校舎内で150回以上にわたり、喫煙を繰り返していたとして、停職1か月の懲戒処分を受けました。

停職1か月の懲戒処分を受けたのは、大阪市立小学校の男性管理作業員（57）です。

大阪市教委によりますと、管理作業員は去年7月～今年6月にかけて、勤務する小学校の校舎内にある階段下の倉庫で153回にわたり、紙タバコで喫煙を繰り返していたということです。

教諭らが校舎を歩いていた際、「焦げ臭いにおいがする」「紙タバコの臭いがする」と校長へ申告があり、調査した結果、管理作業員の喫煙が発覚したということです。

喫煙していた倉庫は普段から児童もそばを通る場所で、受動喫煙していた可能性もあるということですが、体調不良を訴えている人はいないということです。

また、管理作業員はおととし4月～去年3月の間、当時勤務していた学校で勤務時間中に近くの公園で約51回喫煙を繰り返していたこともわかりました。

聞き取りに対して管理作業員は「ストレス解消のため、勤務時間中に一服してしまった」などと話しているということです。",[],[]
【速報】大阪メトロ堺筋線の堺筋本町～天下茶屋で運転見合わせ　動物園前駅で車両の床下部分が「発煙」　相互乗り入れの阪急電鉄の車両（MBSニュース）,https://news.yahoo.co.jp/articles/3d1922f8c7dc41b67538712c411b73644887807f,https://newsatcl-pctr.c.yimg.jp/t/amd-img/20250814-00010009-mbsnews-000-8-view.jpg?exp=10800,2025-08-14T14:08:37+09:00,2025-08-14T14:42:58+09:00,MBSニュース,mbsnews,MBSニュース,305,"MBSニュース
大阪メトロ堺筋線は、8月14日午後2時半時点で、堺筋本町駅～天下茶屋駅で運転を見合わせています。動物園前駅で車両が発煙したということです。

　大阪メトロによりますと、14日午後1時40分ごろ、阪急高槻市発・天下茶屋行きの普通電車の車両が、動物園前駅で床下から発煙しました。

　車両は阪急電鉄の車両です。

　乗り合わせていた大阪メトロの社員が、消火器を使って煙を消し止め、けが人はいませんでした。

　この影響で大阪メトロ堺筋線は、一時全線で運転を見合わせました。14日午後2時半時点で、阪急京都線・千里線との相互乗り入れを停止し、天神橋筋六丁目駅～堺筋本町駅で折り返し運転を行っています。",[],[]
メトロ見合わせで3万人が万博に足止め…一夜過ごす来場者にドイツ館は「グミ」配布　オランダ館はパビリオン解放に感謝の声「少しでも空腹紛らわせられた」「解放してくれてありがとう」（MBSニュース）,https://news.yahoo.co.jp/articles/451f170e13dd96afd4b4d6a9cc265431264d2384,https://newsatcl-pctr.c.yimg.jp/t/amd-img/20250814-00010008-mbsnews-000-4-view.jpg?exp=10800,2025-08-14T14:01:26+09:00,2025-08-14T14:31:57+09:00,MBSニュース,mbsnews,MBSニュース,979,"ドイツ館から配布された「グミ」（視聴者提供）
大阪メトロ中央線で13日夜、設備トラブルによる運転見合わせが発生し、大阪・関西万博の来場者が帰宅困難となり、万博会場が待機場所として開放されました。解放された会場では、グミなど食料や水の配布が行われ、受け取った来場者から「少しでも空腹などが満たされ、ありがたかった」などと感謝の声が聞かれました。
【画像を見る】昨夜の万博会場の様子は？一夜を振り返る
万博会場に繋がる唯一の鉄道・大阪メトロ中央線で8月13日午後9時半ごろ、電車への電力供給が止まった影響で、一部区間で14日午前5時半前まで運転取りやめが続きました。こうしたことから、多くの来場者が帰宅困難となり、夢洲駅がごった返したため、万博会場は帰宅困難者の待機場所として開放され、ベンチなどで横になる人の姿が多くみられました。
ドイツ館スタッフがグミ配布「空腹を紛らわせることができてありがたかった」
そんな中、会場内にあるパビリオンでは滞在していた来場者に食料や水が配布されるなどの対応が行われました。

大阪市内から万博へ訪れていた60代の女性は、ベンチで休んでいた際、ドイツ館のスタッフが配っていたグミを受け取ったということです。MBSの取材に女性は「少量でも甘いものを口にできて少し空腹も紛らわせることができてありがたかったです」と話していました。
ポルトガル館では、有料でビール、ワイン、ソフトドリンクなどの提供があり、午前0時前にはパビリオンの中では音楽が流れる中、4人の人がダンスを披露している様子もあったということです。
オランダ館はパビリオン解放「帰宅難民になったが貴重な経験に」
視聴者提供
さらに、オランダパビリオンでは、パビリオンが解放され、キャラクターのミッフィーのシールの配布やオブジェとの写真撮影なども行われていたということです。また、スタッフが1組1組丁寧に「お疲れ様でした」と笑顔で対応する様子もあったということです。

大阪市から来場していた30代女性は「パビリオンを開放してくださったことで、時間が過ぎるのがあっという間だった。帰宅難民になりましたが、貴重な経験になった」などと話しました。

この他にも複数のパビリオンが解放され、そのうちの1つ大阪ヘルスケアパビリオンでは、水の配布なども行われていたということです。",[],[]
「南九州への米軍上陸を叩く」関西の飛行場から特攻機の計画か？観光名所の下に眠る『巨大地下壕』　終戦間際の突貫工事は何のため？【戦後80年　戦争遺跡】（MBSニュース）,https://news.yahoo.co.jp/articles/f8f72a174ad63329e500dba9cbd025e3dc437532,https://newsatcl-pctr.c.yimg.jp/t/amd-img/20250814-00010007-mbsnews-000-1-view.jpg?exp=10800,2025-08-14T14:00:29+09:00,2025-08-14T14:00:29+09:00,MBSニュース,mbsnews,MBSニュース,2821,"MBSニュース
奈良県の観光名所「屯鶴峯」（どんづるぼう）の下に「巨大な地下壕」が残されていました。誰が何のために掘ったのか…防衛省の資料と旧日本兵の証言から“知られざる戦争遺跡”に迫りました。戦後80年、地元に残る戦争の痕を後世に伝えようとする人たちがいます。
【写真で見る】生々しいダイナマイトの痕跡も…地下壕の内部の様子
陸軍の巨大地下壕　中に入ると…
奈良県香芝市。大阪府との境にある山の中腹に白い岩肌が露出している場所があります。その正体は火山活動によって堆積した火砕流や火山灰。まるで「鶴」が「屯」（たむろ）しているように見えることから「屯鶴峯」（どんづるぼう）と呼ばれる観光名所となっています。

　この下に巨大な戦争遺跡が眠っていることはあまり知られていません。

　地元で教師をしていた田中正志さん（66）。その戦争遺跡を語り継ぐ活動をしています。

　田中さんの案内でうっそうとした獣道を登っていくと、ぽっかりとあいた暗い入り口が現れました。

　（NPO「屯鶴峯地下壕を考える会」田中正志さん）「ここは戦争末期に陸軍が作った地下壕です」

　観光名所の下に残されていたのは「陸軍の巨大地下壕」です。中へと入ってみると岩盤がむき出しとなった真っ暗な空間が続いていて、トンネルが縦・横にいくつも入り組んだ複雑な構造となっています。

　（田中正志さん）「（Q外に比べて気温が低いですね？）風が通るので、20℃台くらいになるのでは。（高さは）2m50cmから3mを超えるところもあります」

　地下壕には掘られた当時の痕跡が、生々しく残されていました。

　（田中正志さん）「ダイナマイトの穴です。結構これは深いんです。60センチ～70センチあると思います」

　（田中正志さん）「つるはしの痕です。当時の労働者がどんな姿で働いていたか想像できる。頭の上に振り上げて、向こうにたたいていたんだろうなと」
全長2km近くに及ぶトンネル
取材に基づいて地下壕の全体像を再現したところ、東西2つに分かれていて、合わせると全長2キロ近くに及びます。東側のトンネルは、京都大学防災研究所が1970年ごろ～2010年ごろ、地震予知のために地殻変動の観測所として使っていました。

　一方で西側のトンネルがあるのは私有地で、地元の人以外に存在は知られていませんでしたが、約35年前に田中さんらが「再発見」し、調査を進めてきました。

　（田中正志さん）「びっくりしましたね。こんなものがそのまま残っていて、体が震えるかと思いました。近畿でもこんな地下壕はそう残っていないですし、比較的安全に中をみることができる。非常に価値があると思います」
戦闘指令所として…わずか3か月で行われた工事
巨大地下壕はなぜ掘られたのか。防衛省に当時の資料が残されています。

　【防衛省に残された資料】「航空総軍命令。屯鶴峯地下施設ヲ促進スル」

　アメリカ軍が沖縄に上陸し、日本での本土決戦が間近に迫っていた終戦間際。この地下壕は陸軍が秘密裏に大阪の大正（八尾）飛行場に指示を出す「戦闘指令所」として掘られたと考えられています。

　（田中正志さん）「今度は南九州にアメリカ軍が上陸してくる。上陸するときを叩こうということで、関西にある飛行場を使って、そこから特攻機を飛ばそうとしていた。そのときに指令を出すのがこの地下壕だったと考えていい」

　陸軍が穴を掘り始めたのは1945年6月。地下壕の工事は8月の終戦までのわずか3か月で行われました。
工事関係者の証言「昼夜兼行で3交代だった」
取材を進めると、この突貫工事を指揮した旧日本兵の証言が残されていることが分かりました。

　生駒市に住む77歳の田中寛治さん。地下壕の調査をする中で、当時、工事に関わった男性の証言を記録していました。

　【1992年の映像より　田中寛治さん撮影】
　「発破かけて導火線が1mくらいですかね」

　旧日本兵の伊藤文三さん（当時68）。見習い将校として部隊を指揮していたといいます。

　【1992年の映像より　田中寛治さん撮影】
　（伊藤文三さん）「（Q労働時間は？）昼夜兼行でね。3交代だったと思います。（Q24時間仕事しているわけですね？）そうですね」「だから3か月でできたんですね」

　過酷な工事に従事した兵士の中には朝鮮半島から徴兵された人たちも大勢いたといいます。

　【1992年の映像より　田中寛治さん撮影】
　（伊藤文三さん）「（Q朝鮮半島出身者の年齢は？）21か22くらいでね、ほとんどが妻帯者。同じような集落から来ているんです。名字も同じような方ばかり。（Q何人くらいいた？）3分の1くらい。（Q300人中100人くらい？）はい」

　撮影した田中寛治さんは当時の苦労に思いを馳せます。

　（田中寛治さん）「3か月くらいの間にあれだけのものを掘れるというのはびっくりしました。中で掘った土の量も相当なもの。つらい作業だったでしょうね」
当時の記録は付近の小学校にも
工事の影響は周辺住民たちにも及びました。屯鶴峯から約2キロ離れた地元の小学校には当時の記録が残されています。

　（香芝市立二上小学校　澤田和智校長）「（1945年）6月18日、軍隊宿舎として本校舎を転用につき、児童を移すということで、それぞれの教場が書いてあるという記述が残っています」

　地下壕を掘るために集められた兵士たちは、小学校に寝泊りしました。そのため子どもたちは、近くの神社や寺に分かれて授業を受けることになりました。

　（澤田和智校長）「子どもたちがいろんな場所に分かれて学んだり、生活しないといけないことを考えると、やはり不安や寂しい思いをしていたのではないかなと考えますね」

　物資も少ない中で行われた突貫工事。本来は天井や壁をコンクリートで固める予定でしたが、完成することなく終戦を迎え、実際に使われることはありませんでした。
「生の戦争遺跡をみることがこれから大事」
今年6月。地下壕について語り継ぐ活動をしている田中正志さんの案内で、地元の大学生がフィールドワークに訪れました。

　（帝塚山大学3年生）「地元にも戦争の遺跡があって驚きました」
　（帝塚山大学3年生）「高いところにつるはしの痕があって、昔の方々が大変だったんだろうなと思いました」

　田中さんは今後も若い世代にこの場所を知ってもらいたいと話します。

　（田中正志さん）「（戦争を直接知る）証言者がいなくなっていくので、生の戦争遺跡をみていくことがこれから大事になっていくし、人が働いたあとを通して、息吹も含めて感じて取れる場所だと考えているので、これからも大事に伝えていきたいと考えています」

（2025年8月12日放送　MBSテレビ「よんチャンTV」内『特集』より）",[],[]
「生活保護の受給の有無」や「口座情報」など分かるExcelファイルを誤送信　東大阪市の市立学校　本来はPDF送るはずが…　悪用被害は確認されず（MBSニュース）,https://news.yahoo.co.jp/articles/e6ba8fc5314aaf2d69da38cbd087a76701341968,https://newsatcl-pctr.c.yimg.jp/t/amd-img/20250814-00010006-mbsnews-000-6-view.jpg?exp=10800,2025-08-14T13:19:11+09:00,2025-08-14T15:03:43+09:00,MBSニュース,mbsnews,MBSニュース,799,"MBSニュース
大阪府東大阪市の市立学校で、生活保護や就学援助を受けているか否かがわかる資料が、保護者ら約500人に誤って送付される事態が起きました。
通常はPDF送付も…  Excelが添付される
東大阪市教育委員会によりますと8月6日午前10時、東大阪市立の学校で、専用のアプリを通じて、学校への納入金の引き落とし日を保護者に連絡する際、子どもや保護者の個人情報・合計473件が記載されたExcelファイルが、誤って添付・送信されたということです。

　アプリで連絡する際の普段の運用は、校長か教頭が確認・承認し、ファイルを送る際はPDFを添付する形が採られています。

　今回の連絡では、校長が確認を行ったものの、メッセージを印刷して紙媒体で確認したために、Excelが添付されていることに気づかなかったということです。
生活保護受給や就学援助利用の有無がわかる状態
添付されたExcelには、▽子どもの氏名　▽保護者の口座情報　▽PTAの会費や学校費（教材費など）の納入状況のほか、▽生活保護受給の有無　▽就学援助利用の有無が記されていました。

　生活保護や就学援助を受けている世帯の子どもの氏名のセルは、色付けされていたといいます。

　送信から30分後、保護者2人から連絡が入り、学校側はすぐに送信を削除しましたが、499人の保護者に誤送信され、実際に5人がExcelを開いたことが判明しています。
　
　学校側はその5人がExcelを保存していないことを確認。現時点で、個人情報が悪用されたなどの情報はないということです。

　東大阪市教委は「大変重大な事案と受け止めている。皆様に深くお詫びするとともに再発防止と信頼回復に向けて取り組みたい」とコメントしていて、今後、すべての市立学校の校長と市立幼稚園・こども園の園長を対象に、個人情報の取り扱いについての研修を行うとしています。",[],[]
大阪メトロが謝罪　運転見合わせの原因は「停電」　万博で帰宅困難者が多数発生…復旧めどや代替輸送の状況などを来場者に伝えることに課題（MBSニュース）,https://news.yahoo.co.jp/articles/29acf8187e972db5f6a71bba7f3b007902d47592,https://newsatcl-pctr.c.yimg.jp/t/amd-img/20250814-00067729-mbsnews-000-2-thumb.jpg?exp=10800,2025-08-14T12:20:00+09:00,2025-08-14T12:26:00+09:00,MBSニュース,mbsnews,MBSニュース,511,"MBSニュース
地下鉄の運転見合わせにより大阪・関西万博で多くの帰宅困難者が発生した問題で、大阪メトロは設備トラブルが原因だったとして謝罪しました。

　８月１３日午後９時半ごろ、大阪メトロ中央線でコスモスクエア駅と大阪港駅の間で設備トラブルが発生し、一時全線で運転を見合わせました。

　大阪メトロは、夢洲駅に入場規制をかけて夢洲・コスモスクエア駅間で折り返し運転を行いましたが、コスモスクエアから阿波座駅までが午前５時半前まで運転見合わせとなりました。

　（大阪メトロ　堀元治交通事業本部長）「大変申し訳ありませんでした」
　（大阪メトロ　江口清司万博輸送管理センター長）「臨時のバスを提供していく、しっかりと足を確保するということに注力してしまって、お客様目線というところでのお客様への情報発信が遅れたのではないかと」

　大阪メトロは、中央線の運転見合わせについて電車に電力を供給する「サードレール」が停電したことが原因だと明らかにしました。

　一方で、大阪メトロは復旧のめどや代替輸送の状況などを万博来場者に伝えることに課題があったとして、情報発信のあり方を含め再発防止に努めるとしています。
MBSニュース",[],[]
大阪城公園の東外堀に「大量の魚の死骸」数は１００匹以上か　けさから回収作業を実施（MBSニュース）,https://news.yahoo.co.jp/articles/4728c8251f38116ea24630f82554c5b870d54cf5,https://newsatcl-pctr.c.yimg.jp/t/amd-img/20250814-00067730-mbsnews-000-1-thumb.jpg?exp=10800,2025-08-14T12:20:00+09:00,2025-08-14T12:20:00+09:00,MBSニュース,mbsnews,MBSニュース,329,"MBSニュース
大阪城公園の堀で、大量の魚の死骸が浮いているのが見つかり、回収作業が行われています。

　大阪城公園を管理する大阪城パークセンターによりますと、８月１３日午前９時ごろ、来園者から連絡があり職員が確認したところ、大阪城公園の東外堀でコイなど大量の魚が死んでいたということです。

　大阪府の生物多様性センターによりますと、夏場は水温が高くなり水中の酸素量が少なくなるなどして魚が酸欠状態になることがあるということです。

　（大阪市民）「思った以上に臭くて。魚もかわいそう」

　大阪市は１４日朝から回収にあたっていますが、死んだ魚の数は１００匹以上にのぼるとみられ、散らばって浮いていることから、作業は夕方まで続く見通しです。
MBSニュース",[],[]
博覧会協会「多くの方が大変な思いをされ大変心苦しい」大阪メトロ運転見合わせで万博来場者が足止め　熱中症の疑いで３６人が搬送（MBSニュース）,https://news.yahoo.co.jp/articles/6ec1fb0fa48e9668a9a1a48303e8486d61481df1,https://newsatcl-pctr.c.yimg.jp/t/amd-img/20250814-00067728-mbsnews-000-2-thumb.jpg?exp=10800,2025-08-14T11:45:00+09:00,2025-08-14T12:15:00+09:00,MBSニュース,mbsnews,MBSニュース,568,"MBSニュース
大阪・関西万博で８月１３日夜、地下鉄の運転見合わせにより多くの帰宅困難者が出たことについて博覧会協会が会見を開き、「大変心苦しい」と話しました。

　万博会場に繋がる唯一の鉄道・大阪メトロ中央線で８月１３日午後９時半ごろ、電車への電力供給が止まり、一部区間で１４日午前５時半前まで運転取りやめが続きました。多くの来場者が帰宅困難となり、夢洲駅がごった返したため、万博会場は帰宅困難者の待機場所として開放。しかし、暑い屋外で待ち続ける人からは疲労の様子が見られました。

　（来場客８歳）「寝たい…眠たい…」
　（女の子の母親）「キツイですね、想定外でした。子どもがいたので大変でした。でも途中でドイツ館の人がハリボーのグミを配布してくれた」

　一方、博覧会協会は１４日午前、会見を開き、パビリオンなどへの協力要請や水の配給など、災害マニュアルに準じてある程度きちんと対応できたとした一方…

　（博覧会協会　高科淳副事務総長）「多くの方々が大変な思いをされたことは、大変心苦しく感じている。しっかり検証して改善すべきところは改善する」

　消防によりますと、来場客ら３６人が病院に搬送されましたが、いずれも熱中症の疑いで軽症だということです。１４日の万博は通常より３０分遅く午前９時半に開場しています。
MBSニュース",[],[]
【高校野球】近畿勢の初戦は３勝３敗　昨年度の春・夏の優勝校の激突は京都国際が健大高崎を撃破！　京都国際・小牧憲継監督「ここにきて選手たちが大きく成長してくれた」西村一毅投手「自分のミスを野手のみんながカバーしてくれた」（MBSニュース）,https://news.yahoo.co.jp/articles/912204dd01d37356205e6e8d9a25dd6266ab72c5,https://newsatcl-pctr.c.yimg.jp/t/amd-img/20250814-00067726-mbsnews-000-1-view.jpg?exp=10800,2025-08-14T11:15:00+09:00,2025-08-14T11:15:00+09:00,MBSニュース,mbsnews,MBSニュース,2012,"MBSニュース
全国高校野球選手権大会も８日目、代表４９校全てが甲子園への登場を終える中、第１試合では、近畿勢最後の出場校として昨年度の大会優勝校・京都国際（京都）が登場。去年のセンバツを制した後、今春のセンバツでもベスト４に進出した健大高崎（群馬）と対戦しました。

共に好投手を擁する両チーム、大会屈指の好カードとあって試合開始から満員の観衆が詰めかけたこの試合。注目の一戦は序盤から動きます。

１回裏、京都国際はセンバツでも活躍した健大高崎の先発・下重賢慎投手から１アウト１塁３塁のチャンスをつくると、４番清水詩太選手が、鮮やかなセイフティースクイズ。

「サインがでると同時に、小牧監督から『頼むぞ』と目で合図も送られた。絶対に決めると強い気持ちで打席に入った」という清水選手、期待に応えて見事に初球でスクイズを決めました。さらに、２アウト２塁から、６番猪股琉冴選手が、センター前へタイムリーヒット幸先よく２点をリードします。

その京都国際の先発は、昨年度の優勝投手・西村一毅投手。小牧憲継監督が「この試合は、西村に踏ん張ってもらわないと勝ち目はないという気持ちで送り込んだが、立ち上がりは少し緊張していた」と語った西村投手。２回までは、強力・健大高崎打線を無得点に抑えますが、３回、制球が乱れで満塁のピンチを招くと、ワイルドピッチで１点を失った後、５番小堀弘晴選手に３塁線を破られて３対２と逆転を許してしまいます。しかし、エースが失った試合の流れを、野手陣がすぐさま引き戻します。

小牧監督が「この夏までは、強いチームと対戦すると気持ちで負けてしまうところがあったが、ここにきて選手たちが大きく成長してくれた。（リードされた場面でも）まずは１点を返そうと冷静に戦えていた」と振り返ったように、直後の３回裏、京都国際は２アウト１塁のチャンスに５番山口櫻太選手がライト線への痛烈なタイムリーツーベースを放って同点に追いつくと、なおも続くチャンスに、６番猪股選手がこの日２本目となるセンターへのタイムリーヒット、４対３とすぐさま逆転しました。

健大高崎の強力投手陣を想定して、自分たちで研究を重ねて、投手陣に近い距離から投げてもらって徹底的に速球対策をしてきたという京都国際の選手達。その後も、チーム全員で健大高崎の誇る強力投手陣に襲い掛かります。４回、２人目の山田遼太投手を捉えてマウンドから引きずり下ろすと、５回には、プロ注目の左腕・佐藤龍月投手から、２アウト３塁のチャンスに７番倉橋翔選手が、セカンドへのタイムリー内野安打、好守備を見せた健大高崎に対して気迫でヒットにしたキャプテンの一打で５対３とリードをひろげました。

さらに６回、佐藤投手から１番長谷川颯選手が貴重な追加点となるタイムリーヒットを放って６対３とリードを３点差に拡げると、この試合でも１５５キロを記録した健大高崎の誇る最速右腕、こちらもプロ注目の石垣元気投手からも７回、８回に、それぞれ１安打ずつを放って、最後まで健大高崎の攻撃につながるリズムをつくらせませんでした。

逆転してもらった西村投手は、４回以降はまさにエースのピッチング。小牧監督が「ようやく１番を背負う意味が分かってきた。どんな場面でも粘り強く我慢する投球ができていた」と語ったように、気迫を前面に出しながらも冷静な投球で、あの手この手で攻略を試みる健大高崎打線に追加点を許しませんでした。

「野手のみんなが自分のミスをカバーしてくれた。（最後は）気持ちでひるまないように向かっていった」と語った西村投手。１６０球の熱投も強力打線をわずか４安打に抑えるピッチングで９回を投げ切りました。

「京都国際さんの気迫の前に、投手起用が後手に回ってしまった。打者も最後まで西村投手に対する狙い球を絞り切れなかった」と健大高崎・青柳博文監督が振り返ったように、巨大戦力を誇る健大高崎に対して、最後まで臆することなく攻め続けた京都国際。見事な戦いぶりで難敵を撃破、６対３で勝利して３回戦進出を果たしました。

この結果、近畿勢では、延長タイブレークにもつれ込む大熱戦を制して高知中央（高知）に勝利した綾羽（滋賀）、木下鷹大投手の力投で済美（愛媛）に競り勝った東洋大姫路（兵庫）と京都国際が初戦を突破。綾羽は、１４日（木）に優勝候補の筆頭・春夏連覇を狙う横浜（神奈川）と、１５日（金）には東洋大姫路が１回戦でセンバツ準優勝の智弁和歌山（和歌山）を下した花巻東（岩手）と、京都国際は１６日（土）に大阪の代表校・東大阪大柏原を２回戦で下した尽誠学園（香川）と対戦します。

▼近畿勢次戦組み合わせ
【２回戦】
１４日（木）横浜（神奈川）　対　綾羽（滋賀）
１５日（金）花巻東（岩手）　対　東洋大姫路（兵庫）
【３回戦】
１６日（土）尽誠学園（香川）　対　京都国際（京都）
MBSニュース",[],[]
"「お盆なのに正月飾り？」帰省で感じた""親の異変""は認知症のサインかも...小銭増えてない？冷蔵庫の中身は？里帰りでチェックしたい『親の健康』『実家の防犯』を徹底解説（MBSニュース）",https://news.yahoo.co.jp/articles/c85a8e9d9f4e6ac35c2a8a2f70b6b819ceda165e,https://newsatcl-pctr.c.yimg.jp/t/amd-img/20250814-00010005-mbsnews-000-1-view.jpg?exp=10800,2025-08-14T11:00:02+09:00,2025-08-14T11:00:02+09:00,MBSニュース,mbsnews,MBSニュース,2308,"MBSニュース
お盆休みで実家に帰省する際、気になるのが、高齢になった親のこと。物忘れ・健康状態・車の運転・実家の防犯などに不安を抱く人もいるかもしれません。
【画像を見る】あなたの親は大丈夫？認知症の初期症状かもしれない3つの例
早めに“異変”に気付くための、実家と親のチェックポイントとは？防犯アドバイザー・京師美佳氏ら専門家に聞きました。
「近所付き合いがあるから…」で済ませていませんか？
パナソニックが行った「実家の防犯」に関する意識調査によると、約6割の人が「防犯対策に不安」を感じているということです（対象者：地方にある実家（一軒家）に両親が住んでいる20代～50代の男女800人）。

　過去3年間で、実家の親が詐欺にあった、または、ヒヤリとする体験をしたという人の割合は23.4%。それにも関わらず、実家のインターホンは「ブザーのみ」だという人は3割にのぼります。

　一方、実家の防犯に不安に感じていない人も。その理由として、（1）近所づきあいがあるから、（2）田舎で地域の治安が良いから、（3）常に人がいるから、などが挙がっています。これは見方によれば、“昔ながらの安心感”に依存していると言えるかもしれません。
“昭和の家”が危ない？実家のココをチェック！
実家に帰省した時、防犯対策としてどのような点をチェックすればいいのでしょうか？防犯アドバイザーの京師美佳氏は、まず「雑草」を挙げます。雑草が生い茂っている家は、“管理されていない”という印象を与えるため、犯罪者に好まれるそうです。高齢になると手入れが難しくなりますが、庭木が剪定されているか確認してみてください。

　また、京師氏は「地方の“昭和の家”は狙われやすい」と指摘。ドアや建具が古くて壊しやすく、高齢者が住んでいる確率が高いため、「現金が必ずある」という印象を持たれてしまうそうです。

　さらに、これから始まる「台風シーズン」は要注意だと言います。例えば、雨風でガラスを割る音が聞こえにくい、目撃者も少なく足跡も消えてしまうなど、犯罪者が好む条件が揃ってしまうのだそうです。

　その台風や豪雨が過ぎ去った後には、「リフォーム詐欺」の危険も。「ドアが壊れてますよ」「雨戸の具合が悪そうですね」と声をかけてくる業者には警戒する必要があります。
隙の無い家をつくるための「防犯4原則」
実家の防犯対策として京師氏が提案するのが、「隙の無い家をつくるための防犯4原則」。具体的には、『音』『光』『時間』『人の目』の4つの点から対策を行うと良いそうです。

（1）音：ブザーなどで音を鳴らす
（2）光：センサーライトなどで家の周りを明るく
（3）時間：予備錠などを使って家に侵入させにくくする
　　　　　　泥棒は「5分で7割」「10分で9割」で犯行を諦める
（4）人の目：ご近所どうしの挨拶で防犯効果アップ
「ちゃんと水分摂ってる？」1時間にコップ1杯が目安
離れて暮らす親の健康を心配する人も多いようです。特に気がかりなのが、「健康」「介護」「認知症」の3つ（2024年issin調べ「高齢の親の健康と生活に関する調査」）。淀川地域在宅サービスステーションゆめ都島・大野義典施設長にチェックポイントを聞きました。

　1つ目が、水分補給。「飲み物を適切に飲んでいるか？」チェックしてほしいと大野氏は言います。トイレに行くのが億劫になり、水分摂取を控えがちになるのが高齢者。「トイレが間に合わなかった…」など“失敗”を経験すると、よりその傾向は強まります。

　熱中症・脳梗塞リスクが高まる今の時期は、特に注意が必要です。高齢者は「1時間あたりコップ1杯」を目安（厚労省より）にきちんと水分を摂るよう、チェックしてあげてください。
「危ない段差はない？」骨折で寝たきりリスク増
「実家に転倒のリスクはないか」という点も要チェックです。高齢者は骨折すると、そのまま寝たきりになってしまうリスクが高まります。例えば、ちょっとしたカーペットの段差や家電のコードに引っかからないよう、テープでとめるなどし、対策することが必要です。また、夜間の対策としては、光るテープやセンサーライトを階段などにつけるのも効果的です。

　「床に座る生活」をしている高齢者は、立ち上がるときに転倒するリスクがあるため、「テーブル＋椅子」の生活スタイルに変えてみてもいいかもしれません。
「小銭が増えている」は認知症の前兆かも？
「認知症は徐々に進行するため変化に気づきにくい」と大野氏は指摘。チェックポイントの1つとして挙げているのが「小銭が増えていないか？」です。買い物をするときに細かい計算ができなくなると、お札で支払うようになり、小銭が増えてしまうのです。また、「冷蔵庫に同じものがないか、賞味期限切れのものが増えていないか？」も要チェックだと言います。

　「部屋が雑然としている」「お盆に季節外れの正月の飾りが」「料理の味が変わっている」などの違和感を覚えたら、認知症の初期症状かもしれません。ただ、こういった「“認知症疑い”を本人に言うと否定される可能性が大きい」（大野氏）ため、親のかかりつけ医に相談する、別の理由をつけてかかりつけ医への受診を勧めるなどの工夫が必要かもしれません。

　認知症については、「両親への連絡頻度を上げることが異変察知の近道」だと大野氏は指摘。相談場所として、親のいる地域の「地域包括支援センター」（全ての市町村に設置）に相談する手もあります。


（2025年8月12日放送　MBSテレビ「よんチャンTV」より）",[],[]
万博会場で帰宅困難者が発生…一夜明けオープンした会場の様子は？地下鉄の運転見合わせ影響「交通手段が全くないことに恐怖覚えた」【中継】（MBSニュース）,https://news.yahoo.co.jp/articles/38b3df68293de5097ecbc76790c5442c0d484eb0,https://newsatcl-pctr.c.yimg.jp/t/amd-img/20250814-00067725-mbsnews-000-2-thumb.jpg?exp=10800,2025-08-14T10:25:00+09:00,2025-08-14T10:50:00+09:00,MBSニュース,mbsnews,MBSニュース,483,"MBSニュース
地下鉄の運転見合わせにより大阪・関西万博で多くの帰宅困難者が発生した問題を受けて博覧会協会は開場時間を通常より３０分遅らせました。
【会見ライブ配信】大阪メトロが14日9時半すぎから緊急会見
万博会場、東ゲート前です。会場は先ほどオープンし、続々と人が入ってきています。１３日午後９時半頃、大阪メトロ中央線で発生した設備トラブルの影響で、午前５時半前まで一部区間で運転の取りやめが続いていました。

　中央線は万博会場につながる唯一の鉄道で、夢洲駅が多くの人でごった返したため、会場は帰宅困難者の待機場所として、夜通し開放されました。１４日午前３時ごろは、会場にあるベンチなどで横になる人の姿が多くみられました。

　（８歳の来場者）「寝たい・・・眠たい・・・」
　（埼玉からの来場者）「交通手段が全くないということに恐怖を覚えました」

　消防によりますと、来場客ら３６人が病院に搬送されましたが、いずれも熱中症の疑いで軽症だということです。

　博覧会協会と大阪メトロはさきほどから会見を行い、原因や対応について説明をしています。
MBSニュース",[],[]
【速報】運転ストップの原因は「導電レールの停電」大阪メトロが緊急会見で謝罪「ご迷惑おかけしたことを心からお詫び」　中央線が「8時間運転見合わせ」約3万人の万博来場者の帰路を直撃　“延焼防止シートへの鉄粉や水分の付着”が停電原因か（MBSニュース）,https://news.yahoo.co.jp/articles/e532b868bb3115db83192027c5aeb4b45e4d927f,https://newsatcl-pctr.c.yimg.jp/t/amd-img/20250814-00010004-mbsnews-000-16-view.jpg?exp=10800,2025-08-14T09:31:03+09:00,2025-08-14T14:19:36+09:00,MBSニュース,mbsnews,MBSニュース,1031,"大阪メトロの会見（午前9時半ごろ）
大阪メトロ中央線で13日夜に設備トラブルによる運転見合わせが発生し、大阪・関西万博会場の夢洲に多くの来場者が滞留した問題。大阪メトロは14日午前9時半ごろから緊急記者会見を開き、謝罪しました。
【写真で見る】大屋根リングの下　横になり一夜を過ごす帰宅困難者たち
電車に電力を供給する導電レール＝「第三軌条」が停電し、再送電を試みるも時間を要したことが、長時間の運転見合わせにつながったということです。
約3万人の万博来場者が夢洲に“滞留”
大阪メトロ夢洲駅周辺（13日夜）
大阪メトロ中央線は大阪・関西万博会場に夢洲にアクセスする唯一の鉄道路線ですが、13日午後9時半ごろに、夢洲駅の隣駅であるコスモスクエア駅と、大阪港駅の間で設備トラブルが発生。

　午後10時10分まで約40分間、夢洲～長田間の全線で運転を見合わせたほか、その後、夢洲～コスモスクエア間で折り返し運転を行いましたが、夢洲駅では入場規制が発生。約3万人の万博来場者が夢洲に留まらざるをえない状況となりました。

　中央線が全線で運転を再開したのは14日午前5時25分で、運転見合わせは約8時間に及びました。
電力を供給する「第三軌条」で停電が発生　“延焼防止シートへの鉄粉や水分の付着”が原因か
MBSニュース
大阪メトロは14日午前9時半すぎから緊急記者会見を開き、運転見合わせによる混乱を謝罪しました。

　大阪メトロ・堀元治 交通事業本部長
　「長時間にわたり運転を見合わせたことによりまして万博へのご来場者のみなさま、ご関係者のみなさまには多大なるご迷惑をおかけしたことを心よりお詫び申し上げます。大変申し訳ございませんでした」
延焼防止シートが巻かれている状態の電線（提供：大阪メトロ）
大阪メトロによりますと、コスモスクエア駅～大阪港駅間に敷設されている、電車に電力を供給するため導電レールである「第三軌条（サードレール）」で停電が発生したということです。

　再送電を試みるも難航。その後、寒暖差による伸び縮みを吸収する部分で、ジャンパー線と呼ばれる電線に巻いている延焼防止シートを取り除くと、再送電が成功し、復旧に至ったということです。
取り外された延焼防止シート（提供：大阪メトロ）
延焼防止シートに付いた鉄粉や水分による絶縁低下が停電につながったとみられるということで、大阪メトロは「第三軌条の伸縮継目部の点検強化を図る」としています。",[],[]
【最新情報】万博会場の混乱から一夜…メトロ中央線運転見合わせ以降 万博会場から36人搬送　中央線は運転再開　万博は午前10時に営業開始（MBSニュース）,https://news.yahoo.co.jp/articles/763d6bacaf51618839831aff0a3ffb640e563748,https://newsatcl-pctr.c.yimg.jp/t/amd-img/20250814-00010002-mbsnews-000-2-view.jpg?exp=10800,2025-08-14T07:19:32+09:00,2025-08-14T09:56:22+09:00,MBSニュース,mbsnews,MBSニュース,647,"14日午前3時ごろの万博会場
大阪メトロによりますと、13日午後9時半ごろから運転見合わせが続いていた大阪メトロ中央線は、14日午前5時25分ごろ、夢洲～長田駅の全線で運転を再開しました。中央線が唯一の鉄道交通である大阪・関西万博の開場には夜明けまで多くの人が収容され、その影響で14日の万博の営業開始時刻は午前10時に後ろ倒しとなりました。また、13日夜から14日朝にかけての万博会場からの救急搬送は36件にのぼったということです。
【LIVE配信を見る】大阪メトロが緊急会見で「謝罪」中央線で運転見合わせ　万博会場に帰宅困難者が続出　復旧まで8時間 一体なぜ？
大阪メトロ中央線は13日夜に発生した線路の設備トラブルの影響で一時全線で運転見合わせとなり、けさもコスモスクエア～阿波座駅の間での運転が再開されていませんでした。
　そのため万博最寄りの夢洲駅では帰宅困難者が多発し、夢洲駅では入場規制が行われ大混雑する事態となっていました。また、帰宅する手段をなくした人たちのために万博会場が開放され、来場者が大屋根リングの下で一夜を明かしていました。
　消防によりますと、13日午後9時半から14日午前7時にかけて万博会場から救急搬送された事例は36件にのぼるということです。いずれも気分不良など熱中症の疑いのある症状ですが、軽症とみられているということです。

　博覧会協会によりますと、一連の対応のため、14日の万博の営業開始時刻は通常の午前9時から午前10時に変更されるということです。",[],[]
【速報】大阪メトロ中央線が全線で運転再開　13日夜は万博会場で帰宅困難者多発も…　万博の営業開始は午前10時に変更（MBSニュース）,https://news.yahoo.co.jp/articles/b6ab1e4b696fcd66787247262deff015a8b7cb1c,https://newsatcl-pctr.c.yimg.jp/t/amd-img/20250814-00010001-mbsnews-000-9-view.jpg?exp=10800,2025-08-14T05:53:15+09:00,2025-08-14T09:57:51+09:00,MBSニュース,mbsnews,MBSニュース,427,"14日午前6時前の万博会場　夢洲駅前
大阪メトロによりますと、13日午後9時半ごろから運転見合わせが続いていた大阪メトロ中央線は、さきほど14日午前5時25分ごろ、夢洲～長田駅の全線で運転を再開したということです。
【LIVE配信を見る】大阪メトロが緊急会見で「謝罪」中央線で運転見合わせ　万博会場に帰宅困難者が続出　復旧まで8時間 一体なぜ？
大阪メトロ中央線は13日夜に発生した線路の設備トラブルの影響で一時全線で運転見合わせとなり、けさもコスモスクエア～阿波座駅の間での運転が再開されていませんでした。
　そのため万博最寄りの夢洲駅では帰宅困難者が多発し、夢洲駅では入場規制が行われ大混雑する事態となっていました。また、帰宅する手段をなくした人たちのために万博会場が開放され、来場者が大屋根リングの下で一夜を明かしていました。
　博覧会協会によりますと、この影響で14日の万博の営業開始時刻は通常の午前9時から午前10時に変更されるということです。",[],[]
温泉施設で10歳男児の下半身を触った疑い　34歳会社員の男を不同意わいせつ容疑で逮捕（MBSニュース）,https://news.yahoo.co.jp/articles/22ede69dbb1a0c737f5152597790b93039a9d327,https://newsatcl-pctr.c.yimg.jp/t/amd-img/20250814-00010000-mbsnews-000-3-view.jpg?exp=10800,2025-08-14T01:30:16+09:00,2025-08-14T19:52:09+09:00,MBSニュース,mbsnews,MBSニュース,328,"兵庫県警神戸北署
神戸市内の温泉施設で10歳の男の子にわいせつな行為をしたとして、34歳の男が逮捕されました。

　不同意わいせつの疑いで逮捕されたのは、広島県海田町の会社員の男（34）です。

　警察によりますと、男は8月13日午後5時すぎ、神戸市北区の温泉施設の脱衣所や浴場で、男児（10）の下半身を触った疑いが持たれています。

　男児から被害を申告されたスタッフが、その男児の母親に報告。

　施設のロビーで男児が今井容疑者を見つけ、母親が現行犯逮捕したということです。

　調べに対し、今井容疑者は「脱衣所での行為は認めるが、浴場内での行為はしていない」などと述べ、容疑を一部否認しているということです。

　警察は動機などを詳しく調べています。",[],[]
