headline,mainEntityOfPage,image,datePublished,dateModified,author,media_en,media_jp,str_count,body,images,external_links
【Mステ】「ミュージックステーション SUPER LIVE 2025」でよかったと思うアーティストは？　3組のアーティストを紹介！（ねとらぼ）,https://news.yahoo.co.jp/articles/444241be6e82b28cba781ad20bd5947b8dd8b64a,https://newsatcl-pctr.c.yimg.jp/t/amd-img/20251226-10137737-it_nlab-000-1-view.jpg?exp=10800,2025-12-26T23:05:00+09:00,2025-12-26T23:05:00+09:00,ねとらぼ,it_nlab,ねとらぼ,1184,"画像はイメージです（画像：PIXTA）
2025年12月26日16時30分～23時10分まで、テレビ朝日系で放送された「ミュージックステーション SUPER LIVE 2025」。65組の豪華アーティストが、魅力的なパフォーマンスを披露してくれました。
【画像：ランキング50位～1位を見る】
そこでねとらぼでは、「ミュージックステーション SUPER LIVE 2025」でよかったと思うアーティストは？というテーマでアンケートを実施します。まずは、Mステスーパーライブに登場したアーティストから3組を紹介します。
●Snow Man
9人組のアイドルグループ「Snow Man」。2025年はCDデビュー5周年を迎え、初のベストアルバム「THE BEST 2020‑2025」を発売。また同年4月には東京・国立競技場、6月には横浜・日産スタジアムで自身初のスタジアムツアーを開催しました。さらに、11月5日には5thオリジナルアルバム「音故知新」をリリースし、初週売上103.1万枚を記録。オリコン週間アルバムランキング1位を獲得しました。今夜のスーパーライブでは、デビュー曲である「D.D.」と、2025年に話題を集めた「カリスマックス」を披露しました。
●Perfume
1999年に結成された音楽ユニット「Perfume」。長い下積み期間を経て「ポリリズム」でブレイクし、以降多くの楽曲をリリースしつつ、最新技術などを盛り込んだライブパフォーマンスを披露し、多くのファンを魅了しています。2025年9月21日にはメジャーデビュー20周年を迎え、この日をもって同年いっぱいで活動休止（コールドスリープ）することを発表。9月22・23日に東京ドームで行われたライブが、活動休止前ラストライブとなりました。今夜のスーパーライブでは、Mステ×Perfumeスペシャルステージを披露しました。
●L’Arc-en-Ciel
4人組ロックバンド「L’Arc-en-Ciel」は1991年にベースのtetsuyaさんを中心に結成され、1994年7月にメジャーデビューしました。2024年11月にはバンド名を冠した新レーベル「L’Arc-en-Ciel」を設立。2025年1月にはボーカルのhydeさんの誕生月を祝し、東京ドームで初のメンバープロデュースによるバースデイライブを開催しました。今夜のスーパーライブでは、「Driver's High」「ミライ」を披露しました。
●「ミュージックステーション SUPER LIVE 2025」でよかったと思うアーティストは？
ここまで、「ミュージックステーション SUPER LIVE 2025」に出演した3組のアーティストを紹介してきました。あなたが「よかった」と思うMステスーパーライブ出演アーティストは誰ですか？
月夜に米",[],[]
スーパーで見かけた“聞いたことない貝”→水槽に入れて半年後……　まさかの結果に「ええーーっっ!?」「腹筋崩壊した」（ねとらぼ）,https://news.yahoo.co.jp/articles/0b77d7f4efe6f8e3872f2f68d6ce90ce7fa9fdee,https://newsatcl-pctr.c.yimg.jp/t/amd-img/20251226-10137245-it_nlab-000-1-view.jpg?exp=10800,2025-12-26T22:05:00+09:00,2025-12-26T22:05:00+09:00,ねとらぼ,it_nlab,ねとらぼ,2239,"スーパーで買った貝を水槽に入れたら……
スーパーで見つけたおしゃれな貝を水槽に入れてみた様子が、YouTubeに投稿されました。「珍しいものを見れました」「最後のオチが完璧すぎ」と話題になり、動画は記事執筆時点で、38万9000回以上再生されています。
【画像】まさかの結果
動画を投稿したのは、生き物系YouTuberの森こんにゃく（@morikonnyaku）さん。以前には、白いオタマジャクシを発見・捕獲し、飼育してみた様子が話題となりました。今回はスーパーで購入した、名前を聞いたことのない貝を水槽に入れてみるようで……？

　森こんにゃくさんはこの日、スーパーで北海道産の「灯台つぶ」というツブ貝を発見。初めて見かけたこと、大きさとおしゃれな形がどうにも気になったことから購入し、連れ帰ってきたそうです。

　まだ生きているツブ貝を流水でよく洗ったら、鍋に塩とショウガ、料理酒、みりんとともに入れてスイッチオン。アクを取りながらゆでたツブ貝は子どもの口にも合う味で、とってもおいしかったそうです。……え!?　食べちゃったんですか？

　その後、森こんにゃくさんはおいしくいただいたツブ貝の貝殻を持ち、飼育しているヤドカリの水槽の前にやってきました。このヤドカリは飼育を始めてから約1年が経過し、すでに脱皮を2回しているそうです。脱皮をしたということは、体が一回り大きくなったということ。そろそろ今の貝殻から出て、大きな貝殻へと引っ越す必要があるようです。

　関西の海辺で捕獲したヤドカリと、北海道産のツブ貝の貝殻。本来なら出会うことがない2種の生き物が出会ったら、一体どうなるのでしょうか。

　早速ツブ貝の貝殻を水槽に入れてみると、ぷかぷかと水面に浮いてしまいました。貝殻の中に入っている空気を抜き、ヤドカリの近くに置いてみましたが……初めて目にした大きな貝殻を警戒しているのか遠ざかり、近寄ろうとしません。

　1時間ほどたってからヤドカリに貝殻を近付けてみると、ヤドカリは警戒を解いたのか、自ら貝殻に触れました。そして貝殻をハサミではさんで、貝殻の大きさや入り口などを確かめているようなしぐさを見せ始めたのです。

　そして入り口を見つけると、貝殻の中の具合も確かめている様子。やがてヤドカリが背負っている貝殻とツブ貝の貝殻の入り口がくっつき、引っ越しを始めた……と思いきや、何か気に入らないことがあったのか、ヤドカリは元の貝殻の中に戻ってしまいます。

　しかし引っ越しを諦めたのかと思ったその瞬間、ヤドカリは元の貝殻から全身を出し、ツブ貝の貝殻へと引っ越していったのでした。ヤドカリは元の貝殻から一旦全身を出して、おしりから新しい貝殻へと入る形で引っ越しをするのですね……！

　改めてヤドカリの様子を見てみると、なぜか貝殻から体の大部分を出していました。ツブ貝の貝殻がまだ大きかったのかと心配になりましたが、やがてヤドカリは器用に貝殻をひっくり返し、上に向いていた入り口を下へと向けたのでした。今度こそ引っ越しが完了したと考えてよさそうですね。

　その後このヤドカリのために取っておいたという、ツブ貝の身を与えてみることに。人間にとってもおいしいその身はヤドカリにとってもおいしいようで、すぐに食べてくれたのでした。

　半年後。ヤドカリは3回目の脱皮をして、さらに体が大きくなりました。そこで今度は「ツメタガイ」の貝殻を水槽に入れてみることに。このツメタガイは、ヤドカリと同じ海で採ったもので、中身は観察後に食べたそうです。

　ツメタガイの貝殻を水槽に入れるとヤドカリはすぐに反応して、ツブ貝の貝殻を入れたときと同じように貝殻を探りはじめます。しかし何かが気に入らなかったようで、引っ越しはしませんでした。自分がスーパーで買ってきたツブ貝の方が気に入っているようで、ちょっぴりうれしそうな森こんにゃくさんです。

　このヤドカリを1年以上飼育している水槽は、これまで1度も水換えをしていないそうです。森こんにゃくさんは「海の生き物は飼育が難しい」というイメージを持っていたけれど、ヤドカリについては比較的飼育難易度が低いと感じているそうです。

　また捕獲してはいけない地域もあるため注意は必要だけれど、ヤドカリは飼育してみると楽しくてかわいい生き物だと感じるとのこと。「一度飼育に挑戦してみてはいかがでしょう」と、動画を締めくくる森こんにゃくさんなのでした。

　翌日。ヤドカリの水槽を見てみると、ヤドカリはなぜか、前日には見向きもしなかったツメタガイの貝殻に引っ越していました……。気まぐれなところもまた、ヤドカリの魅力なのかもしれませんね。

　動画には、「ええーーっっ!?　結局、ツメタガイの方にいっちゃったのぉ〜」「つぶ貝を飼育するのかと思いきやｗ」「最後のオチが完璧すぎて腹筋崩壊しましたｗ」「あ～飼うのかな～と思ってたら ショウガ入れだしてん？ってなって 最終的には食われて笑った」「珍しいものを見れました！！ありがとうございます！！」といったコメントが寄せられていました。

　森こんにゃくさんは、さまざまな生き物の様子をYouTubeチャンネル「森こんにゃく」の他にX（@morikonnyaku）やInstagram（@morikonnyaku）でも発信中です。

動画提供：YouTubeチャンネル「森こんにゃく」
三日月影狼",[],[]
「こんなパンツを探していた」ユニクロの“暖かくて履きやすいパンツ”が人気！　「暖かくて動くのも楽」「冬のゴルフに最高！」（ねとらぼ）,https://news.yahoo.co.jp/articles/cdc6d80562c4da98017d8cbfe5ec25cf26bb7973,https://newsatcl-pctr.c.yimg.jp/t/amd-img/20251226-10137723-it_nlab-000-1-view.jpg?exp=10800,2025-12-26T22:00:00+09:00,2025-12-26T22:00:00+09:00,ねとらぼ,it_nlab,ねとらぼ,858,"（画像：ねとらぼリサーチ）
ユニクロから販売されている「ウォームイージーパンツ」が、風を通さず暖かくて履きやすいと好評を得ています。
【画像：ユニクロの“暖かくて履きやすいパンツ”】
そこで今回は、ユニクロの「ウォームイージーパンツ」を紹介していきましょう。
●「ウォームイージーパンツ」とは
ユニクロの「ウォームイージーパンツ」は、保温性のあるフリースを裏地に使用した2重構造が特徴のパンツ。表地は縦横に伸びて動きやすい2WAYストレッチ素材で、小雨程度の水を弾くはっ水加工が施されています。また、バックルベルトやサイドポケットなどには利便性の高いディテールを採用しているほか、裾のドローコードで風を防ぐとともにシルエットの変化も楽しめるなど、デザインと機能性を両立したアイテムとなっています。

　実際に購入した人からは「冬のゴルフに最高！　ファスナー付きポケットが２つあり、便利です」「こんなパンツを探していた。まさに冬の時期に欲しかった物でした。内側は裏起毛で肌触りは良く外側はナイロンなので毛玉等も気にする事なく、子どもと公園に行く時に重宝しています」「暖かくて動くのも楽。ポケットも多いし楽だし、作業着っほくもないので街中でも気にならないです」「風を通さず暖かくて履きやすい。雨の時も水を通さず歩きやすく行動しやすい」といった声が寄せられていました。
●高い断熱性と機能性を求めるならワークマンの防水防寒パンツもおすすめ
ワークマンの「エックスシェルター(R)断熱α防水防寒パンツ」は、極寒環境での外作業や冬のアウトドア、バイク移動などに対応できるハイスペックモデル。独自開発の断熱素材「XShelter（エックスシェルター）」を採用し、高い断熱性・軽量性・ムレにくさを実現しているのが特徴です。特殊な「断熱シート × 発熱わた」の二重構造により、薄くて軽いのに外部の冷気を内部へ伝えにくい非熱伝導性を備えています。衣服内の熱が外に逃げにくい構造のため、着ている間じゅう暖かさをキープします。
糸静ライン",[],[]
「絶対に買いに行く」神奈川の人気プリン専門店“マーロウ”の福袋＆プリンに大注目！「他のプリンを食べたくなくなる」「もう何回も注文した」【福袋の販売は12月27日から】（ねとらぼ）,https://news.yahoo.co.jp/articles/49b259fda7a46c8270d330eda9eb1a4b449d05fb,https://newsatcl-pctr.c.yimg.jp/t/amd-img/20251226-10137798-it_nlab-000-1-view.jpg?exp=10800,2025-12-26T21:40:00+09:00,2025-12-26T21:40:00+09:00,ねとらぼ,it_nlab,ねとらぼ,1110,"画像：マーロウ
神奈川県内を中心に展開する、ビーカー入りの焼きプリンで知られる「マーロウ」が、そごう横浜店プリンショップで「年末年始お楽しみ袋」を12月27日から販売します。横浜らしいモチーフを取り入れたバッグに、プリンにまつわるアイテムを詰め合わせた内容で、年末年始のちょっとした楽しみとしても注目されそうです。
【画像：人気プリン専門店“マーロウ”の福袋の中身をチェック】
今回は「年末年始お楽しみ袋」と、オンラインストアでも購入できる「マーロウ」のプリンの紹介をします。
●マーロウの「年末年始お楽しみ袋」
そごう横浜店プリンショップで販売されるマーロウの「年末年始お楽しみ袋」は、鮮やかなブルーにダンディな「マーロウおじさん」と横浜の風景を描いた限定デザインのバッグ、プリンプレゼント券やプリンが刺繍された靴下、ミニアクリルキーホルダー、美濃焼のロゴ入りコースター、ドリップコーヒーをセットにした内容です。

　バッグはマーロウのプリン3個箱が入るサイズ感。販売は12月27日からで、価格は1万円。そごう横浜店プリンショップで数量限定で用意されます。

　SNSなどでは「絶対に買いに行きます」「一目見て気に入った」「マーロウグッズまじか、かわいすぎる。靴下が絶妙なプリン色でたまらん」「横浜デザインのバッグ素敵」といった声が寄せられていました。
●マーロウの「プリン」はお取り寄せも対応！　食べてみると……。
食べてみたのは店員さんオススメのスタンダードな「カスタードプリン」。王道のプリンで、シンプルながら濃厚な味。ビーカーひとつを大人ふたりで分けてもちょうどいいくらいのボリュームがあります。甘いだけではなくカラメルの層がしっかりとあるため、ビターさと甘さがとける瞬間がたまらない！　「一度食べると定期的に食べたくなる」というクチコミの理由がわかります。

　また、容器は、目盛り付きの耐熱ガラス製ビーカーを使用し、耐熱ガラスメーカーの「HARIO」が製造。ビーカーにも「HARIO」の文字があり、日常使いでも気分が上がります！
●購入者レビュー
公式サイトのレビューでは「安定の美味しさ、オススメナンバー1です」「他のプリンを食べたくなくなるほどおいしい」「飽きのこない美味しさに、リピート確定の絶品プリンです」「幸せな気分になります」「すごく丁寧に作られているのが伝わってきます」「カスタードプリンはここのが1番です！もう何回も注文してます」といった声が寄せられています。

　実店舗だけではなく、オンラインストアもさまざまな種類のプリンを購入できるマーロウをぜひチェックしてみてください！
あおいあめ",[],[]
「邦楽アルバム」年間人気ランキング！　2位は「音故知新（Snow Man）」、1位は？【2025年最新調査結果／タワーレコード調べ】（ねとらぼ）,https://news.yahoo.co.jp/articles/ae9cc4a49aceb92bc479d32b48af0cddfe0ac650,https://newsatcl-pctr.c.yimg.jp/t/amd-img/20251226-10137756-it_nlab-000-1-view.jpg?exp=10800,2025-12-26T21:30:00+09:00,2025-12-26T21:30:00+09:00,ねとらぼ,it_nlab,ねとらぼ,947,"出典：Amazon.co.jp
タワーレコードは、「音楽・映像部門」で6カテゴリー、「TOWER BOOKS」で9カテゴリー、合計15カテゴリーの年間チャートを発表しました。この記事では邦楽アルバムのランキングを紹介します。
【画像：ランキング20位～1位を見る】
音楽シーンを彩った名盤の数々の中で、2025年に売れた邦楽アルバムはなんだったのでしょうか。さっそくランキングを見ていきましょう！

（出典元：タワーレコード2025年の売上ランキングを発表）
●第2位：Snow Man／音故知新
第2位は、「Snow Man」の「音故知新」でした。「音故知新」は、「Snow Man」が2025年11月5日にリリースした5枚目のフルアルバムです。さまざまな時代の音楽やカルチャーに触れながら、「もしSnow Manが歌ったら……」というテーマのもと、多彩なジャンルの楽曲を「Snow Man」ならではの表現で楽しめる一枚となっています。

　初回盤A・初回盤Bには新曲を含む全12曲を収録し、通常盤には新曲に加えてユニット楽曲やボーナストラックを含む全17曲を収録。発売時にはタワーレコードの対象店舗で発売を記念した展開が行われ、ソロポスターやパネル展などの企画が実施されました。
●第1位：Snow Man／THE BEST 2020 - 2025
第1位は、「Snow Man」の「THE BEST 2020 - 2025」でした。「THE BEST 2020 - 2025」は、「Snow Man」がデビュー5周年を迎える当日の2025年1月22日にリリースされたベストアルバムです。デビューシングル「D.D.」から、11枚目のシングル「BREAKOUT／君は僕のもの」まで、全シングル15曲を完全網羅した一作となっています。

　また、新曲として、メンバーの目黒蓮さん主演の劇場版「トリリオンゲーム」主題歌として書き下ろされた壮大なミディアムバラード「SBY」と、これまで支え続けてくれたファンへの感謝を込めた「Dear，」を収録。これまでの軌跡をたどる楽曲や映像に加え、新録曲や撮り下ろし映像も楽しめる内容で、5年間の集大成にふさわしい豪華なベストアルバムに仕上がっています。
スミ",[],[]
「自分のことが好きになれる学校」東京の“華やかな女子大”といえば？ランキング上位に学生は「都心に近く、刺激的」「校舎がとっても綺麗」の声（ねとらぼ）,https://news.yahoo.co.jp/articles/05bcb63c1e6cd5159564e944cba942a5c98d0766,https://newsatcl-pctr.c.yimg.jp/t/amd-img/20251226-10137840-it_nlab-000-1-view.jpg?exp=10800,2025-12-26T21:25:00+09:00,2025-12-26T21:25:00+09:00,ねとらぼ,it_nlab,ねとらぼ,1423,"画像はイメージです（画像：PIXTA）
ねとらぼでは今年、アンケートサイト「ボイスノート」の協力のもと、全国の女性を対象に「華やかなイメージの東京の女子大学は」というテーマでアンケートを実施しました。
【画像：ランキング20位～1位を見る】
全国の女性から最も華やかなイメージを抱かれていたのは、どの大学だったのでしょうか。上位となったこの大学にフォーカスして、実際の学生の声も見ていきましょう。なお、学生の声は「みんなの学校情報（大学版）」を参照しています。

　「みんなの学校情報（大学版）」は、全国の保育園、幼稚園、小学校、中学校、高校、専門学校、大学等の学校選びに役立つ情報を総合的に得ることのできるポータルサイトです。実際の生徒等本人や保護者からの口コミ情報が70万件以上と豊富に掲載されており、偏差値ランキングや各学校の学べる内容などの充実したコンテンツが掲載されています。
●「女子美術大学」とは
「女子美術大学」は相模原キャンパスと杉並キャンパスを主要拠点とする私立の美術大学。「芸術による女性の自立」や「女性の社会的地位の向上」、「専門の技術家・美術教師の養成」を目指しています。100年以上の歴史を持ち、日本の画壇・デザイン界をはじめ、教育界などあらゆる分野に優れた人材を輩出してきた名門です。

　2024年4月より組織を再編、「美術学科」「デザイン・工芸学科」「アート・デザイン表現学科」「共創デザイン学科」という構成で運営されています。各学科・専攻・領域では、伝統的な造形表現から現代的なメディア表現まで幅広い専門分野を学べるカリキュラムが用意されています。
●学生の声
「自分のことが好きになれる学校。学校の雰囲気がよく、同じ趣味や考え方の女の子達と過ごせる学校生活はとてもいいです」（芸術学部アート・デザイン表現学科）

「都心に近く、刺激的。アートに触れやすくて画材や材料をすぐに調達できる。周りに店もたくさんあるため、便利である」（芸術学部アート・デザイン表現学科）

「活版印刷機やリソグラフ、シルクスクリーンもあります。PCなどのデジタル環境もとても整っています。駅周辺はとても便利です。目の前に大きな公園があって、植物園と動物園があります。モルモットに触れます。スケッチやピクニックにピッタリです」（芸術学部デザイン・工芸学科）

「校舎がとっても綺麗です。不満な点はないです。中庭にある像がおしゃれでお気に入りです」（芸術学部共創デザイン学科）
●第1位となったのは「白百合女子大学」
ちなみに、今回の「女性が選ぶ、華やかなイメージの東京の女子大学」ランキング第1位に輝いたのは、「白百合女子大学」でした。

　白百合女子大学は東京都調布市緑ヶ丘に本部を置く私立女子大学で、1881年にその前身が創立され、1965年に4年制大学として設置されました。2学部6学科が設置されていて、文学部には国語国文学科、フランス語フランス文学科、英語英文学科があり、言語や文学、異文化理解などを深める学びができます。もうひとつの人間総合学部には児童文化学科、発達心理学科、初等教育学科があり、子どもの文化、心理、教育・保育を通じて「人を支える人」を育成します。

　キャンパスは東京都調布市緑ヶ丘という緑豊かな土地にあり、西洋風の建物やチャペル、自然あふれる環境の中で落ち着いた学生生活を送れるのも魅力です。
波止場の鯱",[],[]
雪かきでスコップが大破→ホームセンターで“この店で一番強い”商品を頼んだら……　予想以上のアイテムに「これは100点」「間違いなくいい」（ねとらぼ）,https://news.yahoo.co.jp/articles/614d71302464db06f74fee451acef63a30a11c8a,https://newsatcl-pctr.c.yimg.jp/t/amd-img/20251226-10137082-it_nlab-000-1-view.jpg?exp=10800,2025-12-26T21:15:00+09:00,2025-12-26T21:15:00+09:00,ねとらぼ,it_nlab,ねとらぼ,667,"“一番強い”スコップとは……
店員に頼んで用意してもらった「この店で一番強いやつ」の写真が、X（Twitter）に投稿されました。このポストの表示数は記事執筆時点で170万回を超えており、2万6000件以上の“いいね”を集めています。
【画像】まさかの商品
投稿者は、痛車制作やイベントMCなどを手掛けているXユーザー「ニック斉藤」（@anyacadillac）さん。九州地方出身であり、現在は信州で“雪国1年生”として暮らしています。

　雪国で迎えた初めての冬。斎藤さんは大きなスコップを使って除雪にいそしんでいました。しかし、湿った雪の重みに耐えられなかったのか、作業中に柄の部分が真ん中から折れてしまいます。雪かきの要であるスコップがなくては話になりません。

　追い詰められた斎藤さんはホームセンターに急行。「この店で一番強いやつをくれ」と注文した結果、自身が考えていた以上に「強そうでデカいスコップ」を手に入れました。

　購入したのはダンプとスコップ、プッシャーの三通りの使い方が可能なタイプ。本体先端には金属刃が付いており、2本の棒で持ち手と先端がつながれています。これなら折れる心配はなさそうです。

　ドラマチックな注文方法と新たなスコップの写真には「人生で1回は言ってみたいセリフ」「間違いなくいい買い物したと思う」「ダブルアームの頼もしさ」「これは100点」「雪に応じた使い分けが実際大事」など感想や雪国出身者からの助言が寄せられています。

画像提供：ニック斉藤（@anyacadillac）さん
羽野源一郎",[],[]
「買って大正解！」ワークマンの“高はっ水ワンピース”が大好評！　「ワンピースにもジレにもなる」「レインコートではコーディネートが決まらない時に活躍」など絶賛の声（ねとらぼ）,https://news.yahoo.co.jp/articles/2e9c1bb95ff14f30e774e481746041d182887e30,https://newsatcl-pctr.c.yimg.jp/t/amd-img/20251226-10137749-it_nlab-000-1-view.jpg?exp=10800,2025-12-26T21:10:00+09:00,2025-12-26T21:10:00+09:00,ねとらぼ,it_nlab,ねとらぼ,1068,"画像：ねとらぼリサーチ
雨の日も、風の日も、着こなしを崩さずに動きたい。そんな気分に刺さるのが、ワークマンの「レディース高撥水スタンドワンピースアウター」です。袖はスナップボタンで取り外し可能で、背中はベンチレーションメッシュ仕様。ワンピース感覚で羽織れて、日常の外出で頼りになりやすい1着です。
【画像】ワークマンの“高はっ水ワンピース”
本記事ではそんな「レディース高撥水スタンドワンピースアウター」を紹介します。
●ワークマン「レディース高撥水スタンドワンピースアウター」
建設や運送業など現場のプロ向けに支持されてきたワークマンは、今では日常やレジャーで活躍するウェアのブランドとしても人気です。動きやすさや耐久性に優れた製品が多く、男女問わず幅広い年代に利用されています。

　そんなワークマンの「レディース高撥水スタンドワンピースアウター」は、高はっ水と2WAY仕様を備えたワンピース型アウターです。袖はスナップボタンで着脱でき、長袖としても、ノースリーブとしても着られます。背中にはメッシュのベンチレーションを備え、通気性にも配慮されています。ウエストは胴ひも付きでシルエット調整ができ、フロントの胸ポケットも備えています。価格は3900円で、カラーはブラックとカーキを展開しています。
●購入者の声
公式ネットショップでは、「いろいろな着方ができてよい！」「何といってもノースリのロングコートになるところがよいです」「レインコートではコーディネートが決まらないと思う時に活躍しますので、1着持っておくのをオススメします！！」「買って大正解！」「素材だけでも高クオリティなのに、袖が外れたり紐で絞ったり、色々な形を変えて着る事が出きるので一枚あればたくさんの着まわしが出来て今年はこればかり着ている気がします」「機能的で軽いところも気に入ってます」「ワンピースにもジレにもなって、コーディネートの幅が広がりました」といった声が寄せられています。
●無印良品「婦人　両面起毛フランネルスタンドカラー長袖ワンピース」もおすすめ
無印良品の「婦人 両面起毛フランネルスタンドカラー長袖ワンピース」は、両面を起毛したフランネル素材を使用した長袖ワンピース。やわらかな肌ざわりとあたたかみがあり、首元はすっきりとしたスタンドカラーで上品な印象を演出します。ゆったりめのAラインシルエットで仕立てられており、前を開けて羽織りとしても使えるのも魅力。カラーは4種類、12月26日現在、価格は税込み3990円で販売されています。
アロ麻婆",[],[]
「一番出番が多いマイバッグ」　無印良品の“299円トート”が高評価　「安い。軽い」「昔からずっと使ってる」「洗いやすく乾きやすい」（ねとらぼ）,https://news.yahoo.co.jp/articles/51329aa88fe41b6c5768d7a46365544e6ca0514d,https://newsatcl-pctr.c.yimg.jp/t/amd-img/20251226-10137842-it_nlab-000-1-view.jpg?exp=10800,2025-12-26T21:00:00+09:00,2025-12-26T21:00:00+09:00,ねとらぼ,it_nlab,ねとらぼ,759,"（画像：ねとらぼ）
無印良品から販売されている「綿　マイバッグ（A4）」が、小さく折り畳めて使い勝手のいいサイズ感で、さまざまな用途で使用している人が多く、人気を集めています。
【画像】無印良品の“299円トート”
本記事では、「綿　マイバッグ（A4）」について紹介します。
●「綿　マイバッグ（A4）」とは？
無印良品の「綿　マイバッグ（A4）」は、小さく畳みやすいA4サイズのシンプルな薄手のバッグ。エコバッグやサブバッグとしてはもちろん、プレゼント入れとして使用する人も多いようです。価格は税込み299円とリーズナブル。そのまま使うのはもちろん、自分好みに装飾して使うのもよさそうです。

　購入者からは、「洗いやすく乾きやすい」「プレゼントの袋に！」「サイズもタブレットがぴったり入り便利です」「使い方いろいろ！永く使える！」「安い。軽い」「A4を入れたファイルが余裕で入れられて、肩にかけられる」「やっぱり無印のマイバッグが一番出番が多い！」といった声が寄せられています。
●IKEAの「KLAMBY クラムビーバッグ ホワイト」もおすすめ
IKEAから販売されている「KLAMBY クラムビーバッグ ホワイト」は、ポリプロピレン100%で水をはじく素材のバッグ。シンプルな白地に、青と黄色のIKEAロゴが映えるデザインです。普段の買い物にはもちろん、洗濯物や資源ゴミなどさまざまなものを運ぶのに適しています。使わないときはコンパクトにたためるので、収納場所をとらないのもうれしいですね。汚れても濡れた布でさっと拭けばOKで、水で手洗いすることもできるので、海やプールなどのレジャーにもぴったり。幅38×高さ42×マチ15センチと普段使いしやすいサイズで、価格は税込249円と安価なのも魅力です。
うすしお味",[],[]
高校生で出産したママ、必死に育児をした日々から20年……　現在の親子の姿に感動「母にしてくれてありがとう」　投稿者に話を聞いた（ねとらぼ）,https://news.yahoo.co.jp/articles/e62bcbcb36ea36cd912eb7fa4f0806b212560383,https://newsatcl-pctr.c.yimg.jp/t/amd-img/20251226-10137605-it_nlab-000-1-view.jpg?exp=10800,2025-12-26T21:00:00+09:00,2025-12-26T21:00:00+09:00,ねとらぼ,it_nlab,ねとらぼ,1758,"長男くん出産時
SNS上で注目を集めた投稿について、その背景をあらためて取材する「バズ投稿のウラ話」。今回は2025年2月に人々の注目を集めた「高校生で出産したママの20年後」について、SNSユーザーのいろはまる（@s___iro_）さんに話を聞きました。
【画像】親子の現在の姿
●高校生のときに妊娠、出産を経験
いろはまる（TikTok：@s___iro_／YouTube：@iroha_maru／Instagram：s___iro_）さんが投稿したのは、長男を妊娠・出産してから現在までの20年の記録。成人式を迎えた長男くんへの思いを語りました。

　いろはまるさんが長男を妊娠したのは高校2年生のとき。高校は親や先生、友達の協力もあり卒業できましたが、初めての育児に奮闘する日々が続きました。
●妹も誕生
約1年半後に長女が誕生したころも周りの友達はまだ学生で、スマホもない時代だったため育児情報誌を読みあさった時期も。子育てに必死な毎日のなかで、ときには手を上げてしまったこともあったといいます。
●優しい性格のまま成長した長男
それでも長男は心優しい“にぃに”として成長。妹のことが大好きで、長女が反抗期になったときには相談にも乗ってくれました。そして今は、次女のいろはちゃんの面倒も一番みてくれているといいます。
●成人したにぃに
成人式当日は、スーツをかっこよく着こなした息子さんの姿が。また家の前での写真撮影では、いろはまるさんが抱っこする2歳の次女をいとおしげに見つめており、あたたかい親子の絆を感じるその光景に心打たれます。

　いろはまるさんは「高校生での妊娠・出産はいろいろ思うところがありますが、私の場合の結果論が現在というだけで決して、推奨はしません。ほんまに、大変です」とつづっています。しかし「でももしも、悩んでる方がいたら相談には乗れるかも、、です」と先輩ママとして優しいメッセージも残しています。

　ねとらぼ編集部では、いろはまるさんに投稿当時の心境や、妊娠・出産時の思い、現在の子どもたちへの気持ちなどについて話を聞きました。
●無事に生まれてきてくれてホッとした
――この動画を投稿したきっかけがありましたら教えてください。また、動画に込めた思いがあれば教えていただけますでしょうか

いろはまるさん：息子が成人式を迎えたことをきっかけに、今までの20年間の思いを形に残しておきたいと思い、動画にしてみました。

――妊娠が分かったときの率直なお気持ちはいかがでしたか？　また、長男さんが産まれたときのお気持ちもあわせてお聞かせいただけますか？

いろはまるさん：妊娠が分かったときはまず1番にうれしくて、その次に、あぁ親になんて説明しよう……と不安でした。長男が生まれるころには周りはもう祝福モードだったので、安心して出産を迎えることができました。

　週数は十分だったのですが2300グラム弱しか無く、出産時は臍の緒が首に絡まって心拍が低下したりと大変でした。無事に生まれてきてくれてホッとしました。
●どなたかの励みになっているということがうれしかった
――バズったときの心境を教えてください。また特に印象に残っているコメントは何かありますか？

いろはまるさん：バズったときは、コメント欄を見るのが少し怖かったですが、否定的なコメントはほぼ無く、「感動しました」や「頑張られましたね」などのうれしいお言葉がたくさんありました。

　中でも同じく若くして出産・育児をされているお母さまから「自分も頑張ります！」というコメントがチラホラあり、私の経験が少しでもどなたかの励みになっているということがうれしかったです。

――長男さんが産まれてから今までの中で、強く心に残っている思い出があれば教えてください

いろはまるさん：そうですね、たくさんありすぎて書ききれないですが強いて言えば……、小学校に入学したてのころに、ずっと「ママ」呼びだったのに、「お母さん」呼びを頑張って練習していたのがかわいかったです。「マ……おかあさん！」って（笑）。なかなかすんなり呼ぶようになるのには時間がかかってました（笑）。

動画提供・協力：いろはまる（@s___iro_）
かのん",[],[]
「3枚買いました」無印良品の“ロングワンピース”がかわいいと高評価「気分でリボンを結んでみたり結ばなかったり」「買って良かった。気軽に着れる」（ねとらぼ）,https://news.yahoo.co.jp/articles/9cef78f6eda43dfff6534b9f7a889186ec1e85de,https://newsatcl-pctr.c.yimg.jp/t/amd-img/20251226-10137828-it_nlab-000-1-view.jpg?exp=10800,2025-12-26T20:50:00+09:00,2025-12-26T20:50:00+09:00,ねとらぼ,it_nlab,ねとらぼ,1057,"（画像：ねとらぼ）
やわらかガーゼで包む、毎日着たくなる快適ロングワンピース。それが無印良品の「婦人　ふんわりしぼガーゼ　ロングワンピース」です。今回はこのアイテムに集まった声を見ていきましょう。
【画像】無印良品の「ロングワンピース」
●無印良品の「婦人　ふんわりしぼガーゼ　ロングワンピース」とは
無印良品は、日本発のライフスタイルブランド。衣類や雑貨はもちろん、収納家具や寝具、家電にいたるまで、日常生活をトータルにカバーするアイテムを展開しています。シンプルで使いやすい商品と暮らし全体を考えた提案力が多くのユーザーに支持されています。

　そんな無印良品の「婦人　ふんわりしぼガーゼ　ロングワンピース」（4990円）は、やわらかく肌に心地よい二重ガーゼ素材を使ったレディースワンピースです。しぼ感のあるガーゼ生地が空気の層を作ることで肌離れが良く、リラックスした着心地を求めるシーンにぴったり。デザインは、トルコや中東の民族衣装にルーツを持つカフタンスタイルをベースにしており、ゆったりとしたフォルムで体型を問わず自然なシルエットを演出します。

　透け感はあるものの、重ね着やインナー次第でコーディネートの幅が広がる一枚で、リモートワークやちょっとした外出、旅先でのリラックススタイルなど幅広いシーンで活躍します。
●購入者の声
購入した人からは「買って良かった。気軽に着れるワンピースです」「柔らかな風合いのロングワンピースで、大変かわいいです。袖が少し膨らんでいますが、ゴムが入っているので洗い物や洗顔のさいにサッとあげられて便利です」「気分でリボンを結んでみたり結ばなかったり、とにかく可愛い！」「このワンピースは可愛いです。同じ色で2枚、色違いで1枚購入しました。普段にも着ています。生地感は部屋着ですが、デザインがかわいいので外出着にしています」といった声が上がっていました。
●ユニクロのワンピースもおすすめ
ユニクロの「クレープジャージー ワンピース ノースリーブ」（3990円）は、上品で着心地の良いクレープジャージー素材を使ったノースリーブワンピース。ネックラインはきれいに見えるボートネックで、肩まわりをすっきりと見せます。シルエットはほどよいゆとりを持たせたストレートラインで、長めの着丈、すっきりと着こなせるバランス設計になっています。洗濯機で洗える仕様なので日常的に扱いやすく、色落ちや色移りには注意が必要ですが、普段使いからお出かけまで幅広く対応する一着です。
くもりガラス",[],[]
「スマホ、財布、鍵、モバイルバッテリーなどが入る」　ノースフェイスの“ミニショルダーバッグ”が人気　「ガジェットポーチとしても優秀」「5個購入しました！」（ねとらぼ）,https://news.yahoo.co.jp/articles/3b768951769cf13a168dfb52a35b02f52f65473f,https://newsatcl-pctr.c.yimg.jp/t/amd-img/20251226-10137771-it_nlab-000-1-view.jpg?exp=10800,2025-12-26T20:40:00+09:00,2025-12-26T20:40:00+09:00,ねとらぼ,it_nlab,ねとらぼ,1166,"（画像：ねとらぼ）
THE NORTH FACE（ザ・ノース・フェイス）から販売されている「ジオフェイスポーチ NM32356」が、コンパクトで軽い上に、荷物がたくさん入ると高評価を集めています。
【画像】ノースフェイスの“ミニショルダーバッグ”
本記事では、ノース・フェイスの「ジオフェイスポーチ NM32356」について紹介します。
●ザ・ノース・フェイス「ジオフェイスポーチ NM32356」とは
ノースフェイスの「ジオフェイスポーチ NM32356」は、クッション性のあるメインコンパートメントを備えた、ノートPC周辺機器やケーブル類の収納に便利なポーチ。内部にはメッシュポケットを配置し、小物の整理にも対応します。トップにはグラブハンドルを搭載し、持ち運びもスムーズ。また、取り外し可能なショルダーストラップが付属しており、用途に応じて使い分けができます。サイズは高さ18×横幅24.5×奥行き6.5センチとコンパクトながら、容量は約2リットル。重量は約135グラムと軽量なので、日常の持ち歩きはもちろん、出張や旅行時のサブ収納にも活躍してくれます。公式サイトでは定価税込6820円ですが、2025年12月26日時点では、カラーによってはセール価格の税込み4774円で販売されています。

　購入者からは、「キルティングデザインや、サイズ感もバッチリでした。とてもかわいいです」「スマホ、財布、鍵、モバイルバッテリーなど、普段持ち歩く小物がしっかり収まります。コンパクトだけどマチがしっかりあって意外と収納力あり。メインポケットの他に仕切りや小物ポケットがあり、整理整頓もしやすい」「素材にクッション性があるのでガジェットポーチとしても優秀」「友人たちに好評で結局、合計で5個購入しました！」「サイズ、デザイン、外ポケット、全てがちょうど良いです」などの声が寄せられています。
●PORTER FLASHのショルダーバッグもおすすめ！
ポーター フラッシュの「SHOULDER BAG 689-05938」は、体に沿うカーブが歩行時のストレスを軽減してくれるショルダーバッグ。表地はナイロンオックスにテフロンファブリックプロテクター・ウレタンコーティング・ポリエステル綿ボンディングの三層構造で、はっ水・形状保持性を確保します。裏地はシレー＆はっ水加工ポリエステルリップストップを採用し、濡れた折り畳み傘も気兼ねなく収納可能。メイン室はダブルファスナーで大きく開き、500ミリリットルボトルが縦に入るサイズ感です。また前面ファスナーポケット×1（内部にオープンポケット×2・ペンホルダー×1）と背面オープンポケット×2が備わっており、小物の収納に便利。カラーはブラックとネイビーの2種類をラインアップしています。
月夜に米",[],[]
ママが「ビオレの詰め替え」目当てに店へ→手に取ったのは……　「これは買っちゃいますね」“想定外の購入品に「うちも釣られました」（ねとらぼ）,https://news.yahoo.co.jp/articles/fb2b4d5f3d23fb37944e2b55cb5ff11752a4821f,https://newsatcl-pctr.c.yimg.jp/t/amd-img/20251226-10137152-it_nlab-000-1-view.jpg?exp=10800,2025-12-26T20:30:00+09:00,2025-12-26T20:30:00+09:00,ねとらぼ,it_nlab,ねとらぼ,920,"ビオレの詰め替えを買いに行ったら
ハンドソープの詰め替えを買おうと思っていたのに、“ちょっとしたきっかけ”から別メーカーの本体を3つも買ってしまった……という投稿が、Threadsで注目を集めています。記事執筆時点で投稿は19万回以上表示され、およそ6000件の「いいね」を獲得しています。
【画像】想定外の購入品（全体を見る）
●ハンドソープの本体を3つも買った理由は……
投稿者は、Threadsユーザーのあい（@ai_car.train_room）さん。2歳と1歳の男の子を育児中のママさんで、Threadsではトミカ・プラレールの最新情報を中心に発信している大のトミカ好きです。

　そんなあいさんが今回投稿したのは、ハンドソープの本体が3つも並んでいる写真です。あいさんは元々花王「ビオレ」の詰め替え用を購入しようとしていたのですが、ある理由からライオン「キレイキレイ」の本体を購入してしまったのだそうです。

　別のハンドソープの、しかも本体をわざわざ購入してしまった理由は、いったいなんなのでしょうか……？
●限定トミカが付属しているから！
うっかり買ってしまった『キレイキレイ』の本体に付属していたのは……まさかのトミカ！　しかもよく見ると、キレイキレイとコラボしたデザインになっています。トミカ大好きなあいさんが釣られてしまうのも納得ですよね。

　このトミカは、人気のバス型トミカに「キレイキレイファミリー」のかわいくて楽しいイラストがデザインされた限定のアイテム。デザインは全3種類で、全国でも数量限定なのだそうです。これなら、トミカ大好きなあいさんが釣られてしまうのも納得ですよね！
●「うちもビオレ派なのに、トミカに釣られて買いました」
ハンドソープの本体も3つも買ってしまった顛末を紹介する投稿には、「トミカ1台ついてるのはすごい！」「すぐに品切れになりそうですね」「いやぁ、これは買っちゃいますね」「コレは大きな罠が仕掛けられてましたね〜」「うちもビオレ派なのに、トミカに釣られて買いました」といったコメントが寄せられていました。

画像提供：あい（@ai_car.train_room）さん
ツンデレーション",[],[]
「呆れるくらいに丈夫です。恐ろしいコスパ」　PORTER（ポーター）の“リュック”に絶賛の声　「見かけよりもたくさん入るのに大きすぎない」「色も使いやすい」（ねとらぼ）,https://news.yahoo.co.jp/articles/5f1692671580cb2cd95d5948cd8c72ab59eff804,https://newsatcl-pctr.c.yimg.jp/t/amd-img/20251226-10137759-it_nlab-000-1-view.jpg?exp=10800,2025-12-26T20:30:00+09:00,2025-12-26T20:30:00+09:00,ねとらぼ,it_nlab,ねとらぼ,1036,"画像：吉田カバン
吉田カバンが展開する「PORTER（ポーター）」は、ショルダーバッグやトートバッグなど、高品質な日本製にこだわったバッグを展開するブランド。丈夫で軽量な上、機能性にも優れたアイテムが国内外で人気を博しています。
【画像】PORTERの“リュック”
本記事では、そんなポーターから販売されているバックパック「UNION RUCKSACK」について紹介します。
●「UNION RUCKSACK」とは？
ポーターの「UNION RUCKSACK」は、ワークウェアや工具用の腰袋をイメージしてデザインされたバックパック。生地に使われているポリエステルキャンバス素材は、軽量で色落ちしにくいのが特徴です。メインコンパートメントはA4サイズの物を収納できる広さ。あえて内ポケットを作らず、荷物を出し入れしやすいシンプルな構造に仕上げています。開口部はひもを結んでから、バックル付きのフラップをかぶせる二重開閉タイプ。前面に一つ、サイドに二つのファスナーポケットが付属しているので、小物の収納に便利です。またショルダーベルトにはクッション材が入っているため、肩に負担を感じにくく快適に使用できます。カラーは2種類、公式サイトでは税込2万9700円で販売されています。

　購入した人からは、「生地がしっかりしてて良かった。色も使いやすい」「形も材質も丈夫で気に入っています。長持ちしそうです」「見かけよりもたくさん入るのに、サイズも丁度良いし大きく見えないのが良い。ポケットも深さがあって◯」「呆れるくらいに丈夫です。恐ろしいコスパ。すでに13年くらい使っていますが、壊れる気配がありません。あと10年は使えそう。さすがに閉じ口のヒモは普通の耐久性なので一度ボロボロになり、その辺で売っている似たテイストのヒモと交換しました」といった声が寄せられています。
●ワークマンのビジネスでも使いやすいリュックもおすすめ！
ワークマンの「ベーシックアンカーリュック」は、24リットルというちょうどいいサイズ感と、シンプルなデザインが特徴のリュックです。A4書類はもちろん、ノートパソコンやタブレットも収納できるため、通勤・通学から休日のお出かけや旅行まで幅広く活躍。前面には物が取り出しやすいポケットが付いており、使い勝手も抜群です。どんなスタイルにもなじみやすいデザインで、毎日の相棒として頼れるアイテムです。カラーは3種類、価格は2500円で販売されています。
しゅいわ",[],[]
セリアのフリークロス4枚→たった4カ所縫うだけで……　驚きの完成品に「発想がすごい」「作ってみたい」（ねとらぼ）,https://news.yahoo.co.jp/articles/f2dc7d99715f80c69de2fc8f3afe1d52832be850,https://newsatcl-pctr.c.yimg.jp/t/amd-img/20251226-10137120-it_nlab-000-1-view.jpg?exp=10800,2025-12-26T20:30:00+09:00,2025-12-26T20:30:00+09:00,ねとらぼ,it_nlab,ねとらぼ,1293,"セリアのクロス4枚で作ったのは……
セリアのフリークロスを4カ所縫うだけで仕上げる簡単ファッションアイテムが、YouTubeで紹介されました。動画は記事執筆時点で1万5000回以上再生されています。
【画像】驚きの完成品
動画を投稿したのは、YouTubeチャンネル「一閑張り利庵rian」のrianさん。竹かごに和紙などを貼って作る日本の伝統工芸「一閑張り（いっかんばり）」の講師や作家として活動しています。SNSでは簡単で楽しいものづくりを発信しており、以前にもダイソーのカーテン2枚を3回縫っただけのアイテムが話題になりました。

　今回作るのはセリアのフリークロスを使ったシンプルなスカートです。材料は上部が三つ折りになったフリークロス（カーテンポールなどが通る仕様のもの／42センチ×85センチ）4枚、2.5センチ幅のゴムひも1本（75～80センチ）です。

　始めにフリークロス4枚にアイロンをかけてから、縦のラインを縫い合わせます。三つ折りになった部分には後でゴムを通すので、それ以外の部分を縫っていきます。

　後ろの部分にスリットを入れる場合は下から25センチの所に印を付けて、そこまでを返し縫いをします。

　2枚のクロスを中表に合わせて縫い合わせます。100円ショップのクロスは微妙にサイズが違うことがあるので、気になる場合は下を合わせて縫うといいそうです。

　縫い合わせたパーツ同士を中表に合わせて更にミシンをかけます。

　縫い代を割ってアイロンをかけます。これをすることで仕上がりがきれいになるそうです。

　自分のウエストサイズに合わせたゴムヒモを用意して、クロスの三つ折りになった部分に通します。この時、残っているゴムの端が抜けてしまわないようにクリップなどで止めておくといいとのこと。1周通せたらねじれていないことを確認して、手縫いかミシンでゴムヒモの両端を縫い合わせます。

　表に返したら、シンプルなロングスカートの完成です。4枚のクロスにそれぞれタグが付いているので、必要ない場合は取ってしまうといいそうです。実際に試着してみると、とても動きやすそう。スカート丈も身長160センチのrianさんにちょうどいい感じです。

　なお、もっとボリュームを出したい場合はフリークロスを5枚～6枚使うといいとのことでした。

　コメント欄には「超簡単作ってみたいです！」「ポールの代わりにゴム通すなんて発想がすごい」「むっちゃ簡単100均シリーズ参考になります」といった声が。「縦縞のボックスカーテンでつくったら縦ボーダースカートでスリムに見えるはず」というナイスアイデアも寄せられています。

　rianさんは、YouTubeチャンネル「一閑張り利庵rian」とそのサブチャンネル「一閑張り利庵のお気楽な日々」、Instagram（@rian_ikkanbari）を更新中です。また、Webサイト「一閑張り利庵rian」には一閑張りの作品やワークショップの情報を掲載しています。

動画提供：YouTubeチャンネル「一閑張り利庵rian」
神奈川はな",[],[]
旅行の服をどのくらい軽くできるか？　旅慣れデザイナーが挑戦すると……　驚きの結果に「参考になりました」「見ていて爽快」（ねとらぼ）,https://news.yahoo.co.jp/articles/2afc4860beca9baf6c9e09921f2f7962eef54717,https://newsatcl-pctr.c.yimg.jp/t/amd-img/20251226-10137301-it_nlab-000-11-view.jpg?exp=10800,2025-12-26T20:15:00+09:00,2025-12-26T23:33:57+09:00,ねとらぼ,it_nlab,ねとらぼ,3280,"かさばる旅の衣類
旅行の衣類、どのくらい軽くできる？　 旅行好きのデザイナーが挑戦する動画がYouTubeに投稿され、「参考になった」などの反応が多くありました。
【画像】驚きの結果を見る
●今回は「アパレルの軽量化」に挑戦
投稿したのは約30カ国・200回の渡航経験がある旅好きデザイナーの森井ユカさん。海外旅行に役立つ荷造りやアイテム・衣類の選び方などについて、YouTubeチャンネル「baggage by YUKA MORII」（@baggagebyyukamorii）で発信しています。

　先に約1週間の海外旅行の荷物を極力軽くしようとチャレンジし、半分以下の軽量化を達成した森井さん。今回はスキンケアやコスメなどのアイテムではなく衣類での軽量化に挑戦します。セレクトしたのは主にアウトドアブランドで、重さのほか、素材やデザインも紹介しています。
●封筒が“空”だと思うくらい軽いパーカー
「携帯できて肌寒い時にさっと着られる上着」が欲しかった森井さんは、「モンベル」の「EXライトウインドパーカー」を選びました。重さはなんと56グラム。欲しいカラーが店舗になく配送してもらったところ、届いた封筒が“空”だと思うくらい軽かったのだそうです。

　素材は軽量ながらも丈夫という特長のある、ナイロン100パーセントの「超軽量バリスティックエアライト」。しっとりとしていて肌になじむ感覚で、風をブロックして暖かく、撥水加工されています。さらに破れても広がりを抑える機能もあるとのこと。畳むと内側のポケットに収まる、コンパクトなポケッタブル仕様でもあります。

　これまで旅行の荷物に入れることが多かったカーディガンの重さが195グラムなので、それに比べると4分の1の重さ。胸にプリントされたロゴがやや目立つので好みの分かれるデザインとも言えなくはないですが、重ね着する服によってはあまり目立たないそうです。
●本当にすぐ乾く極薄の靴下
パーカーを見つけた店舗で登山用の極薄靴下も購入。「モンベル」の「ジオライン」（ジオラインL.W.ソックス）です。

　この靴下は薄くて速乾、吸水拡散性があり足を常に快適な状態に保つ機能があるそうです。実際に洗ってみたところ、本当にすぐ乾いたとのこと。靴下は旅先でなかなか乾かずに困るというイメージがありましたが、「これなら旅行に最適」と気に入ったもよう。

　重さは1足32グラム。いつも履いていた無印良品の靴下は47グラムなので、差は15グラムです。ロゴは大きいのですが、つま先なので目立ちません。
●ファスナー付き胸ポケットが便利なTシャツ
Tシャツには「スノーピーク」の定番アイテム「Breathable Quick Dry T-Shirt」（ブリーザブルクイックドライTシャツ）を選びました。

　特徴は胸ポケット。旅行中に飛行機の預け入れ荷物の控えやレシートなど、細々としたものを入れられるので便利、しかもファスナーがついているのでカードキーなどを入れても安心です。また、ポケットの表面はフラットで、物を入れても外に響かないのだそうです。

　素材はポリエステル100パーセント、うち50パーセントがリサイクル素材でできていて、後加工で生地に通気口を作り、高い通気性を確保しています。実際に洗ってみたところ、こちらも早く乾いたとのこと。

　幅が大きめのゆったりとした形なので、薄手の長袖Tシャツの上からの重ね着も可能。裾にゴムが通っていて、絞ってシルエットを変えられます。

　重さは167グラム。森井さんが今まで着ていた胸ポケットのあるコットンポリエステル混紡のTシャツは253グラムなので、比べると86グラム軽量です。ロゴは裾と胸ポケットのファスナーに入っていますが、森井さんが「こんなに小さいロゴ初めて見ました」と言うほど目立ちません。
●水に濡れても大丈夫な軽量サンダル
軽いサンダルとして採用したのは「ビルケンシュトック」の「バルバドス EVA」（Barbados）。アウトドアメーカーがたくさん入った大型の店舗で、売り場中のビーチサンダルを手で持ち重さを確かめて見つけました。「EVA」という細かい気泡が入った樹脂でできているとのこと。

　森井さんは今まで、ビルケンシュトックのサンダルを愛用していましたが、コルクの中敷きが少し水に弱く、あくまで街歩き用に使っていました。「バルバドス EVA」を見つけるまでは、旅先でラフにはけるビーチサンダルは滞在先のスーパーで買い、帰る際には寄付していたと言います。

　「バルバドス EVA」の重さは154グラム。同じぐらいのサイズのハワイアナスのビーサンが約192グラムとのことで、比べると38グラム軽くなっています。
●なくしそうなほど極小サイズになるエコバッグ
着用するものに加え、エコバッグの軽量化にも挑戦。サンダルを買った店舗で見つけたのは「ナンガ」の「ポケッタブルエコバッグ」です。

　生地がビニールのように薄いけれど、以前は同ブランドのインナーにも使われていたほど耐久性があり、店員さんによると「1Lの牛乳パックが6本入る」そうです。

　大きめのロゴが中央に入ったデザイン。重さは24グラムで、森井さんが普段携帯しているIKEAのエコバッグが32グラムなので、重さに大きな差があるわけではありません。しかし、内側にナンガの看板商品の寝袋を思い起こさせる小さな収納袋が入っていて、畳んで入れるとかなりコンパクトになります。
●多用途、かつ年中使えるネックゲーター
ここまでセレクトした衣類は意図したわけではないもののモノトーンになってしまったということで、明るい色づかいの「マムート」の「ネックゲーター」（deep ice-savannah MAMMUT）も選んでいます。

　夏は日除け、冬にはウォーマーに、ヘッドバンドやキャップとしても使える多用途で、かつ1年中使えます。

　ネックゲーター全体に「マムート」のロゴのマンモスが大胆にデザインされていますが、使用中はマンモスの姿は見えず、ブルーとクリーム色のランダムなパターンになります。

　形はシームレスな筒状で、横方向にかなり伸縮性があるそうです。素材はポリエステルニット100パーセントで、重さは36グラム。森井さんが今まで持っていってたストールとキャップと ヘアバンドで合計163グラムなので、100グラム以上軽量化することができました。
●軽量化大成功！　だけでなく、新たな楽しみが
ここまで、パーカー、靴下、Tシャツ、サンダル、エコバッグ、ネックゲーターの6つのアイテムで合計469グラム、普段使っているものの合計は882グラムなので約半分の重さまで軽量化することができました。

　着やすさとデザインからスポーツブランドの服を着ることが多い森井さん。サイズを把握していて試着が不要だったので、オンライン通販で購入することが多かったのですが、軽量化のために店舗で衣類を探すうちに、意外な素材など面白いアイテムに出会える楽しみがあったそうです。

　その経験から、「これからも継続して探していけたらなと思いました」と動画をしめくくりました。
●同じ商品を買ったという人も
投稿には、「こちらの動画を拝見してモンベルのウインドパーカー買っちゃいました」「軽量化シリーズがとても参考になるので繰り返し見ています」「私も今度の旅行でコンパクト化目指しているのですごく参考になりました～！」「1gにかける情熱が見ていて爽快です」などのリアクションが多数ありました。

　森井さんはYouTubeのほか、InstagramやXでも旅を楽しむための情報を発信。ANA機内誌『翼の王国』で「ニッポン47妖怪さんぽ」を連載しています。　

動画提供：森井ユカさんのYouTubeチャンネル「baggage by YUKA MORII」（@baggagebyyukamorii）
谷町邦子",[],[]
「マイナス気温でも全く寒くありません」ワークマンの“2780円防寒シューズ”が人気　「おしゃれで機能も高くて、このお値段！？」「つま先までホカホカ」（ねとらぼ）,https://news.yahoo.co.jp/articles/4e878c73fe4d1eb2bd2dd55e039995b5d39f9377,https://newsatcl-pctr.c.yimg.jp/t/amd-img/20251226-10137754-it_nlab-000-1-view.jpg?exp=10800,2025-12-26T20:15:00+09:00,2025-12-26T20:15:00+09:00,ねとらぼ,it_nlab,ねとらぼ,1200,"（画像：ねとらぼ）
ワークマンの「防寒防水サファリシューズ」は、防水サファリシューズに冬向けの暖かさを加えたモデル。防水性も備えているため、雨や雪の日に活躍します。購入者からは「とても暖かい」「風を通さない」と高評価の声が。本記事では、そんな「防寒防水サファリシューズ」を紹介します。同アイテムは店舗のみの取り扱いとなっており、店舗に在庫があれば取り置き依頼が可能です。
【画像】ワークマンの“2780円防寒シューズ”
●「防寒防水サファリシューズ」とは？
ワークマンは、もともと作業服専門店としてスタートした日本のメーカーで、近年は「ワークマンカラーズ」などの展開を通じて、アウトドア・スポーツ・日常使いに適した高機能・低価格のアパレルを幅広く展開。優れた機能性とコスパの高さで注目され、性別・年代を問わず多くのファンを獲得しています。

　そんなワークマンの「防寒防水サファリシューズ」（2780円）は、人気の防水サファリシューズに冬仕様の暖かさをプラスした1足。履き口に施された毛足の長いファーは見た目に季節感を添えるだけでなく、足首まわりをふんわり暖かく包み込み、冷たい空気が入り込むのを防いでくれます。内側の裏地はフリース仕様になっていて、ふわっとやさしい肌ざわり。足を入れた瞬間からポカポカとしたぬくもりが広がります。防水性備えているため、雨の日も安心してはくことができそうです。デザインはアウトドア感がありながらも、タウンユースになじむシンプルで合わせやすい外観。カジュアルコーデやデニム、ワークパンツなどとも好相性です。
●購入した人の声
購入者からは、「風を全く通さない」「履いた瞬間から暖かさを感じました」「新幹線でも履いて行けるかわいさ」「おしゃれで、機能も高くて、このお値段！？」「暖かくて、絶対に中がぬれないので、これ以外の靴は履いてないです」「真冬のマイナス気温でもバイク通勤で使用していますが全く寒くありません」「中にはフワフワのファーがあり、北国の寒さにも対応でつま先までホカホカ」といった声が寄せられています。一方で、蒸れやすいといった声もあがっていました。
●そのほかのシューズ
このほかにも、人気のシューズを紹介します！
●メレル モアブ 3 シンセティック ゴアテックス
メレルの「モアブ 3 シンセティック ゴアテックス」は、快適性とパフォーマンス性の向上を図り、ミッドソールのEVAフォームやインソール、Vibram TC5+アウトソールを刷新されたハイキングシューズ。また各部にリサイクル素材を使用するなど、サステナビリティにも配慮しています。高い防水透湿性を誇るGORE-TEXメンブレンや、衝撃吸収・安定性を高める各種機能も搭載し、あらゆるフィールドで快適な歩行をサポート。カラーは5種類、公式サイトでは1万8700円で販売されています。
うすしお味",[],[]
築80年古民家の押し入れに眠っていたのは……　年末にぴったりな“昭和のアイテム”に「持ってたー！懐かしい！」「毎年やってました」（ねとらぼ）,https://news.yahoo.co.jp/articles/5e4d1f989e311182e9ac16a9bb8c8d6a6087a846,https://newsatcl-pctr.c.yimg.jp/t/amd-img/20251226-10137182-it_nlab-000-1-view.jpg?exp=10800,2025-12-26T20:00:00+09:00,2025-12-26T20:00:00+09:00,ねとらぼ,it_nlab,ねとらぼ,1195,"築80年古民家の押し入れにあったのは……
昭和から平成にかけて、年賀状作成に活躍した道具を押し入れで発見。あらためて活用する動画が記事執筆時点で97万回以上再生されるなど、TikTokで話題です。版を作るときに稲妻のごとく光るアレだ……！
【画像】昭和のアイテム
動画を投稿したのは、昭和の文化や田舎暮らしについて発信している「田舎のかずみ（@luckykazumin）」さん。以前は庭に謎の生物が来たことが話題になりました。
●かつての定番商品「プリントゴッコ」を発見
事の起こりは、押し入れに眠っていた懐かしのアイテムでした。引っ張り出してきたのは、大きいホッチキスのような黄色い器械――それは1977年に理想科学工業が発売した、家庭用印刷機「プリントゴッコ」。プリンタやネットの普及に伴う需要減がもとで、2008年に販売を終了したものの、かつては年賀状作りの定番として人気を博していた商品です。

　今となっては本体だけでも珍しい品ですが、2012年で販売が打ち切られた消耗品まで、完全にそろっていたのはなかなかのレアケース。田舎のかずみさんは「今年の年賀状はこれで作ろう」と、2026年用の図版を作り始めました。
●ビカッと光る“版”作り
新年のあいさつや干支（えと）の午（うま）を下絵にデザインすると、版のもととなる「マスター」や、専用の電球とともに本体へセット。ここからが、プリントゴッコの肝ともいえる工程です。

　本体を上からギュッと押すと、電球が音を立てて閃光（せんこう）を放ちます。このとき発生する熱がマスターを溶かし、下絵の形に小さな穴を開けて版にしてくれるのです。
●いよいよプリント！
版の裏側にインクをたっぷりと盛り、再び本体にセットしてやれば印刷の準備は完了。はがきを挟んで圧をかけるたびに、電球が開けた穴からインクが出て、カラフルな年賀状を刷り上げていきます。
●年賀状の思い出がよみがえる
「焦げたランプのにおい」「使用済みのランプを握りつぶすのが好きだった」「楽しい思い出ありがとう」と、往時を振り返るコメントで動画は締めくくられました。コメント欄には、「うちにもありました」「まぶしくて焦げくさくてしばらく目がシパシパした記憶」「毎年お父さんのお手伝いして、乾く前に踏んづけて怒られるまでが恒例行事だったw」「途中でインクが混ざってエキセントリックな色味になったの懐かしいw」など、懐かしむ声が多数寄せられています。

　京都府与謝郡与謝野町の移住アンバサダーとして活動している田舎のかずみさんは、築80年の古民家を改装した「昭和レトロ寿司民泊」を7月にオープン。古典的なレコードプレーヤーや、戦前生まれのオートバイ「陸王」など、施設内の珍しい品をTikTokで多数紹介しています。

動画提供：田舎のかずみ（@luckykazumin）さん
沓澤真二",[],[]
ダイソーで買った“シマエナガのスポンジ”を使ったら……「ぎゃー！」　絶叫の光景に「想像以上」「ホラーすぎる」（ねとらぼ）,https://news.yahoo.co.jp/articles/c4ad58c153940f10243a1c9f1d19d3bb7e5eec73,https://newsatcl-pctr.c.yimg.jp/t/amd-img/20251226-10137011-it_nlab-000-1-view.jpg?exp=10800,2025-12-26T20:00:00+09:00,2025-12-26T20:00:00+09:00,ねとらぼ,it_nlab,ねとらぼ,739,"ダイソーのスポンジで掃除したら……
ダイソーで買ったシマエナガのスポンジを、水回りの掃除に使ったら……。思わずゾッとする光景がThreadsに投稿され、「想像以上」「ホラーすぎる」と見た人をざわつかせています。
【画像】絶叫の光景
●かわいいシマエナガのスポンジ
投稿者はThreadsユーザーの「ゆと」（@yu1192step）さん。「これが→こう」と添え、ダイソーで購入したスポンジの“恐怖のビフォーアフター”を紹介しました。

　ゆとさんが買ったのは、かわいい見た目が大人気の鳥「シマエナガ」を模したデザインのスポンジです。水アカなどの掃除に使えるメラミンスポンジで、使用前は雪だるまのような丸っこい形。目とくちばしのところに穴が開いたキュートな見た目でした。ところが……。
●使いまくった結果……
使い古したあとのスポンジを見てみると……最初のかわいい姿はどこへやら、スポンジはなんとも禍々しい見た目になってしまいました！　全体が黒ずみ、目やくちばしの穴はいびつな形に。さらにその下に新しい穴も開いており、シマエナガではない何か別の恐ろしい存在に見えてきます。こんなになるまで、お掃除を頑張ってくれたんだね……。
●「禍々しくなってますよ……」「絶対なんか宿ってるよ!!!」
バケモノじみた見た目になってしまったシマエナガのスポンジに、Threadsでは「ぎゃー！」「これが闇堕ちってやつか……」「禍々しくなってますよ……」「ホラーすぎるwww」「想像以上」「絶対なんか宿ってるよ!!!」「心なしか笑ってません？」「ウラオモテが激しい……のかな」など、ギャップの激しすぎるビフォーアフターに衝撃の声が集まりました。

画像提供：ゆと（@yu1192step）さん
河原木",[],[]
「すごく使いやすい！」patagonia（パタゴニア）の“バックパック”が大好評　「軽くてデザインも良くて、とにかく沢山入る」「どこにでも持っていけます」（ねとらぼ）,https://news.yahoo.co.jp/articles/32a0148ef5c765ca907d75fc47cb8e94a8db427a,https://newsatcl-pctr.c.yimg.jp/t/amd-img/20251226-10137776-it_nlab-000-1-view.jpg?exp=10800,2025-12-26T20:00:00+09:00,2025-12-26T20:00:00+09:00,ねとらぼ,it_nlab,ねとらぼ,1412,"画像：ねとらぼリサーチ
patagonia（パタゴニア）は、アメリカ生まれのアウトドアブランド。クライミング・サーフィンといった本格的なアウトドア用品から、タウンユースできるアパレルまでさまざまな商品を展開しています。そのなかでも人気が高いのが「バックパック」です。
【画像】パタゴニアの“バックパック”
本記事では、patagonia（パタゴニア）の「レフュジオ・デイパック 26リットル」について紹介します。
●「レフュジオ・デイパック 26リットル」とは？
「レフュジオ・デイパック 26リットル」は、フロントのファスナーが特徴的なバックパックです。縦46センチ・横31センチ・マチ17センチ・容量26リットルと、大きすぎず・小さすぎずのちょうどいいサイズ感。身体にフィットするデザインで動きやすいため、アウトドア・スポーツシーンはもちろん通勤通学にもおすすめです。素材はリサイクルポリエステル100％（メッシュポケット部分を除く）。撥水加工が施されているので、多少の雨であれば問題なく使用できます。

　大容量のメインコンパートメントのほか、15インチまでのPCが入る取り外し可能なPCスリーブがついているのもうれしいポイント。スリーブにはポケットが付いており、ケーブル・小物などガジェット類をまとめて収納できます。

　長さ調節できるショルダーベルトは、太めの仕様・チェストストラップ付きで肩への負担を軽減してくれます。カラーはグレー・ブラック・ネイビーのほか、スプラッシュデザインもラインアップ。公式サイトの販売価格は、税込1万5950円です。ひとまわり大きい「レフュジオ・デイパック 30リットル」もあるので、荷物の量に合わせて選んでみてください。
●購入した人のコメント
購入した人からは、「ちょうどいい大きさ」「細かいところまでしっかり作ってあります」「軽くてデザインも良くて、とにかくいっぱい入ります」「コンパクトで仕分けしやすい収納」「PCインナーケース付きが良い。サイズ感・背負い心地も快適」「シンプルだけど機能的」「すごく使いやすい」「多用途。どこにでも持っていける」といった声が寄せられています。
●コロンビアの「キャッスルロック 20リットル バックパック II」もおすすめ
「キャッスルロック 20リットル バックパック II」は、ハイキング・日帰り登山はもちろん通勤通学にも使える定番バックパックです。素材には、丈夫でお手入れが簡単なナイロンを採用。Columbia（コロンビア）独自の撥水機能・オムニシールドが施されているため、雨の日も安心です。ファスナー開閉のメインコンパートメントは、口ががばっと大きく開くため荷物の出し入れがスムーズ。内側にはオープンポケットがあるので、リュックの中を整理して収納できます。

　セカンドコンパートメントの内側には、メッシュポケットやループを完備。ごちゃつく小物の持ち歩きにぴったりです。両サイドのメッシュポケットには、ドリンクボトルや折りたたみ傘が入れられます。長さ調節可能なショルダーベルトに、チェストストラップ・ウエストベルト付きで負担を軽減。縦43センチ・横29センチ・マチ15センチで、容量は20リットル。王道のブラックのほか、グレー・ネイビー・フラワープリントなどカラーバリエーションが豊富なので年齢・性別を問わず使えそうです。
yuri",[],[]
ペットショップで売れ残り、6万円で売られていた子犬→育ててみたら……　7年後の姿に「やばい、泣いちゃう」の声（ねとらぼ）,https://news.yahoo.co.jp/articles/4914346297c883d2b41145d5fa84ddde7e8e1002,https://newsatcl-pctr.c.yimg.jp/t/amd-img/20251226-10136939-it_nlab-000-1-view.jpg?exp=10800,2025-12-26T20:00:00+09:00,2025-12-26T20:00:00+09:00,ねとらぼ,it_nlab,ねとらぼ,1261,"6万円で売られていた子犬
ペットショップで6万円で売られていたワンコ。その7年後の姿を捉えた動画がYouTubeに投稿され「愛に溢れてる」と話題を呼んでいます。記事執筆時点で動画は9万6000回再生を超え、2000件以上の“いいね”を獲得していました。
【画像】7年後の姿
投稿されたのは、ゴールデンレトリバーとワイマラナーのミックス「助六」くんの毎日を発信しているYouTubeチャンネル「ぬわんこ助六チャンネル」。7年前の雨の日、飼い主さんはゴールデンレトリバーをお迎えするためペットショップを訪れました。

　しかし、そこにいたのは6万円で売られていたガリガリの子犬。ラブラドールレトリバーに似たミックス犬で、倉庫の段ボールの中から出てきて突進してきたそうです。そのことがきっかけで、飼い主さんは助六くんと一緒に暮らすことになりました。

　お迎え当初の助六くんは、下痢気味で夜中に何度もないていたそうです。それでも一生懸命に生きようと頑張り、お散歩をしたり、おもちゃで遊んだりして毎日を過ごしていました。ただ、ひとりぼっちは大嫌い。お留守番をさせると、不安そうな表情でイタズラをしてしまいます。

　そんな助六くんのイタズラを愛おしく思いつつ、毎日一緒に過ごしているとあっという間に20キロを超えました。気付けば生活のすべてが助六くん中心になり、飼い主さんはどんなに疲れていても彼の存在に救われていたそうです。

　あるタイミングで手術のため入院することになった飼い主さん。助六くんを訓練所に預けていたのですが、毎日会いたくて仕方なかったそうです。飼い主さんは訓練所から送られてくる動画を見てリハビリを頑張った結果、早めに退院することに。再会するシーンでは、お互いから喜びの感情があふれ出ていました。

　そして、迎えた7歳の誕生日。今年のプレゼントは、肌が弱い助六くんのためにシャワーヘッドを用意しました。さらに、トリマーの資格をとった飼い主さん。シャワーヘッドと飼い主さんの技術のおかげで、助六くんの毛並みはツヤツヤ輝いています。

　ペットショップで売れ残り、思わぬ出会いでお迎えした助六くん。7歳になり、黒い毛並みがツヤツヤの立派な成犬へと成長しました。最初は大変なことが多かったけれど、今は飼い主さんにとってかけがえのない存在だといえます。これからも幸せに暮らして、長生きしてね！

　助六くんと飼い主さんの関係性に感動するこちらの動画。コメント欄には「言葉の一つ一つが助六君への愛で溢れておられ、涙が出ました」「私が育ててるわけじゃないのに感慨深いです」「素敵です。やばい、泣いちゃう」「パパさんもトリマーの資格まで取得されるなんて尊敬します」など、反響の声が寄せられていました。

　助六くんの日常はYouTubeチャンネル「ぬわんこ助六チャンネル」の他に、Instagramアカウント（@suke6_123）でも公開中です。

画像提供：YouTubeチャンネル「ぬわんこ助六チャンネル」
富永なび",[],[]
「乾きやすく快適」ザ・ノース・フェイスの“スウェットパーカー”が人気　「背中のロゴが映える」「キャンプに最適」（ねとらぼ）,https://news.yahoo.co.jp/articles/81590b7a9dd557dd20b354188b7c98c35f702e44,https://newsatcl-pctr.c.yimg.jp/t/amd-img/20251226-10137802-it_nlab-000-1-view.jpg?exp=10800,2025-12-26T19:45:00+09:00,2025-12-26T19:45:00+09:00,ねとらぼ,it_nlab,ねとらぼ,967,"（画像：ねとらぼ）
1966年にアメリカ・カリフォルニア州で創業されたザ・ノース・フェイス。トレイルランニングやマウンテニアリングから、タウンユースまで対応する機能的かつスタイリッシュなアイテムを展開する世界的なアウトドアブランドです。「DO MORE WITH LESS（最小限のエネルギー・物質で、最大限の機能を引き出す）」というスローガンのもと、自然と共存するための製品開発を行っています。
【画像：ザ・ノース・フェイスの“スウェットパーカー”】
今回は同社から販売されている、背面の大きなスクエアロゴがインパクトを放つ「バックスクエアロゴフーディ」をご紹介します。
●「バックスクエアロゴフーディ」
ザ・ノース・フェイスの「バックスクエアロゴフーディ」は、速乾性に優れたリサイクルポリエステルを使用した、裏毛仕様のスウェットパーカーです。ペットボトルを原料とする環境配慮型素材「RDT Sweat」を採用しており、肉厚な質感ながらも軽く、洗濯しても乾きやすいのが特徴です。背中にはブランドを象徴する大きなスクエアロゴを配置し、静電気の発生を抑える静電ケア設計も採用されています。キャンプなどのアウトドアシーンからカジュアルな街着まで、シーズンを問わず活躍する一着です。
●購入した人のコメント
購入した人からは「背中のロゴがとにかくカッコいいです。一枚で着ても様になります」「生地がしっかりしていますが、ポリエステルなので洗濯後の乾きが早くて助かります」「裏毛なので春や秋にちょうど良く、冬はインナーとして長く使えそうです」「ゆったりしたサイズ感で着心地が良く、動きやすいので子供との公園遊びにも重宝しています」といった声が上がっています。
●コロンビアのジャケットもおすすめ
「パフェクト II フーデッド ジャケット」は、Columbia（コロンビア）の商品の中で一部店舗でのみ取り扱っている「ストラテジックライン」のフード付きダウンジャケット。直営店では販売されていない限定アイテムです。表地には、独自の撥水機能「オムニシールド」を搭載した生地を使用。75℃以下の液体が染み込まないため、雨・シミ汚れを防ぐことができます。中綿には、軽量で保温性の高いポリエステルを採用。ボリュームのあるシルエットが特徴です。
Plume",[],[]
娘が学校の昼休みに、20分くらいでカイロに描いたのは……　「これはすごすぎ」驚異の完成品に「使い捨てなんてできない」「見えてる世界が違う」（ねとらぼ）,https://news.yahoo.co.jp/articles/ad0143c36fbbfb3b1d9046a61deb8b868da03af0,https://newsatcl-pctr.c.yimg.jp/t/amd-img/20251226-10137156-it_nlab-000-1-view.jpg?exp=10800,2025-12-26T19:30:00+09:00,2025-12-26T19:30:00+09:00,ねとらぼ,it_nlab,ねとらぼ,714,"娘が学校の昼休みに、20分くらいでカイロに描いたのは
使い捨てカイロに描いた、とあるお菓子のパッケージそっくりな絵がThreadsで話題に。記事執筆時点で約50万回表示され、約4万件の“いいね”が集まっています。
【画像】娘がカイロに描いたもの（全体を見る）
●使い捨てカイロに描いた絵
投稿主は、ThreadsユーザーのKEIKO（@keiko5656ketsume.skz）さん。その娘さんが使い捨てカイロに描いた素敵な絵を紹介しています。学校の昼休みを活用したそうで、制作時間はなんと約20分。

　それは……カルビーのポテトチップス「堅あげポテトブラックペッパー」にそっくりなビジュアル！　商品パッケージとよく似た黒を基調としたデザインで、中央には“堅あげポテト”の文字が浮き上がるように描かれています。また、本来は“ブラックペッパー”となっているところを“ブラックペーパー”としており、遊び心もたっぷり。
●カルビーのポテチそっくりなデザイン
そしてなんと、うら側もしっかり描かれています。本物とよく似た見た目で、原材料名や栄養成分表示、バーコードなどがほどよく省略された形で再現されています。ポテチとカイロの形は似ているので、思わず開けてしまいそう……！
●「天才!!」「すご！　完成度高っ!!」
この驚きの作品には、「天才!!」「すご！　完成度高っ!!」「SUGEEEEEEEEっ!!」「濃淡の仕上がりすごい」「すごい……見えてる世界が違う」「上手すぎる」「これはすごすぎ」「使い捨てなんてできない」と絶賛の声が寄せられました。

画像提供：KEIKO（@keiko5656ketsume.skz）さん
ひつじ陽介",[],[]
「センス最高」marimekko（マリメッコ）の“シンプルバッグ”が大人気 「男女問わず使える」「しっかりとした作り」「でかい財布も余裕です」と絶賛（ねとらぼ）,https://news.yahoo.co.jp/articles/23079e959235765068c87533039102e559eb63e0,https://newsatcl-pctr.c.yimg.jp/t/amd-img/20251226-10137690-it_nlab-000-1-view.jpg?exp=10800,2025-12-26T19:30:00+09:00,2025-12-26T19:30:00+09:00,ねとらぼ,it_nlab,ねとらぼ,1177,"（画像：ねとらぼ）
marimekko（マリメッコ）は、1951年にフィンランドで創業したライフスタイルブランド。ケシの花をモチーフにしたウニッコ柄が世界的に有名です。バッグ・ポーチ・アパレルのほか、食器・クッションカバーといったホームグッズも販売しています。
【画像：marimekko（マリメッコ）の“シンプルバッグ”】
本記事では、そんなmarimekko（マリメッコ）の「Magneettilaukku（マグネッティラウック）ショルダーバッグ」について紹介します。
●「Magneettilaukku（マグネッティラウック）ショルダーバッグ」とは？
「Magneettilaukku（マグネッティラウック）ショルダーバッグ」は、mのロゴがワンポイントのシンプルショルダーバッグ。Magneettilaukku（マグネッティラウック）は、フィンランド語で「磁石のバッグ」を意味します。その名の通り、フラップにはマグネットフックが付属。フラップを開けて、メインコンパートメント・ファスナーポケットを使う仕様です。素材は、耐久性に優れたコットン100％のキャンバス生地を使用。使い続けるうちに柔らかくなり、なじんでいきます。

　サイズは縦約23センチ・横約29センチ・マチ約7センチで、長財布・メガネケースといった厚みがあるアイテムもすっきり収納できます。フラップを開けた表面にあるファスナーポケットには、頻繁に使う小物を入れておくのがおすすめです。

　ショルダーストラップは、55センチ～102センチまで調節できるため小柄な人も安心。カラーは、落ち着いた色合いのブラウン・赤いベルトがアクセントになったブラック・ネイビー・カーキ・ベージュなどバリエーションが豊富。Amazon・楽天市場といった通販サイトでは、2万円前後で販売されています。
●購入した人のコメント
購入した人からは、「でかい財布も余裕です」「センス最高」「女性でも男性でも使えるのがいい」「シンプルでおしゃれ」「しっかりとした作り」「大きさはちょうど良く、メインポケットにはDakotaの薄長財布、ポーチ、母子手帳ケース、ハンカチがぴったり入ります。フロントポケットとメインポケットともにファスナーがついているので安心感があります」といった声が寄せられています。
●ポーターの「TACTICAL（タクティカル）ポーチ」をバッグインバッグにするのもおすすめ！
「TACTICAL（タクティカル）ポーチ」は、縦11センチ・横20センチ・マチ4.5センチの横長で、小物を入れたり、バッグインバッグにできる万能アイテムです。メイン素材のSTAMOID LIGHT（スタモイドライト）は、ヨットやクルーザーの停泊時カバーに採用されている頑丈な生地で、長く使えそうな点も魅力です。
yuri",[],[]
夫に「関西人しか買わんで」と言われたスニーカー、妻が履いたら……　「めっちゃいい！」「速攻買いました」（ねとらぼ）,https://news.yahoo.co.jp/articles/6891d7e2d02344d6fa26ff32cbb05f588ae6f08c,https://newsatcl-pctr.c.yimg.jp/t/amd-img/20251226-10137270-it_nlab-000-1-view.jpg?exp=10800,2025-12-26T19:20:00+09:00,2025-12-26T19:20:00+09:00,ねとらぼ,it_nlab,ねとらぼ,1050,"「関西人しか買わんで」と言われた靴とは……
夫に「関西人しか買わんで」と言われてしまった靴。実際に履いてみると……？　驚きの姿がThreadsに投稿されました。「めちゃめちゃ可愛い」「憧れる」と反響を呼び、記事執筆時点で1400件を超える“いいね”を獲得しています
【画像】妻愛用のスニーカー（全体）
投稿者は、色彩心理コミュニケーション講師の傍ら、4人のお子さんを育てる「青柳彩子」（@aoyagi.ayako）さん。関西在住の青柳さんが、「『そんなクツ関西人しか買わんで』と引き気味に夫に言われました」と添えて公開したのは、自身が履いている靴の写真です。

　一体どういうことかと写真を見てみると、その正体はアディダスのヒョウ柄スニーカーでした。インパクト抜群のヒョウ柄に、ヒモや裏地には相性の良い華やかなレッドがあしらわれており、個性と遊び心が光る一足となっています。

　ヒョウ柄といえば、関西らしい元気でパワフルなイメージを思い浮かべる人も多いかもしれませんが、実はファッションの世界では定番として何度もトレンドに返り咲いてきた人気の柄。取り入れ方次第で、ぐっとおしゃれで洗練された印象にもなります。

　青柳さんは夫から少し驚かれたものの、「車のディーラーで整備士さんからわざわざ『かわいいですね』って声をかけてもらった」とうれしそうにコメントしています。

　おしゃれなスニーカーに、Threadsユーザーからは「あら私好きよ」「私もこういうの好きです」「めっちゃいい！」「足元ポイントになっていいですね」「アディダスにそんなのあるんだ」「これを履きこなせるのが素敵」「似合ってるやん」「九州人の私から見ても可愛いですよ」「関西人じゃないけど欲しいです。靴だからこそこういうの選びたい」「自分は履かない柄だけど、自然にこういう柄をはいてる人には憧れる」「私も今迷ってましたが決めました、買います」「この投稿見て速攻買いました。ありがとうございました」などの声が。

　さらに「おそろで今履いてて笑いました！　めっちゃお気に入りです」「私買いました！　夫にやはり大阪のオバチャンと言われましたが職場の大学生に可愛いって言われて満足です」「私もお揃いです、メッチャ使えますよねー！」「自分でも攻めた靴だと思うのですが、履きやすいし意外と使いやすくてかなりお気に入りです」と、同じスニーカーの愛用者からもコメントが届きました。

画像提供：青柳彩子（@aoyagi.ayako）さん
川上酒乃",[],[]
“アヒル口”を整形と言われた男性アイドル→公開したのは……　疑いを一蹴する“驚きの写真”に「えっすごい」「誇って欲しい」（ねとらぼ）,https://news.yahoo.co.jp/articles/7582ca045caf64797331d51e7eb360701e845985,https://newsatcl-pctr.c.yimg.jp/t/amd-img/20251226-10137677-it_nlab-000-1-view.jpg?exp=10800,2025-12-26T19:15:00+09:00,2025-12-26T19:15:00+09:00,ねとらぼ,it_nlab,ねとらぼ,907,"“アヒル口”を整形と言われ公開したのは……
美容整形を疑われた男性が公開した写真は……。まさかの“証拠”がX（Twitter）で2100万回以上表示され、約10万件の“いいね”を獲得するほど話題になっています（記事執筆時点）。あまりに鮮やかな疑いの晴らし方に、「完成度すごすぎ」「この黙らせ方かっこよすぎ」と反響が集まりました。
【画像】“驚きの写真”
●整形を疑われた“アヒル口”の男性→公開したのは……
投稿者は、メンズアイドル「Zolpidem」のメンバーとして活動するXユーザーの「つぐてん」（@zlp_tsg）さんです。

　発端となったのは、つぐてんさんが「無整形、10年でここまで垢抜けました」と添えて投稿した、現在の自分と学生時代の自分を比較するポスト。現在のつぐてんさんはセクシーでチャーミングな“アヒル口”が特徴的ですが、学生時代はまだまだ素朴で垢抜けない印象です。一見すると別人のように思えてしまうほどかもしれません。

　その驚きの変貌ぶりから、投稿を見た一部の人からは整形を疑う声が。しかしつぐてんさんは動じることなく、「このアヒル唇で生まれてきたんや」と幼少期の写真を公開しました。その写真を見ると、確かに幼いころからアヒル口だったことが分かります！　こうしてつぐてんさんは、鮮やかに疑いを退けたのでした。
●確かに感じる面影
あらためて現在のつぐてんさんの姿を見てみると、しっかり幼少期の面影が残っているのが見て取れます。アヒル口はもちろん、ぱっちりした大きな目やキレイな顎のラインもそのまま。そのうえで、メイクやヘアセットなどの技術を培ってここまで垢抜けたのだとうかがい知れます。生まれ持った素質と、それに甘んじない努力の賜物ですね。
●「もう生まれたときから垢抜けてるでしょこれ」
整形疑惑を華麗に一刀両断したつぐてんさんに、リプライ欄などでは「すごい!!」「もう生まれたときから垢抜けてるでしょこれ」「いや唇そのまんますぎるだろステキかよ」「完成度すごすぎ」「誇って欲しい」「この黙らせ方かっこよすぎ」などのコメントが集まりました。

画像提供：つぐてん（@zlp_tsg）さん",[],[]
「『蝋人形にしてやろうか！』って言いそう」トカゲの“強烈な顔面”に驚きの声続々　「ジョーカーみたい」（ねとらぼ）,https://news.yahoo.co.jp/articles/29346c8f9e1f0d6e3cbdb8f8feba417a1cf365b9,https://newsatcl-pctr.c.yimg.jp/t/amd-img/20251226-10137078-it_nlab-000-1-view.jpg?exp=10800,2025-12-26T19:15:00+09:00,2025-12-26T19:15:00+09:00,ねとらぼ,it_nlab,ねとらぼ,938,"トカゲの見た目に驚き
名前だけでなく見た目もインパクト抜群な「スマトラの吸血鬼」の映像がYouTubeに投稿され、「面白いコばっかり！」「メッチャ可愛い～」と注目を集めています。
【画像】トカゲの顔
投稿したのは、ふじぴこ（@fujipico）さん。カメレオンを中心としたさまざまな爬虫類と一緒に暮らしており、以前には“ミミズのようでミミズではない不思議な生き物”の飼育環境を構築する様子が話題となりました。

　そんなふじぴこさんは、東京・浅草で開催されたイベント「第45回 アクアリウムバス」に、爬虫類の販売を行っている「ORYZA」のブーススタッフとして参加。特別な許可を得て、同店のブースにいる珍しい生体の姿を撮影しました。

　まず登場するのは、体に黄色のラインが入っているレインボージャクソンカメレオンのオス。ふじぴこさんの手の上で、あちこちをキョロキョロと不思議そうに見ています。

　続いて、レインボージャクソンよりも体が大きいことで知られるジャクソンカメレオン・キサントロプスが登場。オスとメスの両方を撮影したので、性別によって見た目がどう変化するのかよく分かります。

　今回撮った映像で特に印象的なのが、インドネシアの固有種・スマトラブラッドサッカー。頭部は全体的に黄色いものの、口端周辺は黒いため口が裂けているように見える強烈なビジュアルをしています。和名はクチサケホソカロテス！

　ブラッドサッカーは「血を吸う者」という意味ですが、チスイコウモリのような吸血動物ではありません。繁殖や威嚇の際に頭が血のように赤く染まるため、この名が付いたそうです。

　なお、目の周りが黒ずんでいて口が裂けたような外見をしているのはオスのみなのだとか。メスは全身が鮮やかなグリーンで優しい顔つきをしています。性別でこうも変わるのか……。

　動画にはベーメカメレオンやオナガコノハトカゲ、ブルーアイモリドラゴンなども登場。ふじぴこさんは各生体の特徴をショート動画で紹介しており、ブラッドサッカーの動画には「ジョーカーみたい」「『蝋人形にしてやろうか！』って言いそうだ」などの感想が寄せられています。

動画提供：YouTubeチャンネル「ふじぴこ」さん
羽野源一郎",[],[]
「発明すぎる」新発想の“京都のお土産”が買ってきてほしいと話題に「ようかんが引き立て役に回るとは」「名古屋民としてどう見ればいいのか…」（ねとらぼ）,https://news.yahoo.co.jp/articles/70f14e908172fe1e9eec38c8ac9d91fdf621356b,https://newsatcl-pctr.c.yimg.jp/t/amd-img/20251226-10137788-it_nlab-000-1-view.jpg?exp=10800,2025-12-26T19:10:00+09:00,2025-12-26T19:10:00+09:00,ねとらぼ,it_nlab,ねとらぼ,1025,"画像はイメージです（画像：PIXTA）
ねとらぼでは今年、アンケートサイト「ボイスノート」の協力のもと、関西地方在住者を対象に「買ってきてほしい京都のお土産は？」というテーマでアンケートを実施しました。
【画像】新発想「シートようかん」
今回は、アンケートで票を集めた「京都のお土産」上位をピックアップして紹介します。
●「スライスようかん 小倉バター」（亀屋良長）
今回は「スライスようかん 小倉バター」（亀屋良長）に注目してみましょう。こちらは京都の老舗和菓子店ならではの伝統と遊び心が融合したユニークな一品。丹波大納言小豆の粒あんを使った小倉ようかんに、沖縄の塩を効かせたバターようかんを重ね、ケシの実を散らした羊羹を薄いシート状にスライスした新しいスタイルのようかんです。

　これをトーストしたパンに乗せて焼くだけで「小倉バタートースト」として楽しめるのが最大の特徴。バターの香ばしい風味と粒あんの甘みがパンと一体になり、朝食やおやつタイムにぴったりの和洋折衷な味わいを提供します。年齢を問わず幅広い層に人気があり、お土産におすすめ。ネット通販でも手軽に購入可能です。
●SNSでは…
SNSでは「パンに乗せてやくと小倉バタートーストになる、シート型ようかん。発明すぎる。ようかんが主役じゃなくて引き立て役に回れることあるのか。朝食にようかん、実は結構いいんですよ」「これ美味しかったよ。ちょっとだけいいお値段やけどマーガリンちゃうし。けしの実がアンパンぽさを醸し出してくれてます」「小倉バタースライスようかんは名古屋民としてどう見ればいいのか若干迷う（おもろくてすきだよ）」といった声が上がっていました。
●第1位となったのは「阿闍梨餅」（阿闍梨餅本舗）
ちなみに、【関西地方在住者が選ぶ】買ってきてほしい「京都のお土産」ランキング第1位は、京都市左京区に本店を置く阿闍梨餅本舗の「阿闍梨餅」でした。

　「阿闍梨」とは仏教用語で、弟子を導く師匠という意味。日本では、天台宗・真言宗の僧位を表しています。「阿闍梨餅」の名前も、比叡山で修行する僧にちなんで命名されたそうです。

　阿闍梨餅は大正時代に2代目当主が開発したお菓子で、餅粉をベースに卵などさまざまな素材を練り合わせた生地に、粒あんを包んで焼いた半生菓子。形は阿闍梨がかぶる網代笠をかたどったもので、厳しい修行中に餅を食べて飢えをしのいだことから考案されています。
くもりガラス",[],[]
「これ1本で全部いける」無印良品の“家中が掃除できる泡クリーナー”が大人気　「フローリングが蘇りました」「逆さ噴射できて◎」年末の掃除に使える！（ねとらぼ）,https://news.yahoo.co.jp/articles/146cfb14c83d34e2cb088bb36be6250b95c45012,https://newsatcl-pctr.c.yimg.jp/t/amd-img/20251226-10137751-it_nlab-000-1-view.jpg?exp=10800,2025-12-26T19:00:00+09:00,2025-12-26T19:00:00+09:00,ねとらぼ,it_nlab,ねとらぼ,889,"（画像：ねとらぼ）
年末が近づくと、キッチン周りや床、窓など家のあちこちに残った汚れが気になり始めます。場所ごとに洗剤を使い分けるのは手間がかかり、準備だけで疲れてしまうこともありますよね。
【画像：「家中が掃除できる 泡クリーナー」を使用した人のSNSの投稿】
そんなときに無印良品の「家中が掃除できる 泡クリーナー」が便利です。さっそくどんなアイテムか見ていきましょう！
●無印良品 「家中が掃除できる 泡クリーナー」とは
無印良品の「家中が掃除できる 泡クリーナー」は、フローリングや窓ガラス、キッチン回りなど、場所を選ばず使える多用途タイプのクリーナーです。液性は中性で、植物由来の界面活性剤（パーム油）を使用し、無香料・無着色、蛍光増白剤や漂白剤は使われていません。

　泡タイプのため、日常の拭き掃除に取り入れやすく、スプレーしてから拭き取るだけで使える手軽さも特徴です。ボトルは逆さにして噴射しても最後まで使い切れる設計で、掃除の途中で持ち替える場面でも扱いやすい仕様。洗剤の種類を増やしたくない人や、年末の掃除をシンプルに進めたいときに取り入れやすいクリーナーです。
●購入者コメント
購入した人からは「万能クリーナー。床、壁、机など。中性なのでとりあえず気になったらあちこちで使ってます」「その名の通りこれ一本で家中が掃除できて重宝しています。これからも使い続けて家中の綺麗を保っていきたいです」「年末のお掃除用にそろそろ買い足したい」「キッチンもフロアも窓も洗面台もトイレも…全部これ1本で済ませています」「逆さまでもスプレーできるからトイレ掃除が1番ラクです」「フローリングが、しっとりした感じなり美しく蘇りました」「一家に一本」といった声が寄せられていました。
●コストコで購入できる「バウンス ドライヤーシート 320枚」も洗濯仕事におすすめ
コストコで購入できる「バウンス ドライヤーシート 320枚」は乾燥機に入れるだけで、シワや静電気を防いでくれるシートです。柔軟効果もあり、爽やかな香りが好評。320枚と大容量なのもうれしいですね。
あおいあめ",[],[]
ばあちゃん家を掃除中、重たい箱を発見→開けたら……　キラキラ輝く“中身”に「なにこれっ！」「とんでもないお宝」と268万表示（ねとらぼ）,https://news.yahoo.co.jp/articles/7c0cc8d96da918410de01825358a573e2777cd85,https://newsatcl-pctr.c.yimg.jp/t/amd-img/20251226-10136900-it_nlab-000-1-view.jpg?exp=10800,2025-12-26T19:00:00+09:00,2025-12-26T19:00:00+09:00,ねとらぼ,it_nlab,ねとらぼ,966,"箱の中から出てきたのは……
おばあちゃん家を整理していたら“重量感のある箱”を発見！　開けてびっくり、まさかの中身がX（Twitter）に投稿されました。「なにこれかわいい！」「とんでもないお宝だなぁ」と反響を呼び、記事執筆時点で268万回以上表示され、9800件を超える“いいね”を獲得しています。
【画像】まさかの中身
投稿者はディズニー好きの「そら」（@d_frozen_m）さん。「祖母の家を整理してたらこれ出てきたんだけど、当時売ってたグッズなのかな？」として紹介したのは、金色の南京錠風キーホルダーが5つ詰め合わせになっている箱です。これはいったい……!?

　よく見ると、箱には「Viva! Magic」「15YEARS」という言葉とともに東京ディズニーランドのロゴが。南京錠には東京ディズニーランドのロゴとともにディズニーキャラクターたちが刻まれています。

　これは東京ディズニーランドのスポンサー企業である第一生命のキャンペーンに当選するともらえるキーホルダーセット。「Viva! Magic」とは東京ディズニーランドの開園15周年を記念して1998年4月から1999年3月にかけて行われたイベントのキャッチフレーズです。

　予期せぬディズニーグッズとの出会いに「けっこう重量あって今ではレア品な気がする。流石に15周年グッズが家から出てくるとは思わなかった。飾っておく。笑」とそらさん。その後、祖母の家で大切に飾っているそうです。

　約25年前のものとは思えないきれいな状態のディズニーグッズにXでは「なにこれかわいい」「初めて知りました…！」「これは価値出そうだなぁ」「斬新だよねこれ」「15周年グッズって今ではなかなか出回らないですし、重量感あるなら当時のしっかりした作りの証拠かも」「10周年と15周年に思い出詰まりすぎてる私にはとんでもないお宝だなぁ」「家宝にしましょう」「こんなの家から出てくるの羨ましすぎる…！」「さすがおばあちゃん家…！」という驚きの声が。

　さらに「第一生命のグッズですね。私も持っていました！」「懐かしい！　これ昔家の鍵つけて家族みんなでそれぞれ持ってた」など、実際に持っていたとの声も寄せられました。

画像提供：そら@D垢（@d_frozen_m）さん
五月アメボシ",[],[]
「8枚8色購入しました」　ユニクロの“タートルネックセーター”が大人気　「冬はこれがないと乗り切れません！」「スタイルが良く、痩せて見える」（ねとらぼ）,https://news.yahoo.co.jp/articles/76354f734c9b2587390c056cf706111b392bcc28,https://newsatcl-pctr.c.yimg.jp/t/amd-img/20251226-10137689-it_nlab-000-1-view.jpg?exp=10800,2025-12-26T18:20:00+09:00,2025-12-26T18:20:00+09:00,ねとらぼ,it_nlab,ねとらぼ,1134,"画像：ねとらぼリサーチ
ユニクロから展開されている“タートルネックセーター”が、どんなコーデにも合わせやすく、スタイルが良く見えると人気を集めています。
【画像】ユニクロの“タートルネックセーター”
本記事ではそんな「メリノリブタートルネックセーター」について紹介します。
●ユニクロ「メリノリブタートルネックセーター」とは？
日本を代表するアパレルブランド・ユニクロは、シンプルで上質なデザインと高い機能性で知られています。ヒートテックやエアリズムなど独自素材を開発し、快適な毎日を支える“ライフウェア”を世界中に展開しています。

　そんなユニクロの「メリノリブタートルネックセーター」（税込2990円）は、メリノウールならではのなめらかな肌ざわりと細めのリブで、1枚でもインナーでもすっきり着られる定番ニットです。やや細めのシルエットで体のラインを美しく見せてくれます。ネットを使用することで洗濯機で洗うことができるのもうれしいポイントですね。

　カラーは、ネイビー、ブラック、オフホワイト、グレー、ベージュ、グリーン、ピンク、ワインなど幅広く、ベーシックから差し色までコーデに合わせて選べるのが魅力です。サイズはXS〜3XLまで用意され、一部サイズはオンライン限定。首元まで暖かく、ジャケットやコートの下でも収まりが良いので、冬のワードローブの核として色違いでそろえたくなる一着です。
●購入者の声
購入した人からは、「首の返し部分が深くなって形がとても綺麗なので、実際よりもスタイルが良く、痩せて見える！」「冬はこれがないと乗り切れません！」「 真冬でも春、秋にも着やすい一枚です！ 便利すぎて他の色も含めて4色買いました！」「肌ざわりが柔らかく、洗濯機で洗えるのが魅力です。色やサイズもたくさんあるので、何枚あってもいい商品です」「3年前から購入していて今年で8枚8色になりました」といった声が寄せられています。
●ニコアンドの「リバーシブルジップカーディガン」もおすすめ
ニコアンドの「リバーシブルジップカーディガン」は、1着で2通りの表情を楽しめる、リバーシブル仕様のカーディガンです。ストライプ柄のように見えるリブ編みと、ぽわんと広がるスリーブが特徴。吸湿性と肌触りの良さを持つ綿と、なめらかな落ち感が特徴のレーヨンをミックスした軽やかな着心地で、肌寒い朝晩や季節の変わり目にもぴったりです。

　シルエットはこなれ感があり、TシャツやロンTにさっと重ねるだけでスタイルが決まります。Vネックの開き加減も絶妙で、首元に抜け感をプラス。秋口から春先まで長く使えて、着回し力も抜群。ワードローブに加えておけば重宝すること間違いなしの一着です。
アロ麻婆",[],[]
「新幹線で食べるのが至福」男性に聞いた、“大丸東京店で絶対買いたい弁当”ランキング！　1位には「新幹線に乗る前に必ず買う」「本当にロースターで炙った風味がするね」の声（ねとらぼ）,https://news.yahoo.co.jp/articles/812e11cb130c237071e695067dc458537ead2330,https://newsatcl-pctr.c.yimg.jp/t/amd-img/20251226-10137693-it_nlab-000-1-view.jpg?exp=10800,2025-12-26T18:00:00+09:00,2025-12-26T18:00:00+09:00,ねとらぼ,it_nlab,ねとらぼ,963,"画像はイメージです（画像：写真AC）
東京都千代田区にある「大丸東京店」では、日本各地にある名店のお弁当をそろえています。和洋折衷のおいしいお弁当があり、そのなかには絶対買いたいと思うお弁当もあるのではないでしょうか。
【画像：ランキング21位～1位を見る】
ねとらぼでは、アンケートサイト「ボイスノート」の協力のもと、全国の男性を対象に「大丸東京店で絶対買いたい弁当店はどれ？」というテーマでアンケートを実施しました。

　多くの男性から「絶対買いたい」と支持を集めたのは、どのお店のお弁当だったのでしょうか。さっそくランキングを見ていきましょう！
●第2位：なだ万
第2位は、得票率9.9％で「なだ万」でした。1830年に創業した老舗日本料理店です。伝統的な料理を守りつつ、その時代にあわせた料理を提供しています。

　なだ万のお弁当は、さまざまな料理を少しずつお楽める「琴」や、二種の御飯が入った「匠の膳」、肉料理をそろえた「お肉料理となごみ御膳」など、彩り豊かで多種多様な種類をラインアップしています。
●第1位：叙々苑
第1位は、得票率10.1％で「叙々苑」でした。1976年に創業した焼肉レストランです。上質の素材はもちろん、味つけ、盛付け、タイミングなどを吟味、配慮し、「真のおいしさ」を追究しています。

　叙々苑のお弁当は、「カルビ弁当」や「上タン塩弁当」のほかにも、柔らかい「上ロース」を使用した「上ロース弁当」や、「サーロイン」を使用したぜいたくな「サーロイン弁当」など、焼肉でも人気のお肉を弁当に詰めた商品をラインアップしています。老舗の焼肉をお弁当で食べられることが「絶対買いたい」と思う理由なのではないでしょうか。

　SNSなどでは「今日の晩飯は東京駅大丸、『叙々苑カルビ弁当』花見バージョン肉増し。プチ贅沢」「叙々苑弁当はオレも好きで、東京に行った時は必ず新幹線に乗る前に東京駅の大丸の叙々苑の店に寄って弁当を買って帰るんだよね」「東京駅からの出発は大丸東京店で購入するのが便利ですね。しかし、この焼肉弁当、本当にロースターで炙った風味がするね」「東京駅だと八重洲口の大丸で叙々苑の焼肉弁当を買って新幹線で食べるのが至福」など、大丸東京店の叙々苑弁当を楽しんでいる声が見られました。
zakki",[],[]
「暖かすぎます」　ワークマンの“2900円ウォームパンツ”が高評価　「値段も手頃で気にせずガシガシ使えます」「想像通り動きやすく暖かくて最高」（ねとらぼ）,https://news.yahoo.co.jp/articles/e9dd50e5dca988286e1de5d8e33a8151f277b0c5,https://newsatcl-pctr.c.yimg.jp/t/amd-img/20251226-10137744-it_nlab-000-1-view.jpg?exp=10800,2025-12-26T17:30:00+09:00,2025-12-26T17:30:00+09:00,ねとらぼ,it_nlab,ねとらぼ,888,"（画像：ねとらぼ）
ワークマンの「ストレッチマイクロウォームパンツ」は、ワークマン公式オンラインショップ上で、1000件以上のレビューを得て、平均星4.6の高評価を得ているアイテム。今回はこの暖かい一枚に集まった、ユーザーの声を見ていきましょう。
【画像】2900円ウォームパンツ
●ワークマンの「ストレッチマイクロウォームパンツ」とは
ワークマンの「ストレッチマイクロウォームパンツ」（2900円）は、暖かく、伸びやかで動きやすく、スマホポケットなど実用的ディテールも備えた、冬用ストレッチパンツ。素材には吸光発熱フリースを採用し、特殊粉体を繊維に練り込むことで赤外線を吸収し発熱する設計になっているため、寒い環境でも暖かさが期待できます。

　ワークマンでは累計販売335万本を突破したという人気のアイテム。レビューを見ると、全体的な品質の高さが評価されているようです、
●購入者の声
購入した人からは「暖かくて履きやすい安定のお気に入りパンツです。一年おきに購入してます」「値段も手頃で気にせずガシガシ使えます。子供相手の仕事なので立ち座り追いかけっこなど最適です」「暖かすぎます。履いた瞬間、暖っけ〜〜。これにアンダーパンツ履いたらバイク通勤にも活躍できます。足の動きを制約することなくスムーズ動くことができ、この冬イチオシのパンツとなりました」「想像通り動きやすく暖かくて最高」といった声が上がっていました。
●ユニクロのスマートなパンツもおすすめ
ユニクロの「スマートアンクルパンツ」（3990円）は、普段着からきれいめスタイルまで対応できる万能な一枚。縦横にストレッチする2WAYストレッチ素材によって、歩く・座る・しゃがむなど日常の動きで窮屈さを感じにくい、快適な履き心地を実現しています。デザインとしてはアンクル丈（足首あたりで丈が止まる）で、裾にかけてテーパード（細くなる）したすっきりめの形。さらに、ウエスト部分はゴム仕様で履きやすく、家庭で洗濯でき、洗ってもセンタープレスが崩れにくく、アイロン要らずで手入れが楽なのも嬉しいポイントです。
くもりガラス",[],[]
後藤真希、自他ともに認める“アウトな格好”で原宿散歩　変装ゼロでふらっと降臨「普通にいるの驚き」「ビジュにしか目がいかない」（ねとらぼ）,https://news.yahoo.co.jp/articles/1e069771edbbc4c3834bb04570b15fe06b417620,https://newsatcl-pctr.c.yimg.jp/t/amd-img/20251226-10137781-it_nlab-000-1-view.jpg?exp=10800,2025-12-26T17:15:00+09:00,2025-12-26T17:15:00+09:00,ねとらぼ,it_nlab,ねとらぼ,879,"原宿の街中を“変装なし”で散歩（画像はYouTubeから）
元「モーニング娘。」でタレントの後藤真希さんが12月24日にYouTubeチャンネルを更新。プライベートで原宿を散歩する動画を公開しており、「普通に歩いていてビックリ」「バッタリ会ってみたいー！」などの反響が寄せられています。
【画像】本人も“アウト”と自虐したミニスカ
●変装ゼロで原宿散歩
次の仕事までの隙間時間に、ふらりと原宿を散歩した後藤さん。人通りが多い街中を“変装ゼロ”どころか、タイトなミニスカートを履いた目立つ服装で歩いています。

　後藤さんはマネジャーとの雑談を楽しみながら、アパレルショップなどを散策。動画後半では一般客に混ざってケバブのキッチンカーに並ぶなど、プライベートの時間を満喫しています。
●40歳のミニスカはアウト？
ウィンドウショッピングでは好みのワンピースを見つけますが、「いつこれ着るの私」「あと10歳くらい年齢を戻せばもうちょっとフランクに着れるかも」と“40歳”という年齢を気にする場面も。

　「今日のミニスカもきっとアウト」とこの日の服装を自虐気味に評価していますが、「ミニスカを履かなくなってしまうと、きっと今後ミニスカに抵抗を感じてしまう。普段から多少履いてる方が衣装とかでも抵抗感なく（ファンは）見て、（私は）着れて」と自身の考えも明かしています。

　それでも周囲の目が気になる部分があるようで、「『40歳なのにミニスカ履いてるよ痛いな』って思った方は、私はこういうふうに思っているぞと。自分のマイスタイルですからね」と理解を求めていました。
●「普通に歩いてるの驚き」「何も痛くない」と反響
ファンからは、「街中普通に歩いてるの驚き」「遭遇した人はめっちゃラッキー」「ビジュにしか目がいかない。本当綺麗すぎる」「年齢がバグってる」「40でミニスカでもスタイルキープされてて綺麗で似合ってるので全然いいと思います。何も痛くない」「脚綺麗だしスタイル抜群だし似合ってるからいつまでもミニスカ履いて下さい」などの反響が寄せられています。
深戸進路",[],[]
【2026年】アウトレットのセール・初売りはいつから？　最大80％オフ＆福袋情報もチェック（ねとらぼ）,https://news.yahoo.co.jp/articles/1aba3a24d40096f6831f4688232981b8b811af94,https://newsatcl-pctr.c.yimg.jp/t/amd-img/20251226-10137761-it_nlab-000-4-view.jpg?exp=10800,2025-12-26T16:30:00+09:00,2025-12-26T17:11:55+09:00,ねとらぼ,it_nlab,ねとらぼ,1435,"画像はイメージです（画像：PIXTA）
いよいよ年末年始休暇。歳末セールや初売りなど、お買い物情報が気になっている人も多いのではないでしょうか。特に、アウトレットモールのセール情報は事前に押さえておきたいところです。
【画像】アウトレットのセール・初売り日程一覧
12月26日から1月4日にかけては、全国のプレミアム・アウトレットや三井アウトレットパークなどで、お得なセールが盛りだくさん。冬物の割引販売や福袋、新年限定の特別企画など、施設ごとに内容はさまざまです。

　本記事では、全国の主要アウトレットについて、期間中のセール・初売り情報と営業時間を分かりやすくまとめました。ぜひ参考にしてみてください！
●【2026年】全国主要アウトレットの初売り・セール情報
年末年始は各所で歳末セールや初売りが開催されるため、この機会にお得に買い物を楽しみたいという人も多いでしょう。初売りは多くの店舗で行われるものの、歳末セールは開催されない店舗もあります。
●歳末セールが開催されるのは？
全国の三井アウトレットパークでは、「SUPER OUTLET SALE」を12月26日〜1月18日まで開催。各店舗によって最大80%オフになる、半期に一度の大セールです。なかでも「三井アウトレットパーク幕張」では、12月26日から31日まで福袋の先行販売があるのもポイント。そのほか、店舗ごとの数量限定アイテムが登場します。

　また、御殿場プレミアム・アウトレットでは、12月26日〜31日に冬物割引の「Countdown Sale」を実施。ユナイテッドアローズ、ガリャルダガランテ、ロンシャン、ディーゼルといった人気ブランドアイテムをお得に（最大80%オフ）入手するチャンスです。
●初売りはいつから？
プレミアム・アウトレットでは、全国10カ所（御殿場／りんくう／佐野／鳥栖／土岐／神戸三田／仙台泉／あみ／酒々井／ふかや花園）共通で、2026年の初売りセール「NEW YEAR SALE」を開催予定です。期間は2026年1月1日～4日まで（※仙台泉のみ1月2日開始）で、人気ブランドの福袋・大幅割引商品が並ぶためぜひチェックしておきたいところ。また、「ドラゴンクエスト」とのコラボ企画も開催中で、モンスターを探せるデジタルスタンプラリーや、ブランド×ドラゴンクエスト オリジナルコラボ商品などが期間限定で登場しています。

　なかでも静岡県にある御殿場プレミアム・アウトレットは、富士山の雄大な景観を望むロケーションが特徴の人気スポット。国内外の有名ブランドを幅広く取りそろえ、ファッション、スポーツ、ライフスタイル雑貨まで約200〜300店（季節により変動）のショッピングが楽しめます。アクセスの良さから東京・横浜方面からの来場者も多く、観光とショッピングを両立できるアウトレットとして年中にぎわっています。初売りを機会に、訪れてみるのもいいかもしれません。
●SNSなどの声
SNSなどでは「初売りはアウトレット行かなきゃ。散財決定」「入ってるショップの好み的に木更津行こうかな」「えっ、プレミアム・アウトレットとドラクエがコラボ！？買い物しながら冒険できるとか最高すぎん？」「なんだかんだ福袋は買ってしまう」などの声が上がっていました。

　ただしどのアウトレットもセールや初売り期間中は混雑が予想されるため、時間には余裕をもって買い物を楽しみたいものですね。
とらくろ",[],[]
サスケくん、「SASUKE」序盤で“まさかの大ピンチ”に会場悲鳴……　なんとか生き延びた事態に視聴者冷や汗「心配すぎて叫んだ」「心臓飛び出そう」（ねとらぼ）,https://news.yahoo.co.jp/articles/5feda3dd7dfbb6b1accf9111fd74301e04eae83b,https://newsatcl-pctr.c.yimg.jp/t/amd-img/20251226-10137764-it_nlab-000-1-view.jpg?exp=10800,2025-12-26T16:20:00+09:00,2025-12-26T16:20:00+09:00,ねとらぼ,it_nlab,ねとらぼ,867,"あと一歩のところで制覇逃す結果に（画像は森本裕介Instagramから）
“サスケくん”こと森本裕介さんが12月24日にSNSを更新。24日、25日に放送された大型特番「SASUKE2025～第43回大会～」（TBS系）で完全制覇目前の最優秀成績を収めましたが、その中で特に冷や汗をかいた障害物を明かしました。
【画像】サスケくんが“あわや終わりかけた”「SASUKE」関門
●3度目の完全制覇を目指して
3度目の完全制覇に期待がかかる森本さんは、出場者100人の中で唯一ファイナルステージに進出。第1関門のスピードクライミング、第2関門のサーモンラダーをクリアし、最後の綱登りに挑みましたが、“あと1秒”という紙一重の差でタイムアップとなりました。
●1stステージでまさかのピンチも
完全制覇は逃したものの、実力を発揮して最優秀成績を残した森本さん。その道のりは容易ではなく、大会を振り返ってみると1stステージから大ピンチを迎える場面がありました。

　森本さんは最後の挑戦者として1stステージに臨み、最後の関門「そり立つ壁」まで難なく到達。誰もが1発クリアを予感しますが、1回目のチャレンジは頂上に手がかかるも、上手くつかまることができずに失敗。まさかの事態に会場には悲鳴が響いていました。

　タイムアップが迫る中、2回目のチャレンジで見事に壁を登りきった森本さん。予期せぬ失敗で感情が高ぶっていたようで、クリア後には何度もクリアボタンを押しながら雄叫びを上げていました。
●視聴者は「心臓が飛び出そう」「テレビの前で叫びました！」
森本さんは1日目の放送後にSNSを更新しており、「そり立つ壁で冷や汗をかきましたが、何とか生き残ることができました」とまさかの大ピンチを回顧。

　視聴者からは、「1回目登れなかった時ヒヤヒヤしました」「心臓が飛び出そうでした」「心配すぎてテレビの前で叫びました！」「本当に焦って私も声出しちゃった」「いつも冷静なサスケくんの雄叫びは震えました」など大きな反響が寄せられました。
深戸進路",[],[]
「おしゃれなちゃぶ台」　IKEAの“折り畳める丸テーブル”が大人気　「シンプルで、畳めて、丸くて、家に馴染む」「作りも良く、値段の割に高級感もあります」（ねとらぼ）,https://news.yahoo.co.jp/articles/f7a715e677e7e0e69a4870d8416e5db0dda763c5,https://newsatcl-pctr.c.yimg.jp/t/amd-img/20251226-10137702-it_nlab-000-1-view.jpg?exp=10800,2025-12-26T16:00:00+09:00,2025-12-26T16:00:00+09:00,ねとらぼ,it_nlab,ねとらぼ,790,"（画像：ねとらぼ）
IKEAから販売されている「MOXBODA モクスボーダ コーヒーテーブル」が、メインのテーブルとしてはもちろん、サイドテーブルとしても使いやすく、コンパクトで軽いので使わない時は片付けることもできると高評価を集めています。
【画像】IKEAの“折り畳める丸テーブル”
本記事では、「MOXBODA モクスボーダ コーヒーテーブル」について紹介します。
●「MOXBODA モクスボーダ コーヒーテーブル」とは？
IKEAの「MOXBODA モクスボーダ コーヒーテーブル」は、脚を簡単に折りたたむことができるため、床を広く使いたいときや収納時にも便利なコンパクトサイズのテーブル。軽量で持ち運びやすく、スペースを取らないのが魅力です。天板は竹製で耐久性に優れており、環境にやさしい再生可能素材。組み立て不要で、購入後すぐに使えるのも便利です。サイズは直径70センチ・高さ30 センチ。価格は税込み7999円で販売されています。

　購入者からは、「おしゃれなちゃぶ台」「使わない時は折りたたんで片付けられるのも良かったです」「サイドテーブルとして使いやすい」「シンプルで、畳めて、丸くて、家に馴染む」「作りも良く、値段の割に高級感もあります」といった声が寄せられています。
●大きめサイズの折り畳みテーブルなら無印良品がおすすめ！
無印良品の「パイン材テーブル・折りたたみ式」（税込み：7990円）は、節の風合いを生かしたパイン材を使用した、使い込むほどに味わいが深まる折りたためるテーブル。ナチュラルな素材感が魅力で、お部屋に温もりを添えてくれます。組み立てや折りたたみが簡単にできるため、使いたいときにすぐに取り出せ、使わないときはコンパクトに収納できるのもうれしいポイント。ダイニングテーブルとしても、学習机としても使えるサイズ感も魅力です。
月夜に米",[],[]
「ミスド好き歓喜」　ミスタードーナツ×LEPSIMの“コラボアパレル”が話題　「めっちゃ可愛い！これは欲しい！特にスウェット！」「キーホルダーもめちゃ良い」（ねとらぼ）,https://news.yahoo.co.jp/articles/ec491be2d256c38321475e2566ee1b7e7e594c14,https://newsatcl-pctr.c.yimg.jp/t/amd-img/20251226-10137739-it_nlab-000-9-view.jpg?exp=10800,2025-12-26T15:40:00+09:00,2025-12-26T17:00:47+09:00,ねとらぼ,it_nlab,ねとらぼ,1593,"画像はイメージです（画像：PIXTA）
日本全国で親しまれている人気ドーナツチェーン「ミスタードーナツ」。定番の「ポン・デ・リング」や「オールドファッション」をはじめ、季節限定フレーバーやコラボ商品など多彩な商品展開も魅力の一つです。子どもから大人まで幅広いファンを持つ、国内を代表するドーナツブランドとなっています。
【画像】ミスド×LEPSIMの“コラボアイテム”
そんなミスタードーナツとアパレルブランド・LEPSIM（レプシィム）がコラボ。ドーナツやドリンクのイラストを使ったウェアなどが登場し、SNSでは「めっちゃ可愛い」「ミスド好き歓喜」などと話題となっています。

　本記事ではそんな「ミスタードーナツ×LEPSIM コラボレーションアイテム」を紹介していきます！
●「ミスタードーナツ×LEPSIM コラボレーションアイテム」とは？
「ミスタードーナツ×LEPSIM コラボレーションアイテム」は、ミスタードーナツが監修し、アダストリアのブランド「LEPSIM（レプシィム）」が販売するコラボ第2弾のアパレル＆雑貨シリーズで、人気のドーナツやドリンクをモチーフにしたイラストパーカーやスウェット、トートバッグ、ソックスなど“ミスド愛”たっぷりのアイテムがそろうコレクションです。

　2025年1月に発売した第1弾コラボが好評だったことを受け、今回はミスタードーナツ55周年にちなみ、創業時の店舗外観や店内をデザインに落とし込んだパーカーや大きめトートも登場するのがポイント。人気ドーナツ＆ドリンクのアートを大きくあしらった「イラストパーカー」「フォトクルースウェット」「フォトプリントパーカー」などが各税込5990円、「12ゲージドーナツプルオーバー」が税込6600円、「BIGトートバッグ」が税込2990円、「ラインソックス」が税込1320円、ドーナツチャームが税込990円と、日常コーデに取り入れやすい価格帯になっています。キッズサイズのスウェットも展開されるため、親子でリンクコーデを楽しめるラインアップになっているのも魅力です。

　発売日は2026年1月9日で、LEPSIM全店舗（新潟県内の一部店舗を除く）のほか、and ST STORE各店、公式WEBストアand ST、ZOZOTOWN、楽天などで取り扱い予定とされており、すべて今回のコラボのために描き下ろされたグラフィックを用いたLEPSIM限定アイテム。ミスタードーナツの店舗では販売されない点にご注意ください。
●SNSの声
SNSでは、「めっちゃ可愛い！！これは欲しい！特にスウェット！！」「欲しいいいいい！ミスド好き歓喜」「超欲しい...！キャップもかわいいしエンゼルフレンチのキーホルダーもめちゃ良い」「ハニーチュロ強火のための服あるwwwww」「これ着てミスド突撃したい」といった声が上がっています。
●ハリー・ポッター×GUのカーディガンもおすすめ
ベーシックな日常着から、季節ごとのトレンドを反映したアイテムまでそろうGU。カジュアルウェアからオフィススタイル、スポーツ、ルームウェアまで、デザイン性とコスパの高さのバランスが良く、トレンドアイテムを気軽に試したい人にとって魅力的なブランドです。

　そんなGUから登場した「Vネックカーディガン Harry Potter（レイブンクロー）」は、ホグワーツ魔法魔術学校の4つの寮のうち、知性を重視する「レイブンクロー」をフィーチャーしたアイテム。作中ではルーナ・ラブグッドやチョウ・チャンといったキャラクターが活躍しました。カーディガンはレイブンクローを象徴する配色と寮のシンボルであるワシをワンポイント刺しゅうしたデザイン。ワッペンはレイブンクローの頭文字である「R」の字柄となっており、少し大きめでインパクトがあります。
kei",[],[]
A.B.C-Z塚田僚一、“SASUKE引退”のラストランが劇的展開　Snow Man岩本照は“12回目の覚悟”に号泣抱擁「塚ちゃんがいたから……」（ねとらぼ）,https://news.yahoo.co.jp/articles/f237cfe8e8222519785bb073bd7e3ae3a16ec863,https://newsatcl-pctr.c.yimg.jp/t/amd-img/20251226-10137743-it_nlab-000-1-view.jpg?exp=10800,2025-12-26T15:15:13+09:00,2025-12-26T15:15:13+09:00,ねとらぼ,it_nlab,ねとらぼ,867,"最後の挑戦となりました（画像は「SASUKE」公式Instagramから）
男性アイドルグループ「A.B.C-Z」の塚田僚一さんが12月24日放送の大型特番「SASUKE2025～第43回大会～」（TBS系）に出演。“SASUKE引退”を決意して臨んだラストランに反響が寄せられました。
【画像】ラストラン後の先輩を“号泣抱擁”する岩本照さん
●アイドル界のパイオニア
塚田さんは2015年の第31回大会で、男性アイドル未開の地だったSASUKEに初出場。アイドル界のパイオニアとして挑戦を続け、歩んできた道は後輩たちの道しるべとなりました。

　12回目の出場となる今大会で、“最後のSASUKE”にする決意を固めた塚田さん。事前インタビューでは、「ありがとうの気持ちを持って挑みたい」を人生とともにあったSASUKEへの感謝を語りました。
●後輩たちと熱い抱擁
スタート前には、塚田さんの背中を追ってSASUKEに出場した「Snow Man」岩本照さん、「WEST.」濵田崇裕さん、「B＆ZAI」菅田琳寧さんと熱い抱擁を交わす場面も。

　たくさんの声援を受けながらスタートを切り、最終エリア「そり立つ壁」まで到達しますが、頂上には手が届かず無念のタイムアップ。脱落直後こそ悔しさをにじませましたが、“10年間の挑戦”を誇るように清々しい表情に変わっていく様子が印象的でした。
●つなぐバトン
最後には、“本当のラストラン”としてそり立つ壁を自力で登りきった塚田さん。「皆さんありがとうございました！　大変お世話になりました！」と感謝の思いを伝え、「後輩をこれからもよろしくお願いします！」と目に涙を浮かべながら後輩たちにバトンをつなぎました。

　コースから降りた後には、先輩の勇姿に号泣する岩本さんと抱擁。岩本さんは、「塚ちゃんがいたから、こうやってオレらが出れるようになったし、クリアが全てじゃないって姿も色々教えてくれた」と思いの丈をぶつけ、「やる気がゼロじゃないなら戻ってきてほしい」と本音も吐露していました。
深戸進路",[],[]
捨てるだけの枝をぐるんと丸めて、100均アイテムを着けると……　完成品に「素敵すぎます…！」「天才的に可愛いです」（ねとらぼ）,https://news.yahoo.co.jp/articles/8afde9ac1e28457b6fe8822fac9496dbf9a31162,https://newsatcl-pctr.c.yimg.jp/t/amd-img/20251226-10137436-it_nlab-000-1-view.jpg?exp=10800,2025-12-26T15:15:00+09:00,2025-12-26T15:15:00+09:00,ねとらぼ,it_nlab,ねとらぼ,803,"枝を丸めたら……
刈り込んだ後に捨てる枝を使って……。ナチュラルでおしゃれなリースの写真がThreadsに投稿されました。記事執筆時点でこの投稿の閲覧数は32万回を突破し、“いいね！”は2万件を超えています。なんてすてき……。
【画像】完成品
投稿者は4歳と2歳の姉妹を育てる母・KAORI（@_____kaolf.k）さん。SNSでは暮らしにさまざまな手作りのものを取り入れている日々の様子を発信しており、以前には娘さんのために作った誕生日ケーキが反響を呼びました。今回話題になったのはオリーブの枝で作ったクリスマスリースです。

　使用した材料は、剪定（せんてい）した枝と100円ショップで売っている熊よけの鈴、そしてリボン。葉のついた枝をくるっと円にし、鈴を上部に取り付け、右上に白いリボンを結んでいます。

　玄関の扉に飾られたリースは洗練されたクリスマスの雰囲気。木目とオリーブの葉が調和し、熊よけの鈴の風合いもなじんでいます。白いリボンが良いアクセントとなって、ぐっとおしゃれな仕上がりになっていました。

　投稿には「なぜこの写真で『ぜったい家の中オシャレ』とわかってしまうんだ」「すみません、素敵すぎます…！」「これはセンスがある人がやるオシャレです」「熊よけの鈴までおしゃれとかどういうことですか…！」「天才的に可愛いです」「このかたのセンスなら、落ちてるものが全てオシャレになる気がする」といった声が寄せられています。

　身近で少ない材料だからより一層センスの高さが際立ちますね。KAORIさんはこの他にもさまざまな手作りの作品をThreadsアカウント（@_____kaolf.k）やInstagramアカウント（@_____kaolf.k）で公開中です。

画像提供：KAORI　interior, daughter, cooking（@_____kaolf.k）さん
瀬山野まり",[],[]
「デザインが優秀」　THE NORTH FACE（ザ ノース フェイス）の“ポーチバッグ”に絶賛の声 「同じものをリピ買い」「大きさ・質感◎」（ねとらぼ）,https://news.yahoo.co.jp/articles/909c88ce03b63349f6c2441bfbcaee725cff21e5,https://newsatcl-pctr.c.yimg.jp/t/amd-img/20251226-10137692-it_nlab-000-1-view.jpg?exp=10800,2025-12-26T15:00:00+09:00,2025-12-26T15:00:00+09:00,ねとらぼ,it_nlab,ねとらぼ,1239,"（画像：ねとらぼリサーチ）
高耐久・高品質なアイテムが自慢のアウトドアブランド「THE NORTH FACE（ザ ノース フェイス）」。アウトドア用品からタウンユースできるアパレルまでさまざまな商品を取り扱っていますが、そのなかでも注目したいのが「旅行・トラベルグッズ」です。
【画像：THE NORTH FACE（ザ ノース フェイス）の“ポーチバッグ”】
本記事では、THE NORTH FACE（ザ ノース フェイス）の「BCトラベルキャニスター」について紹介します。
●「BCトラベルキャニスター」とは？
THE NORTH FACE（ザ ノース フェイス）の「BCトラベルキャニスター」は、旅行先やアウトドアシーンで使う小物を持ち運ぶのに便利なポーチバッグです。ころんとした筒状のシルエットで自立するのがポイント。上部のファスナーを開けるとフックストラップがついているため、ハンガーのようにひっかけて使うことができます。付属の面ファスナー付きミラーをベルトに取り付ければ、鏡がない場所でも洗顔・髭剃り・メイクなどができるすぐれもの。ファスナー付きのメッシュポケットもあり収納力抜群。Sサイズは縦12センチ・横23センチ・マチ12センチで、Lサイズは縦14センチ・横28センチ・マチ14センチ。シェーバー・歯ブラシといった長さのあるアイテムもすっきり収まります。

　表地はポリエステル製で、防水性があるため多少の濡れは問題なし。洗面台などの水回りでも安心して使うことができます。両サイドにハンドルがついていて、持ち運びもスムーズ。ポーチに中身を入れた状態で身支度できるので、置き忘れてしまう心配がありません。シンプルなブラックのほか、ブルー・イエロー・レッドなどもラインアップ。Amazon・楽天市場といった通販サイトでは、Sサイズは7000円前後・Lサイズは1万円前後で販売されています。
●購入した人のコメント
購入した人からは、「大きさもよくバッグの質感もしっかり」「デザインがかなりいい」「同じ商品を再購入。これほんと良い」といった声が寄せられています。
●アウトドアでも使える機能性抜群なPORTER（ポーター）のポーチもおすすめ
PORTER（ポーター）の「TACTICAL（タクティカル）ポーチ」は、軽さと機能性を重視した「PORTER TACTICAL（ポーター タクティカル）」シリーズのポーチ。縦11センチ・横20センチ・マチ4.5センチの横長で、キーケースやコインケースといった小物を入れたり、バッグインバッグにしたりといろいろな使い方ができる万能アイテムです。メイン素材のSTAMOID LIGHT（スタモイドライト）は、ヨットやクルーザーの停泊時カバーに採用されている生地。強度・軽さ・防水性・耐光性を兼ね備えていて撥水加工も施されているため、キズ・汚れ・擦れを気にせず使えるのが魅力。アウトドアシーンで使いたい人にもおすすめです。
yuri",[],[]
80代のご近所さんから「お昼に食べて！」と渡されたのは……　心にしみる差し入れに「羨ましい」「食べたくてもどこでも買えないよ」（ねとらぼ）,https://news.yahoo.co.jp/articles/9b6ece381c18cde56effd391808d0fb00a818d4b,https://newsatcl-pctr.c.yimg.jp/t/amd-img/20251226-10137237-it_nlab-000-1-view.jpg?exp=10800,2025-12-26T14:30:00+09:00,2025-12-26T14:30:00+09:00,ねとらぼ,it_nlab,ねとらぼ,916,"ご近所さんにもらったのは……
ご近所さんから「お昼に食べて！」と渡されたのは……。心温まる“差し入れ”がThreadsに投稿されました。「食べたら泣いちゃうやつ」「羨ましいです」と反響を呼び、記事執筆時点で45万回再生を突破、2万1000件を超える“いいね”を獲得しています。
【画像】温かい差し入れ
投稿者は、ThreadsユーザーのTNK（@tnk.02）さん。ある日の仕事帰り、ご近所のお姉様（80代）から「待ち伏せしてたの！　お昼に食べて！」とサンドイッチをもらいました。

　TNKさんは前の日に多肉が好きだというご近所さんへ過剰苗で作った寄せ植えをプレゼントしており、サンドイッチはそのお礼だそうです。薄いパンに野菜や卵など彩り豊かな具材がたくさん詰め込まれた見た目も美しいサンドイッチ。あげる相手のことを思いながら丁寧に作っている場面が目に浮かびます。

　また、かわいい待ち伏せに「渡し方がすごく可愛かったなぁ」としみじみ。そんな、ご近所さんの行動にキュンキュンしながらサンドイッチを食べてみると……TNKさんは「味もお店のように美味しかったー！」と、さらに幸せいっぱいな気持ちになったのでした。ご近所さん同士で何かをあげあいっこできる関係性に憧れますね！

　心のこもったお返しに、Threadsユーザーからは「幸せのサンドイッチ」「手作りだったなんてエグ過ぎぃぃぃぃ」「断面が綺麗で美味しそう」「すごい端まで具がぎっしり」「わぁ〜お店のサンドイッチみたい」「こんなサンドイッチ、食べたくてもどこでも買えないよ」「しかもこれ単純にタマゴ、ハムじゃなくて真ん中に1枚パンが挟まれてて3枚で1つのやつやん！」「こんなに丁寧に作ってあるサンドイッチ久々に見ました」などたくさんのコメントが。

　また「お礼を渡したくて待ち伏せするのもかわいい」「待ち伏せされたい」「素敵なご関係にほっこり」「私も多肉好きなんで仲間に入れてください」「いいな、近所に住みたい」「お人柄が現れてますね〜」「その80代のお姉様、私にも紹介して下さい」と、2人の関係性にも注目が集まりました。

画像提供：TNK（@tnk.02）さん
富永なび",[],[]
「毎年買い足しています」「これ結構使えます」ユニクロの“ハイネックT”が年末祭でお得　「ジャケットのインナーとして重宝」「首の締め付けがなく着心地が良い」【28日まで】（ねとらぼ）,https://news.yahoo.co.jp/articles/27ab076073ed476e47fc47fb6505b0167b78944a,https://newsatcl-pctr.c.yimg.jp/t/amd-img/20251226-10137697-it_nlab-000-1-view.jpg?exp=10800,2025-12-26T14:30:00+09:00,2025-12-26T14:30:00+09:00,ねとらぼ,it_nlab,ねとらぼ,709,"（画像：ねとらぼ）
ユニクロでは年末にかけて「年末祭」を実施中。さまざまなアイテムが期間限定価格でお得に買えるようになっています。今回はセール対象商品から、安いうちにそろえておきたい定番の一品「リブハイネックT/長袖」を見ていきましょう。
【画像】セール中「ハイネックT」
●ユニクロ「リブハイネックT/長袖」とは？
ユニクロの「リブハイネックT/長袖」は、程よく厚みのあるリブ素材が使われており、1枚でもきれいに見える仕上がりのトップス。フィット感のあるスリムなシルエットとハイネック仕様がポイントです。年末祭のセール対象商品となっており、「1290円」とお得な値段で購入することができます。

　レビューでは「ハイネックの方が着られる季節が長いし程よく首をカバーしてくれるので、毎年買い足しています」「首の締め付けがなく着心地が良い」「これ結構使えます。薄手でタイトなのでインナーにはバッチリ！それなりに暖かいし、首を寒気から守ってくれるので使えます」「首元のリブが立ち上がり、上品に見えます。重ね着しても締めつけ感がなく、ジャケットのインナーとして重宝しています」などの声が見られました。
●無印良品のTシャツもおすすめ
無印良品の「婦人　なめらかリブ編みクルーネック長袖Tシャツ」は、天然由来の再生繊維であるリヨセルと、環境に配慮したオーガニックコットンを使用したクルーネック長袖Tシャツ。なめらかで柔らかな肌触りが特徴で、薄手ながらもしなやかで程よい伸縮性があり、快適な着心地が特徴です。コンパクトなフィット感と上品な表面感で、きちんと感がありながらもリラックスして着られる一着となっています。
くもりガラス",[],[]
「足の疲れが他スニーカーと段違い」HOKA（ホカ）の“スニーカー”が大好評　「1万歩以上もへっちゃら」「明らかに疲れにくくなった」「オールブラックにして帰宅ランしてる」（ねとらぼ）,https://news.yahoo.co.jp/articles/649b17a604c1c0ffaae7cb33209036591f3f27ad,https://newsatcl-pctr.c.yimg.jp/t/amd-img/20251226-10137691-it_nlab-000-1-view.jpg?exp=10800,2025-12-26T14:00:00+09:00,2025-12-26T14:00:00+09:00,ねとらぼ,it_nlab,ねとらぼ,1465,"（画像：ねとらぼ）
軽さとクッション性を兼ね備え、日常使いからランニングまで幅広く活躍するHOKA（ホカ）スニーカー「Rincon 4」が人気を集めています。その軽さと柔らかさに「長時間歩いても足の疲れが他社スニーカーと比べても段違い」という声も。さっそく紹介していきます！
【画像】HOKA（ホカ）の“スニーカー”
●HOKA（ホカ）の「Rincon 4」とは？
HOKA（ホカ）はフランスで誕生し、厚底ランニングシューズのブームを巻き起こしたフットウェアブランド。そんなホカの「Rincon 4」は、驚くほどの軽さとクッション性の高さが特徴の「RINCON」シリーズを細部まで一新されて誕生したモデルです。改良を重ねたフォームとラバライズドEVAが組み合わさることで反発性と耐久性が向上し、その相乗効果により踏み出すたびにやわらかく軽快な走り心地を感じられるのだとか。また、耐摩耗性に配慮したアウトソールデザインを採用し、足を包み込むようなサポート力も強化しています。進化した軽さと柔らかさによって、快適に長くランニングを楽しめる一足です。

　2025年12月26日現在、Amazonでは30％オフの1万1580円（ブラック/ブラック・26.5センチ）で反版しています。

　購入した人からは、「長時間歩いても足の疲れが他社スニーカーと比べても段違いです。飛行機や新幹線などでの旅行にも頻繁に出かけていますが、移動で1日1万5000歩ほど歩いてもへっちゃらです」「普通のスニーカーとして使っていますが、明らかに疲れにくくなりました」「歩きやすく足が疲れにくいです。普段使いに最適だと思います」「素晴らしいです、本当に気に入りました」などといった声が。

　また、ランニングなどで使用している人からは「買ってから2カ月ジムで使用しました。新品のもちもち感がずっとあるので長時間走っても疲れなくなりました」「軽くてフィット感最高！足先も痛くならず快適！！」「クッション性が高く、脚への負担が軽いです。それでいて前への推進力が高く、自然と良いフォームで走ることができます。走るのが楽しくなるようなシューズです」「オールブラックにして、仕事に履いて行って帰宅ランをしています」といった声が寄せられていました。
●THE NORTH FACEのスリッポンもおすすめ！
ザ・ノース・フェイスの「ベロシティ ニット II ゴアテックス インビジブル フィット（NF52349）」は、タウンユースにフィットするミニマルなデザインと機能性を融合させた、全天候型スニーカーです。防水透湿性に優れた「GORE-TEX Invisible Fit（ゴアテックス インビジブル フィット）」を採用し、雨の日でも足元をドライに保ちつつムレにくさも両立しており、突然の天候変化にもスマートに対応可能。また、防水シューズにありがちなゴワつきや重さを感じさせない軽量設計で、軽やかな履き心地を実現しています。

　アッパーには100％リサイクル素材のストレッチニットを採用、縫い目を極力減らしたニット成型により、足に吸い付くようなフィット感を実現。さらに、ヒールカウンターを内蔵することで、かかとの安定感とくつ自体のヘタリにくさを強化しています。ほか、「XTRAFOAM」「2層圧縮成型EVAミッドソール」「Vibram ECOSTEP NATURALラバーアウトソール」など、こだわりの設計で、長時間の歩行でも足がブレにくく、疲れにくい構造です。
たけのこ",[],[]
「好きな人にはたまらない」若者が選ぶ“ブランド力”が高い国立大学！　「植物系の研究で出来ないことはほぼ無い」「国立大学唯一の看護学部」（ねとらぼ）,https://news.yahoo.co.jp/articles/24f8f60147841ff7dee324e154c468a7b5fc940b,https://newsatcl-pctr.c.yimg.jp/t/amd-img/20251226-10137695-it_nlab-000-1-view.jpg?exp=10800,2025-12-26T13:30:00+09:00,2025-12-26T13:30:00+09:00,ねとらぼ,it_nlab,ねとらぼ,1389,"画像はイメージです（画像：PIXTA）
ねとらぼでは今年、アンケートサイト「ボイスノート」の協力のもと、30代以下を対象に「東大・京大以外でブランド力が高いと思う国立大学は？」というテーマでアンケートを実施しました。
【画像：ランキング11位～1位を見る】
上位となった大学から、実際の学生の声とともにピックアップして紹介します。なお、学生の声は「みんなの学校情報（大学版）」から引用しています。

　「みんなの学校情報（大学版）」は、全国の保育園、幼稚園、小学校、中学校、高校、専門学校、大学等の学校選びに役立つ情報を総合的に得ることのできるポータルサイトです。実際の生徒等本人や保護者からの口コミ情報が70万件以上と豊富に掲載されており、偏差値ランキングや各学校の学べる内容などの充実したコンテンツが掲載されています。
●「千葉大学」とは
「ブランド力」アンケートで上位となった大学から、「千葉大学」について見ていきましょう。千葉県千葉市に本部を置く、教職員数は約3600人、学部学生の収容定員は9742人、大学院収容定員は3183人の総合大学です。学部構成は多岐にわたり、国際教養学部、文学部、法政経学部、教育学部、理学部、工学部、情報・データサイエンス学部、園芸学部、医学部、薬学部、看護学部を設置しています。

　首都圏に位置する国立大学であることから受験生からの人気も高く、旧帝国大学と呼ばれる難関大学に次ぐ入試難易度の学部も多くあります。学生は教養と専門性を併せ持つ教育環境の下で学び、社会に出た後も、さまざまな分野での貢献を期待されています。
●学生の声
「植物系の研究で出来ないことはほぼ無い。園芸の様々な面からのアプローチ（昆虫、植物の病気、育種、細胞の研究）ができる研究があり結構幅広い。自分のやりたい分野が見つかると思う」（園芸学部園芸学科）

「好きな人にはたまらない。デザインを学ぶことが出来る国公立大学は数少なく、その中でも伝統や実績があるので受験するならここ以外に選択肢がありませんでした」（工学部）

「留学することが卒業条件なので、多くの学生が短期、長期留学をしています。留学先では日本ではできない経験や語学力の向上、ボランティアなど人によって様々なことに取り組んでいます」（国際教養学部国際教養学科）

「国立大学唯一の看護学部。国立大学唯一の看護学部で歴史があり、先生方が誇りを持っていることが伝わってきます。教育の質は高いのだと思います。また、希望すれば全員が保健師、選抜制で助産師の国家試験受験資格を得ることができます」（看護学部看護学科）
●第1位となったのは…「一橋大学」
ちなみに「ブランド力が高い国立大学」ランキング第1位は、得票率9.4%の「一橋大学」でした。1875年に東京・銀座で実業人育成を使命として創設された私塾「商法講習所」を起源とする大学です。第二次世界大戦後の1949年、学制改革により「一橋大学」に改称されました。

　約150年にわたる歴史のなかで、経済・商学・法学の英才教育や、財界・官界をはじめ各分野で活躍する卒業生の存在などが高く評価されています。2018年には「一橋ビジネススクール（HUB）」が誕生し、2023年にはソーシャル・データサイエンス学部・研究科が新設されました。
小林翆山/波止場の鯱",[],[]
「漫画みたいな展開」人気Mリーガー、“衝撃の移籍”発表に麻雀業界＆ファン震撼　「衝撃的すぎる」「かっこいい」（ねとらぼ）,https://news.yahoo.co.jp/articles/0f05d37e54eda11e2e18a896e63f45a93c871d6e,https://newsatcl-pctr.c.yimg.jp/t/amd-img/20251226-10137712-it_nlab-000-2-view.jpg?exp=10800,2025-12-26T13:27:30+09:00,2025-12-26T13:40:08+09:00,ねとらぼ,it_nlab,ねとらぼ,1225,"堀慎吾選手（公式サイトより）
プロ麻雀リーグ「Mリーグ」の「KADOKAWAサクラナイツ」に所属する堀慎吾さんが12月26日、日本プロ麻雀協会を退会することを発表しました。今後は日本プロ麻雀連盟に移籍するとし、Xでは関連ワードがトレンド入りするなど大きな反響を集めています。
【画像】心配されるほど激痩せした堀慎吾
●「大きな目標をもって競技麻雀に取り組みたい」
協会の公式サイトでは「堀慎吾選手退会のお知らせ」と題し、「このたび、当会所属の堀慎吾選手が、2025年12月31日をもちまして日本プロ麻雀協会を退会することとなりましたので、ご報告申し上げます。堀選手は『新たなステージで、自身の実力を試したい』との強い思いから、約1年前より五十嵐代表をはじめとする協会理事に意思を伝えておりました。協会としても、その意志の真摯さと打ち手としての向上心を尊重し、話し合いを重ねた結果、今回の退会を受け入れる運びとなりました」と理由とともに報告しています。

　また、堀選手もnoteを更新し「団体から発表があった通り、来年度から日本プロ麻雀連盟に入会します」と発表。理由について「もう一度大きな目標をもって競技麻雀に取り組みたいと思ったからです。日に日に麻雀＝仕事という感覚が強くなり、どんどん競技麻雀へのモチベーションが下がっていくのを感じていました。実際にここ数年タイトル戦というものにエントリーしたことがありません。きっかけは本当に些細な事で、麻雀プロの若い子同士が特昇リーグやタイトル戦の話をしているのを横で聞いていたとき、ああ、羨ましいなぁ。僕にもこんな時代があったなぁと思ったことです」としています。
●“歴史的移籍”に反響
衝撃の報告にSNSでは「堀さん連盟」などのワードがトレンド入り。ファンから「衝撃的すぎる」「まさかの連盟へ」「すごい！応援します」「漫画みたいな展開」「移籍理由が腕だめししたいはかっこいい！」など驚きの声が見られました。

　また、プロ雀士で、連盟所属の魚谷侑未選手は「堀さん？！連盟へいらっしゃいませ」と驚き、現協会所属の仲林圭選手は「協会で戦うことはもう無くなるけど、連盟で活躍を期待している」とエールを送りました。
●異名は「小さな天才」
堀選手は1984年3月23日生まれの新潟県出身。2010年に日本プロ麻雀協会に入会し、2019年に自団体のリーグ戦の頂点である「第18期雀王戦」を制覇。

　2020年7月に開催されたMリーグドラフトで、KADOKAWAサクラナイツから指名され、現在はMリーガーとしても活躍しています。

　今後は連盟に所属し、「ありがたいことに上位リーグからの参加というお話もいただきました。ただ、そこはわがままを言わせていただき、一番下のE3リーグから入れてもらうことになりました」と説明。最下位リーグからスタートし、同団体の最高称号である「鳳凰位」を目指すとしています。
小倉英里",[],[]
「本当にこの値段でいいの！？」ワークマンの“1900円トートバッグ”が大人気　「コスパ最高」「サイズ感、軽さ、使いやすさ、どれも素晴らしい」（ねとらぼ）,https://news.yahoo.co.jp/articles/85ff1b4930251377dad9a216051d8cb892fed9a8,https://newsatcl-pctr.c.yimg.jp/t/amd-img/20251226-10137684-it_nlab-000-2-view.jpg?exp=10800,2025-12-26T13:00:00+09:00,2025-12-26T14:02:32+09:00,ねとらぼ,it_nlab,ねとらぼ,1546,"画像：ねとらぼリサーチ
ワークマンの「ジョイントトートバッグエキスパートエディション」は、通勤・通学からアウトドアまで幅広く使えるトートバッグ。PC対応のバックポケットも搭載し、ビジネス用途にも便利だと好評です。
【画像】ワークマンの“1900円トートバッグ”
今回は、そんな「ジョイントトートバッグエキスパートエディション」の特徴を紹介します。
●ジョイントトートバッグエキスパートエディション
ワークマンは、もともと作業服専門店としてスタートした日本のブランドで、近年は「ワークマンカラーズ」などの展開を通じて、アウトドア・スポーツ・日常使いに適した高機能・低価格のアパレルを幅広く展開。優れた機能性とコスパの高さで注目され、性別・年代を問わず多くのファンを獲得しています。

　そんなワークマンの「ジョイントトートバッグエキスパートエディション」は、通勤・通学からアウトドアや旅行まで幅広いシーンで活躍するトートバッグ。デザインはシンプルなトート型。メインコンパートメントはファスナー仕様で、移動中の中身の飛び出しを防止します。大きく開く開口部は荷物の出し入れがしやすく、書類や衣類、ガジェット類などもすっきり収納可能。価格は税込み1900円で販売されています。

　内側・外側の両方にポケットが備えられており、小物を整理して入れられるのもうれしいポイント。また、パソコンやタブレットを持ち歩く人にうれしい広々としたバックポケットを搭載しています。仕事や勉強でデバイスを持ち歩くことが多い人にもおすすめです。表面にはテフロン加工が施されており、高いはっ水性を発揮。小雨程度ならしっかり水を弾いてくれるので、通勤途中のにわか雨やアウトドアシーンでも安心して使えます。

　2025年12月26日時点で、オンラインストアでは在庫切れとなっているため、入荷通知リクエストをオンにしておくのがおすすめです。
●購入した人のコメント
購入した人からは、「サイズ感、軽さ、使いやすさ、どれをとっても申し分なし」「軽くて丈夫」「ブラックを所持しており、色違いで購入しました。使い勝手、コスパ共に良いですね」「本当にこれでいいのという価格」「コスパ最高」「仕事用にぴったり。重要書類を入れる大きなファイルがすっぽり入りジッパーも閉まります。クッション入りのスリットにはノートPCがそのまま入れられてソフトケース要らず。バッグ本体が軽く、持ち手が長めで肩にかけやすいのも良し。荷物が増えたり傘をさす時は付属のベルトで斜めがけ出来るのも助かります。これで1900円はコスパ高過ぎ！」といった声が寄せられています。
●キタムラの「2wayリュック R-0767」もおすすめ
キタムラの「2wayリュック R-0767」は、上品さと機能性を兼ね備えたアイテム。素材には、弱はっ水加工を施したポリエステル生地を採用。軽くて丈夫なうえ、多少の雨や汚れにも強く、デイリーユースにぴったりです。その名の通り「2WAY仕様」になっており、リュックとして背負うのはもちろん、ハンドバッグのように持ち手を持って使うことも可能。背面にはクッション材が入っており、長時間の使用でも背中への負担を軽減します。サイズはA4サイズがすっきり入るちょうどいい大きさ。容量は約17リットルで、重さはわずか430グラムと軽量です。

　内部には3つのポケットを備え、小物類もきちんと整理できます。外側にもファスナーポケットと2つのオープンポケットがあり、すぐに取り出したい物を入れるのに便利です。デザインのポイントは、持ち手と同色で施された「K」の刺しゅう。さりげないアクセントとして全体を引き締め、上品な遊び心をプラスしています。
kei",[],[]
「驚くほど軽いのに暖かい」パタゴニアの“ダウンジャケット”が人気　「着心地が最高」「コンパクトに収納できる」（ねとらぼ）,https://news.yahoo.co.jp/articles/ef1b8900809a65551db352ce119e5a7f7d5abb0c,https://newsatcl-pctr.c.yimg.jp/t/amd-img/20251226-10137650-it_nlab-000-1-view.jpg?exp=10800,2025-12-26T12:40:00+09:00,2025-12-26T12:40:00+09:00,ねとらぼ,it_nlab,ねとらぼ,1340,"（画像：ねとらぼ）
1973年にアメリカ・カリフォルニア州でイヴォン・シュイナードによって設立されたパタゴニア。クライミングギアの製造から始まり、現在では環境保護活動に力を入れる世界的なアウトドアウェアブランドとして知られています。「故郷である地球を救うためにビジネスを営む」というミッションのもと、リサイクル素材の積極的な採用やフェアトレード・サーティファイドの縫製など、持続可能な製品作りを追求しています。
【画像：パタゴニアの“ダウンジャケット”】
今回は同社から販売されている、あらゆる用途で完璧な保温性を提供し、ブランドを代表する定番アイテムであるメンズ・ダウン・セーターをご紹介します。
●patagonia（パタゴニア）「メンズ・ダウン・セーター」
パタゴニアの「メンズ・ダウン・セーター」は、軽量で防風性に優れたシェルと、800フィルパワーの高品質なダウンを組み合わせた保温着です。シェル素材には、投棄された漁網を再利用した「ネットプラス・ポストコンシューマーリサイクル・ナイロン」を100パーセント使用し、環境負荷を軽減しています。レスポンシブル・ダウン・スタンダード（RDS）認証済みのダウンは、適度なボリューム感で体を温かく包み込みます。本体を内側のポケットに収納できるポケッタブル仕様になっており、バックパックに入れて持ち運ぶ際も場所を取りません。
●購入者の声
レビューでは「数年前から欲しかったクラシカルなデザインのダウンジャケットです。個人的好みの昔からのパタゴニアらしいアメカジシルエットで満足しています」「東北の冬でも余裕のスペック」「出掛けるのが楽しみになる、そんなダウンジャケットかなと思います」「ダウンの量も申し分なく密着感があり、首元までしっかり覆われてるから想像以上に暖かい。ダブルジップなのもGOOD。表地も落ち着いた感じで、飽きもなく長く着続けられる」「素晴らしいダウンです！　過小評価されてると思うので、色々な人に着てもらって定番になって欲しいです！ 街着では真冬でも問題無く着用できます」「色味・質感・デザイン、素晴らしいです」「布団を着ている様な暖かさ」などの声が寄せられています。
●THE NORTH FACE（ザ・ノース・フェイス）「バルトロライトジャケット（ユニセックス）」もおすすめ！
1966年創業のTHE NORTH FACE（ザ・ノース・フェイス）は、登山用品から始まったアメリカのアウトドアブランドです。最新技術を取り入れた高性能ウェアやギアを展開し、アウトドアとファッションをつなぐ存在として世界的に人気です。

　そんなザ・ノース・フェイスの「バルトロライトジャケット（ユニセックス）」は、表地に30DのGORE-TEX WINDSTOPPER 2層(ePEメンブレン)を採用し、防風性とはっ水性を備えつつ、中わたにはCLEANDOWN光電子(ダウン72%/レーヨン20%/フェザー8%)を封入した高保温モデルです。中わた入りの内襟やフロントのダブルフラップ、止水ファスナーの胸ポケット、内側のボトルポケットなどで冷気の侵入を抑え、携行に便利なスタッフサックも付属している便利なアイテムです。
Plume",[],[]
「良い意味で期待外れでした」ワークマンの“断熱ベスト”が高評価　「着やすく、暖かく、動きやすい」「これ1枚着ると暖かさが全然違う」（ねとらぼ）,https://news.yahoo.co.jp/articles/e6f19be0b09efe49d6d38d3624e376707a82c98e,https://newsatcl-pctr.c.yimg.jp/t/amd-img/20251226-10137628-it_nlab-000-1-view.jpg?exp=10800,2025-12-26T12:30:00+09:00,2025-12-26T12:30:00+09:00,ねとらぼ,it_nlab,ねとらぼ,1299,"（画像：ねとらぼ）
ワークマンの「エックスシェルター(R)断熱αウォームベスト」は、独自素材「XShelter」を採用した軽量・高断熱の防寒ベストです。腕が動かしやすいベスト型で、チンガードや豊富なポケット、裾の冷気防止スピンドルなど機能も充実。
【画像】ワークマンの“断熱ベスト”
購入者からは「軽くて暖かい」「動きやすい」と高評価が寄せられています。本記事では、そんな「エックスシェルター(R)断熱αウォームベスト」を紹介。同アイテムは、オンラインショップ上では在庫切れとなっていますが、店舗に在庫があれば取置依頼が可能です。
●「エックスシェルター(R)断熱αウォームベスト」とは？
ワークマンは、もともと作業服専門店としてスタートした日本のメーカーで、近年は「ワークマンカラーズ」などの展開を通じて、アウトドア・スポーツ・日常使いに適した高機能・低価格のアパレルを幅広く展開。優れた機能性とコスパの高さで注目され、性別・年代を問わず多くのファンを獲得しています。

　そんなワークマンの「エックスシェルター(R)断熱αウォームベスト」（2900円）は、独自開発の断熱素材「XShelter（エックスシェルター）」を採用したベスト。独立気孔断熱を形成した断熱シート×吸光発熱機能を備えた中わたという新構造により、薄くて軽いのに非熱伝導性が高く、外気の冷たさが内部に伝わるのをガード。衣服内の熱を逃がしにくいため、安定した暖かさをキープできます。

　腕を動かしやすいベスト型なので、作業やスポーツ時にも動きを妨げないのがうれしいポイント。また、ファスナーがあごに当たりにくいチンガードや、左右サイドと胸元、内側に備えられた複数のポケットなど、細かな使い勝手に配慮された仕様が満載です。裾内側のスピンドルではフィット感を調整可能で、風の侵入を抑えられます。フードはツバ付きになっていて、冷たい風や雨から頭部を保護してくれる頼もしい存在です。
●購入した人の声
購入者からは、「これ1枚着ると暖かさが全然違いました」「暖かくて軽い！最高の着心地」「冬のゴルフでメインで使おうと思い購入しました！」「ホンマに軽い」「着やすく、暖かく、動きやすい」「外からの冷え込みは完全にシャットアウト」「良い意味で期待外れでした」といった声が寄せられています。
●そのほかのベスト
このほかにも、人気のベストを紹介します！
●無印良品　紳士　軽量ダウンノーカラーベスト（帯電防止裏地）
無印良品の「紳士 軽量ダウンノーカラーベスト（帯電防止裏地）」（税込3990円）は、軽さと暖かさ、そして快適な着心地を兼ね備えたダウンベストです。表地には再生ナイロン素材を使用し、マットで上品な質感に仕上げられています。中わたには高品質な羽毛を用い、軽くてふっくらとした着心地を実現。ノーカラータイプなので、シャツやタートルネックの上に重ねても首まわりがもたつかず、アウターの下に着てもすっきり見えます。裏地には導電糸を織り込んだ帯電防止素材を採用し、静電気の発生を軽減。着脱時の「パチッ」という不快感を抑えます。
うすしお味",[],[]
「これほんと便利」　【3COINS】“1台6役な電子レンジ調理器”が大人気！　「ほったらかしでふっくら焼けて片付けも簡単」「ようやくゲットしました！」（ねとらぼ）,https://news.yahoo.co.jp/articles/d7e40ad3ad609c84ed0cc0ba54225f6e56bc9c3e,https://newsatcl-pctr.c.yimg.jp/t/amd-img/20251226-10137645-it_nlab-000-1-view.jpg?exp=10800,2025-12-26T12:25:00+09:00,2025-12-26T12:25:00+09:00,ねとらぼ,it_nlab,ねとらぼ,1034,"（画像：ねとらぼ）
日用品やインテリア雑貨、季節のアイテムなど生活を彩るさまざまな商品を展開する3COINS（スリーコインズ）。税別300円～と手に取りやすい価格設定や、シンプルかつトレンドを押さえた品ぞろえが魅力です。
【画像】スリコの“1台6役な電子レンジ調理器”
そんな3COINSから販売されている「《1台6役》電子レンジ調理器／KITINTO」が、人気を集めています。本記事では「《1台6役》電子レンジ調理器／KITINTO」と、同商品が1位を獲得した「『3COINS』オンラインストア」人気アイテムランキング（2025年12月23日19時時点）を紹介します。

※ランキングは随時更新するため、在庫など詳しい情報は公式サイトをご覧ください。
※店舗により入荷・在庫状況が異なります。

（出典元：「3COINS」オンラインストア人気商品ランキング｜PAL CLOSET）
●第2位：折りたたみコンパクトチェア
第2位は「折りたたみコンパクトチェア」（税込み：660円）でした。キャンプやピクニックなど、さまざまなレジャーやアウトドアシーンで活躍する折りたたみチェアです。スムーズに広げたり折りたたんだりできるため、イベントや行列の待機時間などにも便利。コンパクトなサイズながら耐荷重は100キロあり、子どもから大人まで幅広く対応します。収納袋付きで持ち運びやすく、外出先でも手軽に使える実用性の高いチェアです。
●第1位：《1台6役》電子レンジ調理器／KITINTO
第1位は「《1台6役》電子レンジ調理器／KITINTO」（税込み：2200円）でした。焼く、炒める、煮る、蒸す、炊く、温めるといった幅広い調理がこれ一台で簡単に行える調理器具です。マイクロ波を吸収して熱エネルギーに変換することで、電子レンジでありながら直火調理のような本格的な仕上がりを楽しめるのが魅力。調理後はそのまま食卓に出せるため、洗い物の手間を減らせるのも魅力です。電子レンジや食器洗浄機・乾燥機に対応しており、日常使いに便利ですが、オーブンやグリル、冷凍、IH調理器、ガスコンロでは使用できないので注意してください。

　購入者からは、「レンジで簡単にいろんな料理ができるのがとても便利です」「ようやくゲットしました」「魚、肉を焼くのに便利で、焦げ目もつくし、使いやすい」「ほったらかしでふっくら焼けて、後片付けも簡単」「これほんと便利」といった声が寄せられています。
月夜に米",[],[]
「布団をはいじゃうぐらい暖かくて、最高」ユニクロの“ふかふかフリースセットアップ”が大人気　「ふかふかで肌触り抜群」「軽さにビックリ」今だけ値下げ中（ねとらぼ）,https://news.yahoo.co.jp/articles/e1dfb6ece86f485de7bed19afd92cbf4ab64ac45,https://newsatcl-pctr.c.yimg.jp/t/amd-img/20251226-10137655-it_nlab-000-1-view.jpg?exp=10800,2025-12-26T12:20:00+09:00,2025-12-26T12:20:00+09:00,ねとらぼ,it_nlab,ねとらぼ,1172,"（画像：ねとらぼ）
寒い季節の部屋時間、着心地の良さと扱いやすさのバランスを重視する人に、ユニクロのフリース素材のセットアップがおすすめです。
【画像：ユニクロの“ふかふかフリースセットアップ”】
本記事ではそんな「ファーリーフリースセット」を紹介していきます。
●ユニクロ「ファーリーフリースセット」とは？
日本を代表するアパレルブランド・ユニクロは、シンプルで上質なデザインと高い機能性で知られています。ヒートテックやエアリズムなど独自素材を開発し、快適な毎日を支える“ライフウェア”を世界中に展開しています。

　ユニクロの「ファーリーフリースセット」は、やわらかな肌触りと軽さが特徴のフリース素材を使用した上下セットのルームウェアです。トップスはクルーネック仕様で、首まわりまで身生地素材を使用しているため、冷えやすい時期の室内でも取り入れやすい設計。全体は適度にゆとりを持たせたリラックスシルエットで、長時間着用しても締めつけ感が出にくい点がポイントです。

　素材はトップス・ボトムスともにポリエステル100%です。軽量で扱いやすく、日常の部屋時間を快適に過ごしたい人に向いた仕様といえます。カラーはGRAYとNATURALの2色展開。サイズはXS〜4XLまで用意されており、XS・XXL・3XL・4XLはオンラインストア限定での取り扱いです。シンプルなデザインのため、年代や性別を問わず取り入れやすいセットアップとして活躍してくれそうです。価格は12月31日まで期間限定価格の3990円です。
●購入者の声
レビューでは「乾燥機まで洗濯ができるのでとても助かってます」「ふかふかで肌触り抜群です！真冬のパジャマはこのタイプを愛用し続けています」「暖かく気持ちよく寝れます」「この軽さにはビックリしました」「着心地が良くて、僕は布団をはいじゃうぐらい暖かくて、最高」「皮膚が弱いので、肌触りが一番のポイント。完全クリアでした」などの声が寄せられています。
●寒い日のインナーにはミズノ「ブレスサーモアンダーウェア 厚手ウール for 極寒（C2JAA601／C2JAB651）」もおすすめ！
ミズノの「ブレスサーモアンダーウェア 厚手ウール for 極寒（C2JAA601／C2JAB651）」は、メリノウールを60％使用した日本製の特別モデルで、高い機能性を備えた冬用インナー。ダイナモーションフィット採用で動きやすく、クルーネック・長袖仕様でしっかりとあたたかさをキープしてくれます。吸湿発熱素材により保温性に優れ、ムレにくく快適。また、汗冷えを抑える優れた汗処理性能や、pHコントロール機能も搭載しています。さらに不快なニオイの原因となる3大臭気に対応した耐久消臭機能は、100回洗濯しても効果が続くのが特徴です。
あおいあめ",[],[]
「ダウンと迷ったけど十分あたたかい」　無印良品の“防風防寒ジャケット”が高評価　「コスパの良いアウター」「スラッと着られる」など絶賛の声（ねとらぼ）,https://news.yahoo.co.jp/articles/ecfc79d40bfdfb4b4846d0a8a33525e96bda6f92,https://newsatcl-pctr.c.yimg.jp/t/amd-img/20251226-10137658-it_nlab-000-1-view.jpg?exp=10800,2025-12-26T12:00:00+09:00,2025-12-26T12:00:00+09:00,ねとらぼ,it_nlab,ねとらぼ,1007,"画像：ねとらぼリサーチ
無印良品から販売されている「紳士　防風撥水中わたフードジャケット」が、ユニセックスで着られるデザインで、もこもこした形状なため空気を多く含んでおり、しっかりと暖かい上に自転車に乗っている際などもしっかりと風を防いでくれると高評価を集めています。
【画像】無印良品の“防風防寒ジャケット”
本記事では、「紳士　防風撥水中わたフードジャケット」について紹介します。
●「紳士　防風撥水中わたフードジャケット」とは？
無印良品の「紳士　防風撥水中わたフードジャケット」は、冷たい風をしっかりと防ぐ防風性に優れ、寒い季節でもあたたかく快適に過ごすことができるユニセックスで着用可能なジャケット。はっ水機能を備えたマットな質感の生地は適度なハリとコシがあり、機能性とデザイン性を両立しています。ゆったりとしたシルエットは重ね着しやすく、大きめのフードは帽子やヘルメットの上からでも使える設計。ポケットの形状を見直しミニマルな印象に仕上げているため、様々なシーンで活躍します。さらに、厚手の裏地付きで防寒性も抜群。寒い季節に活躍してくれる一着です。カラーは4種類、価格は税込み7990円で販売されています。

　購入者からは、「ダウンと迷いましたが中わたでも十分暖かく感じます」「防風性、はっ水機能があるコスパの良いアウター」「モコモコした形状な為、内部にも空気の層があり暖かい。腰の背面が長めに作られているので、自転車を漕いでいる時背中がスースーしないのはありがたい」「どんなスタイルにも合わせやすく、この冬一番活躍しそう」「形がいいのですらっと着られます」「自転車に乗ってる時も風を防ぎやすくて買って良かったです」といった声が寄せられています。
●ユニクロのパフテックパーカもおすすめ！
ユニクロの「パフテックパーカ」は、中空糸を使用した高機能中綿により、空気をしっかり閉じ込めて優れた保温性を発揮するアウター。生地表面にははっ水加工が施されており、小雨程度であれば水をはじきやすく、日常使いにぴったりです。キルティングのないコクーンシルエットで、ファスナーとスナップの2重仕様により防寒性とデザイン性を両立。ゆったりとしたフードは後ろでサイズ調整が可能で、内側には便利なパッチポケットも備えています。カラーは3種類、2025年12月25日時点で値下げ価格の4990円で販売されています。
アロ麻婆",[],[]
保護者会当日、ママが朝バタバタしながら支度→学校に着いて、足元を見ると……　「先生気付かないで」まさかの光景に「自分が憎い」（ねとらぼ）,https://news.yahoo.co.jp/articles/df67d9c4f88b53be927812d2da922bbbdf2b8ad4,https://newsatcl-pctr.c.yimg.jp/t/amd-img/20251226-10136919-it_nlab-000-1-view.jpg?exp=10800,2025-12-26T11:55:00+09:00,2025-12-26T11:55:00+09:00,ねとらぼ,it_nlab,ねとらぼ,966,"保護者会に行ったママ→足元を見ると
“まさかの靴下”で子どもの保護者会に参加してしまったママの投稿が、Threadsで「面白すぎるww」「最高です！」と注目を集めています。ちょっと恥ずかしいけれど、子どもたちの人気者になれそう！
ママの足元（全体を見る）
●保護者会で小学校に行ったママ、自分の足元を見ると……
投稿者は2児の母であるThreadsユーザーのwakana（@wknaaaaaan02）さん。ある日、上の子の保護者会に参加するため小学校に向かいました。持参したスリッパに履き替えようと、ふと足元を見ると……。
●「かっぱえびせん」の靴下を履いていた
その日wakanaさんが履いていたのは、なんと「かっぱえびせん」のパッケージデザインがデカデカとあしらわれた靴下だったのです！　スリッパを履いても、大きなエビのイラストと「Calbee」のロゴ、そして「かっぱえびせん」の文字がはっきりと見えています。そもそもこんな靴下を持っていることが驚きですが、よりにもよって保護者会の日にこれを履いてきてしまうとは……。

　かっぱえびせんの靴下を履いていることに気付いたwakanaさんは、「朝バタバタしながらこの靴下チョイスした自分が憎い」「先生気付かないでが頭の中ほぼ占めながら、保護者会を過ごしました」と振り返っています。逆に面白くてハイセンスなママだと思われたかも!?
●「ステキな足元ですね」「むしろ好印象な気がします」
ママが保護者会に履いていったかっぱえびせんの靴下に、Threadsでは「こんな靴下履いてる人見たら、絶対声かけちゃう」「ステキな足元ですね」「最高です！」「むしろ好印象な気がします」「よりによってスリッパで全然隠れない場所に文字があるの面白すぎるww」「生徒さんに見られたら大ウケ間違いなしww」「人気者になれますよ」などの声が。また、全く同じ靴下を持っているという人や、自分が持っている個性的な靴下を紹介する反応も寄せられました。

　ちなみにwakanaさんは、投稿が話題になったことについて「思ったよりも反響がすごくて驚いてます」とコメントしつつ、また別の日に履いていた「クッピーラムネ」の靴下を紹介していました。これもかわいい！

画像提供：wakana（@wknaaaaaan02）さん",[],[]
「これは何かのバグ」　290円の豪華すぎる“期間限定の学食”に「これまじ？？」「うらやましすぎる」（ねとらぼ）,https://news.yahoo.co.jp/articles/c3435635988cb1051cd13552113ada1dde596596,https://newsatcl-pctr.c.yimg.jp/t/amd-img/20251226-10137686-it_nlab-000-1-view.jpg?exp=10800,2025-12-26T11:50:00+09:00,2025-12-26T11:50:00+09:00,ねとらぼ,it_nlab,ねとらぼ,1327,"「これは何かのバグ」
滋賀県にある立命館大学びわこ・くさつキャンパス（BKC）のクリスマス限定メニューがX（Twitter）で話題です。滋賀県名物のある食材を使ったメニューが「うらやましすぎる」と反響を呼び、話題のきっかけとなった投稿は記事執筆時点で57万回近く表示されています。
【画像】話題の学食
写真を投稿したのは、立命館大学の理工学部数理科学科で助教を務めるTaro Hayashi（林太郎／@rintaro11750504）さん。Hayashiさんが紹介したのはキャンパスの食堂で、12月22日〜25日のクリスマス期間限定で提供されていた「近江牛ステーキ」です。

　なんと気になる値段はまさかの290円！　Hayashiさんは「来週の食堂のメニューは290円でステーキだぞ！　1日5回食べに行こう！！」と興奮気味で伝えたところ、投稿には大きな反響が。ワンコイン以下で日本三大和牛のうちのひとつの近江牛が食べられるとは驚き！

　その後、食堂に行って近江牛ステーキを食べたHayashiさんは「立命館の生協すごいぞこれ！　290円の近江牛のステーキ、めっちゃボリュームあるぞ！！」と驚きの声を漏らしています。近江牛ステーキは表面がこんがりと焼き上げられ、見るだけでおなかが空いてきそうです。Hayashiさんも「最高の焼き加減です」とご満悦の様子でした。
●なぜこんな大盤振る舞いを？
近江牛ステーキを290円で提供しているのはいったいなぜなのでしょう。立命館生活共同組合はWebサイト（※現在、該当ページは非公開）で、学内施設の改装工事によって混雑など組合員に迷惑をかけていることに触れ、　「そんな中でも日々ご利用いただいている組合員のみなさまへの感謝をこめて地元・近江牛を使用した特別なメニューを提供いたします！」と取り組みを始めた理由をつづっています。

　期間中には「改装中はモ～ぎゅうぎゅうでごめんなさい！」と銘打ち、近江牛ステーキのほか、近江牛を使った「近江牛丼」（390円）、「近江牛焼肉丼」（390円）、「近江牛焼肉カレー」（390円）をそれぞれ数量限定で販売していました。こちらは「令和7年度近江牛 学校給食等提供事業」で実施しているもの。実は、筆者は立命館大学出身なのですが、在学中にはこんなメニュー見たことないぞ……？

　組合は23日、「各店各メニューともご好評につきその日の販売予定数を完売するなど楽しみにお待ちいただいている組合員のみなさまにはご迷惑をおかけしております」と発表。「一つでも多くご提供したいところですが、各店他のメニューを含めた調理能力に限りがあるため先にご案内している販売予定数から増やすことは難しい状況です」と盛況の様子を伝えていました。

　とても大学の食堂のメニューとは思えないラインアップに、Xでは「これまじ？？？？？」「立命行けばよかった」「これって値段設定間違えてないですか？」「弊学もこういうのやってほしい」「安すぎない！？」「うらやま」「これは何かのバグでしょうね」といった声が寄せられています。

画像提供：Taro Hayashi（@rintaro11750504）さん
神田匠",[],[]
【男性に聞いた】球場飯がおいしい「プロ野球12球団の本拠地球場」ランキング！　2位は「横浜スタジアム」、1位は？【12月26日は「プロ野球誕生の日」！】（ねとらぼ）,https://news.yahoo.co.jp/articles/f5550edd84a77d8d1bf77668862705d1d0376fda,https://newsatcl-pctr.c.yimg.jp/t/amd-img/20251226-10137654-it_nlab-000-1-view.jpg?exp=10800,2025-12-26T11:50:00+09:00,2025-12-26T11:50:00+09:00,ねとらぼ,it_nlab,ねとらぼ,883,"画像はイメージです（画像：写真AC）
本日12月26日は「プロ野球誕生の日」です。1934年（昭和9年）のこの日、日本初となるプロ野球球団である「大日本東京野球倶楽部」（読売巨人軍の前身）が誕生したことに由来しています。大日本東京野球倶楽部は、同年11月に行われた全米選抜野球チームとの対戦のために結成された全日本代表チームのメンバーを中心とした選手19名により結成されました。また、同チームはのちにいくつかの改称を経て、現在まで続く「読売巨人軍（読売ジャイアンツ）」となったことから、この日は「ジャイアンツの日」とも呼ばれています。
【画像：ランキング12位～1位を見る】
そこで今回は、「プロ野球誕生の日」にちなんで、「【男性に聞いた】球場飯がおいしい『プロ野球12球団の本拠地球場』ランキング」を紹介します！

　このランキングは、アンケートサイト「ボイスノート」の協力のもと2025年3月に実施したアンケートに基づくもの。多くの男性から「球場飯がおいしい」と支持を集めたのは、どの球場だったのでしょうか。ランキングを見ていきましょう！
●第2位：横浜スタジアム
第2位は、得票率12.8％の「横浜スタジアム」でした。神奈川県横浜市中区にある球場で、横浜DeNAベイスターズが本拠地としています。プロ野球開催時の収容人数は、最大3万4142人。1978年に誕生した国内初となる多目的スタジアムで、昇降式のピッチャーズマウンドを備えているため、アメリカンフットボールやコンサートなど、さまざまなイベントに対応できるところも特徴です。
●第1位：東京ドーム
第1位は、得票率14.6％の「東京ドーム」でした。東京都文京区にある球場で、読売ジャイアンツが本拠地としています。プロ野球開催時の収容人数は、約4万3500人。1988年に誕生した国内初となる全天候型多目的スタジアムで、絶えずドーム内に空気を送り込むことで気圧を調整し、空気の圧力差で屋根膜を支えています。ドーム内部の気圧を保つため、出入り口に回転ドアを使用しているところも特徴です。
センター/糸静ライン",[],[]
のど飴を開封したら……「そうはならんやろ」　奇跡の光景が100万表示「やだオシャレ」「才能ですね」（ねとらぼ）,https://news.yahoo.co.jp/articles/ac4712e97f276dee54fdd8502e9ea9ddc6a75190,https://newsatcl-pctr.c.yimg.jp/t/amd-img/20251226-10137068-it_nlab-000-1-view.jpg?exp=10800,2025-12-26T11:45:00+09:00,2025-12-26T11:45:00+09:00,ねとらぼ,it_nlab,ねとらぼ,603,"のど飴を開封したら……
チャック付きの袋に入っているタイプの“のど飴”を開封した結果が「めっちゃ良い」「ミラクル？」「そうはならんやろ」とX（Twitter）で話題です。投稿は記事執筆時点で100万回以上表示されています。
【画像】奇跡の光景（全体）
写真を投稿したのはXユーザーの「べにちる」（@benino_hito）さん。ある日、UHA味覚糖「e-maのど飴 カラフルフルーツチェンジ＜袋タイプ＞」を開封しようとしました。これは、チャック付きの袋に入っているタイプののど飴ですが……。

　なんと開けるのが下手すぎて、なぜか前面のパッケージの縁だけがキレイに剥がれてしまい、ポシェットかバッグのような形になっています！　剥がれた部分はストラップやハンドルのようになり、まるでe-maのど飴のパッケージを模したミニポシェットのようです。ブドウやオレンジ、リンゴ、モモの柄もかわいい。

　べにちるさんに起きた奇跡のハプニングに、Xでは「才能ですね」「どっから開け始めたんだこれwww」「最先端のポップなポシェットに見えなくもない」「逆にこう開ける方がむずいでしょwww」「こういうバッグありそう」「公式グッズかと」「やだオシャレ」「持ち運びに便利」「これめっちゃ良くやる」「最近こんなふうになること多いです」といった声が寄せられています。

画像提供：べにちる（@benino_hito）さん
川上酒乃",[],[]
「足が疲れないし全く痛くならない」　ワークマンの“3900円シューズ”が大好評　「軽くてぴったりフィット」「以前履いていたスニーカーよりも楽」（ねとらぼ）,https://news.yahoo.co.jp/articles/7b5036d647edfda789ed32e338b4bb5f5f88f034,https://newsatcl-pctr.c.yimg.jp/t/amd-img/20251226-10137656-it_nlab-000-1-view.jpg?exp=10800,2025-12-26T11:40:00+09:00,2025-12-26T11:40:00+09:00,ねとらぼ,it_nlab,ねとらぼ,1022,"画像：ねとらぼリサーチ
ワークマンから販売されている“3900円シューズ”が、足が疲れにくく痛くなりにくく、こんなに履きやすい靴はほかにないと高評価を集めています。
【画像】ワークマンの“3900円シューズ
本記事では、そんな「BMZアシトレウォーキング」について紹介します。
●「BMZアシトレウォーキング」とは？
ワークマンの「BMZアシトレウォーキング」は、歩きながら足本来の機能をサポートするインソールが特徴のシューズ。足指や足の外側にある立方骨を自然に使える構造で、体の負担を軽減しつつ“ながらトレーニング”が可能です。浮き指を支えるフォースパッド、立方骨を支えるキュボイドサポート、さらにアーチを支えるカルケニアスパッドを搭載し、快適で正しい歩行をサポートします。反射材や滑りにくい底も備えているので、普段使いにもぴったり。カラーはブラックとホワイトの2種類、価格は3900円で販売されています。
●購入した人の声
購入者からは、「歩行の際に足が鍛えられ、足の指が使えるようになりました」「ともかくこんなに履きやすいのはない！」「ウォーキングで使ってみたら足が疲れないし足先も全く痛くなかった」「神シューズ降臨」「3〜5キロ3日続けてウォーキングしましたが快適です」「ソールが固く固定されていて、足裏はクッション性があり、土踏まずのアーチが保たれるので、すごく歩きやすいです」「以前履いていたスニーカーよりも使用後の足は楽に感じています」「軽くぴったりフィットしていて歩きやすい」といった声が寄せられています。
●ニューバランスの「CM996XV2」もおすすめ
ニューバランスの「CM996XV2」は、定番「996」シリーズに、初めてGORE-TEXを搭載したモデル。「996」のクラシックなシルエットはそのままに、現代的なテクノロジーを融合させた、雨の日にも心強いアイテムです。素材には、シンセティックスエードとメッシュを採用。ニューバランスらしいレガシーカラーで彩られており、どんな装いにもなじみやすく、ファッションの幅を広げてくれます。

　優れた防水性と透湿性により、突然の雨にも対応可能で、長時間の歩行でもシューズ内をドライに保ちます。ミッドソールには、クッション性と安定性を両立したC-CAP構造を採用。さらに、PUインソールとの2層構造により、長時間の歩行でも足への負担を和らげ、快適な履き心地を提供します。
アロ麻婆",[],[]
「軽くて暖かい」「保温性抜群」　PUMA（プーマ）の“中綿ジャケット”が人気！　「着ぶくれしない」「この冬は存分に着させてもらいます！」（ねとらぼ）,https://news.yahoo.co.jp/articles/3de9a8462e442fd4ee3b6c5c173b7ca55104dad7,https://newsatcl-pctr.c.yimg.jp/t/amd-img/20251226-10137597-it_nlab-000-1-view.jpg?exp=10800,2025-12-26T11:30:00+09:00,2025-12-26T11:30:00+09:00,ねとらぼ,it_nlab,ねとらぼ,1377,"画像：PUMA公式サイト
PUMA（プーマ）はドイツで誕生したスポーツブランド。プロアスリート向けのアイテムのほか、シューズ・アパレル・アクセサリーなど日常使いできるさまざまな商品を展開しています。そのなかでも、男性に人気なのが「ジャケット」です。
【画像：PUMA（プーマ）の“中綿ジャケット”】
本記事では、PUMA（プーマ）の「メンズ ESS パデッド ジャケット」について紹介します。
●「メンズ ESS パデッド ジャケット」とは？
PUMA（プーマ）の「メンズ ESS パデッド ジャケット」は、あらゆるシーンに対応するシンプルなデザインの中綿ジャケットです。メイン素材には独自のテクノロジーを駆使したwarmCELLを採用しており、通気性に優れていながら体温を逃さないため、ジャケットの中は常に暖かい状態をキープ。汗をかいても蒸れにくいのも魅力です。また、表面には撥水加工が施されているので、急な天候の変化にも対応。保温性も高く快適に着ることができます。

　フロントは、脱ぎ着しやすいファスナータイプ。フードがないため、重ね着しやすいのがうれしいポイント。パーカーと合わせても首周りがごわつきません。サイドには、ハンドウォーマーとしても使えるファスナーポケットを完備。着ぶくれせずに、すっきりと着こなせる一着です。ブラック・ネイビー・グリーンとカラーバリエーションが豊富で、サイズはS～2XLまでラインアップ。Amazon・楽天市場といった通販サイトでは税込6000円前後で販売されています。フード付きの「メンズ ESS フーデッド パデッド ジャケット」や、長いシーズン着られる「メンズ ESS パデッド ベスト」などほかのデザインもあるので、合わせてチェックしてみてください。
●購入した人のコメント
購入した人からは、「とても軽くて暖かい」「軽くて保温性も良く暖かい」「暖かさが抜群。暑いくらい」「中綿が控えめで、着膨れしないですが暖かい」「サイズピッタリ！　お値段もリーズナブルかつあったかいので、この冬は存分に着させてもらいます！」といった声が寄せられています。
●レトロな表情と現代的な機能を掛け合わせた、patagonia（パタゴニア）のショート丈ダウンもおすすめ
patagonia（パタゴニア）の「メンズ・ダウンドリフト・ジャケット」は、レトロな表情と現代的な機能を掛け合わせたショート丈ダウンです。シェルには4.2オンスの4プライNetPlusポストコンシューマーリサイクルナイロン100%ファイユを採用し、使用済み漁網を再資源化することで海洋プラスチック汚染の削減に貢献。表地と裏地にはPFCフリーDWR加工が施され、フッ素化合物不使用ながら軽い雨や雪を弾きます。

　中わたは600フィルパワーのリサイクルダウン100%で、ダウン製品から再生されたダックダウンとグースダウンをブレンドした環境配慮型インサレーションです。ツーウェイジップとスナップ付き前立て、取り外し可能な中わた入りフード、ドローコード付き裾が冷気の侵入を抑え、デュアルアクセスの大型パッチポケットと内側ジッパーポケットが収納性も確保。重量約1014gのしっかりとした着心地で、都市部の冬からアウトドアの冷え込むシーンまで心強い1着です。
yuri",[],[]
「正解は、越後製菓！」は、いつから始まった？　年末年始“定番CM”のきっかけを聞いた（ねとらぼ）,https://news.yahoo.co.jp/articles/7c338251b74097a367b1af895f39c8fac72bb01a,https://newsatcl-pctr.c.yimg.jp/t/amd-img/20251226-10136918-it_nlab-000-1-view.jpg?exp=10800,2025-12-26T11:30:00+09:00,2025-12-26T11:30:00+09:00,ねとらぼ,it_nlab,ねとらぼ,1915,"「正解は、越後製菓。」で有名な定番CMは、いつから始まった？
年末によく見かける越後製菓のCM。「正解は、越後製菓！」のフレーズとともに、侍がクイズの早押しボタンを押す姿が印象的ですが、この独特の演出はどこからやってきたのでしょうか。“冬の風物詩”ともいえるCM誕生のいきさつを、越後製菓に聞いてみました。
【動画】歴代CMを見る
●あのCMは、こうして生まれた
――CM誕生のきっかけを教えてください。

　越後製菓：1999年、越後製菓の認知獲得のために、高橋英樹さまを起用しCMのオンエアを始めました。侍が早押しボタンを押す演出は、翌2000年ごろに誕生したものです。英樹さんらしくインパクトの残る企画を作ろうということで、検討しました。

　高橋英樹さんは当時からクイズ番組などにも多く出演されており、解答席との相性がよく、侍が現代のクイズ番組の解答席にいるという設定がインパクトにつながると考えました。どんな商品でも、おいしさで正解を出すという企業の意志と、越後製菓を選んでおけば間違いはないという自信、そして、正解と製菓という韻を踏んだ音の構成から、「正解は、越後製菓！」という言葉になりました。

――「製菓」と「正解」！　いままで考えたことがありませんでしたが、確かにきれいに音が重なっていますね。そういえば、高橋さんが演じているキャラクターは、“越後侍”というのだとか。越後侍誕生のいきさつについても聞かせてください。　

　越後製菓：高橋英樹さまといえば桃太郎侍（※）。英樹さまらしいキャラクターを設定するにあたり、「侍」が似合うのではないかとなり、越後製菓、さらには地元新潟（越後）と侍を結びつけた越後侍が誕生しました。

※筆者注：桃太郎侍は、作家・山手樹一郎の時代小説。複数回映像化され、こんにちよく知られるのは、高橋英樹が演じた日本テレビ版のドラマ（1976～1981年）

――それで侍×クイズだったんですね。ちなみに、クイズのなかでも早押し形式にした理由は何でしょうか。

　越後製菓：やはり、正解を出すことへの意志と商品のおいしさへの自信を強く表現したかったためです。併せて、映像としての見た目のインパクトも重視しました。

――確かに、早押し形式は他の形式に比べ、勢いが出る気がします。また、“越後侍”版のCMでは、早押しボタンが鏡もち型なのも気になります。

　越後製菓：ただの解答席では面白くないので、越後製菓らしいものにしたいと考えました。背中は越後製菓のロゴマークをあしらった電飾にし、ボタンを鏡もちにいたしました。ただのおもちではパッと見分かりにくいので、鏡もちにして分かりやすくいたしました。

――華やかな電飾にも理由があったのですね！
●越後製菓のスタートは、もちでなく「そば」
――そういえば、現在はおもちやお菓子で知られる越後製菓ですが、もともとはそばの製造・販売からスタートしたと聞きます。現在の業態になったきっかけはありますか？

　越後製菓：そばの製造・販売から入ったのは、創業者が新潟県小千谷市の出身だったことがきっかけです。現地の特産品に「小千谷そば」があり、そばをゆでて販売する仕事を始めました。創業から5年後の1951年には乾麺の製造も開始しましたが、湿気の多い雪国は乾麺製造に不適と判断し、断念しました。その後、製麺業は継続しながら米菓やもちの製造に事業拡大していきました。

――いよいよおもちが！

　越後製菓：もちはカビや細菌といった「微生物」との戦いでしたが、試行錯誤を重ねて徐々に品質を安定させていきました。現在では、弊社個包装切りもち・丸もちは常温で2年間の賞味期間を有しています。事業展開する中で、無菌包装米飯（いわゆる「パックごはん」）の製造にも乗り出しました。他社にはない特徴的な製品を生み出すことで、お客さまよりご好評をいただいています。

　ちなみに麺（そば、うどん、ラーメン）の製造・販売は現在も継続しており、スーパーマーケットでの販売のほか、学校給食やラーメン店などでもお使いいただいています。

――現在に至るまでに、さまざまな試行錯誤があったのですね。最後に、今後の展望を教えてください。

　越後製菓：今後も更に「越後製菓」ブランドの認知度を高めるため、幅広いツールにて情報発信を邁進して行きたいと考えております。

　なお、越後製菓公式サイトでは、歴代のCMを見ることができます。また、「もちと豚肉の甘辛炒め」「おもちとエビのアヒージョ」など、もちを使ったさまざまなレシピも紹介されています。

取材協力：越後製菓
近藤仁美",[],[]
「コスパ最強」ワークマンの“1500円サコッシュ”に集まった声　「iPadAirだけ持って外出したいって時に最適」「ちょっとのお出かけなら丁度いい大きさ」（ねとらぼ）,https://news.yahoo.co.jp/articles/d8da0b817c86794ca1c520b7572b3e55ee211136,https://newsatcl-pctr.c.yimg.jp/t/amd-img/20251226-10137555-it_nlab-000-1-view.jpg?exp=10800,2025-12-26T11:00:00+09:00,2025-12-26T11:00:00+09:00,ねとらぼ,it_nlab,ねとらぼ,1270,"（画像：ねとらぼ）
ワークマンの「ベーシックアンカーＮサコッシュ」はさまざまなシーンで手軽に使える小さ目のバッグが欲しいときにぴったりの一品。今回はこのアイテムに集まった声を見ていきましょう。
【画像】ワークマンの「1500円サコッシュ」
●ワークマンの「ベーシックアンカーＮサコッシュ」とは
「ベーシックアンカーＮサコッシュ」は取り外し可能なインナーバッグが付属した、使い勝手の良いミニショルダーです。本体とインナーバッグを組み合わせて使えるため、荷物の仕分けがしやすく、普段使いから旅行時のサブバッグまで幅広い場面に対応します。外側にはファスナーポケットがあり、鍵や交通系ICカードなどの小物をまとめておくのに便利。

　ショルダーベルトは長さ調整と取り外しができ、好みの掛け方にアレンジできます。容量は本体約3リットル、インナーバッグ約2リットルと、日常の貴重品や小物がすっきり収まるサイズ感。カラーはクロ・グレー・カーキの3色で、落ち着きのある配色がコーディネートになじみます。販売価格は税込1500円です。
●購入者の声
購入した人からは「iPadAirだけ持って外出したいって時があるじゃないですか。そういう時に最適です。logicoolのpebbleキーボード迄は一緒に入りました」「ちょっとのお出かけなら丁度いい大きさ」「某アウトドアNのショルダーバックをわけあって手放したしたので、代わりの安くて頑丈なものを探していたら、バックインタイプのこの商品を見つけました。ペットボトルな折りたたみ笠を入れるにはマチがたらない感はありますが、それ以外では充分満足しています」「コスパ最強で使い勝手も最高、購入して良かったです」といった声が上がっていました。
●無印良品のミニサコッシュもチェック
無印良品の「ポーチとしても使える　撥水ミニサコッシュ」は、ちょっとしたお出かけや旅先で「もう少し身軽になりたい」と感じたときに頼れるアイテム。スマートフォンやミニ財布、鍵、リップなどの小物をすっきり収納できる絶妙なサイズで、普段使いはもちろん、旅行中のサブバッグなどにもぴったりです。内側には仕切りポケットがあり、小物の整理整頓もばっちり。また、ファスナーでしっかり閉じられるので、防犯面も安心です。
●PORTERのサコッシュもおすすめ
「PORTER HYBRID サコッシュ（737-17820）」は、スタイリッシュかつ軽量なデザインで、毎日のちょっとしたお出かけや旅先のサブバッグとして活躍してくれるアイテムです。

　本体素材には高強度素材「X-C1000」を採用。「強度」「軽さ」「防水性」を兼ね備えており、過酷な環境でも耐久性を発揮しそうです。サイズは、財布・スマートフォン・パスポートなど、必要最低限の荷物がすっきり収まるコンパクトサイズ。薄マチながら、外側にはファスナーポケット、内側にはオープンポケットが2つ付いており、収納力も十分です。メイン開口部はファスナー仕様で、中身をしっかりと守ってくれます。
くもりガラス",[],[]
「簡単なのにオシャレ！」上品キレイめな“ストールの巻き方”　全身コーデに「とても素敵」「真似したい」（ねとらぼ）,https://news.yahoo.co.jp/articles/7d76474abb8df1144e74120d0bae620ec68c997c,https://newsatcl-pctr.c.yimg.jp/t/amd-img/20251226-10137113-it_nlab-000-1-view.jpg?exp=10800,2025-12-26T10:45:00+09:00,2025-12-26T10:45:00+09:00,ねとらぼ,it_nlab,ねとらぼ,2104,"簡単おしゃれなストールの巻き方は……
ファッションスタイリストがオススメする“オシャレなストールの巻き方と相性抜群のコーディネート”がYouTubeに投稿され、「とても素敵」「秋冬に取り入れたい」と話題です。動画は記事執筆時点で5万2000回以上再生されています。
【画像】ストールの巻き方
投稿したのは、パーソナルファッションスタイリストの三好凛佳さん。運営するYouTubeチャンネル（@rinkachannel）では主に働く40代以上の女性に向けたお役立ちファッション情報を発信しており、以前には“大人のためのシャツアレンジ”が話題になりました。

　最近、気になっていた大判ストール「manipuri／ウールシルクストール　ライトブルー」を購入したという三好さん。繊細な配色とツヤ感が上品さを際立てており、スカーフのような大きさ（120センチの正方形）が印象的で、素材はウール60％・シルク40％で暖かく、肌触りも良いので秋冬にぴったりだといいます。そこで今回は、秋冬のストールアレンジとおすすめコーディネートを紹介します。

　最初に紹介するのは、ニットやコートを羽織った上から巻くコーディネートと相性抜群のアフガン巻き。まずはストールを三角に折り、ストールの両端を持ち首の後ろで交差させます。このタイミングで胸と首部分も形を整えておくとキレイなラインに仕上がるそうですよ。首回りにゆとりをもたせたい場合は、少し下向きにストールを引っ張り空間を作ることをオススメしています。

　そのままストールの両端をサイドでひと掛けすると、カジュアルさもありながら華やかな形に仕上がりました。とっても簡単なのに、パッと顔周りが明るくなるこのアレンジは参考になりますね。

　続いて紹介したのは、ベーシックな巻き方だというバイアス1回巻きです。ゆるめに三角形に折って首にかけたら、少し真ん中をズラしてクルッと1回巻きます。左右の長さが同じになるように調整しながら、首元も好みのボリューム感にしたら完成です。左右に垂らしたストールの自然なゆるさがおしゃれ！

　また、垂らしているストールを1回結ぶだけで、全体のボリュームを抑えて小さくまとめることもできるので、その日のコーディネートや気分に合わせてふんわりとした柔らかさや、まとまり感を演出できるのがうれしいですね。

　三好さんは、ヘアゴムやベルトを使ったアレンジ方法も紹介しています。まずはヘアゴムアレンジから。三角に折ったストールを肩に羽織って両端の長さを調整し、バストラインのちょっと下でつまみながらヘアゴムで結びます。ここで一旦、首から脱ぐように外して結び目が見えなくなるように裏表を逆にして被り直したら完成です。

　ベルトを使ったアレンジも同じように三角に折り、肩に羽織って両端の長さを揃えておきます。そのまま前の部分だけを抑えるように腰の位置にベルトを装着して完成です。こちらも簡単でマネしやすいですね！　ちなみに、ベルトにストールを入れ過ぎてしまうと手が動かしづらくなってしまうので、少し余裕を持たせるといいそうですよ。

　動画の後半では、ストールを合わせた全身コーディネートも披露。三好さんは、ストール柄の色と着用アイテムの1色をリンクさせると全体にまとまりがでるのでオススメしていました。

　ベルトアレンジは全身ブラックのコーディネートに合わせると、ストールの華やかさがより引き立ちます。タートルネックのセーターや、インナーにシャツを着て衿を出すコーディネートも相性が良いそうです。その他、オフホワイトとベージュのパンツのナチュラルなコーディネートや、ジャケットを合わせた大人カジュアルなコーディネートなど、どれも上品で華やかなコーディネートに仕上がっています。

　ストールの色や柄、アレンジ方法でガラッと印象が変わるのでお気に入りの1枚が欲しくなりますね。三好さんはストールを購入するときのポイントとして、「自分が着たいアイテムの配色に合わせて選ぶと全身コーディネートをするときに調和がとれてステキにみえる」と伝えていました。シーズンやその日の気分でおしゃれをより楽しめるストールアレンジ。気になる人は動画をチェックしてみると良さそうです。

　ストール1枚で簡単にオシャレに見える巻き方とコーディネートにコメント欄では「ぜひ色々真似したいなーと思います」「とても素敵」「秋冬に取り入れたい巻き方」「いろんな色のストールを揃えたくなりますね」「参考にさせていただきます」との声が寄せられています。

　三好さんのYouTubeチャンネル「三好凛佳 Rinka channel」では、仕事で好印象を与えるキャリアアップの着こなしをメインに情報を発信しています。また、日々のコーディネートはInstagram（@rinkamiyoshi）で公開中。働く40代のためのファッションコラムやスタイリングメニューなどの詳細はWebサイトから確認できます。

動画提供：YouTubeチャンネル「三好凛佳 Rinka channel」
佐藤友紀",[],[]
「全部はやらない！」発想が逆だった“大掃除”　気持ちが楽になる方法に「ハッとしました」「早速真似します」（ねとらぼ）,https://news.yahoo.co.jp/articles/a8fc1b6c63412d189aea94ded3e0dcec15e3f1fa,https://newsatcl-pctr.c.yimg.jp/t/amd-img/20251226-10137080-it_nlab-000-1-view.jpg?exp=10800,2025-12-26T10:30:00+09:00,2025-12-26T10:30:00+09:00,ねとらぼ,it_nlab,ねとらぼ,1405,"目からウロコの掃除術とは……
楽な気持ちで年末の大掃除に取り組む方法が、YouTubeに投稿されました。“目からウロコ”な考え方が話題となり、動画の再生数は記事執筆時点で9万1000回を超えています。
【画像】大掃除の方法を見る
投稿者は、整理収納アドバイザーの井田典子（@idanoriko）さん。「出す」「分ける」「減らす」「しまう」の4ステップをベースに片付け方を伝えています。

　今回は、12月を楽な気持ちで過ごすため“全部はやらず、分担して無理なく進められる掃除”の方法を紹介。「実践編」「掃除は分担から」「掃除道具」の3パートに分けて、心構えなどを解説していきます。

　まずは照明の周りやエアコンの上など、普段は掃除をしない「上の方」から。ホコリを払い落とした後、湿り気のある半乾き雑巾で拭き取ります。

　キッチンの食器棚の上はアルカリ性のクリーナーを使って雑巾がけします。棚の上にはさまざまなものを置きがちですが、掃除の手間を減らすためにも普段から何も置かないのが大切とのこと。

　換気扇の上もキレイにしますが、分解掃除まではやりません。“油汚れが緩んでいて掃除しやすい”との理由から「換気扇掃除は海の日に行う」と決めているそうです。

　冷蔵庫を動かしたら、まずは掃除機で大まかにホコリを吸い取り、続けて冷蔵庫のコードや床を雑巾がけ。壁紙にダメージを与えないよう、壁面は空拭きかアルカリ性クリーナーを使うにとどめておきます。

　なお、冷蔵庫の排気口を掃除する際はいきなり雑巾で拭かず、目に沿ってブラシがけしてから掃除機でホコリを吸引。最後に固く絞った雑巾で排気口全体をキレイにします。

　狭い場所のホコリをブラシで払い落としたり、壁面を柔らかいタワシでこすり洗いしたりと、状況に応じて道具を使い分けます。また、網戸は外して屋外で水洗い。冬は網戸を使わないので、完全に乾かしたら袋に包んで暖かくなるまでガレージに収納しておきます。

　実践編に続く「掃除は分担から」のパートでは、家族で役割分担することの大切さを解説。「何もしないでクリスマス・お正月は迎えない。みんなどこか参加することがすごく大事」との考えから、自分は分担表を作っていると明かしました。

　井田さん自身は、年末だからと気負わず“大掃除ではなく小掃除”くらいの気持ちで取り組んでいるとのこと。普段はできていない場所、見落としがちな場所を重点的に掃除できれば良しとしているそうです。

　パート3では自身が使っている掃除用品を紹介。収納場所なども含めた詳細は、動画で確認できます。

　コメント欄には、「早速真似します！」「冬の間は網戸を収納しておくと言う発想にハッとしました」「冬の間、網戸を取り付けないのは良いですね!!」「ちょうど今大掃除どうしようか悩んでたところでした。この動画に会えてよかったです」「冷蔵庫動かしてみようかな」などの感想が寄せられています。

　井田さんはYouTubeチャンネル「井田典子 だわへし整理術」の他、Instagram（@ida.noriko_dawaheshi）やホームページも更新中。また、『幸せなお金の使い方 今日の暮らしから、老後資金、税金まで』（婦人之友社編集部）他、書籍も多数販売中です。

動画提供：YouTubeチャンネル「井田典子 だわへし整理術」
羽野源一郎",[],[]
落としたアイス→水道水で洗い流したら……「ゾワっとした」　とんでもない光景が240万表示「えっ！？」（ねとらぼ）,https://news.yahoo.co.jp/articles/1eeab10587d44138158a55d0ef7a5cabdf483766,https://newsatcl-pctr.c.yimg.jp/t/amd-img/20251226-10137178-it_nlab-000-1-view.jpg?exp=10800,2025-12-26T10:30:00+09:00,2025-12-26T10:30:00+09:00,ねとらぼ,it_nlab,ねとらぼ,603,"アイスを落とした人→水で洗ったら……
アイスをうっかり落としてしまい、水道で洗い流したら……。思いがけず付いた“かっこいい模様”が話題となっています。投稿はX（Twitter）上で240万回以上表示されました。
【画像】とんでもない光景
●抹茶パルムに浮かび上がった、不思議な網目模様
投稿者は文法さん（@_bumpo）。森永チョコレートアイスクリームバーPARM（パルム）の抹茶味を食べようとしたところ、ふとしたはずみで落としてしまいました。

　やむなく水道水で洗い流すと——、薄緑色のアイスの肌に美しい網目模様が浮かび上がりました。Xユーザーの文法さんは見慣れぬ現象に思わずパシャリ。投稿された写真を見ると、雪の結晶のような神秘性が感じられる一方、細菌が増殖する様子にも似ており、さまざまな反応が寄せられました。
●「亀かと思った」さまざまな声あがる
この摩訶不思議な模様は、人それぞれいろいろな見え方をしたようです。リプライ欄などには「えっ！？」「ニューロン？w」「亀かと思った」「抹茶の海みたい」「ゾワっとした」「かっけぇ」といったコメントが寄せられています。

　なお、やってみたいと思った人もいるかもしれませんが、残念ながら抹茶味のパルムは現在販売終了となっています。文法さんによると、およそ2年前に購入して自身で撮影したものとのことです。

画像提供：文法（@_bumpo）さん
高橋ホイコ",[],[]
京都駅ビルの大階段でイルミネーションを見ていたら……　まさかの展開にツッコミ殺到「なにやっとんねんww」「さすがにおもろい」（ねとらぼ）,https://news.yahoo.co.jp/articles/b4d57dd7231ba06e36147c532da76f5629a60259,https://newsatcl-pctr.c.yimg.jp/t/amd-img/20251226-10137111-it_nlab-000-1-view.jpg?exp=10800,2025-12-26T10:15:00+09:00,2025-12-26T10:15:00+09:00,ねとらぼ,it_nlab,ねとらぼ,701,"京都駅ビルの大階段でイルミネーションを見ていたら……
JR京都駅の駅ビルにある大階段でのイルミネーションが「なにやっとんねんwww」「さすがにおもろい」とX（Twitter）で話題です。投稿は記事執筆時点で680万回以上表示され、4万1000件を超えるいいねを集めています。
【画像】まさかの展開
写真を投稿したのは、Xユーザーのれね（@rn86_ku）さん。「普通に京都駅で横転してる」と添え、思わずツッコミを入れたくなるイルミネーションを紹介しています。

　大階段全体が青色でライトアップされ、中段あたりには何やら星座のマークも。イルミネーションは映像になっており、「就職と研究 両方に強い」「大学を知っていますか」というテキストが順番に映し出されます。

　どうやら大学の広告のようで、続けて「京都」「大学」と大学名が表示されています。京大の広告かな……？

　京大かと勘違いしてしまいそうですが、よく見ると「京都」と「大学」の間には不自然なスペースがありました。そしてイルミネーションを見続けていると、その間に「産業」の2文字がふっと浮き上がってきたのです。京大じゃなかった……！

　このイルミネーションは京都産業大学が創立60周年を記念して開催しているもので、記念ロゴも一緒に映し出されていました。12月31日まで楽しめるそうですよ。

　れねさんの投稿に対し、Xでは「京都大学を経由して産業を入れるの草」「罠やん」「母校、何してる？」「これは横転せざるを得ない」「オチをつくるの関西の大学だなって感じする」とツッコミが殺到しています。

画像提供：れね（@rn86_ku）さん
深戸進路",[],[]
【関西地方在住者が選ぶ】頭に「大阪」と付くかっこいい「私立大学」ランキング！　2位は「大阪音楽大学」、1位は？（ねとらぼ）,https://news.yahoo.co.jp/articles/4196050965fa9f080b097198d9c1455b74fcd40b,https://newsatcl-pctr.c.yimg.jp/t/amd-img/20251226-10137606-it_nlab-000-1-view.jpg?exp=10800,2025-12-26T10:00:00+09:00,2025-12-26T10:00:00+09:00,ねとらぼ,it_nlab,ねとらぼ,775,"画像はイメージです（画像：PIXTA）
ねとらぼでは、アンケートサイト「ボイスノート」の協力のもと、関西地方在住者を対象に「頭に『大阪』と付く私立大学でかっこいいのはどれ？」というテーマでアンケートを実施しました。
【画像：ランキング25位～1位を見る】
全国の都道府県のなかで、2番目に小さな面積の大阪府。日本の人口の約7％が住んでおり、東京に次ぐ大都市として機能しているエリアです。そんな大阪府には、大学名の頭に「大阪」とつく私立大学が多くあります。そのなかで、関西地方在住者から「頭に『大阪』と付くかっこいい私立大学」として支持されたのは、どの大学だったのでしょうか。さっそく見ていきましょう！
●第2位：大阪音楽大学
第2位は、豊中市に本部を置く「大阪音楽大学」で、得票率は8.8%でした。1915年に開校した「大阪音楽学校」を前身とする大学です。

　音楽学部音楽学科には、声楽専攻・ピアノ専攻・邦楽専攻など複数の専攻を設置しており、2026年4月には「音楽クリエイター専攻」の開設も予定されています。卒業生はもちろん、在校生も日本および海外のコンクールなどで実力を発揮していることも、「かっこいい」というイメージにつながっていそうです。
●第1位：大阪工業大学
第1位は「大阪工業大学」で、得票率は11.0%でした。大阪市旭区の「大宮キャンパス」、同北区の「梅田キャンパス」、枚方市の「枚方キャンパス」と3つのキャンパスをもつ大学です。

　工学部・ロボティクス＆デザイン工学部・情報科学部・知的財産学部の4つの学部を有しており、近年は、2021年にデータサイエンス学科、2025年に実世界情報学科を増設するなど、社会や時代の要請に応える学科を新たに設置。関西地区有数の理工系総合大学である点も、高く支持された要因かもしれません。
kei",[],[]
男女の双子の赤ちゃん、シングルマザーが同じ場所で写真を撮り続け……　“15年後の姿”が680万再生「泣いちゃった」「すてき」【海外双子・三つ子記事3選】（ねとらぼ）,https://news.yahoo.co.jp/articles/c738da56d5353320715d772e0654826a70d2cf5b,https://newsatcl-pctr.c.yimg.jp/t/amd-img/20251226-10137205-it_nlab-000-1-view.jpg?exp=10800,2025-12-26T10:00:00+09:00,2025-12-26T10:00:00+09:00,ねとらぼ,it_nlab,ねとらぼ,1381,"赤ちゃんのころの双子
国外のSNSで多くの反響を集める“双子・三つ子にまつわる”投稿。本記事ではねとらぼで掲載した中から、あらためて注目してほしい【双子・三つ子にまつわる記事3選：海外編】を紹介します。
【画像】15年後の姿
●男女の双子の赤ちゃん、シングルマザーが同じ場所で写真を撮り続け……　“15年後の姿”が680万再生「泣いちゃった」「すてき」【海外】
1つ目は、男女の双子の姿を数年に渡って同じ場所で撮影した様子を紹介する動画です。投稿者は、海外のTikTokユーザーで双子のママのニコラ（@nicky_p80）さん。最初の写真は、橋の左右に立つ2人の赤ちゃんの姿が。まだ小さくあどけない様子で、おしゃぶりをくわえています。

　それから数年後、身長が橋の柵を越えるほど背が伸びた2人の姿が。それぞれすてきなヘアスタイルで、楽しい日々を過ごしている姿が目に浮かびます。そしてそれからまた数年たった現在の2人は、柵に肘を乗せられるほど身長が高くなり、すっかり大人びた雰囲気になりました。髪色やヘアスタイルは落ち着いたものになり、今の姿に似合う見た目になっています。最初の写真と比べると、その成長ぶりには驚くばかり……！
●生後2カ月の双子の赤ちゃん“初めてお互いに気が付いた瞬間”…… 640万再生の“表情”に反響「混乱している？」「衝撃的だよね」【海外】
2つ目は、双子が初めてお互いに気付いた瞬間を捉えた動画です。投稿者はTikTokユーザーで双子の女の子のママである「BriannaLedé」（@brianna_lede）さん。双子の赤ちゃんが約2カ月のときに、同じ布団で寝ていたところ、お互いを見つめてまるいおめめを大きく見開き、びっくり仰天な表情をしていました。

　動画のテロップには「双子が初めて自分の片割れを見つけた瞬間」と入っており、双子ちゃんたちの“初めて”の瞬間が収められていました。「この子は誰だろう？」そんなふうに思っているのでしょうか……。お互いの存在に気が付いた双子ちゃんは、これからあらゆる瞬間を一緒に経験しながら大きくなっていくのですね。
●ママがお出掛け→三つ子が泣かないようにパパが…… 3800万再生の“かわいい作戦”に「よくやった」「最高だよ」【海外】
3つ目は、TikTokユーザーの「Jordan Flom」（@jordanflomofficial）さんが投稿した、ママのお出掛け時に三つ子が泣かないように……と策を弄するパパの動画です。パパはTikTokで見た動画を参考に作戦を決行。それは両手に広げたブランケットなどで子どもたちの背後を隠し、パパさんが子どもたちの注意を引きつけている間に、ママさんが出掛けるというものでした。

　すぐに気付かれるかと思いきや、三つ子たちはブランケットで囲われた空間が落ち着くのか、なんと終始大人しく、スムーズにママさんが出掛けることに成功！　パパは両手を大きくあげて喜びました。この大成功の動画は記事執筆時点で3800万回以上再生されるなど話題になりました。
●かわいい双子・三つ子に胸がきゅんとなる
双子・三つ子ならではのエピソードに思わず胸がきゅんとなる動画の数々。今後も国内外問わずかわいくて尊い動画がSNSに投稿されることでしょう。とても楽しみですね！
かのん",[],[]
「ほんと、憧れ」93歳おばあちゃんの“朝時間”に反響「とても尊敬します」「見習いたい」（ねとらぼ）,https://news.yahoo.co.jp/articles/b5160e80c11fc5690d87fc1b893a3aea40e7ce9c,https://newsatcl-pctr.c.yimg.jp/t/amd-img/20251226-10137076-it_nlab-000-1-view.jpg?exp=10800,2025-12-26T09:45:00+09:00,2025-12-26T09:45:00+09:00,ねとらぼ,it_nlab,ねとらぼ,1827,"93歳おばあちゃんのモーニングルーティンは……
北海道で暮らす、93歳のおばあちゃんのモーニングルーティンが「ほんとにステキ」「おとぎの国を観ているよう」とYouTubeで話題です。動画は記事執筆時点で、19万回以上再生され、5900件を超える高評価を獲得しています。
【画像】作った朝ごはん
動画を投稿したのは、YouTubeチャンネル「Kuro – 北国の暮らし」のクロさん。67歳の母、93歳の祖母の北海道での暮らしを発信しており、以前には母が作る“秋ならではの料理と海外客用のおもてなし料理”が話題になりました。今回はクロさんの実家の隣に住む祖母のモーニングルーティンを紹介してくれるようです。

　93歳のおばあちゃんは毎朝、6時30分ごろに起床。洗顔や歯磨きなどを終え身支度を整えたらカーテンを開け、血圧を測ります。その後は水に少量のオリゴ糖を混ぜて飲み、庭を散歩するための準備へ。帽子をかぶってスカーフを巻いたら、6時50分には庭の散歩へと出かけました。

　緑にあふれた庭を歩きつつ、スマホを使って上手に庭の植物を撮影するおばあちゃん。ときおり椅子に座って休憩しながら歩き続け、7時20分には散歩を終えて家に戻ってきました。

　その後はルイボスティーをいれてゆったりと飲みながら、新聞をチェック。食洗機で洗っておいた食器を片付けたら、7時45分には朝食の準備に取り掛かります。

　おばあちゃんは前日の昼食や夕食に作った料理や、冷凍していたものなどを朝ごはんとして食べるそうです。たくさんのおかずを保存容器からお皿へと盛り付けつつ、庭にある大葉やバジルなどを収穫して洗い、一緒に盛り付けていきます。

　今朝のメニューはニンジンとゴボウと油揚げとキクラゲの煮物、ブロッコリーとコーンのいり卵、サヤインゲンとイカの煮物、キュウリの麹漬け、ダイコンの粕漬け、キュウリとナスと庭のミョウガの浅漬け、なめたけと山椒の佃煮、庭で採ったバジルと大葉、ゆで卵、リンゴ、メロンなどなど……。

　たくさんの食材がふんだんに使われた朝ごはんは目にも鮮やかで、食欲がそそられますね。おばあちゃんはテレビを見ながらゆったりと朝ごはんを味わっていましたが、少々量が多かった様子。食べきれなかった分はラップをかけておき、お昼に食べることにしました。

　9時5分になると、おばあちゃんは新聞の切り抜きと朗読をはじめました。新聞のコラムを切り抜いてノートに貼り付け、それを朗読するのが毎朝の日課なのだそうです。

　その後もけん玉をしたり、再び新聞をチェックしたり、掃除機をかけたりと、家事を含むさまざまな物事を次々とこなしていくおばあちゃん。おばあちゃんはいつも「掃除や料理などの家事はいい運動になるので、人に頼らずに自分でやることがとても大切だ」と言っているそうですよ。

　10時10分になったら、おやつとお茶タイムです。お湯をわかしているわずかな間にも筋トレとストレッチをして、おやつを楽しみながらクロさんと談笑するおばあちゃんなのでした。

　クロさんによると、朝からとってもパワフルに活動しているおばあちゃんには最近、新たな「2つの習慣」ができたそうです。1つ目の習慣は「あやとり」。次から次へと違う形を作り、披露してくれるその姿を見ていると、自然と笑顔になってきます。

　2つ目の習慣は「ハーモニカ」。演奏する楽しさに加えて、肺活量を鍛えるいいトレーニングにもなるのだとか。緑があふれる庭に響くハーモニカの美しい音色を聞いていると、心が安らぎますね。

　動画には、「おしゃれでお綺麗で人生の先輩としてとても尊敬します」「朝からバラエティー豊かな食事や散歩、元気で長生きの秘訣ですね。私も見習いたいです」「ほんと、憧れなお祖母様です」「見ていて心が落ち着きます」「まるで少女のようなおばあさまですね♪お庭もおばあさまもおとぎの国を観ているようです」「お召し物がステキ。佇まいがステキ。ほんとにステキ」といった、たくさんのコメントが寄せられていました。

　クロさんは、この他にも母と祖母の丁寧な暮らしをYouTubeチャンネル「Kuro – 北国の暮らし」で公開しています。また、著書『北国の暮らし 今を豊かに生きる家しごと庭しごと』（KADOKAWA）が販売中です。

動画提供：YouTubeチャンネル「Kuro - 北国の暮らし」
三日月影狼",[],[]
購入したユニクロTシャツを漂白したら、まさかの……　「凄いw」147万再生された驚きの変化に「良すぎだろ」「天才すぎ」（ねとらぼ）,https://news.yahoo.co.jp/articles/b8f34ecf49f434bfaecbdc0cd36aa356ce0c5512,https://newsatcl-pctr.c.yimg.jp/t/amd-img/20251226-10136956-it_nlab-000-1-view.jpg?exp=10800,2025-12-26T09:15:00+09:00,2025-12-26T09:15:00+09:00,ねとらぼ,it_nlab,ねとらぼ,1163,"購入したユニクロTシャツ
1年前や5年前……。少し前にインターネット上で話題になった投稿や動画を振り返って紹介する企画「昔のインターネット発掘！」。今回は2023年9月にTikTokに投稿された、オリジナルTシャツを作る動画を紹介します。
【画像】漂白後
投稿したのは「スニーカー好き」の、まさぽん（どんぐりあん／＠masapon_）さん。購入したスニーカーの紹介など、ファッションアイテムの情報を発信しています。今回紹介するのは、ユニクロTシャツをリメイクしてオリジナルTシャツを作る動画です。

　まさぽんさんが購入したのは、ユニクロ×KAWSのコラボレーションTシャツ。店舗では、黒のTシャツがたくさん並んでいたそうです。こちらを、他の人とかぶらないようなオリジナルTシャツにしていきます。

　準備したのは、漂白剤とタライ、輪ゴムです。Tシャツ全体を水でぬらしたら、しっかりと絞ります。そして、Tシャツの真ん中からねじるようにして、円状に服をまとめました。こうすることで、層を作り、きれいな柄が出るようです。

　4本ほど輪ゴムを使って固定したら、ゴム手袋をして、漂白剤をかけます。派手めな柄にしたい場合は、漂白剤多め、つけ置き時間を長めに。柄を控えめにしたい場合は、漂白剤少なめ、つけ置き時間短めにしたらよいそうです。今回はどちらも「普通」でつけ置きします。

　両面に漂白剤をかけて、およそ5分待ちました。すると、黒かったTシャツが赤茶っぽい色に変化していますね。それから、水で漂白剤を洗い流します。水から色が出なくなるくらいしっかりと洗って、輪ゴムも外しました。さらに水洗いを重ね、最後に洗濯機でも洗うと……？

　オリジナルTシャツの完成です！　漂白剤がかかったところの色が抜けていて、前面も背中面も、とてもおしゃれなタイダイ柄になっています。「思ったより良すぎてびっくりしています」とまさぽんさんも満足の様子。とってもかっこいい、オンリーワンのTシャツになりましたね。

　この動画のコメント欄には「凄いw」「良すぎだろ」「天才すぎる…」「大成功すぎる！」「めっちゃ良き良きですよ！これ」「すごくいい動画！」「やってみます」「絵のトコは色抜けしないんだ」「かっこよ」「藍染めの手順とほぼ一緒だ！」といった声が寄せられています。これなら、街中で同じTシャツを着ている人とすれ違う……なんて心配がありませんね！

　まさぽんさんはこの他にも、ファッションに関する投稿をTikTokアカウント（＠masapon_）、Instagramアカウント（＠_masa_pon）、YouTubeチャンネル「Masapon」で数多く公開しています。

画像提供：まさぽん（どんぐりあん）（＠masapon_）さん
ねこリセット",[],[]
「名トリオ復活」「もしかして続編？」松岡茉優がクリスマス会を報告→「えええ！」「久しぶりに見れてうれしい」の声（ねとらぼ）,https://news.yahoo.co.jp/articles/b67dffa3806781523fbf8ea0ab105f09a0b7caf2,https://newsatcl-pctr.c.yimg.jp/t/amd-img/20251226-10137679-it_nlab-000-1-view.jpg?exp=10800,2025-12-26T09:03:00+09:00,2025-12-26T09:03:00+09:00,ねとらぼ,it_nlab,ねとらぼ,761,"松岡茉優さん（画像引用：松岡茉優 公式Instagram）
俳優の松岡茉優さんが12月25日、自身のInstagram（@mayu_matsuoka_koushiki）を更新。田中みな実さん、滝沢カレンさんの3人でクリスマス会を開いたことを明かしています。
【画像】話題の3ショット
松岡さんは「みなみちゃんとカレンちゃんとHappy Holiday！」とつづり、動画を投稿。田中さん、滝沢さんとプレゼント交換をする様子を公開しています。

　松岡さんは黒を基調とした服、田中さんは赤のトップス、滝沢さんはテレビアニメシリーズ「ザ・シンプソンズ」のキャラクターたちがプリントされた服を着て登場。持ち寄ったアイテムを回してプレゼント交換を実施しようとしましたが、3人もグルグルと回ってしまいグダグダになってしまいます。

　そこで、プレゼントの行方をあみだくじに委ねたところ、無事1回で決まりました。部屋にはクリスマスの装飾もあり、とても華やかなクリスマス会になったようです。

　楽しげな3人の様子に対し、コメント欄では「えええ！　めちゃくちゃ可愛いです！」「仲良しでニコニコになった」「最初自分たち回る必要なくておもろいwww」「何この癒やし空間は？」「こんなの見せてもらっていいんですか！」「世界一うらやましいクリスマスかもしれない」「これは楽しいっしょ」「交ざりたい」といった声が寄せられています。

　また、3人は2024年7月期のフジテレビ系連続ドラマ「ギークス〜警察署の変人たち〜」で共演していることから、「ギークスの3人！　久しぶりに見れてうれしい」「えぇ！　このお三方で！　ドラマめっちゃ好きでした！」「名トリオ復活してうれしいです」「もしかして続編？」「ずっと仲良しでいててしあわせ」と喜ぶ人もいました。",[],[]
「とにかく軽い」「メインバッグにも十分」mont-bell（モンベル）の“小さくしまえるバックパック”が大人気 ！　「どこへ行くにも使える」「バックの中でコンパクトに収まる」（ねとらぼ）,https://news.yahoo.co.jp/articles/ea5fe193eb151a726823730e66766c05a2928f09,https://newsatcl-pctr.c.yimg.jp/t/amd-img/20251226-10137622-it_nlab-000-1-view.jpg?exp=10800,2025-12-26T09:00:00+09:00,2025-12-26T09:00:00+09:00,ねとらぼ,it_nlab,ねとらぼ,1630,"画像：ねとらぼリサーチ
mont-bell（モンベル）は、1975年に大阪で創業した日本を代表するアウトドアメーカー。高品質でありながら手頃な価格の商品が多く、幅広い世代に支持されています。そのなかでも特に人気が高いのが「バックパック」です。
【画像】mont-bell（モンベル）の“小さくしまえるバックパック”
本記事では、mont-bell（モンベル）の「ポケッタブル デイパック 20」について紹介します。
●「ポケッタブル デイパック 20」とは？
「ポケッタブル デイパック 20」は、コンパクトにたたんで持ち歩けるポケッタブルタイプのバックパックです。縦50センチ・横28センチ・マチ15.5センチ・容量20リットルと大容量。たたむと縦18センチ・横21.5センチまで小さくなるため、荷物が増えたときのサブバッグとして持っておくのに最適。普段のお出かけはもちろん、旅行・アウトドアなどさまざまなシーンで重宝しそうです。

　素材は、軽量で耐久性に優れた210デニールのナイロンを採用。表面にウレタンコーティングが施されているため、多少の雨・濡れであれば問題なく使用できます。メインコンパートメントはファスナータイプ。がばっと大きく開き、荷物の出し入れがスムーズです。A4サイズもすっきり収まるので通勤・通学にも使えます。フロントのファスナーポケットは深めの仕様で小物の整理に便利です。調節可能なショルダーベルトは太めのデザインで、肩への負担を軽減してくれます。

　カラーは、ブラック・カーキ・ネイビー・ワインレッド・イエローの5種類。公式サイトでは、税込5500円で販売されています。「ポケッタブル デイパック 10」「ポケッタブル デイパック 15」とサイズ違いもあるので、荷物の量に合わせて選んでみてください。
●購入した人のコメント
購入した人からは、「軽くて良い」「バックの中でコンパクトに収まり、場所を取らない。しかも軽量で大活躍しそう」「シンプル。軽くてどこに行くにも良い」「超軽くて満足」「軽いけど、生地はしっかり」「余計なパーツがついていないので軽い。メインバッグとしても十分」「ポッケダブルなのにとてもしっかりしています」といった声が寄せられています。
●「ポーター EXPLORER DAYPACK L 507-17995」もおすすめ！
吉田カバンは、1935年創業の日本を代表するバッグメーカーで、「一針入魂」の精神を大切にしながら、国内自社工場での高品質なものづくりを続けています。なかでも1962年に誕生したブランド「PORTER（ポーター）」は、機能性とデザイン性を兼ね備えたバッグブランドとして人気を博しており、ビジネスからカジュアル、アウトドアまで幅広いラインを展開。耐久性や使いやすさ、時代に左右されないシンプルで洗練されたデザインが支持され、幅広い世代に愛されています。

　そんなポーターのなかでも、「ポーター EXPLORER DAYPACK L 507-17995」は、オン・オフ問わず幅広いシーンで使える機能性とミリタリーテイストを融合させたデイパックシリーズ「PORTER EXPLORER」のうちの1つ。メイン素材に採用されている「コーデュラバリスティックナイロン」は、引き裂きや摩耗に非常に強いのが特徴。裏地にはオリーブグリーンのナイロンリップストップが使われており、ミリタリーテイストを強めつつ、内部の視認性も高めています。内部は3層構造になっていて、荷物を用途別に分類して収納可能。メイン収納はB4サイズ対応で、かさばる荷物も難なく収まる容量になっています。後層の止水ファスナー仕様のコンパートメントには、厚手クッション入りのPCスリーブを搭載。前層部分には、小物の整理に便利な複数のポケットを配置しています。公式オンラインストアなどでは6万9300円（税込）で販売されています。
yuri",[],[]
夫が西松屋で選んできた“99円の掘り出し物”→妻がほれ直した“まさかのチョイス”に「最高です」「お買物上手」（ねとらぼ）,https://news.yahoo.co.jp/articles/320cfc6e9d2d6fed020f68bf93bdfdf3861c2161,https://newsatcl-pctr.c.yimg.jp/t/amd-img/20251226-10137185-it_nlab-000-1-view.jpg?exp=10800,2025-12-26T09:00:00+09:00,2025-12-26T09:00:00+09:00,ねとらぼ,it_nlab,ねとらぼ,856,"夫が買ってきた99円アイテムは……
マタニティー・ベビー用品店「西松屋」で夫が見つけた、“まさかの掘り出し物”がThreadsで話題です。衝撃的な購入価格とユニークなデザインに、さまざまな反響が寄せられています。
【画像】夫が選んだ“掘り出し物”
●とんでもないお買い得品を見つけた夫
投稿者は、Threadsユーザーの「詩 -uta-」さん。指定難病を持つ2歳5カ月の息子くんを育てるママが管理するアカウントで、家族で過ごす日々の日常や闘病の記録などをつづっています。

　今回注目を集めているのは、「旦那が西松屋で選んできた99円の戦利品がこちらです」という投稿です。プチプラ商品が多い西松屋でも99円という低価格には驚きますが、一体どんなものを買ってきたのかというと……。
●まさかの柄！
夫が選んだのは、しっかりした生地の子ども用Tシャツ！　よく見ると、くすみブルーの背景にたくさんの魚が配置されたユニークな柄で、ところどころに“イクラ軍艦”のおすしが紛れ込んでいます。こんなかわいい洋服が99円だなんて……！

　投稿者さんは、この洋服を着た詩くんと一緒に家族でおすしを食べに行く予定とのこと。病気のため今はまだ茶碗蒸しを食べるので精一杯だそうですが、「一緒に食べる未来が楽しみです」と前向きにつづっています。
●かわいすぎる“掘り出し物”に反響
99円とは思えないステキなトップスに、投稿者さんは「旦那を褒めちぎりました」「惚れ直しました笑」とコメント。リプライ欄では「旦那さまお買物上手が過ぎますね」「最高です」「大漁だね!!」「かわいいからきっとお寿司屋さんもテンション爆上がりかと」「これ欲しかったけどサイズが無くて断念しました　やっぱかわいい〜!!!!!」といった反響が寄せられ、同じ服を持っているという人から「今日おんなじの買いました笑　私もお寿司食べに行こうと思います」「保育士さんに海の男って言われました！ 笑」という声も寄せられています。

画像提供：詩 -uta-さん
やまもとゆか",[],[]
美術館で買ったクッキー缶、フタを開けたら……　夢あふれる中身に「うわあいいなあ…」「めちゃほしい」「可愛い」（ねとらぼ）,https://news.yahoo.co.jp/articles/0888f7b0616af6916e172ecbd909b00fcedd3a5b,https://newsatcl-pctr.c.yimg.jp/t/amd-img/20251226-10137085-it_nlab-000-1-view.jpg?exp=10800,2025-12-26T08:45:00+09:00,2025-12-26T08:45:00+09:00,ねとらぼ,it_nlab,ねとらぼ,746,"美術館で購入したクッキー缶
東京・国立西洋美術館で買ったというクッキー缶の中身が、あまりにかわいいとX（Twitter）で話題に。この投稿は注目を集め、記事執筆現在までに80万回以上表示されています。
【画像】中身
投稿者は「umm___nnn」（@umm___nnn）さん。アカウントでは、社会人OLとしてオシャレな日常を発信しています。

　2025年10月25日から2026年2月15日まで国立西洋美術館で開催中の「オルセー美術館所蔵 印象派―室内をめぐる物語」に足を運んだumm___nnnさん。そこで購入したクッキー缶とは……？

　フタにピエール＝オーギュスト・ルノワールの「ピアノを弾く少女たち」が描かれたクッキー缶でした！　そして、フタを開けると……？

　エッフェル塔や音符、ピアノ、バラ、リーフなどの形をしたパリやピアノから連想されるクッキーや金平糖がたっぷり！　それぞれのクッキーはアールグレイ、チーズ、カカオ、いちご、ピスタチオなど違う味わいが楽しめる内容となっています。なお、これは人気サブレ専門店「Sablé MICHELLE」のヴォヤージュサブレシリーズで、展覧会のために用意された特別仕様とのことです。おいしいしかわいくて最高では!?

　印象派の穏やかで洗練された雰囲気が感じられるこのクッキー缶には、「可愛い」「モネ展のときにクッキー缶買ったけどこのシリーズかわいい」「めちゃほしい」「うわあいいなあ…」という声が寄せられていました。umm___nnnさんはXの他、TikTok（@169_48）やInstagram（@umm___nnn）でも、すてきなライフスタイルを発信しています。

画像提供：umm___nnn（@umm___nnn）さん
川上酒乃",[],[]
刺しゅう屋さんが“ポン”で迷った新作、お客さんに後押しされ……　完成したデザインが200万再生「うわあオシャレ欲しい！」「芸が細かくて好き」（ねとらぼ）,https://news.yahoo.co.jp/articles/f794c3ee6d8ea54178151124828f3350bcf359fa,https://newsatcl-pctr.c.yimg.jp/t/amd-img/20251226-10137176-it_nlab-000-1-view.jpg?exp=10800,2025-12-26T08:30:00+09:00,2025-12-26T08:30:00+09:00,ねとらぼ,it_nlab,ねとらぼ,1518,"刺しゅう屋さんが迷った新作デザイン
刺しゅうブランドの“ぽん”か“垂れ”かで悩んだ新作がYouTubeに投稿され、センス抜群だと記事執筆時点で200万回以上再生される人気です。視聴者からの意見を取り入れる形で制作は進んでいき、多くの人の琴線に触れる仕上がりになりました。
【画像】完成した刺しゅう
動画が投稿されたのはYouTubeチャンネル「SECRELLA」（@SECRELLA）。刺しゅうブランドのSECRELLA（公式サイト／Instagram：secrella_official／TikTok：@secrella_official）さんが運営するチャンネルで、多くの人の心をわしづかみにするような、センスあふれる刺しゅう作品を発信しています。
●シーリングスタンプ風の刺しゅう
SECRELLAさんがこのたび新作として発表したのは、シーリングスタンプ風の刺しゅうが入った服。ワックスを垂らしてスタンプを押すというやり方で、古代から手紙の封印などに使われてきたシーリングスタンプは、アンティークな雰囲気で現代でも人気のアイテムです。

　このシーリングスタンプ風の刺しゅうを施した服を作成するにあたって、過去の動画では「スタンプをポンと押した感じ」ですっきりとした仕上がりにするか、「ワックスが垂れてしまった感じ」でよりリアルな雰囲気を追求するか、と悩んでいました。
●「ポン」派と「垂れ」派
すると、コメント欄では「ぽん！」「ポン」「ポンがいいかな」など、「一瞬麻雀のアカウントを運営しているのかと」思ったほど多くの意見が寄せられたようです。こんなふうに率直な意見がたくさん返ってくると、うれしくなってしまいますね。

　悩んだ末、数えてみるとより多くの人に支持されていた「垂れ」の方に決定。ワックスが溶けて垂れている様子を精巧な技術で表現した、シーリングスタンプ風の刺しゅうが入ったスウェットを制作しました。
●猫と三日月の「垂れ」
スウェットはおしゃれな色合いのブラックで、胸にライトブラックのシーリングスタンプ風刺しゅうが施されています。中央はスウェットと同じ色味のブラックを地色に、白い糸で猫と三日月が刺しゅうされています。ブラックの色味が夜を表現していて、ぽっかり浮かぶ三日月と、月明かりの中たたずむ猫、というロマンチックな光景が思い浮かびます。

　「月と彼女」と名付けられたこの新作は、どことなく大正ロマン風なレトロな雰囲気も、現代のモダンな雰囲気も持ち合わせた、おしゃれで他にはないデザインです。このセンス、たまりません……！
●「センス高すぎて感動」「どっちもお洒落だなぁ」
この投稿には、「うわあオシャレ欲しい！」「こういうのはかっこいい」「普段文句しか言わない俺だけど、これはいい！」「シンプルでめっちゃいい」「センス高すぎて感動」「おおお〜！やっぱり垂れタイプ良いですねぇぇ」「やっぱり、どっちもお洒落だなぁ」「ポンも垂れも可愛いー！！」と絶賛の声が多数寄せられました。

　また、「負担にならなければぽんバージョンも発売してほしい」「猫と月なのも同系色なのもすごく好み。ポンが発売されたら買いたいです」など、変わらず「ポン」を熱望する声も少なくありませんでした。

　その後の投稿で伝えられたところでは、今回の投稿が注目を集め「垂れ」の「月と彼女」スウェットには注文が殺到したとのこと。さらに要望が多かった「ポン」も制作がスタートしたようです。「欲しい」との声へ誠実に向き合ってくれる姿勢も、ステキですよね。

動画提供：YouTubeチャンネル「SECRELLA」（@SECRELLA）
城川まちね",[],[]
旅先で見つけた土産「ポジティブポテト」が話題　各国での“目撃情報”も「絶対買います！」「ドイツで見た」（ねとらぼ）,https://news.yahoo.co.jp/articles/74af98a494bff0ba8c05a1091c28a2611f330367,https://newsatcl-pctr.c.yimg.jp/t/amd-img/20251226-10137427-it_nlab-000-1-view.jpg?exp=10800,2025-12-26T08:30:00+09:00,2025-12-26T08:30:00+09:00,ねとらぼ,it_nlab,ねとらぼ,1136,"「欲しい！」と反響続々
海外で買ってきた編みぐるみ“ポジティブポテト”がThreadsに投稿されました。元気をくれるメッセージを伝えるポテトの編みぐるみが「かわいい」「すてき」と反響を呼び、記事執筆時点で7万3000回以上表示され、3300件以上の「いいね！」を集めています。
【画像】購入したポジティブポテト
投稿者は、北欧旅行の記録などを伝えている「lin. 緑と旅と暮らし」（@tk.tk.midori）さん。「アイスランドで出会ったポジティブポテト」として紹介するのは、アイスランド・レイキャビクのみやげ物店で出会った「メッセージを持つポテトの編みぐるみ」の写真です。

　投稿者さんはポテトが掲げている英文について、「『人生はときどきつぶされちゃうこともあるけれど、”ポジティブなポテト精神”でいれば、いつでもバターみたいに滑らかにやっていけるよ！』大変なことがあっても前向きでいればうまく行くよ、という意味らしい」と説明。

　「マッシュ」「バター」などの単語があることから、人生をマッシュポテトに重ね合わせているようですね。かわいいだけじゃなく粋だなぁ……！　机の上に置いて、毎日目に入るようにしたい。

　このすてきなポジティブポテトについて投稿者さんは、「なんかかわいいし、すごくいいこと言ってるし、この子2000円くらいしたけど日本へ連れ帰った。ポジティブポテトマインド大事にしたい」とつづっています。おみやげでもらったら思わずウルッとしてしまいそうですね。

　これを購入したのはレイキャビクの「Little Proud Puffin」というみやげ物店。なんとポテトによって持っているメッセージが異なるそうで「ポテトでさえも海賊みたいな精神を持ってるんだぜ！」という文面のものや、アイスランドらしさを感じるものもあったそうです。

　すてきすぎるポテトの編みぐるみにリプライでは「すごく可愛いですね」「これは!!　お土産で貰ったらめちゃくちゃに嬉しいやつ!!」「見た目も可愛いし素敵マインドですね」「かわいいですね　言葉も元気もらえます」「ジャガイモ大好きなわたくし、大歓喜　日本に入ってきたら、絶対買います」という反応が寄せられています。

　なお、「よろしければ、ドイツのポジティブポテトもご査収ください」とのコメントも。ポジティブポテトはアイスランドだけのものではなく、ほかの国にも各地の言語で書かれたバージョンが存在するそうで、リプライにも購入した人からの写真が投稿されていました。気になる人は、旅に出た際にみやげ物店を探してみると出会えるかもしれません。

画像提供：lin. 緑と旅と暮らし（@tk.tk.midori）さん
五月アメボシ",[],[]
4年前、USJの“ハリポタエリア”で撮った写真→映り込んでいたのは……　正体不明の“謎の生き物”に「どうみてもディメンター」「空飛ぶミョウガ」（ねとらぼ）,https://news.yahoo.co.jp/articles/0ab604f06eaaad0de6f19cd3a1993bfd9c1ac2ab,https://newsatcl-pctr.c.yimg.jp/t/amd-img/20251226-10136922-it_nlab-000-1-view.jpg?exp=10800,2025-12-26T08:30:00+09:00,2025-12-26T08:30:00+09:00,ねとらぼ,it_nlab,ねとらぼ,936,"何か飛んでる……？
4年前にユニバーサル・スタジオ・ジャパン（USJ）で撮影した写真に写り込んでいた、“謎の生き物”がThreadsで話題です。拡大しても正体がわからない不思議な写真に、たくさんの反響が寄せられています。なんだこれ……？
【画像】写真に写った“謎の生き物”
●「ハリー・ポッター」エリアで撮影した1枚
投稿者は、Threadsユーザーのkayco（@twinkie.fudge）さん。注目を集めているのは、「4年前ユニバのハリポタエリアで撮った写真なのですが、空中に何か写り込んでいて。拡大してもなんだかわからないのですが、これはなんでしょう？」と公開した写真です。

　写真は映画「ハリー・ポッター」シリーズをテーマにしたエリア「ウィザーディング・ワールド・オブ・ハリー・ポッター」で撮影した1枚で、画面奥にはホグワーツ城を再現した建物が写っています。しかしそれよりも目を引くのは、画面中央に浮かぶ黒い影。薄曇りの空に向かって、鳥のような魚のようなシルエットの生き物が垂直に飛んでいます。
●さまざまな説が飛び交う大喜利状態に
得体の知れない“謎の生き物”に、リプライ欄では「おそらく飛び立った瞬間の鯖だと思います」「黒いトウモロコシ？」「このスピードは……間違いない　カブトムシだ!!」「ユニバでは有名な光景ですよ！　これはあざらしが飛んでるところです」「あーそれは空飛ぶミョウガですね」といったコメントが多数寄せられ大喜利状態に。ちなみに投稿者のkaycoさんは、「鯖かと思いました」とつづっています。

　「ハリー・ポッター」エリアの写真であることから、「なんて言う魔法生物ですかね？」「透明マントをおしりまでかぶり忘れた誰かですね」「どうみてもディメンター」という声も。ディメンターは作中に登場する“闇の生物”で、ふわふわと宙を飛びながら人間から幸福感を吸い取ります。確かに似てる……！

　なお、あるユーザーが画像を明るくしてみたところ、スズメのような体の模様を確認できたとのこと。断定はできませんが、上に向かって飛び立つ瞬間のスズメをとらえたという説が有力なようです。

画像提供：kayco（@twinkie.fudge）さん
やまもとゆか",[],[]
海外から飛行機で帰国→預けていた荷物を受け取ると……「こわ～」　衝撃の光景が880万表示「なんでこうなった?!」（ねとらぼ）,https://news.yahoo.co.jp/articles/949c8584c5ceecd83c7ddd571889b86dff2819b8,https://newsatcl-pctr.c.yimg.jp/t/amd-img/20251226-10137208-it_nlab-000-1-view.jpg?exp=10800,2025-12-26T08:15:00+09:00,2025-12-26T08:15:00+09:00,ねとらぼ,it_nlab,ねとらぼ,564,"海外から飛行機で帰国→預けていた荷物を受け取ると……
飛行機に預けていたスーツケースが、とんでもない状態で返ってきた――。海外のとある航空会社を利用した人の、残念な体験談がX（Twitter）で話題です。執筆時点で、投稿は約880万表示される勢いです。
【画像】衝撃の光景
●スーツケースがぐしゃぐしゃに変形
投稿者はXユーザーのMiguel Gallagher（ミゲギャラ）さん（@InterMako）。所用で海外へ渡り、飛行機で帰国したときのことでした。

　空港で返却された荷物を見て、ミゲギャラさんは「さすがにこれはないだろ」とコメント。スーツケースの真ん中が、重機か何かで重圧をかけられたかのようにひしゃげていたのです。
●開けるのも大変なレベル
筐体は大きく変形し、開けるのもひと苦労。奇跡的に中身だけは無事だったそうですが、外側の壊れ具合がひどすぎて、気の毒なことこの上ありません。

　あまりにも悲惨な事態は、「ひどすぎる」「一回トラックで踏まれたとしか思えません」「扉を閉める時に挟まれたか、コンベアが詰まって潰れた？」と、大きな反響を呼びました。なお、補償により、スーツケースは新品に交換してもらえたそうです。

画像提供：Miguel Gallagher（ミゲギャラ）さん（@InterMako）
沓澤真二",[],[]
「簡単そうでいいかも」おにぎりを“5分”で大量生産　具入りでもOKな時短テクに「これなら早いですね！」（ねとらぼ）,https://news.yahoo.co.jp/articles/cb5861653d70df65c6f9d60d4fcfbcb08be442cb,https://newsatcl-pctr.c.yimg.jp/t/amd-img/20251226-10137072-it_nlab-000-1-view.jpg?exp=10800,2025-12-26T08:15:00+09:00,2025-12-26T08:15:00+09:00,ねとらぼ,it_nlab,ねとらぼ,1411,"時短で大量のおにぎりを作る方法とは……
おにぎりを短時間で大量生産する方法がYouTubeに投稿されました。「簡単そうでいいかも」と話題になり、記事執筆時点で13万回以上再生されています。
【画像】時短テク
投稿したのは、5歳の娘ちゃんを育てるママ・おこめさん。子どもが喜ぶお昼ごはんレシピを自身のYouTubeチャンネル「休日おひるごはん」で公開しており、以前には“小さめおにぎらず”の作り方が話題になりました。

　今回は、「形はちょっとイビツだけど、めちゃくちゃ早くできる」という、おにぎりを素早く大量生産するコツを紹介。ポイントはずばり“のりの扱い”です。まずは、おにぎり用の縦長サイズののりを袋からまとめて出し、隣にあたたかいごはんを用意します。

　軽く握ったごはんをのりの上にペタッと置くと、ごはんにくっついたのりが自然と1枚だけはがれてくれました。1枚ずつ数えて取り出す手間がなくなり、一気に作業が進みます。こののり攻略さえできれば、あとは特に難しい工程はないそうです！

　おこめさんはこの方法について、「ごはんはこのあとほぐしたくて軽く整えただけなんで、普通に俵型とかに握ってからのりを巻くともっと早い」「今回はふりかけとか使いたかったのと、5歳さんでも食べやすい厚みにしたかったんで、このスタイル」と説明。ごはんの量は、片手にすっぽり収まるくらいにすると大きさも揃いやすいといいます。

　続いて、のりの上全体にごはんを広げるようにほぐし、「ゆかり」やおこめさんイチオシの混ぜごはんの素「ひろし」をパラリ。あとはパタンパタンとのりを畳んでいくだけです。ほぐすときは手でもしゃもじでもOKで、やりやすさに大きな差はないとのこと。巻き終わりを下にして盛りつければ、2種類のおにぎりがあっという間に完成しました。

　その後、おこめさんは鶏そぼろと塩昆布のおにぎりにも挑戦しますが、鶏そぼろは畳んでいる途中でぽろぽろとこぼれてしまうハプニングが発生。おこめさん自身も「ぽろぽろ系は避けた方が無難」としており、具材選びも時短のポイントになりそうです。

　4種類のおにぎり作りにかかった時間は、撮影しながらでも約5分ほど。ごはん2合を使い切り、全部で12個のおにぎりが完成しました。1個あたりのごはんの量は、約55グラム前後で、おにぎり3個でお茶碗1杯分ほど。忙しいときにサッと作れるだけでなく、小さめのおにぎりが好きな人にもぴったりな方法でした。

　コメント欄には「確かに早い」「簡単そうでいいかも」「美味しそうです」「ご飯でのりくっつけるとこ、笑っちゃいました　お子さんだけでなく、小ぶりで大人にも食べやすそう」「頭良い〜」といった声が寄せられています。

　また「鶏そぼろがポロポロになるので、繋ぎでマヨネーズをちょい入れるだけでポロポロにならなくていいですよ」「ソボロはご飯に混ぜてからおにぎりにすると良さそうですね」などのアドバイスも寄せられていました。

　おこめさんは、この他にもさまざまなレシピをYouTubeチャンネル「休日おひるごはん」で公開中。また、Instagram（＠okome_to_gohan /@okome_kitchen）では、あと1品ほしいときの副菜やヘルシーなおかずなどを中心に紹介しています。

動画提供：YouTubeチャンネル「休日おひるごはん」さん
土屋真理菜",[],[]
柴犬に“本気の桃尻カット”したら……　「コレはアカン」絶対電車で見ちゃダメな衝撃姿に「吹き出してもうたやん！」（ねとらぼ）,https://news.yahoo.co.jp/articles/84270672c6c963dd0b717763bad523b54f8d78cf,https://newsatcl-pctr.c.yimg.jp/t/amd-img/20251226-10137418-it_nlab-000-1-view.jpg?exp=10800,2025-12-26T08:00:00+09:00,2025-12-26T08:00:00+09:00,ねとらぼ,it_nlab,ねとらぼ,883,"飼い主「大成功しすぎた」
柴犬のトリミングに全力で挑んだ結果がYouTubeに投稿され、「可愛すぎ」「食べられそう」と話題です。動画は記事執筆時点で6万5000回以上再生されています。
【画像】カット後
投稿したのは、5歳の柴犬「キナイ」くんと暮らす飼い主さん。YouTubeチャンネル「キナイちゃんねる」にて、キナイくんとのおだやかな日常を発信しています。

　今回公開されたのは、飼い主さんがキナイくんにサマーカットを施したときの様子。中でも力を入れたのが、柴犬ならではのチャームポイントを生かした“桃尻カット”です。キナイくんのかわいさを最大限に引き出すべく、飼い主さんは気合十分でカットに臨みました。

　動画の冒頭に映るのは、飼い主さんの本気度を物語るカットの形跡。机の上には、すでにカットされた大量の毛とハサミが残されており、桃尻への期待値が高まります。

　そしてカメラは、カットを終えて食事中のキナイくんを映します。後ろ姿に寄っていくと……思わず二度見してしまうほどリアルに仕上がった、ぷりんぷりんな桃尻が！　これはまぎれもなく大成功だ……！

　その丸みや立体感のバランスは、もはや完璧とも言える理想の桃尻。こんなにもきれいなお尻を通りすがりに見かけたら、つい目を奪われてしまいますね。なにより、飼い主さんの技術と集中力には驚かされます。

　コメント欄には、「桃尻すぎるww」「ぷりっぷりやん笑」「上手すぎw」「本当に大成功」「吹き出してもうたやん」「クレヨンしんちゃん思い出したｗｗｗ」「コレはアカン」など、あまりのクオリティに笑ってしまった人が続出。サマーカットでさっぱりしつつ、愛らしさは倍増したキナイくん。この“本気の桃尻”は、多くの人の心をわしづかみにしたようです。

　そんなキナイくんの日常は、YouTubeチャンネル「キナイちゃんねる」のほか、X（@hanasigainisite）とInstagram（shibainu_kinai）でも公開されています。

動画提供：YouTubeチャンネル「キナイちゃんねる」さん
土屋真理菜",[],[]
「安定感抜群です」　ユニクロの“落ち着いた色合いのネルシャツ”が人気　「しっかりとした張りがあり品質が高い」「柔らかくて着やすくて楽ちん」（ねとらぼ）,https://news.yahoo.co.jp/articles/c5cd12c9b0de00e4068068ed83ec3bcfd5fc93d8,https://newsatcl-pctr.c.yimg.jp/t/amd-img/20251226-10137539-it_nlab-000-1-view.jpg?exp=10800,2025-12-26T08:00:00+09:00,2025-12-26T08:00:00+09:00,ねとらぼ,it_nlab,ねとらぼ,802,"（画像：ねとらぼリサーチ）
ユニクロから販売されている「フランネルシャツ」が、暖かくて着心地が良く、色合いも良いと好評です。
【画像：ユニクロの“落ち着いた色合いのネルシャツ”を見る】
そこで今回は、ユニクロの「フランネルシャツ」を紹介していきましょう。
●「フランネルシャツ」とは
ユニクロの「フランネルシャツ」は、コットン100％の細い糸を使用した両面起毛素材で作られたネルシャツ。表面はなめらかな印象、裏面はふっくらと柔らかく暖かみのある風合いとなっています。ユニクロではさまざまなデザインのネルシャツを展開していますが、こちらは「BROWN」と「GRAY」の暖かさを感じさせる落ち着いた色合いのラインアップ。2026年1月3日までは期間限定価格2990円での販売となっています。

　実際に購入した人からは「安定感抜群です。オンでもオフでも使えるので、色違いで着回ししています」「色合いがいい。厚過ぎず薄過ぎず、ちょうどいい生地で着心地もいいです」「落ち着いた色目です。柔らかくて着やすくて楽ちんです。自分には袖が少し長いのですが、ボタンを閉めれば気にはなりません。厚めの生地でそこそこ暖かいです」「ネルの生地の暖かさを維持しながら、しっかりとした張りがあり品質が高いです」といった声が寄せられていました。
●着心地の良さと実用性を兼ね備えたワークマンの長袖ワークシャツもおすすめ
ワークマンの「NB純綿 長袖シャツ」は、肌あたりの良さと実用性を兼ね備えたワークウェア。作業着はもちろん、アウトドアやタフなシーンでの普段着として活躍します。綿100％の生地を使用しており、やわらかな風合いで着心地が良く、オールシーズン着用可能な仕様になっています。背面にはセンタープリーツを配し、動きやすさを意識。左胸にはジッパー付きポケットが設けられ、ちょっとした小物の持ち運びにも対応しています。
糸静ライン",[],[]
3歳娘を寝かしつけようとしたら……「涙出てきた」　ママが目撃した“尊すぎる光景”に「絵本に出てくる一コマみたい」「お金じゃ買えないですよね」（ねとらぼ）,https://news.yahoo.co.jp/articles/7310b790a90cc8a9d4dd22754dcada278eec3014,https://newsatcl-pctr.c.yimg.jp/t/amd-img/20251226-10136880-it_nlab-000-1-view.jpg?exp=10800,2025-12-26T08:00:00+09:00,2025-12-26T08:00:00+09:00,ねとらぼ,it_nlab,ねとらぼ,978,"3歳の娘を寝かしつけようとしたら……
3歳の娘を寝かしつけようと布団に向かったら……。思わず胸がキュンとする、“尊すぎる光景”がInstagramで話題です。動画は記事執筆時点で80万回以上再生され、反響を多数呼んでいます。
【画像】尊すぎる光景
●4匹のワンコたちと暮らす3歳の女の子
投稿者は、4匹の愛犬と3歳の娘・“ろの”ちゃんと一緒に過ごす日常を発信しているInstagramユーザーのくろ（@kuro_thedragon）さん。話題になっているのは、「こちらが幸せ睡眠です　毎日が特別でプライスレス」と公開した動画です。

　くろさんはこの日、ろのちゃんを寝かしつけようと支度をしていたのだとか。ろのちゃんを布団に寝かせてから、トイレに行くため少しだけその場を離れて戻ってくると……。

　なんとろのちゃんの隣には、真っ白でもふもふな大型犬「シュシュ」ちゃんが添い寝していたのです！　シュシュちゃんの温かい体温に安心したのか、ろのちゃんはすでにすやすやと夢の中。投稿者さんの代わりに寝かしつけをしてくれたシュシュちゃんも、目を閉じてうとうとしているようです。
●わが子と添い寝する大型犬
わが子と愛犬が仲良く眠っている光景に、投稿者さんは「トイレから戻ると私の寝る場所はなかった」「でもそこには　夢のような幸せが溢れてた」と幸せを噛みしめている様子。ぐっすり眠る2人にブランケットをかけてあげ、「何でもないようなことが幸せだと感じることで　毎日が幸せになる」「毎日がプライスレス!!」とつづるのでした。
●仲良しな大型犬＆女の子に癒やされる声
あまりにも温かい光景に、コメント欄では「美しくて、涙出てきた」「か、可愛すぎる」「やられたねぇ」「2人の寝姿 たまらんです　ずっ〜と見てられます」「本当に愛おしいですねー」「幸せな光景すぎます」「素敵です　ウルウルしちゃいました」「絵本に出てくる一コマみたい」「お金じゃ買えないですよね」とほっこりする人が続出しています。

　なお、ろのちゃんは赤ちゃんのころからワンコたちと一緒に育っており、一緒に散歩に行ったりくっついて眠ったりと普段から仲良く遊んでいます。触れあいをする際には、投稿者さんがそばでしっかり見守っているそうです。

動画提供：くろ（@kuro_thedragon）さん
やまもとゆか",[],[]
霧がかった朝、空を見上げると……「なぜそんなところに」　枝に乗っていた“まさかの生き物”に「風雅ですね」（ねとらぼ）,https://news.yahoo.co.jp/articles/fba4f5684a59129896dc6f65a308e3651d7796f4,https://newsatcl-pctr.c.yimg.jp/t/amd-img/20251226-10136864-it_nlab-000-1-view.jpg?exp=10800,2025-12-26T07:30:00+09:00,2025-12-26T07:30:00+09:00,ねとらぼ,it_nlab,ねとらぼ,998,"霧がかった朝、空を見上げたら……？
高い木の枝のうえで佇む黒い生き物。パッと見でカラスだと思ったら――意外な生き物の姿に驚く1枚の写真がX（Twitter）に投稿され、「なぜそんなところに」「マジですか？」と驚く声が上がっています。投稿は記事執筆時点で42万回以上表示されたほか、3万件を超える“いいね”を獲得。
【画像】まさかの生き物
●まるで神の使いのような幻想的な佇まいの黒猫を目撃
投稿者は7匹の親子猫と暮らす、写真家の大島淳之（@atyk12）さん。「霧がかった朝、カラスかと思ったら黒猫だった」と、少し珍しい見間違いが起きたときの光景を投稿しました。色は似ていても、姿形や目撃する場所が違う気がしますが……？

　しかし写真を見てすぐに納得します。その黒猫さんはかなり高い位置の木の上におり、遠くから見ると場所的にカラスだと思ってしまいそうです。黄緑色の葉っぱと霧で白くなった背景のなかでひとり目立っており、どこか神秘的な雰囲気を感じる姿に思わず見とれます。

　ズームしてよく見てみると、黒猫さんは撮られているのがわかっているかのようにカメラ目線でさらにびっくり。また、片耳がカットされた“さくら猫”で、おそらく不妊・去勢手術をすでに受けた地域猫さんのようでした。
●「え？あ！ホントだ！」「かっこいい」の声
コメントでは、「え？あ！ホントだ！」「かっこいい」「風雅ですね」といった声が寄せられ、日本画家・菱田春草の作品で重要文化財の『黒き猫』（参考：文化庁）を思い出す声が届いています。中には、「ちゃんと下りられたんだろうか？」と心配する声も。高い位置にいても堂々とした佇まいの猫ちゃんなので、無事に下りることができたと信じたい。

　投稿した大島さんは、愛猫たちや野良猫・地域猫の撮影をライフワークとしており、2026年1月には写真展 「猿と猫と」をピクトリコ ショップ&ギャラリー（東京都墨田区）にて開催予定。メインビジュアルの1つには鹿児島県・屋久島在住のヤクシマザルも写っており、タイトル通り“猿と猫”が主役となっているようです。開催期間は、前半が1月7日〜14日（※12日休み）まで、後半が1月15日〜24日（※19日休み）まで。作品は前半と後半で入れ替わる予定とのことです。

画像提供：大島 淳之 / Atsuyuki Ohshima（@atyk12）さん
宮原れい",[],[]
「私なら号泣」「ちゃんと説明すべき」　旅行から帰宅の飼い主が思わず涙……　飼い猫の“意外な出迎え”が900万回再生【海外】（ねとらぼ）,https://news.yahoo.co.jp/articles/65717025f87b0c01e57deb7f5e74189670cbc3fd,https://newsatcl-pctr.c.yimg.jp/t/amd-img/20251226-10137662-it_nlab-000-1-view.jpg?exp=10800,2025-12-26T07:30:00+09:00,2025-12-26T07:30:00+09:00,ねとらぼ,it_nlab,ねとらぼ,1627,"TikTokアカウント「puffindoestricks」からの引用
旅行から帰宅したある女性と久しぶりに再会した猫の意外な交流が注目を集めています。TikTok（@puffindoestricks）で公開された動画は記事執筆時点で900万回以上も再生され、「私だったら号泣」などたくさんのコメントが寄せられました。
【画像】飼い主が涙の“意外な出迎え”
●旅行から帰った飼い主を待っていたのは……
2025年10月15日、女性が旅行から帰宅すると、飼い猫のパフィン（オス）が出迎えてくれました。どうやらパフィンは家で留守番をしていたようです。

　そんなパフィンの足元には、なにやらボタンのようなものがたくさん並んでいました。

　パフィンは、スーツケースを開ける女性の様子を、じっと眺めています。すると、しばらくして、床一面に並べられたボタンの1つをおもむろに押しました。

「Mad（怒り）」。

　どこからか、そう呟く声が聞こえました。

　実はこのボタン、押すといろいろな音声が出るようになっています。続けてパフィンは、別のボタンを押しました。

「Worried（心配）」。

　動画の中で、パフィンは繰り返し「怒り」や「心配」のボタンを押し続けました。どうやら飼い主の姿が見えなかった間、もう戻ってこないのではないかと、とても不安になっていたようです。

　パフィンがボタンを押すのを見ていた飼い主は、「ボタンが本当に多くのことを伝えてくれました。パフィンがあんなに心配していたと思うと、涙が出てしまいました」と語っています。

　飼い主の女性は、普段からこのアイテムでパフィンと交流しているそうです。海外の動物情報サイト『Chewy』によると、こうしたトレーニングは、ペットの脳を刺激し、飼い主との絆を深める効果が期待できるといいます。行動や気分の改善につながる可能性もあるそうです。

　女性は留守にしていたことを謝り、「今はもう家にいるよ」と抱きしめようとしますが、パフィンはどこかそっけない様子。再び「怒りモード」に戻ってしまったような雰囲気が、動画からは伝わってきます。

　動画の終盤、パフィンは「Sick（病気）」のボタンも押しました。ただ、ペットシッターに確認したところ、留守中に体調を崩した事実はなかったとのことです。

　女性は「私のことを心配しすぎて、気分が悪くなっただけなのかもしれません」と推測しています。
●大きな反響を呼んで再生回数900万回以上
この動画は瞬く間に拡散されました。記事執筆時点で900万回以上再生され、78万件を超える「いいね」と5500件以上のコメントが寄せられました。コメントでは「私だったら号泣する。気持ちをちゃんと言葉にしているんだね」「動物は置いていかれることを理解している。出かける前に説明したほうがいい」など、さまざまな声が見られました。

　一方で「たまたまでは？」「本当に意味を理解しているとは思えない」といった懐疑的な意見も寄せられました。

　こうした声に対して、飼い主の女性はコメント欄で「パフィンは80個以上のボタンを記憶し、それぞれの意味と配置を理解して使い分けている」など、丁寧に説明しています。

「最初に教えた感情の言葉は“怒り”です。私はその言葉を何度も使って手本を示し、パフィンのボディランゲージを注意深く観察しながら、感情と言葉を結びつけていきました。そのあと“心配”など、より複雑な感情語も段階的に教えていきました。一度にたくさんは教えません。すでに意味を理解している単語から始めて、少しずつ増やしていきました」

　感情を“言葉”で伝えようとする猫の姿は、多くの人に驚きと癒やしを届けました。信じるかどうかは人それぞれ。それでも、音声ボタンの前に立ち、必死に思いを伝えようとするパフィンの姿が、多くの心を動かしたことは確かなようです。
風井ルーシー",[],[]
クリスマス前、1人暮らしの夕食は……「エグい」「羨ましいけど」　とんでもない光景に「笑ってしまいました」（ねとらぼ）,https://news.yahoo.co.jp/articles/0afd1a55cfabb56bac1c2502b0fcf13b587c3056,https://newsatcl-pctr.c.yimg.jp/t/amd-img/20251226-10137668-it_nlab-000-1-view.jpg?exp=10800,2025-12-26T07:15:00+09:00,2025-12-26T07:15:00+09:00,ねとらぼ,it_nlab,ねとらぼ,932,"クリスマス前、1人暮らしの夕食は……
クリスマス・イブに、社長が1人暮らしの社員に送ったのは……。とんでもない光景がX（Twitter）で、「エグい」「羨ましいけど」「笑ってしまいました」と話題になっています。
【画像】とんでもない光景
投稿者は、3匹の猫と一緒に暮らしている、Xユーザーのふみ（@xAzwizeAQXhHvPi）さん。「今年も勤務先の社長からクリスマスプレゼントをいただきました」と添えて、ケンタッキーフライドチキンのクリスマスメニュー「パーティバーレル オリジナル」の写真を投稿しました。

　同メニューには「オリジナルチキン」の他、国産鶏100％のひき肉を使用したという「国産鶏の特製ミートグラタン」、ストロベリームースとバニラムースの2層仕立てが楽しめるとうたう「ストロベリーバニラムース」などが入っています。オリジナルチキンだけでも、1人暮らしには十分すぎる量……！

　ちなみに、価格は5490円。店頭またはKFCネットオーダーで12月12日までに予約すると、500円引きの4990円で購入できました。いずれの価格にせよ、社長の太っ腹ぶりが分かりますね。
●「エグい」「羨ましいけど」
1人暮らしにはとても食べきれない量に、リプライ欄などには「一生ものの思い出になりましたね〜」「羨ましいけど、多いですねこりゃw」「スゲー(笑)冷凍しとく？」「なかなかの量ですね…！」「2人で食べても多かった記憶」「通りすがりですが堪えきれず笑ってしまいました笑　この量エグい」との声が集まりました。

　また、中には「え？え？食べきれるでしょ、余裕で」という声がありましたが、ふみさんは「2日がかりで食べました！！　これも仕事かと思いました〜」「海賊並に大食いなんで食べ切りました」「腹いっぱいです！」とコメントしています。

　実は、2024年のクリスマス・イブにも、社長はふみさんに同様のメニューをプレゼント。「素敵な社長さんですね」「良い社長さんやなぁ！　こういうのって大事だ」「1日じゃ食べ切れなさそうですね」といった声が寄せられていました。なんと、仕事最終日には、社長から年越し蕎麦のプレゼントが予定されているとのことです。
ねとらぼ編集部",[],[]
「スタバ」2025年の限定フラペチーノ振り返り！　あなたが好きなのは？（ねとらぼ）,https://news.yahoo.co.jp/articles/6a300fb344298c539cc6d1ef68245136976a4939,https://newsatcl-pctr.c.yimg.jp/t/amd-img/20251226-10136985-it_nlab-000-1-view.jpg?exp=10800,2025-12-26T07:00:00+09:00,2025-12-26T07:00:00+09:00,ねとらぼ,it_nlab,ねとらぼ,3879,"プレスリリースより
スターバックス（以下、スタバ）は毎年、さまざまな限定フラペチーノを発表し、多くのファンを楽しませています。2025年も1月の「クラシック ショコラ シンフォニー フラペチーノ」「ブロンド ショコラ シンフォニー フラペチーノ」を皮切りに、たくさんのオリジナリティあふれるドリンクが登場しました。
【ランキング】1～18位を見る
今回はそんなスタバの2025年限定フラペチーノを振り返ります。あなたが好きなフラペチーノはなんですか？

※ティー専門店、一部店舗で販売の商品は除いています
●クラシック ショコラ シンフォニー フラペチーノ
バレンタインシーズンのフラペチーノ「クラシック ショコラ シンフォニー フラペチーノ」は1月中旬に登場しました。

　ショコラソースをカップの底に入れ、クランチチョコレートクッキー、ダークフラペチーノパウダーとミルクが溶け合うフラペチーノを注ぎ、トップにはチョコレートホイップとショコラソースをのせて金粉パウダーをあしらっています。

　同時期に、ホワイトチョコレートをキャラメリゼすることで完成する「ブロンドチョコレート」を一部使用した「ブロンド ショコラ シンフォニー フラペチーノ」も登場。「クラシック ショコラ シンフォニー フラペチーノ」の商品構成はそのままに、ボディ部分に「ブロンドチョコレートパウダー」を使っています。
●ルビー ショコラ シンフォニー フラペチーノ
1月下旬にはバレンタインシーズン第2弾の「ルビー ショコラ シンフォニー フラペチーノ」が登場。

　ルビーカカオ豆を使用したピンク色の「ルビーチョコレート」を一部使用。先に登場した「クラシック ショコラ　シンフォニー フラペチーノ」の商品構成はそのままに、ボディ部分に「ルビーチョコレートパウダー」を使用しており、ピンク色の見た目になっています。
●白桃と桜わらびもち フラペチーノ
SAKURAプロモーションの商品「白桃と桜わらびもち フラペチーノ」は2月中旬に登場しました。

　ボトムに桜の花の香りをまとったわらびもちを詰め、白桃フレーバーとホワイトチョコレート風味のフラペチーノを合わせています。トップのホイップクリームには、いちごフレーバーにほのかに桜の風味が香るソースをトッピングし、いちごやラズベリーフレーバーのパウダーで仕上げています。
●抹茶と桜わらびもち フラペチーノ
SAKURAプロモーション第2弾の「抹茶と桜わらびもち フラペチーノ」は2月下旬に発売されました。

　スターバックスの代表商品「抹茶 クリーム フラペチーノ」に、桜の花の香りをまとったわらびもちを合わせています。抹茶パウダーとミルクをブレンドしたフラペチーノをベースに、ボトムに桜の花びらのような色合いのわらびもちを敷いています。トップのホイップクリームには、いちごの味わいに桜の風味がほのかに香るソースをトッピングし、いちごやラズベリーフレーバーのパウダーで仕上げています。
●春空 ミルクコーヒー フラペチーノ
Springシーズンのメニュー「春空 ミルクコーヒー フラペチーノ」は3月中旬に登場しました。

　フラペチーノの中に隠れたボールを割ることで味が変わるスタバ初のフラペチーノ。そのまま飲むと、ミルクムース、ミルキーなプリン、ミルクコーヒーの味わい。フラペチーノの中のストロベリーボールをストローで割ると、ストロベリーソースが広がってストロベリー風味のミルクコーヒーに変化し、見た目もピンク色が広がります。
●ジョー カインド スヌーピー キャラメル チョコレート オーツミルク フラペチーノ
スヌーピーと仲間たちが登場するコミック「「PEANUTS」とコラボした「ジョー カインド スヌーピー キャラメル チョコレート オーツミルク フラペチーノ」は3月下旬に発売されました。

　オーツミルクとチョコレートチップをベースに、キャラメルとチョコレートを合わせたソースで全体を包んでいます。トッピングにはホイップクリームとキャラメルチョコレートソース、グリーンハート型のシュガー、「JOE KIND SNOOPY」のトッパー（チョコレート）をのせています。
●THE 苺 フラペチーノ
サマーシーズン第1弾の「THE 苺 フラペチーノ」は4月上旬に登場しました。“いちごを超えたいちご体験”を堪能できるとうたったメニューです。

　いちごの果肉やジュレが入った鮮やかな赤のフラペチーノで、トッピングのホイップクリームを混ぜることで、濃厚でクリーミーな味わいに変わるといいます。
●オリエンタル マンゴー ＆ ティー フラペチーノ
サマーシーズン第2弾「オリエンタル マンゴー ＆ ティー フラペチーノ」は5月下旬に発売されました。

　ジャスミンティーとソイミルクを合わせたボディにマンゴー果肉を入れて、仕上げにホイップクリームの上にマンゴーソースをトッピングしています。

　6月上旬には「オリエンタル マンゴー ＆ ティー フラペチーノ」に「ホットハニー」を追加した、スターバックス初の辛いフラペチーノ「ホットハニー オリエンタル マンゴー ＆ ティー フラペチーノ」が登場しています。
●アールグレイ ブーケ ＆ ティー フラペチーノ
6月中旬に登場した「アールグレイ ブーケ ＆ ティー フラペチーノ」は、以前に人気を博した「アール グレイ ブーケ ＆ ティー ラテ」をティーフラペチーノとして仕上げたメニューです。

　アールグレイを中心にハーブとミルクを合わせたフラペチーノに、ベルガモットやレモンピール、オレンジなどをブレンドしたパウダーを振りかけ、仕上げにはちみつをトッピングしています。
●グラン マスカット フラペチーノ
サマーシーズン第3弾「グラン マスカット フラペチーノ」は7月上旬に発売されました。

　マスカット果汁を使用したベースに、ぶどう果肉入りのソースと、マスカットのピューレを使ったジュレを合わせたボディに、アクセントとしてエルダーフラワーの香りを重ねています。
●ヘブンリー ピーチ フラペチーノ
スタバの夏の定番フレーバーとなっているピーチテイストのフラペチーノ。サマーシーズン第4弾として「ヘブンリー ピーチ フラペチーノ」が8月上旬に登場しました。

　白桃ピューレを使用したドリンクベースと氷をブレンドしてピーチ果肉を合わせたボディに、ホイップクリーム、ピーチソースとピーチフレーバーパウダーをトッピングしています。
●洋なし 生キャラメル フラペチーノ
9月上旬に登場の「洋なし 生キャラメル フラペチーノ」はスイーツ感にこだわって開発されたフラペチーノ。

　洋なし果肉と生キャラメルを合わせたソースに、洋なしベースとミルクのフラペチーノを合わせており、ホイップクリームの上に山形県産のラ・フランスの果汁を使用したソースをトッピングしています。
●アサイー ベリー フラペチーノ
ハロウィーンシーズンのメニュー「アサイー ベリー フラペチーノ」は10月上旬に発売されました。

　フラペチーノのベースには、アサイーに加え、ラズベリー、カシス、ブラックベリーフレーバーを組み合わせ、ブラッククランチを加えています。黒猫のシルエットをイメージしたブラックショコラソースと、猫耳の形をイメージしたチョコレートをトッピングして、黒猫がカップから顔をのぞかせているようなビジュアルになっています。
●ストロベリー ＆ ジョイフルメドレー ティー フラペチーノ
ホリデーシーズンメニューの「ストロベリー ＆ ジョイフルメドレー ティー フラペチーノ」は11月上旬に発売されました。

　ブラックティー、ウーロン茶、ジャスミンティーの3種をブレンドした「ジョイフルメドレーティー」をベースにしたフラペチーノに、ストロベリー果肉を合わせ、ホイップクリームの上にフリーズドライのストロベリーをあしらっています。
●スモア チョコレート フラペチーノ
ホリデーシーズンメニュー第2弾の「スモア チョコレート フラペチーノ」は11月下旬に登場しました。

　スモアは、焼いたマシュマロとチョコレートをビスケットなどで挟んで食べるアメリカのスイーツ。「スモア チョコレート フラペチーノ」は、ビターなエスプレッソを加えたチョコレートソースを使用し、ホイップクリームの上にスモア用ソース、マシュマロ、全粒粉入りのクランチをトッピングし、ブリュレシュガーで仕上げています。
●玉露抹茶 フラペチーノ
抹茶づくしの「玉露抹茶 フラペチーノ」は12月26日発売。年末年始の慌ただしい季節でもホッと一息ついて、特別なぬくもりを感じてもらう「玉露のまろやかさと上質なお茶の香りの余韻に、ホイップまで抹茶が感じられる抹茶づくしの一杯」としています。

　ウィンターシーズンに登場するビバレッジでは、日本のお茶の年間生産量のうち、約0.7%と希少な茶葉の玉露を使用し、「茶師」監修のもと開発した抹茶や玉露を使用。「玉露抹茶 フラペチーノ」は玉露入り抹茶に抹茶あんペーストを重ね、仕上げに抹茶ホイップと、薄く焼いた生地を細かく砕いた抹茶フィアンティーヌをトッピングしています。

　2025年も魅力あふれるさまざまな限定フラペチーノが登場しました。あなたが好きなドリンクはどれですか？
ねとらぼ編集部",[],[]
知人から貰ったお菓子「かいこの一生」→箱を開けると……　中身のインパクトに反響「可哀想で食べられない」「欲しい！」（ねとらぼ）,https://news.yahoo.co.jp/articles/9bf9a03c88aec0f2fd3bc81ac44e39f31c62f692,https://newsatcl-pctr.c.yimg.jp/t/amd-img/20251226-10137421-it_nlab-000-1-view.jpg?exp=10800,2025-12-26T07:00:00+09:00,2025-12-26T07:00:00+09:00,ねとらぼ,it_nlab,ねとらぼ,578,"箱を開けると……
再現度のクオリティーが「すんごいチョコ」の写真が、Threadsに投稿されました。このポストの閲覧数は記事執筆時点で2万回を超えています。
【画像】まさかの中身
投稿者は、Threadsユーザーのトキメキ終活（@tokimekishukatsu）さん。群馬県にあるお菓子メーカー「丸エイ食品」が販売している「かいこの一生チョコレート」をもらったそうです。高級感のある箱を開けてみると……？

　同商品はその名の通り、幼虫と繭、成虫と変化していくカイコの一生をチョコレートで再現したもの。幼虫形チョコのさわやかな渋みや繭形チョコの軽い食感、成虫形チョコの香ばしさとサクサク感が楽しめるお菓子です。

　各形態の特徴を見事に落とし込んでおり、特に幼虫の作り込みがすごい一品。もらったトキメキ終活さんも「幼虫のリアリティ！」と再現度の高さに驚きの声を上げています。

　あまりのリアルさに「可哀想で食べられない」との声もありましたが、細部までこだわりが感じられるチョコの写真には、「幼虫確かにそっくり笑」「ちゃんと桑の葉に乗ってますね」「これ食べたことあります！　桑の葉パウダーが入ってる？　とかだったような」「すごい！　欲しいです」などの感想が寄せられています。

画像提供：トキメキ終活（@tokimekishukatsu）さん
羽野源一郎",[],[]
【地元の60代が選ぶ】優秀な生徒が多いと思う「大阪府の私立高校」ランキング！　2位は「清風南海高校」、1位は？（ねとらぼ）,https://news.yahoo.co.jp/articles/6079a9b1e2b78a396f7e90a91a17e3a93e3552e3,https://newsatcl-pctr.c.yimg.jp/t/amd-img/20251226-10137603-it_nlab-000-1-view.jpg?exp=10800,2025-12-26T07:00:00+09:00,2025-12-26T07:00:00+09:00,ねとらぼ,it_nlab,ねとらぼ,1030,"画像はイメージです（画像：PIXTA）
ねとらぼでは、アンケートサイト「ボイスノート」の協力のもと、大阪府在住の60代を対象に「優秀な生徒が多いと思う大阪府の私立高校はどこ？」というテーマでアンケートを実施しました。
【画像：ランキング21位～1位を見る】
府内には、男女別学の高校や、中高一貫教育を実施している高校、通信制課程を併設している高校など、さまざまな特色をもつ私立高校があるなかで、地元在住の60代から優秀な生徒が多そうだと支持されたのは、どの高校だったのでしょうか。さっそく見ていきましょう！
●第2位：清風南海高校
第2位は、高石市にある「清風南海高校」で、得票率は8.3%でした。1963年に大阪市天王寺区にある清風学園の姉妹校として創立された高校です。中高一貫教育が行われており、高校からも内部進学生とは別のコースで学ぶ生徒を募集しています。

　学園の特色の一つに「授業第一主義」をあげており、1日7時限の授業を実施しているほか、少人数制の個別授業や、発展的学習、放課後のマンツーマン指導など、生徒の個性に合わせた学習指導を実施。2015年から文部科学省より「スーパーグローバルハイスクール（SGH）」に指定されていたこともあり、グローバル・リーダーの育成にも力を入れています。2025年3月の卒業生は、京都大学や大阪大学、神戸大学といった国公立大学に、あわせて148人が合格。医学部医学科に合格した生徒もおり、「優秀な生徒が多い」というイメージに結びついていそうです。
●第1位：四天王寺高校
第1位は、大阪市天王寺区にある「四天王寺高校」で、得票率は10.7%でした。593年に聖徳太子が創設した「四天王寺敬田院」をルーツにもつ高校です。1922年に創立された「天王寺高等女学校」を前身として、1948年の学制改革に伴い、現校名へと改称しました。中高一貫教育を実施していますが、高校からも生徒の募集を行っています。

　高校はコース制をとっており、入学時に「文理選抜コース」「文理コース」「文化・スポーツコース」の3つからコースを選択。「文理選抜コース」「文理コース」はコース変更も可能で、最難関国公立・私立大学へ進学できる力を育成します。2025年3月の卒業生は、国公立大学に216人が合格。国公立大学の医学部医学科へは42人が合格するなど、優れた進学実績を残しています。「優秀な生徒が多い」という印象も納得の結果ですよね。
kei",[],[]
「これだけ買いに行きたい」　東京駅の“1380円駅弁”に注目殺到　「え」「これは！」「神」「なんてこった」【話題を呼んだ東日本の駅弁3選】（ねとらぼ）,https://news.yahoo.co.jp/articles/a0e9c35787843e3d69f2dc728c5e488e10e07786,https://newsatcl-pctr.c.yimg.jp/t/amd-img/20251226-10136887-it_nlab-000-1-view.jpg?exp=10800,2025-12-26T07:00:00+09:00,2025-12-26T07:00:00+09:00,ねとらぼ,it_nlab,ねとらぼ,1089,"東京駅（出典：PIXTA）
いよいよ迎える年末の帰省シーズン。東京駅で駅弁を買い、新幹線で実家に帰省するという人も多いのではないでしょうか。ねとらぼでは2025年、ネット上で話題を呼んだ東京駅で買える駅弁などを取り上げました。ここではその一部を紹介します。
【画像】東京駅の“1380円駅弁”
●「これだけ買いに行きたい」　東京駅の“1380円駅弁”に注目殺到　「え」「これは！」「神」「なんてこった」
夏に話題を呼んだのは、老舗駅弁ブランド「湘南鎌倉 大船軒」から7月23日に発売された「えんがわと海老の押寿し」（1380円）。脂の甘味が際立つえんがわと、さっぱりした酢〆海老を詰め合わせた、彩り豊かな商品です。

　商品は大船軒の売店、東京駅「駅弁屋 祭 グランスタ東京」、新宿、大宮などの主要駅で販売されています。

　SNS上では「今度買って帰ろう」「これだけ買いに行きたい」「え」「これは！」「なんてこった」「神」「えんがわ寿司駅弁の中で1番好きかもしれない」といった反響が聞かれました。
●「これは見逃していた」　東京駅の“マグロ駅弁”に反響続出　「石油王の弁当」「大優勝」「絶対これ買う」
大丸東京店地下の「大丸東京店　つきじ鈴富」で販売されている「鮪ガッツリ丼」（2300円）も注目を集めました。新鮮なマグロがご飯の上にぎっしりと載った、マグロ好きにはたまらないぜいたくな弁当です。

　SNS上では「こりゃあ大優勝」「絶対これ買う」「石油王の弁当」「いつも大丸で買うけど、これは見逃していた」「これはリピートしたい」といった反響が寄せられました。

　同店では他にも、マグロのすしや軍艦巻き、ちらしすしなどを販売。なお、季節や入荷状況によってネタが変わることもあるので、注意が必要です。
●「どゆこと」　“大人気駅弁”新作の衝撃ビジュアルにネット騒然　「なんで」「マジか」「どこに需要あったの」
群馬発祥で、東京都内にも店舗を構える荻野屋（群馬県安中市）は、創業140周年を記念し、秋に看板商品「峠の釜めし」を特別仕様の容器で販売しました。

　峠の釜めしは、重厚な陶器の器に釜めしが入った群馬名物の駅弁。全国の駅弁の中でも屈指の知名度と人気を誇りますが、創業140周年の限定品では、なんと中身が見えるプラスチック製のクリア容器を採用しました。

　従来の峠の釜めしとは大きく異なる衝撃のビジュアルに「どゆこと」「なんで」「マジか」「どこに需要あったの」と驚きの声が続出。「面白い」「透明容器かわいい」「これはこれでほしい」といった声も聞かれました。
ねとらぼ",[],[]
