headline,mainEntityOfPage,image,datePublished,dateModified,author,media_en,media_jp,str_count,body,images,external_links
子育てに追われ「メイクが楽しめない」と悩む40歳ママ、プロが本気でイメチェンしたら……　別人級の変貌に「みなさん女優のように変身するのはなぜ」（ねとらぼ）,https://news.yahoo.co.jp/articles/935bffb077e63dad2bcbc76057d15ccd5baec9dd,https://newsatcl-pctr.c.yimg.jp/t/amd-img/20241026-00000022-it_nlab-000-1-view.jpg?exp=10800,2024-10-26T22:10:10+09:00,2024-10-26T22:10:10+09:00,ねとらぼ,it_nlab,ねとらぼ,1439,\n子育て奮闘中のママ・ナオさん\n子育てに奮闘中の40代ママが、プロの本気のヘアメイクでイメチェンする動画がInstagramとYouTubeに投稿されました。投稿者の「STUDIO KUMU」（東京都渋谷区）は、宣材やオーディション写真、アーティスト写真、SNSのプロフィール写真まで幅広く対応する撮影スタジオ。驚きのビフォーアフターには「最高に素敵です」「私もしてもらいたい」などの声が上がっています。\n【動画】変身ビフォーアフター\n今回イメージアップ撮影モデルとして応募してくれたのは、ナオさん。ナチュラル系のすてきなママさんですが、子育てが始まってからあまりメイクアップを楽しめていないそうで、洋服もかなりカジュアルなものしか着られない日々に悩んでいます。\n\n イメチェンを担当するのは、ヘアメイクの仕事を約30年続けているkumuさん。ナオさんがこれまで経験したことのないスタイルを目指し、メイクではまず筆を使ってベースを目の下の三角ゾーンから周りへぼかすように塗布していきます。\n\n 同じ筆でファンデーションを混ぜて塗布したら、ダーマカラーの6色パレットで細かいところをカバーしていきます。次に首までプレストパウダーで丁寧におさえたら、シェーディングパレットを使ってほほからあごへ。特にあごは、ナオさんに合わせて強めにシェーディングしています。\n\n 眉については一気に描かず、最初にガイドを描くイメージで始めて、だんだんラインを決めていきます。顔の筋肉の動きなども見て慎重に進めていくのがさすがプロといった印象です。さらに続くアイメイクに関してもプロの技術が光ります。\n\n まずはまぶたのラインをチェックし、先にインラインを引いたら、次に位置決めしたところにメザイクテープを貼っていきます。なお、うまく貼るには経験が必要だとして、kumuさんは「2箱くらいダメにするくらい練習してね」と、すぐに諦めず続けることで上手になると伝えています。細かなポイントやのり付けのやり方は動画で解説していますよ。\n\n ビューラーでまつ毛を上げると、もうこの時点で目がぱっちりした印象に。あとはダーク系のアイシャドウで目を囲むように塗布したら、つけまつ毛をオン。アイラインを下げ気味に引いて、全体の細かい部分をチェックしたら完成です。\n\n ヘアスタイルと洋服も含めて、かわいさを残しつつ、全体的にちょっと大人っぽく仕上げた結果がこちら。自信に満ちあふれた、華やかな笑顔が眩しいクールビューティーな印象に大変身！\n\n 撮影後に自身の写真を見たナオさんも「ええ！ 素敵！」と驚いた様子で口を抑えます。「こんな自分がいたんだな」と感動しており、Instagramのコメント欄でも「めっちゃ素敵」「元々美しい人だけど華やかになって。うきうきが表情にも出て更に素敵に」「表情が輝いてますね」と称賛の声が寄せられています。\n\n kumuさんによるビフォーアフターはSTUDIO KUMUのInstagramアカウント（@studiokumu）で、ヘアメイクの詳細はYouTubeチャンネル「Mr.kumuチャンネル」で公開中です。以前には、メイクが全くできないと悩む40代女性を大変身させる動画が話題になりました。\n\n動画提供：STUDIO KUMU（@studiokumu）さん／YouTube「Mr.kumuチャンネル（@Mrkumu）」\nねとらぼ,['https://newsatcl-pctr.c.yimg.jp/t/amd-img/20241026-00000022-it_nlab-000-1-view.jpg?exp=10800'],"['https://news.yahoo.co.jp/articles/935bffb077e63dad2bcbc76057d15ccd5baec9dd/images/000', 'https://nlab.itmedia.co.jp/nl/articles/2410/26/news024_2.html#utm_source=yahoo_v3&utm_medium=feed&utm_campaign=20241026-022&utm_term=it_nlab-life&utm_content=embed']"
海岸に捨てられていた子猫を保護→半年後……　3匹の成長の様子に感動「涙が出てきます」「これからも幸せに過ごしてもらいたい」（ねとらぼ）,https://news.yahoo.co.jp/articles/b309a9b4ccfe6a1bfb06054fa2c8959de7035dff,https://newsatcl-pctr.c.yimg.jp/t/amd-img/20241026-00000028-it_nlab-000-1-view.jpg?exp=10800,2024-10-26T22:30:12+09:00,2024-10-26T22:30:12+09:00,ねとらぼ,it_nlab,ねとらぼ,1469,\n保護直後の様子\nある離島の波打ち際で、ビニール袋に入った状態で遺棄されていた3匹の子猫を保護――。それから半年後の子猫の様子がYouTubeで話題です。動画は、記事執筆時点で約7万4000回再生されています。\n【画像】半年後の子猫の様子\n動画を投稿したのは、2016年に福岡県から佐賀県に移住し、YouTubeチャンネル「ヒミツキチチャンネル」で釣りや家庭菜園、DIYの様子などを公開しているハルさんとジュンヤさんです。\n\n 以前、ビニール袋に入った状態で海岸に捨てられていた3匹の生まれたばかりの子猫を発見し、保護する様子を紹介しました。\n\n 10月10日。波打ち際で子猫を発見した日から半年が経過し、保護した兄弟猫の「キッキ」くんと「ニョッキ」くん（通称：ニョッキーズ）も生後ほぼ半年を迎えました。\n\n ハルさんとジュンヤさんはもともと5匹の猫と暮らしていたため、里親を探す前提で3匹の子猫を保護。茶トラの1匹はすぐに里親が見つかり、ニョッキーズも里親が決まっていましたが、ある日、キッキくんにてんかん発作が出るように。里子に出すことが難しいと判断し、2匹そろって家族の一員になったという経緯があります。\n\n なお、ニョッキーズを迎えたあとにも紆余（うよ）曲折があり、もう1匹子猫が増えてハルさんとジュンヤさん宅には現在計8匹の猫が暮らしています。\n\n 三男のキッキくんは、てんかん発作があるものの元気で、遊ぶより食べることが好きなのだといいます。ちょっぴり不思議な猫で、掃除機に立ち向かっていったり、火も怖くなかったりといった一面があるのだとか。\n\n 次男のニョッキくんはパパさんのことが大好き。パパさんに名前を呼ばれると、しっぽをぴーんと立ててやってくるのだそうです。\n\n 保護した直後の体重はキッキくんが116グラム、ニョッキくんが117グラムでしたが、半年経過して改めて体重を測ってみると、2匹の体重はともに3.3キロになっていました。半年でずいぶんと大きく、立派になりましたね。\n\n 動画ではその後、保護直後のキッキくんとニョッキくんがミルクを飲む姿や遊ぶ姿など、2匹と過ごした半年の様子がまとめられています。2匹が無事に大きくなり、2人が半年を振り返って笑い合えることがなんとも尊く、いとおしいです。\n\n なお、保護直後に長男の茶トラ「大吉」くんの里親になってくれた方とは現在も親交があり、今回も動画を送ってもらったとのこと。\n\n 里親さんのお家には新入りの妹猫がやってきて、大吉くんはいつの間にかお兄ちゃんになっていました。新入り猫の「よしこ」ちゃんをすぐに受け入れてくれたという、心優しい大吉くんの体重は現在2.9キロだそうです。\n\n 捨てられていた子猫3匹が元気に成長していることが分かり、コメント欄には「三兄弟があんなにか弱かったのに今では元気に逞しくなりましたね。これからも幸せに過ごしてもらいたいです」「保護してくださり、3匹とも大きくなれて幸せにしている姿を見ると涙が出てきます。良かった。ありがとうございます」といった声が寄せられています。\n\n 猫たちの様子は、ハルさんとジュンヤさんのYouTubeチャンネル「ヒミツキチチャンネル」で発信中です。また、サブチャンネル「釣りみにまにも」、Instagramでは、釣りをメインに家庭菜園やDIYをする様子を公開しています。\n\n動画提供：YouTubeチャンネル「ヒミツキチチャンネル」\nねとらぼ,['https://newsatcl-pctr.c.yimg.jp/t/amd-img/20241026-00000028-it_nlab-000-1-view.jpg?pri=l&w=640&h=334&exp=10800'],"['https://news.yahoo.co.jp/articles/b309a9b4ccfe6a1bfb06054fa2c8959de7035dff/images/000', 'https://image.itmedia.co.jp/l/im/nl/articles/2410/26/l_mika2410_nami1.jpg#utm_source=yahoo_v3&utm_medium=feed&utm_campaign=20241026-028&utm_term=it_nlab-life&utm_content=img']"
【男性が選ぶ】ドラマの主題歌になった「SMAPの楽曲」人気ランキング！　第2位は「ありがとう」「らいおんハート」、第1位は？（ねとらぼ）,https://news.yahoo.co.jp/articles/749c962647287d22616a79fedc4745a0a7cf187b,https://newsatcl-pctr.c.yimg.jp/t/amd-img/20241026-10099124-it_nlab-000-1-view.jpg?exp=10800,2024-10-26T22:45:00+09:00,2024-10-26T22:45:00+09:00,ねとらぼ,it_nlab,ねとらぼ,1067,\n出典：Amazon.co.jp\nねとらぼでは、2024年6月9日～6月16日に「テレビドラマの主題歌になったSMAPの楽曲で好きなのは？」というテーマでアンケートを実施しました。大ヒット曲が数多くあるSMAPの楽曲の中で、今回はドラマ主題歌になった作品のみを対象としています。\n【画像：ランキング14位～1位を見る】\n本記事では、投票結果から「男性」と回答した人の票を抽出して紹介。果たして、全国の男性から好きだと評価されたSMAPの「テレビドラマの主題歌」はどの作品でしょうか？\n●第2位：らいおんハート\n2位には、同率で2曲がランクインしました。1曲目は「らいおんハート」です。2000年にリリースされた32枚目のシングルで、日本テレビ系で放送された「フードファイト」の主題歌となりました。作詞は「フードファイト」の企画を手掛けた脚本家の野島信司さんが担当。作曲・編曲はSMAP関連の楽曲で高い評価を得ているコモリタミノルさんが手がけています。\n\n SMAPを代表するラブバラードで、ミリオンセラーを超える大ヒットを記録。2012年に発売されたアルバム「GIFT of SMAP」には、アンサーソングとなる「エンジェルはーと」が収録され話題を集めました。\n●第2位：ありがとう\n同じく2位に選ばれたのは「ありがとう」でした。2006年にリリースされた40枚目のシングルで、関西テレビ・フジテレビ系で放送された「僕の歩く道」の主題歌として採用されました。\n\n 大切な人に「ありがとう」と感謝の気持ちを伝える楽曲で、国民的人気を誇ったSMAPらしいハートウォーミングな作品です。また、中居正広さんがメインキャスターを務めたTBSの「リオ五輪2016」のテーマソングにもなりました。「ありがとう」が、放送テーマの「感謝」にふさわしいという理由で使われたそうです。\n●第1位：世界に一つだけの花\n第1位に輝いたのは「世界に一つだけの花」でした。2003年にリリースされた35枚目のシングルで、関西テレビ・フジテレビ系で放送されたドラマ「僕の生きる道」の主題歌。槇原敬之さんが作詞・作曲を担当した作品で、最終的には300万枚を超えるメガヒットを記録した、グループを代表する一曲です。\n\n 背中をそっと押してくれる歌詞と、老若男女が歌いやすい美しいメロディーラインが特徴的。2003年の「NHK紅白歌合戦」で大トリとして披露されるなど、国民的なヒットソングとして多くの人に愛されている作品です。\n高橋マナブ,['https://newsatcl-pctr.c.yimg.jp/t/amd-img/20241026-10099124-it_nlab-000-1-view.jpg?pri=l&w=640&h=640&exp=10800'],"['https://news.yahoo.co.jp/articles/749c962647287d22616a79fedc4745a0a7cf187b/images/000', 'https://nlab.itmedia.co.jp/research/articles/3093657/2#utm_source=yahoo_v3&utm_medium=feed&utm_campaign=20241026-10099124&utm_term=it_nlab-ent&utm_content=img']"
【ベルサイユのばら】「ベルばら」で印象深いキャラクターは？　3人を紹介！（ねとらぼ）,https://news.yahoo.co.jp/articles/46ab1e1f55392bbb89d7c0a68a7990de70862931,https://newsatcl-pctr.c.yimg.jp/t/amd-img/20241026-10098924-it_nlab-000-1-view.jpg?exp=10800,2024-10-26T22:30:00+09:00,2024-10-26T22:30:00+09:00,ねとらぼ,it_nlab,ねとらぼ,1026,\n出典：Amazon.co.jp\n「ベルばら」とは、池田理代子さんによる漫画作品「ベルサイユのばら」の略称です。1972年から週刊マーガレットに掲載されて人気を博し、宝塚歌劇団による舞台化をはじめ、実写化、アニメ化などで多くの人に愛される作品です。2025年1月には劇場アニメ化も予定されています。\n【画像：ランキング50位～1位を見る】\nそんな「ベルばら」で印象深いキャラクターはだれでしょうか。ここでは、キャラクターの中から3人をピックアップして紹介します。\n●オスカル・フランソワ・ド・ジャルジェ\nオスカルは、由緒ある貴族で将軍家の娘として生まれましたが、その後跡取り息子として育てられ、剣や学問を修めた男装の麗人です。フランスとの同盟によってオーストリアから輿入れしたマリー・アントワネットの近衛連隊長を務めていました。フランス革命では民衆側に付いて戦死してしまいます。\n\n 「ベルばら」は熱烈なファンが多いことでも有名で、女性ファンが実際の恋人を振るなどの社会現象を巻き起こしました。作中でオスカルの戦死が描かれた後に、実際に葬儀が開かれたことでも話題になりました。\n●アンドレ・グランディエ\nオスカルの幼なじみであり、遊び相手や護衛をする従者として育ちました。ユーモアがあり穏やかで優しい性格ではありますが、時にはオスカルでも手がつけられないほど激しく怒ります。\n\n オスカルには友人として接していましたが、いつしか恋愛感情を抱くようになりました。身分の違いで苦しむこともありましたが、オスカルを愛し続けます。左眼を失明した後、右目の視力も失いながらも、フランス革命のさなかにオスカルをかばって戦死しました。\n●マリー・アントワネット\nオーストリアの皇女として誕生し、フランスとオーストリアの同盟によってルイ16世の妃になるため、14歳のときにフランスに渡ってきました。誇り高く美しい女性で多くの人を魅了しました。\n\n フランス宮廷の窮屈さやプレッシャーから逃れるために、自由奔放に振る舞ったり、スウェーデンの伯爵と恋に落ちたり波乱万丈な人生を送ります。ルイ16世の即位によりフランス王妃となりますが、フランス革命で幽閉され、その後処刑されました。\n●「ベルばら」で印象深いキャラクターは？\nベルばらのキャラクターの中から3人をご紹介しました。「ベルばら」で印象深いキャラクターは誰ですか？\n波止場の鯱,['https://newsatcl-pctr.c.yimg.jp/t/amd-img/20241026-10098924-it_nlab-000-1-view.jpg?pri=l&w=640&h=640&exp=10800'],"['https://news.yahoo.co.jp/articles/46ab1e1f55392bbb89d7c0a68a7990de70862931/images/000', 'https://nlab.itmedia.co.jp/research/articles/3091447/vote_result/#utm_source=yahoo_v3&utm_medium=feed&utm_campaign=20241026-10098924&utm_term=it_nlab-ent&utm_content=img']"
「埼玉県で人気の醤油ラーメン」ランキング！　2位はたっぷりとチャーシューがのせられた肉そばが人気の「中華そば 馥」、1位は？【2024年10月版】（ねとらぼ）,https://news.yahoo.co.jp/articles/7648780c4b0c7ddf1737ff08b9066911dbe27d7e,https://newsatcl-pctr.c.yimg.jp/t/amd-img/20241026-10098599-it_nlab-000-1-view.jpg?exp=10800,2024-10-26T22:05:49+09:00,2024-10-26T22:05:49+09:00,ねとらぼ,it_nlab,ねとらぼ,662,\n画像はイメージです（画像：PIXTA）\n自身が訪れた場所について評価とクチコミなどの投稿を通じて、自らの体験を共有できるGoogleマップ。経路の検索以外にも、より良いお店探しのツールとして活用できます。今回は埼玉県でおすすめの醬油ラーメンを探している人に向けて、Googleマップ上で人気のお店を紹介します。\n【画像：「埼玉県で人気の醤油ラーメン」ランキング10位～1位を見る】\nなおこのランキングは、Googleマップに寄せられた「ユーザー評価」「クチコミ件数」「価格フィルタ」「評価フィルタ」などに基づいて作成された、2024年10月21日時点のものです。ではさっそく上位の結果を見ていきましょう。\n●第2位：中華そば 馥（4.3pt／1082クチコミ）\n第2位は草加市栄町にある「中華そば 馥」でした。東武スカイツリーラインの「獨協大学前駅」から徒歩5分ほどに位置するお店で、人気メニューはたっぷりとチャーシューがのせられた「肉そば」。その他に、「中華そば」や「山形辛味噌らーめん」もおいしいと評判ですよ。\n●第1位：麺屋時茂（4.3pt／1092クチコミ）\n第1位は、草加市高砂の「麺屋時茂」。鶏白湯ラーメンを中心に提供しており、しょう油と塩の2種類のスープを用意しているのが特徴。それぞれのスープに使っている鶏や部位は異なっており、随所にこだわりが光ります。鶏のうまみを最大限引き出した味わいは、ラーメンのほかつけ麺でも楽しめることもあり、何度でも通いたくなる魅力にあふれています。\nMEN蔵,['https://newsatcl-pctr.c.yimg.jp/t/amd-img/20241026-10098599-it_nlab-000-1-view.jpg?pri=l&w=640&h=480&exp=10800'],"['https://news.yahoo.co.jp/articles/7648780c4b0c7ddf1737ff08b9066911dbe27d7e/images/000', 'https://nlab.itmedia.co.jp/research/articles/3091269/2#utm_source=yahoo_v3&utm_medium=feed&utm_campaign=20241026-10098599&utm_term=it_nlab-life&utm_content=img']"
【関東の30代以下が選ぶ】子どもが成長しそうな「千葉県の私立高校」ランキング！　2位は「芝浦工業大学柏高校」、1位は？（ねとらぼ）,https://news.yahoo.co.jp/articles/91c4c3b2f6a8107df5d74c6019f10c8bd36d4bd0,https://newsatcl-pctr.c.yimg.jp/t/amd-img/20241026-10098846-it_nlab-000-1-view.jpg?exp=10800,2024-10-26T21:30:00+09:00,2024-10-26T21:30:00+09:00,ねとらぼ,it_nlab,ねとらぼ,657,\n画像：PIXTA\nねとらぼでは、アンケートサイト「ボイスノート」の協力のもと、関東の30代以下を対象に「子どもが成長しそうな千葉県の私立高校」というテーマでアンケートを実施しました。\n【画像：ランキング21位～1位を見る】\n多くの関東の30代以下から「子どもが成長しそう」と支持を集めたのは、千葉県のどの私立高校だったのでしょうか。それではランキングを見ていきましょう！\n●第2位：芝浦工業大学柏高校\n第2位は、得票率8.0%の「芝浦工業大学柏高校」でした。芝浦工業大学柏高校は、柏市に位置する高校です。芝浦工業大学の併設校で、文部科学省の「スーパーサイエンスハイスクール（SSH）」に指定されるなど、理工系教育に強みを持つ学校として知られています。\n\n 同校では、充実した実験設備や最新のテクノロジーを活用した授業を通じて、生徒の科学技術への興味を育む環境を整備。大学との連携プログラムを通じて、より高度な学習内容に触れる機会を提供しています。\n●第1位：渋谷教育学園幕張高校\n第1位は、得票率11.6%の「渋谷教育学園幕張高校」でした。渋谷教育学園幕張高校は、千葉市に位置する高校です。国際教育に力を入れており、海外の学校との交流プログラムや留学制度を通じて、グローバル社会で活躍できる人材の育成を目指しています。\n\n 県内有数の進学校として知られる同校では、国内外の難関大学へ合格者を輩出。近年の進路実績を見ると、例年50人前後の現役生徒が東京大学に合格しています。\nヒロキタナカ,['https://newsatcl-pctr.c.yimg.jp/t/amd-img/20241026-10098846-it_nlab-000-1-view.jpg?pri=l&w=640&h=426&exp=10800'],"['https://news.yahoo.co.jp/articles/91c4c3b2f6a8107df5d74c6019f10c8bd36d4bd0/images/000', 'https://nlab.itmedia.co.jp/research/articles/3090319/2#utm_source=yahoo_v3&utm_medium=feed&utm_campaign=20241026-10098846&utm_term=it_nlab-life&utm_content=img']"
「デニムジャケット（レディース）」おすすめ3選！　「リーバイス」「スナイデル」などの人気アイテムを紹介！【2024年10月版】（ねとらぼ）,https://news.yahoo.co.jp/articles/eb6dd7c7548c1b298aba0df31e2320c8f13efee7,https://newsatcl-pctr.c.yimg.jp/t/amd-img/20241026-10099015-it_nlab-000-1-view.jpg?exp=10800,2024-10-26T21:40:00+09:00,2024-10-26T21:40:00+09:00,ねとらぼ,it_nlab,ねとらぼ,820,\n出典：Amazon.co.jp\n丈夫なデニム素材で作られ、シーズンを問わず着回しがしやすいのが魅力の「デニムジャケット」。シンプルなデザインからトレンドを取り入れたものまで、多様なスタイルのアイテムがあり、さまざまなコーディネートにマッチします。\n【画像：「デニムジャケット（レディース）」ランキング10位～1位を見る】\n本記事では「デニムジャケット（レディース）」のおすすめ商品を紹介していきます。\n\n※掲載商品はAmazon・楽天市場・Yahoo!ショッピングなど各ECサイトの売れ筋ランキングやSNSの口コミをもとにして編集部独自にランキング化しています（2024/10/17更新）\n●Levi's（リーバイス） トラッカージャケット A3472\n「Levi's（リーバイス） トラッカージャケット A3472」は、1990年代風の雰囲気を感じるボディラインに沿ったレトロなカットのシルエットが特徴のデニムジャケット。大きめなサイズと柔らかいコットン素材で、ラフに着られる一着となっています。\n●SNIDEL（スナイデル） デニムジャケット SWFJ241122\n「SNIDEL（スナイデル） デニムジャケット SWFJ241122」は、ショート丈でフェミニンな印象のアイテム。洗練されたシルエットとカラーリングで、カジュアルながらもエレガントな雰囲気を演出してくれます。さまざまなボトムスと相性が良く、幅広いスタイルに取り入れやすそうですね。\n●Petit Honfleur（プチオンフルール） ノーカラーデニムジャケット 525166\n「Petit Honfleur（プチオンフルール） ノーカラーデニムジャケット 525166」は、首元をすっきりと見せてくれる、上品なデザインのノーカラーデニムジャケット。爽やかな印象を与える鮮やかなブルーデニムで、トレンド感があり着回しやすいアイテムです。\nkei,['https://newsatcl-pctr.c.yimg.jp/t/amd-img/20241026-10099015-it_nlab-000-1-view.jpg?pri=l&w=640&h=640&exp=10800'],"['https://news.yahoo.co.jp/articles/eb6dd7c7548c1b298aba0df31e2320c8f13efee7/images/000', 'https://nlab.itmedia.co.jp/research/articles/3088946/2#utm_source=yahoo_v3&utm_medium=feed&utm_campaign=20241026-10099015&utm_term=it_nlab-life&utm_content=img']"
【50代女性が選ぶ】名曲だと思う「オフコース」のシングル曲ランキング！　2位は「秋の気配」と「さよなら」、1位は？（ねとらぼ）,https://news.yahoo.co.jp/articles/40b25c126d7507e68657bbfd3f4e2e6424d06949,https://newsatcl-pctr.c.yimg.jp/t/amd-img/20241026-10098532-it_nlab-000-1-view.jpg?exp=10800,2024-10-26T21:05:00+09:00,2024-10-26T21:05:00+09:00,ねとらぼ,it_nlab,ねとらぼ,1080,\n出典：Amazon.co.jp\n2024年4月3日から4月10日までの間、ねとらぼでは「『オフコース』のシングルで名曲だと思うのは？」というアンケートを実施しました。\n【画像：ランキング27位～1位を見る】\nたくさんのご投票ありがとうございます！ 今回はアンケートで集まった投票のうち、50代女性から寄せられた計324票の結果を紹介します。\n\n 1970年にデビューした「オフコース」は、昭和の時代を代表する音楽バンドのひとつです。新しさと懐かしさが同居したような叙情的な楽曲の魅力は、時代が移り変わった今も変わることなく、多くのファンに愛され続けています。そんなオフコースのシングルの中で、50代の女性から支持を集めたのはどの楽曲だったのでしょうか。ランキングを見ていきましょう！\n●第2位：秋の気配\n同率で第2位となったのは「秋の気配」でした。1977年に発売された通算11枚目のシングルです。アルバム「JUNKTION」から先行シングルとしてリリースされた楽曲で、作詞・作曲は小田和正さんが手がけました。\n\n 「あなた」から心が離れ、恋が終わっていく様子を歌った楽曲で、胸に染みるような美しいメロディーが特徴。のちに小田和正さんがセルフカバーしたほか、槇原敬之さんをはじめとする多数のアーティストもカバーしている名曲です。\n●第2位：さよなら\n同じく第2位となったのは「さよなら」でした。1979年にリリースされた17枚目のシングル。タイトルの通り、大切な人との別れをテーマにした楽曲です。作詞・作曲は小田和正さんが手がけました。\n\n リリース当時、オフコースの認知度を大きく向上させたヒット曲となりました。繰り返される「さよなら」のフレーズと、澄んだ歌声が切なさを呼び起こす楽曲です。この曲ものちに多数のアーティストがカバーしているほか、CMやテレビ番組などさまざまなメディアでも使用されています。\n●第1位：Yes-No\n第1位は「Yes-No」でした。1980年に発売された19枚目のシングルです。作詞・作曲は小田和正さんが担当しました。ポップでさわやかなメロディーと、小田さんの軽やかな歌声がマッチした楽曲です。\n\n 歌詞には恋愛が始まりそうな気配が漂っていますが、最終的な判断を相手に委ねるかのような大人の恋愛の駆け引きを描いているようで、「Yes-No」というタイトルや、相手の問いかけるようなフレーズが印象的。また、思わず口ずさみたくなるそのリズムは、一度聴いたら忘れられないでしょう。\nkotone,['https://newsatcl-pctr.c.yimg.jp/t/amd-img/20241026-10098532-it_nlab-000-1-view.jpg?pri=l&w=640&h=640&exp=10800'],"['https://news.yahoo.co.jp/articles/40b25c126d7507e68657bbfd3f4e2e6424d06949/images/000', 'https://nlab.itmedia.co.jp/research/articles/3087979/2#utm_source=yahoo_v3&utm_medium=feed&utm_campaign=20241026-10098532&utm_term=it_nlab-ent&utm_content=img']"
「幻の個体」と言われ、1匹1万円で購入した観賞魚が半年後……　笑っちゃうほどの変化に反響→現在どうなったか飼い主に聞いた（ねとらぼ）,https://news.yahoo.co.jp/articles/bcf1bcb0c5b6c0afe52430789d85eb159a40fbda,https://newsatcl-pctr.c.yimg.jp/t/amd-img/20241026-00000023-it_nlab-000-1-view.jpg?exp=10800,2024-10-26T21:30:11+09:00,2024-10-26T21:30:11+09:00,ねとらぼ,it_nlab,ねとらぼ,1827,\n購入時のゼブリーナ\n憧れの高級熱帯魚を破格で購入して半年後。驚きの変化を公開した動画が2024年3月、YouTubeチャンネルに投稿され、4万4000回以上再生されるなど話題をよびました。ねとらぼでも記事で紹介し、「激ヤバ」「1万円でも破格だなんて…」と反響を呼びましたが、現在その熱帯魚はどう過ごしているのでしょうか。編集部は投稿者のたそがれアクアさん（@twilight1589）に、その後について話を聞きました。\n【画像】半年後の姿\n熱帯魚「コリドラス」の中でも高級な……\n2023年の夏、たそがれアクアさんは、熱帯魚「コリドラス」の中でも最も高価で美しいといわれている「コリドラスゼブリーナCW111（以下ゼブリーナ）」をお迎え。このゼブリーナは、最大体長6センチのブラジルクルア川原産のコリドラスで、2014年に日本に初輸入されましたが、最初はしばらく輸入が安定せず、幻の個体といわれていました。そのため、相場価格は1匹あたり2万～3万と高額ですが、たそがれアクアさんが購入した個体は、なんと1匹1万円。その理由は、おそらくヒレ欠けがあったからのようでした。\n\n また、ゼブリーナは背びれなどの特徴で性別が判断できるものの、この子はヒレ欠けがあったことから性別が分かりにくく、体の色もボヤッとしている状態。しかし、たそがれアクアさんが丁寧にお世話をし続けたところ、半年後には驚きの変化が見られたのです。\n本当に同じゼブリーナ!?\n名前の通り、ゼブリーナの体には黒のゼブラ模様が出現し、欠けていたヒレもほとんどきれいなって元気に成長。水槽をRBGライトで照らしていたことも相まって、エラやヒレ周りはラメをつけているかのようにキラキラと輝きます。そして体の特徴から、この子はメスだということも判明しました。\n\n 破格だったとは思えないほど優美に成長したゼブリーナの姿には、当時「めちゃめちゃ綺麗」「もう姫の風格」「最高の個体をお迎えされましたね」といった驚きの声が続出。編集部はその後の反響やゼブリーナの現在の様子など、たそがれアクアさんに話を聞きました。\n現在のゼブリーナは……？\n――前回の記事の反響はいかがでしたか？\n\nたそがれアクアさん：ねとらぼさんの記事が投稿されてから再生数が倍以上になりとても多くの反響があったことを実感しました。\n\n アクアリウムをしていない方にも自分の動画が届いていたようで、少しでもアクアリウムに興味を持っていただける人が増えていればいいなと思っています。\n\n――その後、ゼブリーナさんはお元気でしょうか\n\nたそがれアクアさん：以前動画で紹介した水槽で変わらず元気に泳いでいます。半年経過してもそこまでサイズは大きくなっておらず、以前よりも若干体色が濃くなっているような気がします。\n\n もともと背びれが欠けていて安かった個体だったんですが、あれから半年で完全に背びれの欠けは治りました。\n\n――たそがれアクアさんにとって、コリドラスの魅力はどんなところだと思いますか？\n\nたそがれアクアさん：コリドラスは熱帯魚の中でも底物生体と呼ばれる水槽の底を泳いでいる魚なんですが、基本的に底物はユニークな魚が多いです。\n\n その中でもコリドラスは動きが可愛らしく、餌を探すために顔を砂の中に突っ込んでいる姿はとても愛くるしいです。また、コリドラスは熱帯魚の中でも種類が最多で、200種類以上いるといわれています。\n\n 種類ごとに特徴が大きく違うため、とても奥が深くハマれる熱帯魚だと思います。かわいい、種類が多い、繁殖可能、飼育が容易と、色んな良いところが詰まった熱帯魚であることがコリドラスの魅力だと考えています。\n\n（了）\n\n ゼブリーナさんの背びれが完全に治って本当によかったです。たそがれアクアさんの愛情のおかげか、確かに以前よりも体色が濃くなっているのが感じられますね。これからも、その優美な姿はたくさんの人を魅了することでしょう！\n\n なお、水草や熱帯魚など、アクアリウムについての情報は、YouTubeチャンネル「たそがれアクア」とX（Twitter／@twilight1589）、Instagram（twilight_aqua_ch）にて公開中です。\n\n画像提供： YouTubeチャンネル「たそがれアクア」さん\nねとらぼ,['https://newsatcl-pctr.c.yimg.jp/t/amd-img/20241026-00000023-it_nlab-000-1-view.jpg?exp=10800'],"['https://news.yahoo.co.jp/articles/bcf1bcb0c5b6c0afe52430789d85eb159a40fbda/images/000', 'https://image.itmedia.co.jp/l/im/nl/articles/2410/26/l_tsuchiya24010_twilight2.jpg#utm_source=yahoo_v3&utm_medium=feed&utm_campaign=20241026-023&utm_term=it_nlab-life&utm_content=img']"
「ブラック系カラーのA4サイズ対応トートバッグ」おすすめ6選！　ザ・ノース・フェイスなどの人気アイテムを紹介！【2024年10月版】（ねとらぼ）,https://news.yahoo.co.jp/articles/226aed483442aa946cffb4dbc75ed6eff379a9ae,https://newsatcl-pctr.c.yimg.jp/t/amd-img/20241026-10098877-it_nlab-000-1-view.jpg?exp=10800,2024-10-26T21:20:00+09:00,2024-10-26T21:20:00+09:00,ねとらぼ,it_nlab,ねとらぼ,1416,\n出典：Amazon.co.jp\n通勤・通学、お出かけなどで活躍する「トートバッグ」。シンプルなつくりで中身が見やすく、荷物の出し入れをスムーズにできる使い勝手の良さが魅力です。シンプルなブラックカラーのトートバッグは、さまざまなコーディネートやシーンに合わせやすく、オンオフどちらも使えて幅広いシーンで活躍します。\n【画像：「ブラック系カラーのA4サイズ対応トートバッグ」ランキング10位～1位を見る】\n本記事では「ブラック系カラーのA4サイズ対応トートバッグ」のおすすめ商品を紹介していきます。\n\n※掲載商品はAmazon・楽天市場・Yahoo!ショッピングなど各ECサイトの売れ筋ランキングやSNSの口コミをもとにして編集部独自にランキング化しています（2024/10/17更新）\n●THE NORTH FACE（ザ・ノース・フェイス） ジオフェイスボックストート NM32355\n「THE NORTH FACE（ザ・ノース・フェイス） ジオフェイスボックストート NM32355」は、クッション性のある自立型のトートバッグです。13インチまでのノートPCやA4サイズの書類などを収納可能。内部には、ファスナー付きのメッシュポケットを備えています。\n●EASTBOY（イーストボーイ） 合皮バッグ 一層式 209305\n「EASTBOY（イーストボーイ） 合皮バッグ 一層式 209305」は、合皮素材を使い、シンプルな横型フォルムで仕上げたトートバッグ。荷物をざっくり入れやすい一層式で、小物を収納しやすいポケットも備えています。A4サイズ対応で、学生鞄としても使いやすそうですね。\n●Lihit lab.（リヒトラブ） ALTNA ツールバッグ A7750-24\n「Lihit lab.（リヒトラブ） ALTNA ツールバッグ A7750-24」は、軽量で摩擦に強く、コシのあるCORDURAファブリックを使用して作られたトートバッグ。豊富な外ポケットを搭載しており、ドリンクボトルやメモ帳などを収納できます。\n●CxO（シーエックスオー） トートバッグ CXO2206B\n「CxO（シーエックスオー） トートバッグ CXO2206B」は、サイドポケットやボタンポケット、ファスナーポケットなど合計9カ所のポケットを備えた2WAYトートバッグ。マチ幅が広めで自立するので荷物の出し入れがしやすく、さまざまなシーンで使えそうですね。\n●Volsha（ボルシャ） トートバック 005\n「Volsha（ボルシャ） トートバック 005」は、すっきりと整理整頓ができる3つの仕切りが設けられた4ルーム仕様のトートバッグ。一番大きな収納部分にはA4ファイルやノートPC、二番目に大きな収納部分にはA5サイズのノートや手帳がすっぽり収納できるようになっています。\n●THE NORTH FACE（ザ・ノース・フェイス） ジオフェイストート NM32352\n「THE NORTH FACE（ザ・ノース・フェイス） ジオフェイストート NM32352」は、13インチのノートPCを収納できる、大きめサイズのトートバッグ。クッション性のあるメインコンパートメントを備え、電子機器やその周辺アクセサリーの収納にぴったりです。デイリーユースでもビジネスシーンでも使いやすいアイテムとなっています。\nkei,['https://newsatcl-pctr.c.yimg.jp/t/amd-img/20241026-10098877-it_nlab-000-1-view.jpg?pri=l&w=640&h=640&exp=10800'],"['https://news.yahoo.co.jp/articles/226aed483442aa946cffb4dbc75ed6eff379a9ae/images/000', 'https://nlab.itmedia.co.jp/research/articles/3088303/2#utm_source=yahoo_v3&utm_medium=feed&utm_campaign=20241026-10098877&utm_term=it_nlab-life&utm_content=img']"
「これはもはや趣味ではない」　“普通のダンボール”→驚異の“家のジオラマ”が完成で思わず二度見　「人生の物語！」（ねとらぼ）,https://news.yahoo.co.jp/articles/5fe2079d96603047002376bfa75ec0116f3f182b,https://newsatcl-pctr.c.yimg.jp/t/amd-img/20241026-00000040-it_nlab-000-1-view.jpg?exp=10800,2024-10-26T21:00:18+09:00,2024-10-26T21:00:18+09:00,ねとらぼ,it_nlab,ねとらぼ,790,\n“普通のダンボール”が……\nダンボールを利用して精巧な家のジオラマを完成させる動画が、YouTubeで8万件近くの再生数を記録。「ああ、ここはバラの茂みに覆われた古い古い家だ！」「人生の物語を感じさせる！」と反響を集めています。\n【画像】完成した“家のジオラマ”\nまさかの“家のジオラマ”に思わず二度見\nこの動画を投稿しているのは、主にダンボールを素材にして、さまざまなジオラマを製作しているDIY hobbyさん。今回紹介する動画は、メイン素材にダンボールを使用して、見事な家のジオラマを造り出していくという、“アーティスティック”な制作過程です。まずはダンボールに設計図通りの寸法を描き入れて、カッターで各種パーツを切り出していきます。\n\n バルサ材を切り出して作った「窓枠」や「ひさし」などをダンボールの家に付け、家の壁面に1センチの発泡スチロール製緩衝材をレンガサイズに切り出して接着しました。そして、デコボコした卵のパッケージ用ダンボール包装を屋根瓦用に切って、ハサミを使い小さな切れ込みを入れて屋根に付けます。\n\n 壁面レンガ部分には“内装用パテ”を塗りこんで、徐々にリアル感を増していきます。パーツごとに丁寧に着色し、壁面に乾いた草やドライフラワー、小枝などをツタ状に配置しました。\n\n 最後に内部に仕込んだLED電飾を灯したら、完成です！ 本物の西洋風の一軒家そのものといった完成度で、家の中の明かりでとても幻想的に見えます。\n\n DIY hobbyさんのジオラマ作品には熱心なファンも多く、コメント欄には「なんて丁寧な仕事だろう」「これはもはや趣味ではありません、“芸術”です！」「美しさと、高い創造性をありがとう……」といった称賛コメントが集まっています。\n\n画像出典：YouTubeチャンネル「DIY hobby」\nねとらぼ,['https://newsatcl-pctr.c.yimg.jp/t/amd-img/20241026-00000040-it_nlab-000-1-view.jpg?exp=10800'],"['https://news.yahoo.co.jp/articles/5fe2079d96603047002376bfa75ec0116f3f182b/images/000', 'https://nlab.itmedia.co.jp/nl/articles/2410/26/news046_2.html#utm_source=yahoo_v3&utm_medium=feed&utm_campaign=20241026-040&utm_term=it_nlab-life&utm_content=embed']"
自宅の犬小屋に住み着いた野良猫が、1年後……　まさかまさかの“現在”に「うわあ！よかったねえ！」「お幸せに」と100万表示（ねとらぼ）,https://news.yahoo.co.jp/articles/2b8de57be233d587f6e07c14337d229e950d7432,https://newsatcl-pctr.c.yimg.jp/t/amd-img/20241026-00000019-it_nlab-000-1-view.jpg?exp=10800,2024-10-26T21:00:13+09:00,2024-10-26T21:00:13+09:00,ねとらぼ,it_nlab,ねとらぼ,1273,\n自宅の犬小屋に住み着いていたころ\n1年前は犬小屋に住んでいた野良猫が、今では……。すっかりお家に慣れた猫ちゃんの姿がX（Twitter）に投稿されました。投稿は記事執筆時点で141万3000件表示を突破、6万4000件以上のいいねを獲得し、「人間より人間」「安心しきってるんだろうな」と反響を集めています。\n【画像】1年後の姿\n犬小屋に住んでいた元野良猫ちゃん\n「やたら遊びに来る野良猫くんはどこから来てるのだろうと思ってたら、うちの犬小屋に住んでいた」ーー。そんなコメントとともに、投稿者さんの自宅にある使っていない犬小屋から、ひょっこりと顏をのぞかせている野良猫ちゃんの写真がポストされたのは、2023年10月15日のこと。\n\n 実は“お隣さん”だった事実を知らせたこちらの投稿は、当時「野良じゃないwww家持ちじゃんwww」「灯台下暗しｗ」といった反響が寄せられ、話題になりました。\n\n その後、この野良猫ちゃんは2024年9月7日に投稿者さんに保護され、現在は“本当の家猫”さんに。「ゴン蔵」くんというすてきなお名前をもらったのです。\n最近のゴン蔵くんは……\nめでたく家族になってから1カ月が過ぎたころ、投稿者さんは現在のゴン蔵くんの様子を投稿。写真には、お家の布団でスヤスヤと眠っているゴン蔵くんの後ろ姿がありました！\n\n 枕に頭を乗せつつ、首まで毛布をかぶった状態で器用に寝ているゴン蔵くん。投稿者さんの「この1ヶ月で野良猫から家猫になり布団で寝る人間のようになりました」という投稿文どおり、その姿はまさに布団を被って寝ている人間そのものです。写真からも寝息が聞こえてきそうなほど、とっても気持ちよさそうに眠っているのがわかりますね。ふわふわのあいらしい後頭部をそっとなでたくなるとともに、今の暮らしが幸せなことが伝わってきて、心がぽかぽかとあたたかくなります。\n野良時代からの変化にほっこりする声\nふかふかの布団で人間のように眠るゴン蔵くんの姿に、Xでは「可愛い」「天使がおる」「幸福なうしろ頭で何よりです」「よっぽど心地よいんですね」「前世……ヒトではなかろうか」など、そのかわいさにキュンとする人や、クスッとする声、安堵する優しい声がたくさん寄せられていました。\n\n 新しい新居にすっかりなじんでいる様子のゴン蔵くんについて、投稿者さんは、「ゴンは甘えん坊だし馴染むの早いしほんと可愛い猫ちゃん」「最初の頃はケージに入れて寝てたら夜泣きすごかったんですが、リビングに出るようになってからはなんともなくなりましたw」とつづっています。\n\n 同居猫の「ホセ」くんとも少しずつ距離を縮めているというゴン蔵くん。その暮らしをもっとのぞいてみたい人は、飼い主さんのX（Twitter／@nyaaa_____nchu）に遊びにいってみてはいかがでしょう。また、実家で暮らしている愛猫「ポン酢」ちゃんの日常も発信中です。\n\n画像提供：よつばとポン酢（@nyaaa_____nchu）さん\nねとらぼ,['https://newsatcl-pctr.c.yimg.jp/t/amd-img/20241026-00000019-it_nlab-000-1-view.jpg?pri=l&w=640&h=334&exp=10800'],"['https://news.yahoo.co.jp/articles/2b8de57be233d587f6e07c14337d229e950d7432/images/000', 'https://image.itmedia.co.jp/l/im/nl/articles/2410/23/l_tsuchiya24010_gonzou2.jpg#utm_source=yahoo_v3&utm_medium=feed&utm_campaign=20241026-019&utm_term=it_nlab-life&utm_content=img']"
「PS5のソフト」おすすめ3選！　「ドラゴンクエストIII」「アストロボット」などを紹介！【2024年10月版】（ねとらぼ）,https://news.yahoo.co.jp/articles/eef34d94614ce034023e9f4f71132e0eac4aa699,https://newsatcl-pctr.c.yimg.jp/t/amd-img/20241026-10098608-it_nlab-000-1-view.jpg?exp=10800,2024-10-26T21:00:00+09:00,2024-10-26T21:00:00+09:00,ねとらぼ,it_nlab,ねとらぼ,769,\n出典：Amazon.co.jp\n2020年11月に発売された「PlayStation5」。リアリティーあふれる美しいグラフィックや、あらゆる方向から音が聞こえる3Dオーディオ技術など、その性能を存分に楽しめるソフトが続々と登場しています。\n【画像：「PS5のソフト」ランキング10位～1位を見る】\n本記事では「PS5のソフト」のおすすめ商品を紹介していきます。\n\n※掲載商品はAmazon・楽天市場・Yahoo!ショッピングなど各ECサイトの売れ筋ランキングやSNSの口コミをもとにして編集部独自にランキング化しています（2024/10/13更新）\n●アストロボット\n「アストロボット」は、小さなロボット「アストロ」を操作し、豊富なギミックが満載の多彩なステージを冒険しながら仲間を救出する3Dアクションアドベンチャーゲームです。直感的な操作性と美しいグラフィックが特徴で、誰でも楽しめるソフトとなっています。\n●ドラゴンクエストIII そして伝説へ…\n「ドラゴンクエストIII そして伝説へ…」は、1988年に発売されたファミリーコンピュータ用のPRG「ドラゴンクエストIII そして伝説へ…」のHD-2Dリメイクバージョン。ドット絵と3DCGが融合した美しいグラフィックで、勇者の物語が再び動き始めます。\n●Stellar Blade\n「Stellar Blade」は、近未来の滅びゆく地球を舞台としたアクションアドベンチャーゲームです。未知の凶悪なクリーチャーに地球を追われ、宇宙コロニーへと追いやられた人類。彼らを救うべく、主人公の「イヴ」は荒廃した地球へと降り立ちます。片手持ちのブレード「ブラッドエッジ」を基本に、射撃モードなど複数のアクションを用いて敵と戦うスピーディなバトルが特徴です。\nkei,['https://newsatcl-pctr.c.yimg.jp/t/amd-img/20241026-10098608-it_nlab-000-1-view.jpg?pri=l&w=640&h=360&exp=10800'],"['https://news.yahoo.co.jp/articles/eef34d94614ce034023e9f4f71132e0eac4aa699/images/000', 'https://nlab.itmedia.co.jp/research/articles/3085823/2#utm_source=yahoo_v3&utm_medium=feed&utm_campaign=20241026-10098608&utm_term=it_nlab-sci&utm_content=img']"
総フォロワー30万超のアイドル、私服が「どうぶつの森」すぎると反響　「違和感ないw」「思ってた以上」（ねとらぼ）,https://news.yahoo.co.jp/articles/b11fd9c53a4ddd274aeb884a5d1ada9fbdeefb57,https://newsatcl-pctr.c.yimg.jp/t/amd-img/20241026-00000077-it_nlab-000-1-view.jpg?exp=10800,2024-10-26T20:50:09+09:00,2024-10-26T20:50:09+09:00,ねとらぼ,it_nlab,ねとらぼ,513,\nみぽたぽたさん\nあるアイドルの私服コーデが「どうぶつの森」のキャラクターみたいだと、X（Twitter）で約5万9000件のいいねを集めるほど話題に。コーデ自体のかわいさも反響を呼んでいます。\n【画像】どうぶつの森っぽいコーデ\n言われてみれば「どうぶつの森」にいそうな感じ\n投稿者は、女性アイドルグループ「夜光性アミューズ」のメンバー・みぽたぽたさん。\n\n 「今日の私服どうぶつの森すぎるかも」と公開した写真には、Aラインのワンピースにバッグをタスキ掛けにした姿が写されています。\n\n ちょっぴりわんぱくな感じはいかにも「どうぶつの森」シリーズに登場しそうなコーデ。頭部にアバターの顔を合成し、それっぽいポーズを決めていることで、より一層それっぽさが出ていますね。\n今にも虫捕りのために走り出しそうな姿に反響\n「どうぶつの森」のキャラクターになれちゃうコーデに、Xでは「思ってた以上にどう森で草」「あつ森だあ！」「おててまんまるにしてて完成度高くてイイ」「パフ袖なのがどう森感強い」「あみ持って走ってそうwww」「顔それにしたら、どうぶつの森にしか見えません」という反応が寄せられています。\nねとらぼ,['https://newsatcl-pctr.c.yimg.jp/t/amd-img/20241026-00000077-it_nlab-000-1-view.jpg?exp=10800'],"['https://news.yahoo.co.jp/articles/b11fd9c53a4ddd274aeb884a5d1ada9fbdeefb57/images/000', 'https://nlab.itmedia.co.jp/nl/articles/2410/26/news039_2.html#utm_source=yahoo_v3&utm_medium=feed&utm_campaign=20241026-077&utm_term=it_nlab-life&utm_content=embed']"
【男性に聞いた】一番かっこいいと思う「メルセデス・ベンツのSUV」ランキング！　2位は「Mercedes-Maybach GLS」、1位は？（ねとらぼ）,https://news.yahoo.co.jp/articles/c16f3faa91b3b1cb5872a5f06422a415aefe3b08,https://newsatcl-pctr.c.yimg.jp/t/amd-img/20241026-10098949-it_nlab-000-1-view.jpg?exp=10800,2024-10-26T20:50:00+09:00,2024-10-26T20:50:00+09:00,ねとらぼ,it_nlab,ねとらぼ,1283,\n画像：メルセデス・ベンツ\nねとらぼではアンケートサイト「ボイスノート」の協力のもと、全国の男性を対象に「一番かっこいいと思う『メルセデス・ベンツのSUV』はどれ？」というテーマでアンケートを実施しました。\n【画像：ランキング14位～1位を見る】\n全国の男性から「このSUVはかっこいい！」と票を集めたのは、メルセデス・ベンツのどのSUVだったのでしょうか。さっそくランキングを見ていきましょう！\n●第5位：GLC Coupe\n第5位は「GLC Coupe」でした。\n\n 長いボンネットやルーフラインなど、特徴的なフォルムが魅力のGLC Coupe。大面積でラグジュアリーなインテリアトリムも特徴です。先進のインフォテインメントを搭載し、オンロードでもオフロードでも俊敏なドライビングが楽しめます。\n●第4位：EQA\n第4位は「EQA」でした。\n\n EQAは、メルセデス・ベンツの新しい電気自動車ブランド、Mercedes-EQのエントリーモデルとして登場。躍動感あふれるフォルム、クーペのようなサイドウインドウ、力強いリアフェンダーなど、特徴のある外観を「かっこいい」と思う人も多いのではないでしょうか。\n●第3位：GLS\n第3位は「GLS」でした。\n\n GLSは、オンロード・オフロードを問わず優れた走行性能をそなえているのが特長。力強さを感じるフロントサイドにしなやかなリアエンドなど、メルセデス・ベンツのフラッグシップSUVにふさわしいダイナミックなエクステリアが魅力です。また、Sクラスファミリーならではのモダンでラグジュアリーなインテリアもぜいたくな仕上がりとなっています。\n●第2位：Mercedes-Maybach GLS\n第2位は「Mercedes-Maybach GLS」でした。\n\n Mercedes-Maybach GLSは、メルセデス・ベンツ傘下のラグジュアリーブランド「メルセデス・マイバッハ」が手掛ける大型SUV。メルセデス・ベンツのSUV「GLS」をベースとして、メルセデス・マイバッハの専用アイテムを数多く装着した車種となっています。\n\n 後席にはゆったりとした空間を実現する「MBUXリアエンターテインメントシステム」や電動ブラインドなど、装備が充実。また「ファーストクラスパッケージ」のオプションを選択すると、リアシートが左右独立式となり、中央には飲み物を冷やせるクーリングボックスが設置されます。\n●第1位：G-Class\n第1位は「G-Class」でした。\n\n G-Classは「ゲレンデヴァーゲン」として1979年に登場した大型のSUV。1994年のモデルチェンジで現在の「G-Class」という名称になりました。現在も「ゲレンデ」の愛称で多くの人に親しまれています。\n\n 優れたオフロード性能を実現するため、堅牢性の高いボディやフルタイム4WDシステムなどを採用。象徴的なスクエアフォルムは、ドライバーからの視認性の良さを重視したものとなっています。\nzakki,['https://newsatcl-pctr.c.yimg.jp/t/amd-img/20241026-10098949-it_nlab-000-1-view.jpg?pri=l&w=640&h=359&exp=10800'],"['https://news.yahoo.co.jp/articles/c16f3faa91b3b1cb5872a5f06422a415aefe3b08/images/000', 'https://nlab.itmedia.co.jp/research/articles/3093649/2#utm_source=yahoo_v3&utm_medium=feed&utm_campaign=20241026-10098949&utm_term=it_nlab-life&utm_content=img']"
「三重県で人気のパン（ベーカリー）」ランキング！　2位は四日市市にあるコッペパンサンドが名物の「ミク」、1位は？【2024年10月版】（ねとらぼ）,https://news.yahoo.co.jp/articles/9e275ab4da4242d376c352928d591423029dd4cc,https://newsatcl-pctr.c.yimg.jp/t/amd-img/20241026-10098720-it_nlab-000-1-view.jpg?exp=10800,2024-10-26T20:45:00+09:00,2024-10-26T20:45:00+09:00,ねとらぼ,it_nlab,ねとらぼ,609,\n画像はイメージです（画像：PIXTA）\n自身が訪れた場所について評価とクチコミなどの投稿を通じて、自らの体験を共有できるGoogleマップ。経路の検索以外にも、より良いお店探しのツールとして活用できます。今回は三重県でおすすめのパン（ベーカリー）を探している人に向けて、Googleマップ上で人気のお店を紹介します。\n【画像：「三重県で人気のパン（ベーカリー）」ランキング10位～1位を見る】\nなおこのランキングは、Googleマップに寄せられた「ユーザー評価」「クチコミ件数」「価格フィルタ」「評価フィルタ」などに基づいて作成された、2024年10月22日時点のものです。ではさっそく上位の結果を見ていきましょう。\n●第2位：ミク（4.5pt／128クチコミ）\n第2位は四日市市にある「ミク」でした。こちらのお店はコッペパンサンドが名物。ふわふわ食感のコッペパンに、惣菜・スイーツ・お肉など多彩な食材を挟んだ20種類以上のメニューを提供しています。さらに期間限定で、旬の食材を使ったサンドも用意しているそうです。\n●第1位：ごまめ（4.5pt／168クチコミ）\n第1位は名張市の「ごまめ」でした。地元でパンとお菓子のお店として知られている名店です。中でも人気が高いのは、食パンやハード系のパン。日によっては完売してしまい閉店、ということもあるので、訪れる際は早めに行くとよいでしょう。\nRAKKO,['https://newsatcl-pctr.c.yimg.jp/t/amd-img/20241026-10098720-it_nlab-000-1-view.jpg?pri=l&w=640&h=426&exp=10800'],"['https://news.yahoo.co.jp/articles/9e275ab4da4242d376c352928d591423029dd4cc/images/000', 'https://nlab.itmedia.co.jp/research/articles/3092252/2#utm_source=yahoo_v3&utm_medium=feed&utm_campaign=20241026-10098720&utm_term=it_nlab-life&utm_content=img']"
交通系ICカード→窓際に放置したら……　まさかのゴールドに激変!?　18万いいねの大反響も「妻は少々不機嫌」（ねとらぼ）,https://news.yahoo.co.jp/articles/3e6892ffd00881c08165b66879f512e32eacc2fd,https://newsatcl-pctr.c.yimg.jp/t/amd-img/20241026-00000078-it_nlab-000-1-view.jpg?exp=10800,2024-10-26T20:40:13+09:00,2024-10-26T20:40:13+09:00,ねとらぼ,it_nlab,ねとらぼ,744,\n本来PASMOと言えばピンクのイメージですが……\n交通系ICカード「PASMO」をほったらかしていたら、いつの間にかゴールドに昇格していたという体験談が、X（Twitter）で約18万5000件のいいねを集めるほど話題になっています。\n【画像】ゴールドに昇格したPASMO\n窓際に放置していたら上品な色味に\n投稿者は、アナウンサーの大澤幹朗さん。ある日次女が探し物の最中に「なんだこれ？」と、ゴールドのカードを発見したといいます。\n\n その正体は、大澤さんが3年ほどほったらかしていたPASMOのカード。放置場所が窓際だったために日焼けしてしまい、本来のピンクやシルバーではなく、上品なゴールドに変色していました。\n“ゴールドカード”はそのまま使えるのか？\n「ゴールドカードに昇格した」と添えた大澤さんの投稿には、「これはこれでいい気もする」「縁起が良さそう」「年会費取られますよ！w」などといった反響が寄せられています。\n\n なかには「この状態で使えるのだろうか」といった疑問も。大澤さんは「まだ試していない」とのことですが、そもそもPASMOは前回の利用から長期間が経過すると利用できなくなることがあるので（参考：公式Q＆Aページ）、使えないとしたら物理的な問題よりもそちらの可能性が高そうです。なお公式では、その場合はPASMOエリア内の駅係員に事情を説明するよう案内されています。\n\n 今回の反響について大澤さんに話を聞いてみると、「数千のいいねがつくくらいにはバズりそうだと言っていた長女が、18万超えにびっくりしていました」と語り、「妻は『うちが片付けもしないでだらしないのを世間に発信してしまった』と、少々不機嫌です」と明かしました。\nねとらぼ,['https://newsatcl-pctr.c.yimg.jp/t/amd-img/20241026-00000078-it_nlab-000-1-view.jpg?exp=10800'],"['https://news.yahoo.co.jp/articles/3e6892ffd00881c08165b66879f512e32eacc2fd/images/000', 'https://nlab.itmedia.co.jp/nl/articles/2410/26/news038_2.html#utm_source=yahoo_v3&utm_medium=feed&utm_campaign=20241026-078&utm_term=it_nlab-sci&utm_content=embed']"
「脳がバグるw」　光を吸い込むアクリル作品を揺らしたら……　“ありえない美しさ”に「すっごいなこれ」「眺めてぼーっとしてたい」（ねとらぼ）,https://news.yahoo.co.jp/articles/b0f3a6a33fa1c518172d82aba9e9db34dbb7401c,https://newsatcl-pctr.c.yimg.jp/t/amd-img/20241026-00000061-it_nlab-000-1-view.jpg?exp=10800,2024-10-26T20:40:09+09:00,2024-10-26T20:40:09+09:00,ねとらぼ,it_nlab,ねとらぼ,493,\n踊り水光スペクトラム\n光の分光がキラキラときらめき続けるアクリル作品がX（Twitter）で話題に。ずっと見ていたくなるような美しい様子に注目が集まり、投稿は記事執筆時点で1万1000件を超えるいいねを獲得しています。\n【動画】川辺で揺らした様子\nこのアクリル作品を制作したのはXユーザー・Minato Takeoさん。Minatoさんが制作したアクリル作品「踊り水光スペクトラム」は、透明のクリアケースの中に入り込んだ光が、ケース内の細かい溝を通じて分光され、きらめき続けているように見えるというもの。\n\n 話題となった投稿は、この作品を川面に反射する太陽光にかざしながら角度を変えている動画で、クリアケースの中では赤や黄色、青などの線状の光が、まるで踊っているかのように輝き続けています。\n\n 投稿に対し、リプライ欄などでは「すっごいなこれどうなってんの」「すいこまれるう」「脳がバグるw」と心引かれたという声の他、「ずっと眺めてぼーっとしてたい」「この眼鏡をかけて生きたい」という声も寄せられていました。\n\n動画提供：Minato Takeoさん\nねとらぼ,['https://newsatcl-pctr.c.yimg.jp/t/amd-img/20241026-00000061-it_nlab-000-1-view.jpg?exp=10800'],"['https://news.yahoo.co.jp/articles/b0f3a6a33fa1c518172d82aba9e9db34dbb7401c/images/000', 'https://nlab.itmedia.co.jp/nl/articles/2410/26/news065_2.html#utm_source=yahoo_v3&utm_medium=feed&utm_campaign=20241026-061&utm_term=it_nlab-life&utm_content=embed']"
【関東の60代に聞いた】新宿勤務なら住みたい「京王線の駅（新宿以外）」ランキング！　2位は「千歳烏山」、1位は？（ねとらぼ）,https://news.yahoo.co.jp/articles/fbd66ccebbb3eb5607e0f2c782102bbc408e0b0a,https://newsatcl-pctr.c.yimg.jp/t/amd-img/20241026-10098691-it_nlab-000-1-view.jpg?exp=10800,2024-10-26T20:40:00+09:00,2024-10-26T20:40:00+09:00,ねとらぼ,it_nlab,ねとらぼ,1357,\n画像はイメージです（画像：PIXTA）\nねとらぼでは、アンケートサイト「ボイスノート」の協力のもと、関東地方在住の60代を対象に「新宿勤務なら住みたい京王線の駅（新宿以外）はどこですか」というテーマでアンケートを実施しました。\n【画像：ランキング22位～1位を見る】\n新宿から京王八王子や橋本・高尾山口を結ぶ京王線の駅の中で、関東地方在住の60代の人たちから「新宿勤務なら住みたい」と支持を集めたのはどの駅だったのでしょうか。ランキングを見ていきましょう！\n●第5位：笹塚\n第5位は、得票率7.5%の「笹塚」でした。笹塚駅は新宿の隣にある駅で、特急、急行、区間急行、快速、各駅停車の停車駅です。\n\n 駅の周辺には食事や買い物に便利な「京王クラウン街笹塚」や「笹塚ショッピングモール TWENTY ONE」があり、また、南口を出て北沢方面にはフォトスタジオやコーヒーショップなどの商店、居酒屋などが並ぶ「笹塚観音通り商店街」があります。\n●第4位：初台\n第4位は、得票率8.5%の「初台」でした。急行、区間急行、快速、各駅停車の停車駅。駅の周辺には「不動寺」や「立正寺」といった寺院が点在しています。\n\n また、初台駅地下から直結の「東京オペラシティ」にはレストランやカフェが点在。さらにコンサートホールやアートギャラリーもあり、多くの芸術を楽しめむことができます。\n●第3位：調布\n第3位は、得票率9.0%の「調布」でした。東日本最古の国宝仏“釈迦如来像”を奉安する「深大寺」や、ばら園に芝生広場、大温室などを有する「神代植物公園」など、歴史や自然を感じられるスポットがあるエリアです。\n\n また、京王線・京王相模原線調布駅直結のショッピングセンター「トリエ京王調布」には、映画館や家電量販店をはじめ、ファッション、雑貨、食料品などがそろっています。\n●第2位：千歳烏山\n第2位は、得票率9.5%の「千歳烏山」でした。1913年に「烏山」として開業し、1929年に現在の駅名へと改称されました。2022年のダイヤ改正によって「特急」も停車するようになり、新宿駅まで最短15分程度でアクセスできるのも魅力のひとつです。\n\n 駅の近くには「ライフ千歳烏山店」「西友千歳烏山店」「オオゼキ千歳烏山店」といったスーパーマーケットが多く出店しているほか、飲食店や衣服店など、数多くの業種のお店が出店する「えるもーる烏山 烏山駅前通り商店街」もあり、ショッピングにも便利な街となっています。\n●第1位：明大前\n第1位は、得票率11.4％の「明大前」でした。もともと1913年に「火薬庫前」として開業した駅で、当時は近隣に「陸軍省和泉新田火薬庫」があったことにちなんでいるそうです。その後、1917年に地元の地名である「松原」への改称を経て、1935年に「明大前」と改称され、現在に至ります。\n\n そんな明大前駅は、京王線と井の頭線が接続しており、特急や急行などのすべての種別が停車することで、新宿まで10分程度でアクセスできる利便性も大きな魅力。併設される駅ビル「フレンテ明大前」にはスーパーや薬局・飲食店などもあるので、日常的な買い物にも便利でしょう。\nzakki/さくか,['https://newsatcl-pctr.c.yimg.jp/t/amd-img/20241026-10098691-it_nlab-000-1-view.jpg?pri=l&w=640&h=423&exp=10800'],"['https://news.yahoo.co.jp/articles/fbd66ccebbb3eb5607e0f2c782102bbc408e0b0a/images/000', 'https://nlab.itmedia.co.jp/research/articles/3091519/2#utm_source=yahoo_v3&utm_medium=feed&utm_campaign=20241026-10098691&utm_term=it_nlab-life&utm_content=img']"
6年住んでいたはずなのに……　アパートの“夜逃げ部屋”がきれいすぎると同業者から驚きの声「美しい夜逃げが存在するとは」「ほんとに住んでた？」（ねとらぼ）,https://news.yahoo.co.jp/articles/8290ddb58264668a86015675012038f8acea2a90,https://newsatcl-pctr.c.yimg.jp/t/amd-img/20241026-00000050-it_nlab-000-1-view.jpg?exp=10800,2024-10-26T20:30:12+09:00,2024-10-26T20:30:12+09:00,ねとらぼ,it_nlab,ねとらぼ,711,\nこれが夜逃げ部屋!?（画像提供：ムラタクさん）\nアパートの入居者に夜逃げされたものの、あまりにもきれいすぎる部屋だったとの投稿が話題です。本当に人が住んでいたの……？\n【画像】きれいすぎる“夜逃げ部屋”\n投稿したのは、不動産経営をしているムラタクさん。自身が経営するアパートの入居者が夜逃げをしたと管理会社から連絡が来たので行ってみたところ、夜逃げとは思えないきれいな状態だったのでした。\n夜逃げ部屋とは思えない退去部屋\n入居者が夜逃げする理由の多くは、家賃滞納を始めとした金銭トラブルによるもの。着の身着のままで出ていき、アパートの中は家財道具もゴミも散乱したままで、その後の処理は家主も管理会社も頭を悩ますものです。\n\n ところがこの夜逃げされた部屋に関しては、これまでの常識を覆すようなきれいな状態。6年も住んでいたというのに壁もふすまも傷が見当たらず、床には何も残されていないどころか、フローリングを照らす日差しの反射が眩しいほどです。通常退去でもここまできれいなことはないのでは？\n同業者も驚きを隠せない\n入居者から管理会社に退去連絡は入っていたものの、退去立会いの段取りをしようとしたら音信不通に。そして部屋に行ったらもぬけの殻になっていたそうです。ムラタクさんはあまりのきれいさに、夜逃げされたことへの怒りはなくなったそうです。\n\n 投稿には「まるで書類上住んでいたことにしてたみたいですね」「美しい夜逃げが存在するとは」「僕もアパート管理してるけど、ここまできれいに夜逃げされたんならある程度諦めもつくかなぁと思います」など、同業者たちからも驚きの声が上がっています。\nねとらぼ,['https://newsatcl-pctr.c.yimg.jp/t/amd-img/20241026-00000050-it_nlab-000-1-view.jpg?exp=10800'],"['https://news.yahoo.co.jp/articles/8290ddb58264668a86015675012038f8acea2a90/images/000', 'https://nlab.itmedia.co.jp/nl/articles/2410/26/news057_2.html#utm_source=yahoo_v3&utm_medium=feed&utm_campaign=20241026-050&utm_term=it_nlab-life&utm_content=embed']"
【50代が選ぶ】歌声が泣ける「日本人ボーカリスト」ランキング！　2位は「中島みゆき」「玉置浩二」、1位は？（ねとらぼ）,https://news.yahoo.co.jp/articles/1dd452f9c88264c4f42d65548835417eb672a3ea,https://newsatcl-pctr.c.yimg.jp/t/amd-img/20241026-10098569-it_nlab-000-1-view.jpg?exp=10800,2024-10-26T20:30:00+09:00,2024-10-26T20:30:00+09:00,ねとらぼ,it_nlab,ねとらぼ,792,\n画像：写真AC（画像はイメージです）\nねとらぼでは、アンケートサイト「ボイスノート」の協力のもと、50代を対象に「歌声が泣ける日本人ボーカリストは？」というテーマでアンケートを実施しました。\n【画像：ランキング11位～1位を見る】\n全国の50代から「歌声が泣ける」と支持された日本人ボーカリストは、誰だったのでしょうか。さっそく、ランキングを見ていきましょう！\n●第2位：中島みゆき\n第2位には、同率で2人のボーカリストが並びました。1人目は「中島みゆき」さんです。聞く人にエールを送るような力強い歌声が魅力で、これまで数々のヒット曲を世に送り出してきました。\n\n 「時代」「糸」「地上の星」などの名曲で知られる中島さん。多くのアーティストにカバーされ、幅広い年齢層に支持されていることも、中島さんの楽曲の魅力と普遍性を表しています。\n●第2位：玉置浩二\nもう1人の第2位は、「玉置浩二」さんです。玉置さんは1982年、ロックバンド「安全地帯」のボーカルとしてデビューすると、「ワインレッドの心」や「恋の予感」などのヒット曲を発表。ソロアーティストとしても活躍し、1996年にはシングル「田園」が大ヒットを記録しました。\n\n 圧倒的な歌唱力で支持を集める玉置さん。俳優としても高い評価を得ていて、多才な一面を見せています。\n●第1位：MISIA\n第1位は、「MISIA」さんでした。1998年にシングル「つつみ込むように…」でデビューすると、2000年に発表した「Everything」が大ヒットを記録。国民的歌手として支持を集め、東京五輪開会式では国歌を独唱しました。\n\n 国内外の子どもたちへの教育支援など、社会貢献活動にも熱心に取り組んでいるMISIAさん。アフリカ開発会議の大使を務めるなど、音楽の枠を超えて高く評価されています。\n小林翆山,['https://newsatcl-pctr.c.yimg.jp/t/amd-img/20241026-10098569-it_nlab-000-1-view.jpg?pri=l&w=640&h=480&exp=10800'],"['https://news.yahoo.co.jp/articles/1dd452f9c88264c4f42d65548835417eb672a3ea/images/000', 'https://nlab.itmedia.co.jp/research/articles/3087089/2#utm_source=yahoo_v3&utm_medium=feed&utm_campaign=20241026-10098569&utm_term=it_nlab-ent&utm_content=img']"
外側は無骨で醜い石、切断してみたら……　キラキラ輝きだす美しい中身にうっとり「十字架みたい」「買いたい」と反響（ねとらぼ）,https://news.yahoo.co.jp/articles/5ee12dd2688ea454c89400021e97bf9d1f014255,https://newsatcl-pctr.c.yimg.jp/t/amd-img/20241026-00000032-it_nlab-000-1-view.jpg?exp=10800,2024-10-26T20:20:10+09:00,2024-10-26T20:20:10+09:00,ねとらぼ,it_nlab,ねとらぼ,1182,\n「馬の脳」に似ていると言われた石の外観\n外側は無骨で美しいとは言い難い「瑪瑙（メノウ）」を半分に切ってみる動画がYouTubeで注目されています。まさか、中がこんなに美しいなんて……？\n【画像・動画】メノウの美しい断面を見る\n「瑪瑙（メノウ）」を切ってみよう！\n動画が投稿されたのはYouTubeチャンネル「Agate Dad」。岩石や鉱物、宝石の細工などの動画を中心に発信しています。\n\n 今回の動画では、たくさんのメノウを半分にカットして中を見る試みを紹介。メノウとは世界各地で採集される鉱物で、さまざまな模様や色のものが存在します。石の外観が馬の脳に似ていることから「瑪瑙」と名付けられたもので、ごつごつした岩のようでもある外側に対し、中身は繊細で多種多様な美しさが詰まっています。\n中身の美しさにうっとり\n岩石切断機で真っ二つに切られていくメノウ。「美しい縞模様があるといいな」との期待とともに開かれると、どれも美しく個性的な模様のものばかり。まるで「天使の羽のように見える」白い雪の結晶のような清廉な模様や、赤、白、黄が層になった縞模様のもの、オレンジ色や、ピンクがかった美しいクォーツが詰まっているものなど、どれもひとつとして同じものはなく、それぞれの良さが感じられます。\n\n さらにこの中からいくつかを選出し、研磨する作業に入ります。磨くときには削らなければならない部分がたくさんあったりと、切断後とは少し違った模様になることもあるそうです。\n\n こうして丁寧に研磨されたメノウは、カットした直後よりさらに洗練された美しさを手に入れました。表面はつやつやに輝き、光を当てると角度によってデリケートな模様の表情が少しずつ変わっていきます。\n\n 特に最後に紹介されたメノウは乳白色、べっこう色、薄い黄色のような層が重なり「お気に入り」だとのこと。コメント欄でも「最後のものが最高」との声がたくさん寄せられました。\n「とてもきれい」「買いたい」「こんなことしてみたかった」と反響\nこの動画を楽しんだ視聴者からは、「メノウはとてもきれいだし、カットした後の中身を見るのが楽しい」「研磨の仕方がすばらしい」「美しい！ すてきだよ！ 若いころ、こんなことしてみたかったなあ」「とてもきれい！ 買いたいのでお店があるなら教えてほしい」「十字架みたいに見えるね」など多くのコメントが。メノウの美しさや、鉱物を切って磨くという作業を本当に楽しそうに進める様子をうらやましく思ったという声が寄せられています。\n\n YouTubeチャンネル「Agate Dad」では他にも「ライトニングストーンを切り開く」「洞窟の鍾乳石を切ってみる」「アメジストを割り開く」などの投稿が人気です。\n\n画像は「Agate Dad」から\nねとらぼ,['https://newsatcl-pctr.c.yimg.jp/t/amd-img/20241026-00000032-it_nlab-000-1-view.jpg?exp=10800'],"['https://news.yahoo.co.jp/articles/5ee12dd2688ea454c89400021e97bf9d1f014255/images/000', 'https://nlab.itmedia.co.jp/nl/articles/2410/23/news202_2.html#utm_source=yahoo_v3&utm_medium=feed&utm_campaign=20241026-032&utm_term=it_nlab-life&utm_content=embed']"
【1都3県在住者が選ぶ】「飲みたい街」ランキング！　2位は「銀座（東京都）」、1位は？（ねとらぼ）,https://news.yahoo.co.jp/articles/b92519e95a6e9f44661c49685bdba97881a162df,https://newsatcl-pctr.c.yimg.jp/t/amd-img/20241026-10098845-it_nlab-000-1-view.jpg?exp=10800,2024-10-26T20:15:00+09:00,2024-10-26T20:15:00+09:00,ねとらぼ,it_nlab,ねとらぼ,550,\n画像：PIXTA\nリクルートの調査・研究機関「ホットペッパーグルメ外食総研」は、関東1都3県在住者を対象とした「飲みたい街ランキング2024」を発表しました。\n【画像：ランキング30位～1位を見る】\n多くの人から「飲みたい」と支持を集めたのは、どの街だったのでしょうか。それではランキングを見ていきましょう！\n●第2位：銀座（東京都）\n第2位は「銀座（東京都）」でした。日本を代表する高級商業地区として知られる銀座には、老舗の格式高いバーやミシュラン星付きレストランなどが集まっています。\n\n 重要な接待や記念日などの特別なディナーに利用されやすい高級店が並ぶ一方で、路地裏には隠れ家的な居酒屋もあります。平日・休日問わず、多くのビジネスパーソンや観光客でにぎわうエリアです。\n●第1位：新宿（東京都）\n第1位は「新宿（東京都）」でした。新宿は、日本有数のターミナル駅である新宿駅周辺に、歌舞伎町をはじめとする大きな繁華街が形成されており、さまざまな飲食店が密集している街です。\n\n 歌舞伎町に位置する「ゴールデン街」や新宿駅西口近くにある「思い出横丁」には、昭和の面影を色濃く残す飲み屋が点在。深夜まで営業している店が多く、終電後もにぎわいを見せています。\nヒロキタナカ,['https://newsatcl-pctr.c.yimg.jp/t/amd-img/20241026-10098845-it_nlab-000-1-view.jpg?pri=l&w=640&h=426&exp=10800'],"['https://news.yahoo.co.jp/articles/b92519e95a6e9f44661c49685bdba97881a162df/images/000', 'https://nlab.itmedia.co.jp/research/articles/3090338/2#utm_source=yahoo_v3&utm_medium=feed&utm_campaign=20241026-10098845&utm_term=it_nlab-life&utm_content=img']"
「渋谷区の上場企業」平均年収ランキング！　2位は「東急不動産ホールディングス」、1位は？（ねとらぼ）,https://news.yahoo.co.jp/articles/e2bb870d5dd9a4da101fa0b44a2743689b0ef6e0,https://newsatcl-pctr.c.yimg.jp/t/amd-img/20241026-10098687-it_nlab-000-1-view.jpg?exp=10800,2024-10-26T20:20:00+09:00,2024-10-26T20:20:00+09:00,ねとらぼ,it_nlab,ねとらぼ,732,\n画像：PIXTA\n企業データベース「SalesNow DB」を提供するSalesNowは、渋谷区の上場企業を対象に平均年収の調査を行い、その結果をランキング形式で公表しました。\n【画像：ランキング30位～1位を見る】\n渋谷区の上場企業の中で平均年収が高いのは、どの企業だったのでしょうか。さっそく、ランキングを見ていきましょう！\n\n（出典元：【渋谷区】上場企業平均年収ランキングを公開！／SalesNow DBレポート | 株式会社SalesNowのプレスリリース）\n●第2位：東急不動産ホールディングス（1113万2000円）\n第2位は「東急不動産ホールディングス」で、平均年収は1113万2000円でした。\n\n 1918年に、渋沢栄一らを中心に設立された「田園都市株式会社」を前身とし、2013年に設立された東急不動産ホールディングス。2024年現在では、地球規模の気候変動や、デジタル社会への対応を課題とし、グループの強みを生かしたサステナブルなまちづくりを推進しています。\n●第1位：GMOフィナンシャルホールディングス（1127万4000円）\n第1位は「GMOフィナンシャルホールディングス」で、平均年収は1127万4000円でした。\n\n GMOフィナンシャルホールディングスは、GMOクリック証券やGMO外貨、GMOオフィスサポートなどをグループに持ち、「金融サービスをもっとリーズナブルに もっと楽しく自由に」を理念とする企業です。インターネットを介した金融商品の取引などができるサービスの開発・保守・運用を自社で行うことで、低コスト化を実現。現在は香港やバンコクにも拠点を置き、発展を続けています。\nねとらぼリサーチ,['https://newsatcl-pctr.c.yimg.jp/t/amd-img/20241026-10098687-it_nlab-000-1-view.jpg?exp=10800'],"['https://news.yahoo.co.jp/articles/e2bb870d5dd9a4da101fa0b44a2743689b0ef6e0/images/000', 'https://nlab.itmedia.co.jp/research/articles/3084380/2#utm_source=yahoo_v3&utm_medium=feed&utm_campaign=20241026-10098687&utm_term=it_nlab-life&utm_content=img']"
材料の伐採からやるの!?　国立研究機関の「図工室のイス」メイキング動画に反響「神回確定」「すごい迫力」（ねとらぼ）,https://news.yahoo.co.jp/articles/3d885fd78d42dbffccfa905908dda6afa22e7891,https://newsatcl-pctr.c.yimg.jp/t/amd-img/20241026-00000076-it_nlab-000-1-view.jpg?exp=10800,2024-10-26T20:10:10+09:00,2024-10-26T20:10:10+09:00,ねとらぼ,it_nlab,ねとらぼ,773,\n完成した「角イス」\n学校の図工室にある「角イス」の製造工程を紹介する動画が、YouTubeで注目を集めています。組み立てる工程だけかと思いきや、なんと材料の木を伐採するところから始まります。\n【動画】木材の切り出しから始まるイス作り\n切られた木がカメラに迫るスリリングな開幕\nこの動画は、科学技術振興機構（JST）が運営するYouTubeチャンネル「SCIENCE CHANNEL（JST）」の人気シリーズ、「THE MAKING」の最新作。今回は杉の木をチェーンソーで豪快に切り倒すシーンから始まります。倒れた木がカメラに直撃するなど、開幕からむやみにスリリング……！\n\n 生木は重機で切りそろえられてから製材所へ持ち込まれ、板材へ成形。水分を含んだまま使うと、乾いた後に変形や破損が生じるため、専用の炉でじっくりと時間をかけて乾燥させます。その燃料には切り出した木材の端材を使うという無駄のないシステムも見どころですね。\n\n 板材は部品の形に切り出され、組み立て工程を経て完成へ。ただ組むだけでなく、劣化するおそれのある“節”（死に節）の部分をドリルで取り除き、丸い木材で埋めるというていねいな仕事ぶりも見られました。\n実質「木材製造の裏側」？\n「角イスのできるまで」の全てが収められた動画に、YouTubeのコメント欄には「図工室のイスと言いつつ木材製造の裏側を見せてくれる」「こうして学校で何十年使われても壊れない椅子ができるのか」といった反響が寄せられ、木材がカメラに迫るアングルに「神回確定」「すごいサービス精神」という声も見られました。\n\n 「THE MAKING」シリーズはこれで通算330回。ほかにも、市販のプリンや銅像の製造工程、「通販の品物が届く過程」など、興味深い映像が見られます。\nねとらぼ,['https://newsatcl-pctr.c.yimg.jp/t/amd-img/20241026-00000076-it_nlab-000-1-view.jpg?exp=10800'],"['https://news.yahoo.co.jp/articles/3d885fd78d42dbffccfa905908dda6afa22e7891/images/000', 'https://nlab.itmedia.co.jp/nl/articles/2410/26/news022_2.html#utm_source=yahoo_v3&utm_medium=feed&utm_campaign=20241026-076&utm_term=it_nlab-life&utm_content=embed']"
2年で100店舗以上増えた「無印良品」　最も店舗が少ない県はどこ？（ねとらぼ）,https://news.yahoo.co.jp/articles/a7e413f64a5418bafcac2d847881fb806688392a,https://newsatcl-pctr.c.yimg.jp/t/amd-img/20241026-10099105-it_nlab-000-1-view.jpg?exp=10800,2024-10-26T20:05:00+09:00,2024-10-26T20:05:00+09:00,ねとらぼ,it_nlab,ねとらぼ,1138,\n画像：PIXTA\nカレーやバウムといった食品から便利な生活用品、シンプルなインテリアまで、さまざまな商品を扱っている「無印良品」。2024年10月25日から11月4日まで、メンバー限定でさまざまなアイテムが10%オフで購入できる「無印良品週間」が開催されており、この機会に買いたいものがある、という人もいるのではないでしょうか。\n【画像】都道府県別の店舗数マップを見る\nそんな無印良品は、全国47都道府県に店舗を展開していますが、各エリアの店舗数にはバラつきがあります。今回は無印良品の歴史を少し振り返りながら、都道府県別の店舗数について見ていきましょう。\n●無印良品の1号店はどこ？\n無印良品が誕生したのは1980年のこと。スーパー「西友」のプライベートブランドとして、40商品の展開からスタートしました。しばらくは西友や西武百貨店などの一角で販売されてきましたが、1983年に初の路面店が開店します。\n\n 1号店は東京・青山で「無印良品青山」として開業し、売場面積は103平方メートルと小さなお店でしたが、開店一週間で売上1000万円を達成するなど、たくさんの人が訪れたそうです。現在は通常の無印良品とは異なった品をそろえる「Found MUJI 青山」として営業を続けています。\n●無印良品の店舗が最も少ない都道府県は？\n1989年には現在の運営会社である「良品計画」が設立され、さらに1991年にはイギリス・ロンドンに海外1号店をオープンした無印良品。良品計画の2024年8月期データブックによると、期末時点では国内外合わせて1305店舗を展開しています。なお国内店舗数は623店舗となっており、2022年期末と比べると130店舗も増加している形です。\n\n 店舗数が増加しているなか、国内で最も店舗数が少ないのはどこなのでしょうか？ 10月25日時点の無印良品公式サイト「店舗情報」をもとに、各都道府県の出店数を見ていきましょう。なお、今後オープン予定の店舗を含んでいるほか、「Café＆Meal MUJI」などの飲食店やキャンプ場、インテリアブランド・IDÉEの専門店「IDÉE SHOP」は除外しています。\n\n 最も無印良品の店舗が少ないのは、岩手県・鳥取県・高知県の3県。店舗数はそれぞれ2店舗でした。次いで少ないのは、徳島県・佐賀県・宮崎県の3店舗。ちなみに佐賀県は2024年9月・10月に相次いで2店舗がオープンしており、2024年8月時点では最も無印良品が少ない県だったようです。\n\n 対して最も多いのは東京都の90店舗。次いで神奈川県（53店舗）、大阪府（44店舗）、愛知県（42店舗）となっています。\nねとらぼ編集部,['https://newsatcl-pctr.c.yimg.jp/t/amd-img/20241026-10099105-it_nlab-000-1-view.jpg?pri=l&w=640&h=336&exp=10800'],"['https://news.yahoo.co.jp/articles/a7e413f64a5418bafcac2d847881fb806688392a/images/000', 'https://nlab.itmedia.co.jp/research/articles/3094598/2#utm_source=yahoo_v3&utm_medium=feed&utm_campaign=20241026-10099105&utm_term=it_nlab-life&utm_content=img']"
「千葉県で人気のパン（ベーカリー）」ランキング！　2位は豊富な種類のパンが楽しめる「パン オルディネール」、1位は？【2024年10月版】（ねとらぼ）,https://news.yahoo.co.jp/articles/d62ea951870182843360e8ac532f6607e175f0a7,https://newsatcl-pctr.c.yimg.jp/t/amd-img/20241026-10098725-it_nlab-000-1-view.jpg?exp=10800,2024-10-26T20:05:00+09:00,2024-10-26T20:05:00+09:00,ねとらぼ,it_nlab,ねとらぼ,681,\n画像：PIXTA（画像はイメージです）\n自身が訪れた場所について評価とクチコミなどの投稿を通じて、自らの体験を共有できるGoogleマップ。経路の検索以外にも、より良いお店探しのツールとして活用できます。今回は千葉県でおすすめのパン（ベーカリー）を探している人に向けて、Googleマップ上で人気のお店を紹介します。\n【画像：「千葉県で人気のパン（ベーカリー）」ランキング10位～1位を見る】\nなおこのランキングは、Googleマップに寄せられた「ユーザー評価」「クチコミ件数」「価格フィルタ」「評価フィルタ」などに基づいて作成された、2024年10月22日時点のものです。ではさっそく上位の結果を見ていきましょう。\n●第2位：pain ordinaire パン オルディネール（4.5pt／124クチコミ）\n第2位は市川市南行徳の「パン オルディネール」です。南行徳駅から徒歩約1分の距離に位置しています。100種類以上のパンを日々焼き上げており、ハード系パンやサクサクのクロワッサンは特に人気が高いそう。種類も豊富なため、自分好みの味が見つかるでしょう。午後には品薄になることが多いため、早めの訪問がおすすめです。\n●第1位：kamobakery（4.5pt／194クチコミ）\n第1位は市川市宮久保にある「kamobakery」です。バゲット、カレーパン、クリームパンなどが並び、どのパンも絶品でそれぞれにファンがいるのだとか。駅から離れておりかつ駐車場も少ないという条件ながら、行列ができていることも多い、人気のパン屋です。\n山崎らくだ,['https://newsatcl-pctr.c.yimg.jp/t/amd-img/20241026-10098725-it_nlab-000-1-view.jpg?pri=l&w=640&h=425&exp=10800'],"['https://news.yahoo.co.jp/articles/d62ea951870182843360e8ac532f6607e175f0a7/images/000', 'https://nlab.itmedia.co.jp/research/articles/3092262/2#utm_source=yahoo_v3&utm_medium=feed&utm_campaign=20241026-10098725&utm_term=it_nlab-life&utm_content=img']"
「LeSportsac（レスポートサック）のバッグ」おすすめ6選！　人気のショルダーバッグやトートバッグなどを紹介！【2024年10月版】（ねとらぼ）,https://news.yahoo.co.jp/articles/6a5d596d2228a7f357ba8b055291932aba078d2f,https://newsatcl-pctr.c.yimg.jp/t/amd-img/20241026-10098732-it_nlab-000-1-view.jpg?exp=10800,2024-10-26T20:10:00+09:00,2024-10-26T20:10:00+09:00,ねとらぼ,it_nlab,ねとらぼ,1468,\n出典：Amazon.co.jp\n1974年にニューヨークで誕生したブランド「LeSportsac（レスポートサック）」。デザインと機能性を兼ね備えたアイテムは、幅広い世代から愛されています。ショルダーバッグやリュックサック、トートバッグなど、シンプルなデザインからかわいらしい柄のものまで種類も豊富。使い勝手抜群のバッグがそろっているので、ぜひチェックしてみてください。\n【画像：「LeSportsac（レスポートサック）のバッグ」ランキング10位～1位を見る】\n本記事では「LeSportsac（レスポートサック）のバッグ」のおすすめ商品を紹介していきます。\n\n※掲載商品はAmazon・楽天市場・Yahoo!ショッピングなど各ECサイトの売れ筋ランキングやSNSの口コミをもとにして編集部独自にランキング化しています（2024/10/14更新）\n●LeSportsac（レスポートサック） トートバッグ 7470\n「LeSportsac（レスポートサック） トートバッグ 7470」は、シンプルで使いやすいフォルムと豊富なカラーリングが特徴のトートバッグです。素材はポリエステルで、底マチ付き。また、メイン収納にはファスナーが付いています。通勤・通学といったデイリーシーンでも活躍しそうですね。\n●LeSportsac（レスポートサック） トートバッグ 1379 C509\n「LeSportsac（レスポートサック） トートバッグ 1379 C509」は、ブラックカラーのトートバッグとポーチのセット。軽量で耐摩耗性に優れ、熱に強く、シワがつきにくいポリエステル生地を採用しており、日常使いしやすいアイテムとなっています。\n●LeSportsac（レスポートサック） DELUXE EASY CARRY TOTE 4360\n「LeSportsac（レスポートサック） DELUXE EASY CARRY TOTE 4360」は、無地のクリームイエローに幾何学模様をデボス加工で表現した、上品なデザインが特徴のトートバッグ。アイボリーカラーのハンドルとショルダーストラップを合わせています。\n●LeSportsac（レスポートサック） ハンドバッグ 3561\n「LeSportsac（レスポートサック） ハンドバッグ 3561」は、約10センチの底マチを備えた半円型のハンドバッグ。取り外し可能なショルダーストラップが付いていて、肩掛けでも斜め掛けでも使用できます。外側に2つ、内側に4つのポケットが設けられているのもポイントです。\n●LeSportsac（レスポートサック） LARGE EMERALD TOTE 1589\n「LeSportsac（レスポートサック） LARGE EMERALD TOTE 1589」は、A4サイズの書類やファイルがすっぽり収まるスリムな縦型のトートバッグ。内側にファスナーポケットや仕切りポケットが付いており、荷物を機能的に収納できます。\n●LeSportsac（レスポートサック） MEDIUM 2 WAY TOTE 1114\n「LeSportsac（レスポートサック） MEDIUM 2 WAY TOTE 1114」は、軽量で耐久性に優れたリップストップナイロン素材を使用したバッグです。スクエア型で十分なマチがあるので、500ミリのペットボトルも収納できます。豊富なカラー展開のため、推し活にもぴったりのお気に入りのカラーが見つかりそうですね。\nkei,['https://newsatcl-pctr.c.yimg.jp/t/amd-img/20241026-10098732-it_nlab-000-1-view.jpg?pri=l&w=640&h=640&exp=10800'],"['https://news.yahoo.co.jp/articles/6a5d596d2228a7f357ba8b055291932aba078d2f/images/000', 'https://nlab.itmedia.co.jp/research/articles/3085909/2#utm_source=yahoo_v3&utm_medium=feed&utm_campaign=20241026-10098732&utm_term=it_nlab-life&utm_content=img']"
“本気噛み”するため何年も風呂に入れなかった柴犬が、プロの手で……　別犬のような感動のビフォアフが240万再生（ねとらぼ）,https://news.yahoo.co.jp/articles/827c810e233a1c5975915872797384b33993d68f,https://newsatcl-pctr.c.yimg.jp/t/amd-img/20241026-00000014-it_nlab-000-1-view.jpg?exp=10800,2024-10-26T20:00:17+09:00,2024-10-26T20:00:17+09:00,ねとらぼ,it_nlab,ねとらぼ,798,\n本気噛みでシャンプーを断られ続けた柴犬\n本気噛みをしてしまいシャンプーを断られ続ける柴犬。そんなワンコのシャンプー克服ビフォーアフター動画がInstagramに投稿されました。記事執筆時点で240万再生を突破し、1万件以上の“いいね”を集め話題となっています。\n【画像】トレーニング後の柴犬\n最初は敵対心むき出しの柴犬ちゃん\n投稿者は、静岡県浜松市を中心にドッグトレーニングを行っている伊藤柚希さん。以前、飼い主に大けがを負わせてしまった大型犬とのトレーニングの様子を公開し、「涙がでました」と感動を呼んでいました。\n\n 今回トレーニングにやって来たのは、本気噛みの癖がありどこへ行ってもシャンプーを断られてしまい、何年もお風呂に入れていないという柴犬ちゃん。伊藤さんが優しくなでようとしても、嫌がって噛もうとしていました。安全のため口輪を付けていますが、敵対心むき出しで全力で抵抗しているのがわかります。\n根気よく向き合い続けた結果……\n少し荒々しい柴犬ちゃんに根気よく向き合い続けた伊藤さん。その結果、お風呂に入れることに成功しました。ちょっと触られるだけで怒っていた柴犬ちゃんが、伊藤さんに大人しく体を預けています。表情をよーく見てみるとなんだか気持ちよさそう。ブローも無事に終え最後はさっぱりきれいになっていました。\n\n 伊藤さんはワンコの「嫌だ」という表現を無視して無理やり苦痛を与えると、さらに心へキズを加える可能性があるといいます。言葉がわからない分、ワンコの「嫌だ」を人がしっかり理解してそっと寄り添うのが大切なのかもしれませんね。\n\n 伊藤さんはInstagramアカウントの他に、YouTubeチャンネル「ドッグリーブル そらナズTV」でもドッグトレーニングの様子を公開しています。\n\n画像提供：伊藤柚希（@dog_libre）さん\nねとらぼ,['https://newsatcl-pctr.c.yimg.jp/t/amd-img/20241026-00000014-it_nlab-000-1-view.jpg?exp=10800'],"['https://news.yahoo.co.jp/articles/827c810e233a1c5975915872797384b33993d68f/images/000', 'https://nlab.itmedia.co.jp/nl/articles/2410/23/news125_2.html#utm_source=yahoo_v3&utm_medium=feed&utm_campaign=20241026-014&utm_term=it_nlab-life&utm_content=embed']"
筆でリズミカルにキャンバスをたたいていくと……　現れた“まさかの人物”が3億再生「衝撃的」「何時間かかったんだ」【海外】（ねとらぼ）,https://news.yahoo.co.jp/articles/25ce799c7fd677990f25be5a3afabc4db104425c,https://newsatcl-pctr.c.yimg.jp/t/amd-img/20241026-00000007-it_nlab-000-1-view.jpg?exp=10800,2024-10-26T20:00:14+09:00,2024-10-26T20:00:14+09:00,ねとらぼ,it_nlab,ねとらぼ,637,\n何が完成するのか\n5年前や10年前……。少し前にインターネット上で話題になった投稿や動画を振り返って紹介する企画「昔のインターネット発掘！」。今回は2022年1月に公開され、記事執筆時点で3億4000万回以上再生された「アナログペインティング動画」を紹介します。\n【画像】完成した“まさかの人物”の絵\n新しいペインティングの見せ方\n投稿者は、チャンネル登録者数280万人を超えるアーティストのMatt Chessco（@MattChessco）さん。スタイリッシュな服装でキャンバスに向かい、音楽に合わせてリズミカルにペイントブラシでたたくと、その場所に模様や絵の具がポンポンと出現していきます。テンポが気持ちいい。\n完成した絵は……？\n最初は赤い丸が2つ出現し、その後はパズルが埋まるように真っ白のキャンバスに色が着いてきます。少しずつ人間の形が浮かび上がり、後半は怒濤（どとう）の勢いでディティールが描写されており、最終的には実業家のイーロン・マスクがタバコを吸っている絵が完成します。これは新しい見せ方だ！\n\n コメント欄では「本当に衝撃的だ」「なんて芸術だ、脱帽した」「どうやったらこんな編集ができるのか、本当に信じられない！」「いったい何時間かかったんだよ。本当に美しい」「素晴らしいです！」「どれだけの時間と労力が費やされているのか」などの反応が寄せられています。\n\n画像はMatt ChesscoさんのYouTubeから引用\nねとらぼ,['https://newsatcl-pctr.c.yimg.jp/t/amd-img/20241026-00000007-it_nlab-000-1-view.jpg?pri=l&w=640&h=334&exp=10800'],"['https://news.yahoo.co.jp/articles/25ce799c7fd677990f25be5a3afabc4db104425c/images/000', 'https://nlab.itmedia.co.jp/nl/articles/2410/26/news009_2.html#utm_source=yahoo_v3&utm_medium=feed&utm_campaign=20241026-007&utm_term=it_nlab-life&utm_content=embed']"
「新宿区の上場企業」平均年収ランキング！　2位は「スクウェア・エニックス・ホールディングス」、1位は？（ねとらぼ）,https://news.yahoo.co.jp/articles/1f3d9857c21102ff45f61eaf7abb69f73ca7b6c5,https://newsatcl-pctr.c.yimg.jp/t/amd-img/20241026-10098559-it_nlab-000-1-view.jpg?exp=10800,2024-10-26T20:00:00+09:00,2024-10-26T20:00:00+09:00,ねとらぼ,it_nlab,ねとらぼ,737,\n画像：写真AC\n企業データベース「SalesNow DB」を提供するSalesNowは、新宿区の上場企業を対象に平均年収の調査を行い、その結果をランキング形式で公表しました。\n【画像：ランキング30位～1位を見る】\n新宿区の上場企業の中で平均年収が高いのは、どの企業だったのでしょうか。さっそく、ランキングを見ていきましょう！\n\n（出典元：【新宿区】上場企業平均年収ランキングを公開！／SalesNow DBレポート | 株式会社SalesNowのプレスリリース）\n●第2位：スクウェア・エニックス・ホールディングス（1313万9416円）\n第2位は「スクウェア・エニックス・ホールディングス」で、平均年収は1313万9416円でした。\n\n スクウェア・エニックス・ホールディングスは、「エニックス」と「スクウェア」が合併し2003年に誕生しました。ゲームの「ドラゴンクエスト」や「ファイナル・ファンタジー」シリーズなどでも知られ、事業拠点・開発スタジオは日本以外にもアメリカやヨーロッパなどに置かれています。また、デジタルエンタテインメント事業のほか、アミューズメント事業や出版事業なども手がけています。\n●第1位：SOMPOホールディングス（1455万657円）\n第1位は「SOMPOホールディングス」で、平均年収は1455万657円でした。\n\n SOMPOホールディングスは、約130年の歴史を持つ保険・金融グループで、2016年に「損保ジャパン日本興亜ホールディングス」から社名を変更しました。「損害保険ジャパン」や「SOMPOダイレクト損害保険」などの国内損害保険事業のほか、海外損害保険事業や介護事業などを展開しています。\nkei,['https://newsatcl-pctr.c.yimg.jp/t/amd-img/20241026-10098559-it_nlab-000-1-view.jpg?pri=l&w=640&h=480&exp=10800'],"['https://news.yahoo.co.jp/articles/1f3d9857c21102ff45f61eaf7abb69f73ca7b6c5/images/000', 'https://nlab.itmedia.co.jp/research/articles/3084353/2#utm_source=yahoo_v3&utm_medium=feed&utm_campaign=20241026-10098559&utm_term=it_nlab-life&utm_content=img']"
「想像以上の毛深さ」　声優の上坂すみれ、まぶしすぎる“駅員風衣装”にファン熱狂　「制服似合いすぎ」「ドキドキ」（ねとらぼ）,https://news.yahoo.co.jp/articles/d029b09c2491fe2ed57d5ae833d8ca11f3621808,https://newsatcl-pctr.c.yimg.jp/t/amd-img/20241026-00000084-it_nlab-000-3-view.jpg?exp=10800,2024-10-26T19:48:45+09:00,2024-10-26T20:00:09+09:00,ねとらぼ,it_nlab,ねとらぼ,801,\n制服姿も似合う（画像出典：上坂すみれInstagram）\n声優の上坂すみれさんが10月26日にInstagramを更新。駅員風の衣装を着たかわいらしい姿を公開し、ファンから盛り上がる声が上がっています。\n【画像】制服風衣装の別ショット\nテレビアニメのイベントで熊本・人吉を訪問\nこの日、テレビアニメ「レヱル・ロマネスク」に関連したトークイベントに出席するため、舞台のモデルとなった熊本県人吉市を訪れていた上坂さん。イベントは駅のホームで開催されたそうで、「初めての体験！！ 人吉のやさしい自然に包まれながらの、楽しいひとときでしたっ！」と振り返りました。\n\n Instagramでは、駅員をイメージした衣装姿を披露。ネクタイは声を担当した登場キャラクター・すずしろをイメージしたグリーンに。「人吉鉄道ミュージアム」にも遊びに行けたそうで、この後は馬刺しを食べに行くことも伝えています。\n毛深すぎる制服姿に反響\nファンからは、上坂さんのかわいらしい制服姿にコメントが殺到。「駅員さんすみぺ！」「制服お似合いすぎませんか！？」「ネクタイ姿も素敵ですね！」と喜ぶ声の他、「こんなに毛深い車掌さんがいたら、心臓ドキドキして居たたまれなくなって関係ない駅で途中下車してしまうかもしれない」「想像以上の毛深さですね」と伝える人も。\n毛深い＝カワイイ\n“毛深い”とは、「カワイイ」といわれることが苦手な上坂さんが代用として生み出した言葉。2022年12月6日配信の「声優と夜あそび」（ABEMA）では、毛深いの語源は「サモエド犬」だったと告白。サモエド犬はカワイイ→なぜなら毛深いから→毛深い＝カワイイ、という式が成り立っているそうで、共演した声優のたかはし智秋さんは「“毛深い”ってコメントが出るたびに“どこの毛のことなんだろう？”ってひそかに探してた」とコメントしていました。\nねとらぼ,['https://newsatcl-pctr.c.yimg.jp/t/amd-img/20241026-00000084-it_nlab-000-3-view.jpg?exp=10800'],"['https://news.yahoo.co.jp/articles/d029b09c2491fe2ed57d5ae833d8ca11f3621808/images/000', 'https://nlab.itmedia.co.jp/nl/articles/2410/26/news076_2.html#utm_source=yahoo_v3&utm_medium=feed&utm_campaign=20241026-084&utm_term=it_nlab-ent&utm_content=embed']"
【60代以上の女性が選ぶ】「『NETFLIX』独占の韓国ドラマで布教したい作品」ランキング！　2位は「愛の不時着」、1位は？（ねとらぼ）,https://news.yahoo.co.jp/articles/d3a42b8da6d856fd259d69226f752072f09306a4,https://newsatcl-pctr.c.yimg.jp/t/amd-img/20241026-10098826-it_nlab-000-1-view.jpg?exp=10800,2024-10-26T19:50:00+09:00,2024-10-26T19:50:00+09:00,ねとらぼ,it_nlab,ねとらぼ,623,\n出典：Amazon.co.jp\nねとらぼでは、2024年3月28日～4月4日にかけて、60代以上の女性を対象に「『NETFLIX』独占の韓国ドラマで布教したい作品は？」というアンケートを実施していました。\n【画像：ランキング21位～1位を見る】\n多くの60代女性から「布教したい」と思われている「NETFLIX」独占の韓国ドラマ作品は、どれだったのでしょうか？ さっそく結果を見ていきましょう！\n●第2位：愛の不時着\n第2位は「愛の不時着」でした。愛の不時着は、2019年に韓国のtvNで放送され、のちにNetflixで独占配信を開始したドラマです。人気韓国ドラマ「トッケビ」の記録を超えtvN史上最高視聴率を達成し、一大ブームを巻き起こしました。\n\n パラグライダーで飛行中に北朝鮮に不時着した韓国の財閥令嬢「ユン・セリ」と、彼女を助けた北朝鮮の軍人「リ・ジョンヒョク」との間に芽生える、国境を越えた愛を描いています。\n●第1位：ウ・ヨンウ弁護士は天才肌\n第1位は「ウ・ヨンウ弁護士は天才肌」でした。2022年6月から8月まで韓国のENAで放送されたテレビドラマです。\n\n 自閉スペクトラム症を抱えている主人公「ウ・ヨンウ」は、ソウル大学ロースクールを首席で卒業後なかなか就職できずにいましたが、一流法律事務所に就職。さまざまな困難にぶつかりながらも、天才的な法的知識と独自の視点で困難に挑み成長していきます。\nスミ,['https://newsatcl-pctr.c.yimg.jp/t/amd-img/20241026-10098826-it_nlab-000-1-view.jpg?pri=l&w=640&h=640&exp=10800'],"['https://news.yahoo.co.jp/articles/d3a42b8da6d856fd259d69226f752072f09306a4/images/000', 'https://nlab.itmedia.co.jp/research/articles/3090585/2#utm_source=yahoo_v3&utm_medium=feed&utm_campaign=20241026-10098826&utm_term=it_nlab-ent&utm_content=img']"
見たことない色のニューバランスの靴 → 実は……　衝撃すぎる“まさかの正体”が1100万再生　「とんでもない狂気」「言葉が出ない」【海外】（ねとらぼ）,https://news.yahoo.co.jp/articles/e5cae49496a08d3ee31f5cba5b9d4e9daffdbfcf,https://newsatcl-pctr.c.yimg.jp/t/amd-img/20241026-00000047-it_nlab-000-1-view.jpg?exp=10800,2024-10-26T19:50:10+09:00,2024-10-26T19:50:10+09:00,ねとらぼ,it_nlab,ねとらぼ,866,\n靴にしか見えませんが……？\n5年前や10年前……。少し前にインターネット上で話題になった投稿や動画を振り返って紹介する企画「昔のインターネット発掘！」。今回は、2022年11月に公開された「ニューバランスのシューズそっくりな“まさかのスイーツ”」の動画を紹介します。\n【画像】ニューバランスのまさかの正体\nこの動画を投稿したのは、ユニークな立体アートケーキを公開しているYouTubeチャンネル「Cakes StepByStep」。再生回数は記事執筆時点で1100万以上と、大きな反響を呼んでいます。\n\n 動画に登場するのは、ブラウンの配色がおしゃれなニューバランスのシューズ。しかしその正体は……なんとケーキでできていたのです！ 食べ物だと言われても信じられないくらいの再現度の高さで、見た目のレザーっぽい質感や、靴ひもやロゴなど、細かな部分までリアルで驚きます。\n\n メイキングシーンではまずスポンジ生地をカットし、チョコレートフロスティングを塗って生地を重ね、型紙を使いながらカットして成形。その上からいくつものフォンダンを使ってデコレーションしています。\n\n シューズの各部品ごとにフォンダンを分けて水を付けながら貼り付けたら、小さな穴を開けるローラーで縫い目風の模様を付けていきます。もはや靴の構造をよく知っていないと作れなさそうなレベルで、細かいこだわりを感じる制作風景にワクワクしますね。\n\n 完成すると靴にしか見えない芸術的なケーキに、コメント欄では「質感も何もかも完璧です！」「これはすごい」「とんでもない。本当に狂気です」「本物を超えてる!!!」「言葉が出ない」と驚きや称賛の声が寄せられました。\n\n YouTubeチャンネル「Cakes StepByStep」では他にも、ハンドバッグやデニムジャケットのケーキなど、思わず二度見してしまうようなケーキのメイキング動画が公開されています。\n\n画像はYouTubeチャンネル「Cakes StepByStep」より引用\nねとらぼ,['https://newsatcl-pctr.c.yimg.jp/t/amd-img/20241026-00000047-it_nlab-000-1-view.jpg?exp=10800'],"['https://news.yahoo.co.jp/articles/e5cae49496a08d3ee31f5cba5b9d4e9daffdbfcf/images/000', 'https://nlab.itmedia.co.jp/nl/articles/2410/25/news139_2.html#utm_source=yahoo_v3&utm_medium=feed&utm_campaign=20241026-047&utm_term=it_nlab-life&utm_content=embed']"
【岡山の社会人に聞いた】「ネームバリューが強いと思う岡山県の公立高校」ランキング！　2位は「岡山城東高校」、1位は？（ねとらぼ）,https://news.yahoo.co.jp/articles/45913d80befba6c337e051457c2bf6a944e81184,https://newsatcl-pctr.c.yimg.jp/t/amd-img/20241026-10098991-it_nlab-000-1-view.jpg?exp=10800,2024-10-26T19:40:00+09:00,2024-10-26T19:40:00+09:00,ねとらぼ,it_nlab,ねとらぼ,996,\n画像はイメージです（画像：PIXTA）\nねとらぼでは、アンケートサイト「ボイスノート」の協力のもと、岡山県在住の社会人を対象に「ネームバリューが強いと思う岡山県の公立高校」というテーマでアンケート調査を実施しました。\n【画像：ランキング13位～1位を見る】\n岡山の社会人から支持を集めたのは、どの公立高校だったのでしょうか。さっそくランキングを見ていきましょう！\n●第2位：岡山城東高校\n第2位は、得票率16.7％の「岡山城東高校」でした。\n\n 岡山市中区に位置する岡山城東高校は、1987年に創立された県立高校。「進取・協同」を校訓に、新しいことに積極的に挑戦し、自主的・自律的に行動していく態度や、協力して助け合う態度の養成を教育目標としています。\n\n 単位制を導入しているほか、「人文社会学類」「国際教養学類」「音楽学類」「理数学類」の4つの学類を用意。希望する進路に合わせて2年次に「学類コア科目」を選択し、どの学類に進むのかを決定します。岡山県教育委員会から「グローバルリーダー育成拠点構築事業」の指定を受け、さまざまな取り組みを行っているところも魅力。2024年度入試では、国公立大学は岡山大学・香川大学、私立大学は近畿大学・ノートルダム清心女子大などを中心に、多くの生徒が現役で合格しています。\n●第1位：岡山朝日高校\n第1位は、得票率24.5％の「岡山朝日高校」でした。\n\n 岡山市中区に位置する岡山朝日高校は、1666年創立の「仮学館」をルーツとする県立高校。「自主自律を重んじ、自由を尊重する」「自重互敬」「のびのびときまりよく」を教育方針に、教養が豊かで品性の立派な人物の養成を目標としています。\n\n 意欲あふれる教師集団による、深みのある授業や丁寧な指導により、幅広い教養と高い志を養成。各界で活躍する卒業生による講演をはじめ、東京大学研究室やJAXAの世界最先端の研究など、本物に触れる機会を教育活動に積極的に取り入れています。イギリス研修でのケンブリッジ大学の学生とのセッションや、国際科学オリンピックをはじめとする国際大会への挑戦など、さまざまな取り組みを行っているところも魅力。2024年度入試では、国公立大学は岡山大学・大阪大学、私立大学は同志社大学・関西学院大学などを中心に、多くの生徒が現役で合格しています。\nセンター,['https://newsatcl-pctr.c.yimg.jp/t/amd-img/20241026-10098991-it_nlab-000-1-view.jpg?pri=l&w=640&h=426&exp=10800'],"['https://news.yahoo.co.jp/articles/45913d80befba6c337e051457c2bf6a944e81184/images/000', 'https://nlab.itmedia.co.jp/research/articles/3089504/2#utm_source=yahoo_v3&utm_medium=feed&utm_campaign=20241026-10098991&utm_term=it_nlab-life&utm_content=img']"
「江東区で人気のラーメン」ランキング！　2位は亀戸駅の徒歩7分ほどのところにある「濃厚タンメン かめしげ」、1位は？【2024年10月版】（ねとらぼ）,https://news.yahoo.co.jp/articles/c35af23137b6ddcd89b595692505093ceffebf48,https://newsatcl-pctr.c.yimg.jp/t/amd-img/20241026-10099020-it_nlab-000-1-view.jpg?exp=10800,2024-10-26T19:30:00+09:00,2024-10-26T19:30:00+09:00,ねとらぼ,it_nlab,ねとらぼ,822,\n画像はイメージです（画像：PIXTA）\n自身が訪れた場所について評価とクチコミなどの投稿を通じて、自らの体験を共有できるGoogleマップ。経路の検索以外にも、より良いお店探しのツールとして活用できます。今回は東京都江東区でおすすめのラーメンを探している人に向けて、Googleマップ上で人気のお店を紹介します。\n【画像：「江東区で人気のラーメン」ランキング20位～1位を見る】\nなおこのランキングは、Googleマップに寄せられた「ユーザー評価」「クチコミ件数」「価格フィルタ」「評価フィルタ」などに基づいて作成された、2024年10月24日時点のものです。ではさっそく上位の結果を見ていきましょう。\n●第2位：濃厚タンメン かめしげ（4.3pt／633クチコミ）\n第2位は亀戸1丁目の「濃厚タンメン かめしげ」。JR亀戸駅の北口から徒歩7分ほどのところにあるタンメンのお店です。店名の通り「濃厚タンメン」が名物で、中太の平打ちちぢれ麺とたっぷりの野菜は、濃厚なスープとの相性もピッタリ。また、魚介と鶏ガラスープをベースとした「味噌タンメン」は、味噌の甘みやコクを楽しめると評判です。よりヘルシーに味わいたい場合は、麺や野菜の量を半分にしたり、麺を春雨麺に変更したりすることもできます。\n●第1位：らーめん こうかいぼう（4.3pt／1434クチコミ）\n第1位は深川2丁目の「らーめん こうかいぼう」でした。東京メトロ門前仲町駅から徒歩6分ほど、葛西橋通り（都道475号）沿いにあるお店。魚介系のスープは、あっさりとしながらもうまみとコクがしっかり味わえる一杯に仕上がっており、ついスープを飲み干してしまう人も多いようです。\n\n シャキシャキのメンマ、風味豊かで柔らかいチャーシューなど、シンプルなトッピングも魅力。店主が研究を重ねて作り上げた至高のラーメンを求める人で行列が絶えないお店です。\nKOE豚ラーメン爆盛り,['https://newsatcl-pctr.c.yimg.jp/t/amd-img/20241026-10099020-it_nlab-000-1-view.jpg?pri=l&w=640&h=425&exp=10800'],"['https://news.yahoo.co.jp/articles/c35af23137b6ddcd89b595692505093ceffebf48/images/000', 'https://nlab.itmedia.co.jp/research/articles/3094395/2#utm_source=yahoo_v3&utm_medium=feed&utm_campaign=20241026-10099020&utm_term=it_nlab-life&utm_content=img']"
築36年の家のリビング→主婦が“たった1人”でDIYすると……　圧迫感のあるドアを撤去した“開放的な部屋”に称賛　「見違えるほど広くなってる」（ねとらぼ）,https://news.yahoo.co.jp/articles/d6cabef073ba07678073f7afcc5f69bdb5bdc488,https://newsatcl-pctr.c.yimg.jp/t/amd-img/20241026-00000026-it_nlab-000-1-view.jpg?exp=10800,2024-10-26T19:30:15+09:00,2024-10-26T19:30:15+09:00,ねとらぼ,it_nlab,ねとらぼ,1237,\nリビングをセパレートにする扉を取り外すことに\n築36年のリビングをDIYする様子が、Instagramで紹介されています。動画は記事執筆時点で44万回再生を突破、「すごすぎる」「おつかれ様」といった声が寄せられています。\n【画像】開放的になったリビング\nセパレート用のドアを撤去したい\n投稿者は、娘さんと一緒に取り組んだDIYを自身のInstagramアカウントで公開しているずっきーにさん。以前、子ども部屋をシンデレラルームに大変身させる様子が話題になりました。\n\n 今回手を付けるのは、リビングをセパレート仕様にしている大きなドア。この家に住み始めてから1年4カ月たちますが、一度もセパレートで使うことはなかったし、エアコンの風を妨げるので撤去することにします。\n\n 昔の家は最近のものと違ってドアだけを外すのは難しく、周りの枠も外すことになるので大仕事です。それに加えて、今回のドアは特大サイズ。これまで多くのドアを外して来たずっきーにさんにとっても最高難易度で、「誰かに支えて欲しい」と思いながら奮闘します。\n\n 上のレールを外したらグラグラするので下のレールを先に外したかったそうですが、下のビスがサビていてレールがなかなか取れません。そこで、ドアを倒してその重みを利用すると、ビスごと下のレールを抜くことができました。\n\n 続いてレールからドアを外そうとしたところ、一部レールが曲がって外れない部分が。仕方なくレールなどを破壊しながら、なんとか撤去することが出来ました。\n\n 枠があった部分は木の変色がすごい状態。曲がったレールも直さなければなりません。\n\n 2本目の動画では、レールの浮きを直していきます。ねじれた部分は反対側にねじって手動で修復。多少の浮きはあったものの、ネジでとめて固定します。一方、もう1本のレールはネジが下に残って動かない状態となっており、諦めて違う下穴をあけて対応しました。\n\n レールにごみがたまるのを防ぐため、キッチンや洗面の見切りに使用したことがある防水テープを貼っていきます。選んだ色は床に合わせたベージュ。同じ色とまではいきませんが、きれいに貼ることができました。\n\n 大変な作業を経て生まれ変わった部屋は、ドアがついているときよりもグッと開放的に！ ずっきーにさんは壁も徐々にかわいくDIYしていく予定と話しています。\n「ケガなくてよかった」\nコメント欄には「うわぁ！ 頑張ったね」「ケガなくてよかった」「見違えるほど広くなってる」といった声が。「扉支えに行きたかった」という書き込みもありました。\n\n ずっきーにさんと娘さんのDIYは、Instagramの他、YouTubeチャンネル「ずっきーに セルフリノベcolorfulDIY」でも公開中。別の日のInstagram投稿では、キッチン周りのDIYを見ることができます。\n\n画像提供：ずっきーにさん\nねとらぼ,['https://newsatcl-pctr.c.yimg.jp/t/amd-img/20241026-00000026-it_nlab-000-1-view.jpg?pri=l&w=358&h=640&exp=10800'],"['https://news.yahoo.co.jp/articles/d6cabef073ba07678073f7afcc5f69bdb5bdc488/images/000', 'https://nlab.itmedia.co.jp/nl/articles/2410/26/news026_2.html#utm_source=yahoo_v3&utm_medium=feed&utm_campaign=20241026-026&utm_term=it_nlab-life&utm_content=embed']"
家のコンクリート塀にコケがもりもり→鎌でカリカリ剥がしたら……　「これは気持ちいい！」「取れた量にびっくり」の声（ねとらぼ）,https://news.yahoo.co.jp/articles/b6a2aa58f836801c28d330cceacb6153be9871d0,https://newsatcl-pctr.c.yimg.jp/t/amd-img/20241026-00000017-it_nlab-000-1-view.jpg?exp=10800,2024-10-26T19:30:11+09:00,2024-10-26T19:30:11+09:00,ねとらぼ,it_nlab,ねとらぼ,1126,\nコンクリート塀にコケがもりもりと\n自宅の外回りをきれいにしていく様子がYouTubeに投稿され、動画は記事執筆時点で約4万6000回再生されています。\n【画像】掃除後を見る\n投稿したのは、YouTubeチャンネル「汚部屋の主婦ナミ」のナミさん。約1年前、汚部屋が原因で離婚届を突き付けられて片付けを決意し、その経過を公開しています。\n\n この日、取り掛かったのは外回り。こちらのお宅は腰高の花壇に囲まれているのですが、門の脇のコンクリート塀を中心にコケがもりもりと生えていました。ちなみに、外回りの掃除が後回しになっていたのは排水ができない場所だから。水や洗剤を使うと、低い位置のお宅に流れていってしまうのです。\n\n 最初に取り出したのは、視聴者さんに教えてもらったというスチールブラシ。ピンクの作業着を着て、花壇の上側をゴシゴシとこすっていきます。このブラシは今まで使ってきた中で一番使いやすいとのことで、ぎっしりと生えていたコケを次々に剥がしていきました。力を入れすぎるとコンクリートが欠けてしまうので注意が必要です。\n\n 上側のコケを落とせたら道具をチェンジ。ねじり鎌に持ち換えて、壁部分に付いたコケをカリカリと剥がしていきます。びっしりと生えていたコケも、ねじり鎌を使えば一網打尽。ビローンと剥がれる様子がとても気持ちいいです。剥がしたコケはほうきで集め、ごみとして処分します。\n\n 楽しい作業は一瞬で終わってしまったので、コンクリート塀を洗っていきます。排水が流れてしまうことを考え、雨が降りそうな日を選んで最小限の水のみを使います。タワシでゴシゴシしているとご近所さんが登場。外で作業をしていると何かと話しかけられやすいですよね。\n\n ホースで水を流したら、元のコンクリートの色が復活。こんな色が隠れていたのねという感じです。この日の頑張りの成果は、ビフォーとアフターの写真で一目瞭然。暑い中、お疲れさまでした。ちなみに、門の反対側の塀はこれから着手するとのこと。花壇には芝桜を植えようと考えているそうです。\n\n 見違えるようにきれいになったコンクリート塀に、コメント欄では「おーっ！ これは気持ちいい！」「職人のよう」「コケがない方が明るくて爽やかですね」「取れたコケの量にびっくり」といった声が上がっています。スチールデッキブラシやスチール製のヘラ、重曹など、おすすめアイテムを教えてくれるコメントもありました。\n\n YouTubeチャンネル「汚部屋の主婦ナミ」では、浴室の掃除やキッチンの断捨離の様子なども公開しています。\n\n動画提供：YouTubeチャンネル「汚部屋の主婦ナミ」\nねとらぼ,['https://newsatcl-pctr.c.yimg.jp/t/amd-img/20241026-00000017-it_nlab-000-1-view.jpg?pri=l&w=640&h=334&exp=10800'],"['https://news.yahoo.co.jp/articles/b6a2aa58f836801c28d330cceacb6153be9871d0/images/000', 'https://image.itmedia.co.jp/l/im/nl/articles/2410/26/l_kh_2410koke_01.jpg#utm_source=yahoo_v3&utm_medium=feed&utm_campaign=20241026-017&utm_term=it_nlab-life&utm_content=img']"
【東海地方在住者に聞いた】「最高にうまいと思う袋麺シリーズ」ランキング！　2位は「サッポロ一番」、1位は？（ねとらぼ）,https://news.yahoo.co.jp/articles/b6cf97783a3e8d6bd87d04f7fbbbc675b43becba,https://newsatcl-pctr.c.yimg.jp/t/amd-img/20241026-10098832-it_nlab-000-1-view.jpg?exp=10800,2024-10-26T19:25:00+09:00,2024-10-26T19:25:00+09:00,ねとらぼ,it_nlab,ねとらぼ,1380,\n画像はイメージです（画像：写真AC）\nねとらぼではアンケートサイト「ボイスノート」の協力のもと、東海地方在住の男女を対象に「最高にうまいと思う袋麺シリーズ」というテーマでアンケートを実施しました。\n【画像：ランキング22位～1位を見る】\nさまざまな商品が発売されているなか、東海地方在住者から支持を集めたのは、どの袋麺シリーズだったのでしょうか。それではランキングを見ていきましょう！\n●第5位：チキンラーメン\n第5位は得票率4.5％の「チキンラーメン」でした。日清食品が手掛けるチキンラーメンは、世界初のインスタントラーメンとして1958年に誕生したロングセラー商品です。\n\n 2003年には現在のチキンラーメンの特徴ともいえる、麺のくぼみ「たまごポケット」を開発。通常のチキンラーメンの他にも、そのままかじる用「0秒チキンラーメン」や「お椀で食べるチキンラーメン」といったラインアップも展開しています。\n●第4位：日清食品 出前一丁\n第4位は得票率5.3％の「日清食品 出前一丁」でした。1968年に誕生した商品で、ごま油をベースに13種の味をブレンドした特製「ごまラー油」が別添されています。\n\n 2018年には「ごまラー油」が風味そのままに、フレッシュなごまの香りがプラスされた「香り華やぎごまラー油」へとリニューアル。ごま約1000粒分のセサミンが入っているのも特徴です。\n●第3位：マルちゃん正麺\n第3位は得票率9.1％の「マルちゃん正麺」でした。東洋水産から2011年に発売された袋麺で、特許製法「生麺うまいまま製法」によって滑らかさとコシを両立させた麺が特徴です。\n\n マルちゃん正麺シリーズは幅広いラインアップも魅力で、2024年10月時点では「醤油味」「味噌味」「旨塩味」「豚骨味」「豚骨醤油味」「中華そば 和風醤油味」「焼そば」の7種類を展開しています。\n●第2位：サッポロ一番\n第2位は、得票率15.9％の「サッポロ一番」でした。サンヨー食品から発売されている袋麺シリーズで、1966年1月に「しょうゆ味」、1968年9月に「みそラーメン」、1971年9月に「塩らーめん」がそれぞれ販売開始。発売から現在に至るまで、高い人気を誇っているロングセラー商品です。\n\n サッポロ一番シリーズでは、他にも「ごま味ラーメン」「塩とんこつらーめん」「みそラーメン旨辛」「ソースやきそば」などをラインアップ。2023年8月からは「サッポロ一番 減塩」シリーズも販売されています。\n●第1位：日清ラ王\n第1位は、得票率18.9％の「日清ラ王」でした。日清食品から発売されている袋麺シリーズです。独自の製麺法により、1992年に本格志向のカップラーメンとして誕生。袋麺シリーズは1997年に誕生しました。デュラム粉を配合したコシの強い「生めん食感」を実現した麺と、厳選素材を使用したこだわりスープが特徴です。\n\n 2024年3月時点では「醤油」「味噌」「柚子しお」「豚骨醤油」「担々麺」「ちゃんぽん」の6種類がラインアップされています。また、以前は5食パックシリーズが販売されていましたが、2024年3月18日からは5食パックが廃止され、買いやすい3食パックに切り替わっています。\nDopey/センター,['https://newsatcl-pctr.c.yimg.jp/t/amd-img/20241026-10098832-it_nlab-000-1-view.jpg?pri=l&w=640&h=480&exp=10800'],"['https://news.yahoo.co.jp/articles/b6cf97783a3e8d6bd87d04f7fbbbc675b43becba/images/000', 'https://nlab.itmedia.co.jp/research/articles/3092594/2#utm_source=yahoo_v3&utm_medium=feed&utm_campaign=20241026-10098832&utm_term=it_nlab-life&utm_content=img']"
「北九州市で人気のケーキ」ランキング！　2位は絶妙なくちどけのケーキを楽しめる「アラモード洋菓子店」、1位は？【2024年10月版】（ねとらぼ）,https://news.yahoo.co.jp/articles/62141ea6ff826980528947681db46a1212e3beb6,https://newsatcl-pctr.c.yimg.jp/t/amd-img/20241026-10098734-it_nlab-000-1-view.jpg?exp=10800,2024-10-26T19:05:00+09:00,2024-10-26T19:05:00+09:00,ねとらぼ,it_nlab,ねとらぼ,657,\n画像はイメージです（画像：PIXTA）\n自身が訪れた場所について評価とクチコミなどの投稿を通じて、自らの体験を共有できるGoogleマップ。経路の検索以外にも、より良いお店探しのツールとして活用できます。今回は福岡県北九州市でおすすめのケーキを探している人に向けて、Googleマップ上で人気のお店を紹介します。\n【画像：「北九州市で人気のケーキ」ランキング10位～1位を見る】\nなおこのランキングは、Googleマップに寄せられた「ユーザー評価」「クチコミ件数」「価格フィルタ」「評価フィルタ」などに基づいて作成された、2024年10月22日時点のものです。ではさっそく上位の結果を見ていきましょう。\n●第2位：アラモード洋菓子店（4.3pt／279クチコミ）\n第2位は小倉北区中井5丁目にある「アラモード洋菓子店」でした。北九州スイーツフェスティバルグランプリに輝いた安藤元樹さんがオーナーを務めるお店です。素材にこだわり、中でもケーキのスポンジは8種類の砂糖やジャージー牛乳、地元の生産者から仕入れた朝どり味宝卵などを使用。絶妙なくちどけを楽しめます。\n●第1位：洋菓子のシュレック（4.5pt／226クチコミ）\n第1位は小倉北区井堀3丁目の「洋菓子のシュレック」でした。プチガトーやロールケーキ、ホールケーキや焼き菓子などを扱うお店です。特に人気なのは、クリームがたっぷり入った薄皮のシュークリーム。売り切れてしまうことが多く、予約をしないと購入できないこともあるそうです。\nRAKKO,['https://newsatcl-pctr.c.yimg.jp/t/amd-img/20241026-10098734-it_nlab-000-1-view.jpg?pri=l&w=640&h=426&exp=10800'],"['https://news.yahoo.co.jp/articles/62141ea6ff826980528947681db46a1212e3beb6/images/000', 'https://nlab.itmedia.co.jp/research/articles/3092362/2#utm_source=yahoo_v3&utm_medium=feed&utm_campaign=20241026-10098734&utm_term=it_nlab-life&utm_content=img']"
高校時代“お前の単行本で埋めろよ”と友が作ってくれた本棚→　現在の姿が「めちゃめちゃ泣ける」「クッソ胸アツやんッ」と2400万表示（ねとらぼ）,https://news.yahoo.co.jp/articles/95645b876fa5ec44b00bdfbd812c0b850d06fac5,https://newsatcl-pctr.c.yimg.jp/t/amd-img/20241026-00000024-it_nlab-000-1-view.jpg?exp=10800,2024-10-26T19:00:12+09:00,2024-10-26T19:00:12+09:00,ねとらぼ,it_nlab,ねとらぼ,1105,\n1冊の本が立てられた本棚が……\n友人が作ってくれた本棚に著書を埋めていき……。ついに全てのスペースを単行本で満たした写真がX（Twitter）に投稿されました。記事執筆時点でこの投稿は2400万件以上表示され、“いいね”は31万件を超えています。すてきな関係だなあ。\n【画像】現在の本棚\n「お前の単行本で埋めろよ」と作ってくれた本棚\n投稿したのは漫画家の遠田マリモさん。ことの始まりは、遠田さんが高校卒業時、友人から「お前の単行本で埋めろよ」という言葉とともにもらった“手作りの本棚”でした。\n長い年月を経て、ついに達成！\nその後どうなったのか追ってみると、2017年2月11日の投稿では「“お前の単行本で埋めろよ”と言われたけど連載取れない間、ただの小物置き場になってましたが、やっと一冊おけました」とコメント。1冊の本が立てられたその姿は遠田さんの本を待っていたかのようにしっくりとなじんでいます。\n\n そして今回話題になった2024年10月19日の投稿では、その本棚にみっちりと本が並んでいました。長い年月を経て、ついに遠田さんは21冊の単行本で本棚を埋めたのです。ズラリと本が並ぶ様子はまさに壮観。友人の言葉に応えた遠田さんは「ぎっちぎちに埋まったぞ、7年かかったぞ、幸せだぞ」と思いをつづっています。\n\n また、この本棚の側面には、遠田さんの実家で暮らしていたボーダーコリーの姿がデザインされています。これは、はめ込みの工芸技法である「象嵌（ぞうがん）」で造られたもの。実はこの本棚を製作したのは木工作家・彫刻家の福田亨さん。福田さんもこのポストに喜びの投稿を送っています。\n「めちゃエモです」「カッコよすぎる」の声\nコメント欄には「めちゃエモです」「おめでとうございます……！ 光り輝くマツケンクエスト……！」「全部が重なってステキなお話ですね」「こういうの本当幸せな気持ちになる」「カッコよすぎる」「めちゃめちゃ泣ける話」「何これクッソ胸アツやんッ！ 久々に感動するもん見たわ」といった声が寄せられました。友との約束を果たした遠田さん。今後はもっともっと大きな本棚が必要になりそうですね。\n\n 遠田さんは『生まれた直後に捨てられたけど、前世が大賢者だったので余裕で生きてます ～最強赤ちゃん大暴走～』のコミカライズを担当、『マツケンクエスト ～異世界召喚されたマツケン、サンバで魔王を成敗致す～』の作画を担当しています。X（Twitter）アカウントでは、お仕事情報をメインに発信中です。\n\n画像提供：遠田マリモ（@marimonomanga）さん\nねとらぼ,['https://newsatcl-pctr.c.yimg.jp/t/amd-img/20241026-00000024-it_nlab-000-1-view.jpg?exp=10800'],"['https://news.yahoo.co.jp/articles/95645b876fa5ec44b00bdfbd812c0b850d06fac5/images/000', 'https://nlab.itmedia.co.jp/nl/articles/2410/26/news018_2.html#utm_source=yahoo_v3&utm_medium=feed&utm_campaign=20241026-024&utm_term=it_nlab-life&utm_content=embed']"
【男性が選ぶ】モビルスーツがカッコいいと思う2001年以降の「ガンダムシリーズ」ランキング！　2位は「機動戦士ガンダムSEED」、1位は？（ねとらぼ）,https://news.yahoo.co.jp/articles/36db70bd2089750b5594e5b3c92640b2838f6001,https://newsatcl-pctr.c.yimg.jp/t/amd-img/20241026-10098582-it_nlab-000-1-view.jpg?exp=10800,2024-10-26T19:10:00+09:00,2024-10-26T19:10:00+09:00,ねとらぼ,it_nlab,ねとらぼ,669,\n出典：Amazon.co.jp\nねとらぼでは、2024年8月25日から8月31日にかけて「モビルスーツがカッコいいと思う2001年以降のガンダムシリーズは？」というアンケートを実施していました。\n【画像：ランキング11位～1位を見る】\n本記事では寄せられた投票の中から「男性」の結果に絞ったランキングを紹介します。2001年以降のガンダムシリーズの中で、多くの男性から「モビルスーツがカッコいい」と人気を集めた作品はどれだったのでしょうか。さっそく結果を見ていきましょう！\n●第2位：機動戦士ガンダムSEED\n第2位は「機動戦士ガンダムSEED」でした。2002年から2003年にかけて放送された作品で、多くのモビルスーツが登場しました。\n\n 主人公のキラが搭乗する「ストライクガンダム」やアスランが搭乗する「イージスガンダム」をはじめ、鳥のような姿で大きなかぎ爪を持つ「レイダーガンダム」なども印象的だったのではないでしょうか。\n●第1位：機動戦士ガンダムSEED DESTINY\n第1位は「機動戦士ガンダムSEED DESTINY」でした。2004年から2005年に放送された「機動戦士ガンダムSEED」の続編で、前作から2年後が舞台となっています。\n\n 同作に登場するモビルスーツといえば、ザフトの最新鋭機「インパルスガンダム」やアスラン搭乗機の「セイバーガンダム」などが有名。また、巨大可変モビルスーツの「デストロイガンダム」は、サイズの大きさや火力の強さなどにインパクトがありましたよね。\nhiro.,['https://newsatcl-pctr.c.yimg.jp/t/amd-img/20241026-10098582-it_nlab-000-1-view.jpg?pri=l&w=640&h=640&exp=10800'],"['https://news.yahoo.co.jp/articles/36db70bd2089750b5594e5b3c92640b2838f6001/images/000', 'https://nlab.itmedia.co.jp/research/articles/3088396/2#utm_source=yahoo_v3&utm_medium=feed&utm_campaign=20241026-10098582&utm_term=it_nlab-ent&utm_content=img']"
【発売3年以内】「燃費が良すぎる中型バイク（126～250ccクラス）」注目度ランキング！　2位は「ジクサー SF250/スズキ」、1位は？【2024年10月16日時点／ウェビック調べ】（ねとらぼ）,https://news.yahoo.co.jp/articles/9ba1ddc9cb6777e96cf35fd7fdfb7f57a450332a,https://newsatcl-pctr.c.yimg.jp/t/amd-img/20241026-10098789-it_nlab-000-1-view.jpg?exp=10800,2024-10-26T19:00:00+09:00,2024-10-26T19:00:00+09:00,ねとらぼ,it_nlab,ねとらぼ,744,\n画像：PIXTA\n全国の新車、中古車、試乗車の車両情報など、バイクの総合的な情報が満載の「ウェビックバイク選び」では、さまざまなバイク人気ランキングを公開しています。メーカー、排気量、対象年式、価格帯などの条件で検索可能なため、バイク選びの参考にしている人も多いのではないでしょうか。\n【画像：ランキング30位～1位を見る】\n今回はそんなウェビック（Webike）協力のもと、「燃費が良すぎる中型バイク（126～250ccクラス）」注目度ランキングを紹介します。なおランキングは、「ウェビックバイク選び」の独自のカテゴリの中で、過去1カ月の閲覧数が高い順に作成されたものです。\n\n※閲覧数に基づいた「注目度ランキング」のため、おすすめ順ではないことをご了承ください。\n\n（出典：ウェビックバイク選び）\n●第2位：ジクサー SF250/スズキ\n第2位は「ジクサー SF250/スズキ」でした。軽快な運転ができるロードスポーツモデルで、フルカウルタイプのジクサーシリーズのバイクです。軽量で高性能な油冷SEPエンジンは、運動性能も良く、燃費も良い設計です。燃料消費率としては、公式発表で「WMTCモード値」で「34.5km/L ※1名乗車時」となっています。\n●第1位：ジクサー 150/スズキ\n第1位は「ジクサー 150/スズキ」でした。スポーティーでコンパクトな車体に154ccの空冷SOHC2バルブ単気筒エンジンを搭載し、乗りやすいモデルとして幅広い層から支持を得ています。リーズナブルな値段設定もうれしく、購入しやすいバイクとして人気です。燃料消費率としては、公式発表で「WMTCモード値」で「50.0 km/L ※1名乗車時」となっています。\n海原まりん,['https://newsatcl-pctr.c.yimg.jp/t/amd-img/20241026-10098789-it_nlab-000-1-view.jpg?pri=l&w=640&h=426&exp=10800'],"['https://news.yahoo.co.jp/articles/9ba1ddc9cb6777e96cf35fd7fdfb7f57a450332a/images/000', 'https://nlab.itmedia.co.jp/research/articles/3087841/2#utm_source=yahoo_v3&utm_medium=feed&utm_campaign=20241026-10098789&utm_term=it_nlab-life&utm_content=img']"
【70～80代に聞いた】企業からの評価が高いと思う「国立大学」ランキング！　第2位は「京都大学」、1位は？（ねとらぼ）,https://news.yahoo.co.jp/articles/719fa5b3094d1565ee7580c915b7dc2670fbaa4c,https://newsatcl-pctr.c.yimg.jp/t/amd-img/20241026-10098792-it_nlab-000-1-view.jpg?exp=10800,2024-10-26T19:15:00+09:00,2024-10-26T19:15:00+09:00,ねとらぼ,it_nlab,ねとらぼ,1893,\n画像：PIXTA\nねとらぼでは、アンケートサイト「ボイスノート」の協力のもと、全国の70～80代を対象に「企業からの評価が高いと思う国立大学」というテーマでアンケート調査を実施しました。\n【画像：ランキング21位～1位を見る】\n70～80代の人々から「企業からの評価が高いと思う」と支持を集めたのは、どの国立大学だったのでしょうか。さっそくランキングを見ていきましょう！\n\n なお、アンケート対象の大学は、文部科学省のサイトを参考にリストアップしています。\n●第5位：東京工業大学\n第5位は得票率6.9%の「東京工業大学」です。\n\n 東京都目黒区に本部を置く大学で、1881年に「東京職工学校」として創設されました。1929年に大学へと昇格し、2018年3月には指定国立大学法人の指定を受けた理工系総合大学です。「世界最高峰の理工系総合大学」の実現を目標に掲げ、世界を舞台に科学技術の分野で活躍できる人材の輩出を実践しています。\n\n 先進的な取り組みを行っていることで知られ、2016年には日本の大学で初となる学部と大学院を統一した「学院」を創設。入学から大学院の出口までを見通すことで、自らの興味・関心に応じた多様で専門的な学びが可能になりました。また、東京医科歯科大学と東京工業大学が統合し2024年10月には「国立大学法人東京科学大学」が誕生。常に進化を続けている大学として注目されています。\n●第4位：筑波大学\n第4位は、得票率7.2%の「筑波大学」でした。\n\n 茨城県つくば市に本部を置く筑波大学は、1973年に「開かれた大学」「教育と研究の新しい仕組み」「新しい大学自治」を特色とした総合大学として発足。2020年には文部科学省から、第4期中期目標期間における指定国立大学法人に指定されました。\n\n 研究教育に力を入れている大学で、さまざまな組織と特色あるプログラムをが用意されており、海外の有力大学に比肩する競争力を実現。つくば地区の研究連携などの取り組みも行っています。また、スポーツに関する研究機関や学位プログラムなどを学生に提供。卒業生にはメダリストが多く、スポーツに関する優秀な人材育成も行っている大学です。\n●第3位：東北大学\n第3位は、得票率10.9%の「東北大学」でした。\n\n 宮城県仙台市に本部を置く東北大学は、1907年に「東北帝国大学」として設立された国立大学です。「研究第一」「門戸開放」を理念に掲げ、世界最高水準の研究・教育を実践。大学では研究科と研究所が一体となり、人間、社会、自然に関する幅広い分野の研究が行われています。\n\n さまざまな特色のある研究・教育・社会貢献を行なっているのが特徴。特に、東日本大震災からの復興に寄与する「災害復興新生研究機構」といった東北ならではのプロジェクトでは地域医療や環境エネルギーに取り組んでいます。多くの優秀な人材を輩出していることで知られ、2002年にノーベル化学賞を受賞した田中耕一さんが有名です。\n●第2位：京都大学\n第2位は、得票率12.7％の「京都大学」でした。\n\n 京都市左京区に本部を置く京都大学は、1869年開校の「舎密局（せいみきょく）」を起源とし、1897年に「京都帝国大学」として設置された国立大学です。大学創立以来築かれてきた「自由の学風」を継承・発展させ、地球社会の調和ある共存に寄与する、優れた研究者と高度な専門能力を持つ人材の育成を目的としています。\n\n 同大学では、社会人のための履修証明プログラムや、科目等履修生や聴講生制度などのリカレント教育を実施。また、「社会人向けデータサイエンス講座」や「イノベーション・起業家教育」など、現代社会に必要な知識が学べるところも魅力です。\n●第1位：東京大学\n第1位は、得票率17.1％の「東京大学」でした。\n\n 東京都文京区に本部を置く東京大学は、1877年に創立された長い歴史を持つ国立大学です。高度な専門的知識と理解力・洞察力・実践力・想像力を兼ね備え、国際性と開拓者的精神を持った、各分野の指導的人格の養成を目的としています。\n\n 同大学では、スタートアップ推進部を設置し、起業などについて基礎から体系的に学べるプログラム「東京大学アントレプレナー道場」を開始。また、学生の開発プロジェクトを支援する「本郷テックガレージ」や、起業支援プログラム「FoundX」などが用意されていて、早い段階から社会を経験できるところも魅力です。\nセンター/高橋マナブ,['https://newsatcl-pctr.c.yimg.jp/t/amd-img/20241026-10098792-it_nlab-000-1-view.jpg?pri=l&w=640&h=426&exp=10800'],"['https://news.yahoo.co.jp/articles/719fa5b3094d1565ee7580c915b7dc2670fbaa4c/images/000', 'https://nlab.itmedia.co.jp/research/articles/3091486/2#utm_source=yahoo_v3&utm_medium=feed&utm_campaign=20241026-10098792&utm_term=it_nlab-life&utm_content=img']"
「めっちゃ良い笑顔」　千原ジュニア、新幹線で吉本の人気芸人にばったり　過去には大御所や元ボクシング王者とも（ねとらぼ）,https://news.yahoo.co.jp/articles/66cc0440eccbcbbcf53b714b29da6f34d2817285,https://newsatcl-pctr.c.yimg.jp/t/amd-img/20241026-00000083-it_nlab-000-2-view.jpg?exp=10800,2024-10-26T18:45:16+09:00,2024-10-26T18:55:46+09:00,ねとらぼ,it_nlab,ねとらぼ,484,\n福徳秀介さんにばったり（画像出典：千原ジュニアInstagram）\nお笑いタレントの千原ジュニアさんが10月26日にInstagramを更新。新幹線でばったり出会ったというお笑い芸人との2ショットを公開して反響が集まっています。\n【画像】ジュニアさんが過去にばったり出会った有名人たち\nばったりの相手は「ジャルジャル」福徳秀介さん\n「ばったり福徳」とコメントしながら、「ジャルジャル」福徳秀介さんとの2ショットを公開したジュニアさん。どういった会話を交わしたのかは明かしていませんが、2人とも楽しそうに笑顔を見せています。\nこれまでもいろんな有名人とばったり\nジュニアさんはこれまでにもたびたび、移動中に出会った有名人との“ばったりシリーズ”を公開。最近では、「デニス」植野行雄さん、「ミルクボーイ」内海崇さん、具志堅用高さん、笑福亭鶴瓶さん、「スピードワゴン」井戸田潤さんらとの写真を公開していました。\n\n 今回の2ショットには、「ばったりシリーズ大好き」「めっちゃ良い笑顔」「バッタリ良いですね」といったコメントが寄せられています。\nねとらぼ,['https://newsatcl-pctr.c.yimg.jp/t/amd-img/20241026-00000083-it_nlab-000-2-view.jpg?exp=10800'],"['https://news.yahoo.co.jp/articles/66cc0440eccbcbbcf53b714b29da6f34d2817285/images/000', 'https://nlab.itmedia.co.jp/nl/articles/2410/26/news075_2.html#utm_source=yahoo_v3&utm_medium=feed&utm_campaign=20241026-083&utm_term=it_nlab-ent&utm_content=embed']"
【関東の50代に聞いた】子どもを入学させたい「東京都の私立高校」ランキング！　2位は「開成高校」、1位は？（ねとらぼ）,https://news.yahoo.co.jp/articles/eb1045f90c833b69c996f63884f314eeaa2de5df,https://newsatcl-pctr.c.yimg.jp/t/amd-img/20241026-10099103-it_nlab-000-1-view.jpg?exp=10800,2024-10-26T18:55:00+09:00,2024-10-26T18:55:00+09:00,ねとらぼ,it_nlab,ねとらぼ,646,\n画像：PIXTA\nねとらぼでは、アンケートサイト「ボイスノート」協力のもと、関東地方在住の50代を対象に「子どもを入学させたい東京都の私立高校」というテーマでアンケート調査を実施しました。\n【画像：ランキング18位～1位を見る】\n東京都にある私立高校で、関東地方在住の50代から「子どもを入学させたい」と思われているのはどの高校だったのでしょうか。それでは、ランキングを見ていきましょう！\n●第2位：開成高校\n第2位に選ばれたのは「開成高校」でした。東京都荒川区に位置し、1871年に創立された開成高校は、150年以上の歴史を誇る男子校です。長い伝統を重んじながらも、グローバルな視点を持ち、多様性を尊重する教育を展開しています。\n\n そんな開成高校は、東大合格者数が多いことで有名です。2024年度の大学入試では、現役・既卒合わせて約150人が東京大学に合格。また、他の旧帝国大学や難関国立大学、私立大学の医学部にも合格者を輩出しています。\n●第1位：早稲田大学高等学院\n第1位に輝いたのは「早稲田大学高等学院」でした。東京都練馬区上石神井に位置する早稲田大学高等学院は、早稲田大学の付属校です。\n\n 早稲田大学高等学院では多くの卒業生が早稲田大学に進学しており、スムーズに大学生活へ移行できるよう、3年次からは「大学準備講座」を用意。早稲田大学の学生と一緒に講義を受ける機会や、大学教員が直接高校に来て行う授業など、大学レベルの学びを体験できます。\n林田祐太郎,['https://newsatcl-pctr.c.yimg.jp/t/amd-img/20241026-10099103-it_nlab-000-1-view.jpg?pri=l&w=640&h=426&exp=10800'],"['https://news.yahoo.co.jp/articles/eb1045f90c833b69c996f63884f314eeaa2de5df/images/000', 'https://nlab.itmedia.co.jp/research/articles/3090109/2#utm_source=yahoo_v3&utm_medium=feed&utm_campaign=20241026-10099103&utm_term=it_nlab-life&utm_content=img']"
「長野県で人気のとんかつ」ランキング！　2位は長野市の趣のある店内が特徴の「成満堂」、1位は？【2024年10月版】（ねとらぼ）,https://news.yahoo.co.jp/articles/f9da3f5da5d901f4c140d6c31528c07d7b7c7d69,https://newsatcl-pctr.c.yimg.jp/t/amd-img/20241026-10098882-it_nlab-000-1-view.jpg?exp=10800,2024-10-26T18:45:00+09:00,2024-10-26T18:45:00+09:00,ねとらぼ,it_nlab,ねとらぼ,680,\n画像はイメージです（画像：PIXTA）\n自身が訪れた場所について評価とクチコミなどの投稿を通じて、自らの体験を共有できるGoogleマップ。経路の検索以外にも、より良いお店探しのツールとして活用できます。今回は長野県でおすすめのとんかつを探している人に向けて、Googleマップ上で人気のお店を紹介します。\n【画像：「長野県で人気のとんかつ」ランキング10位～1位を見る】\nなおこのランキングは、Googleマップに寄せられた「ユーザー評価」「クチコミ件数」「価格フィルタ」「評価フィルタ」などに基づいて作成された、2024年10月23日時点のものです。ではさっそく上位の結果を見ていきましょう。\n●第2位：成満堂（4.5pt／148クチコミ）\n第2位は長野市長野岩石町の「成満堂」でした。善光寺から徒歩圏内にあり、古民家をリノベーションしたという趣のある店内が特徴のとんかつ店。じっくりと低温調理で作られたとんかつは柔らかくジューシーだと評判です。豚肉は「千代幻豚」「信州SPF豚」などを使用しています。完全予約制なので、訪れる際はご注意ください。\n●第1位：とんかつ専門店 からり（4.5pt／251クチコミ）\n第1位は長野市大字長野大門町の「とんかつ専門店 からり」でした。豚肉は脂身の甘さと深いコクが特徴の銘柄豚「和豚もち豚」、米は北信濃の特Aコシヒカリ「幻の米」を使用するお店。提供されるとんかつはしっかりと厚みがありジューシーだといいます。炒ってまろやかにした天日塩をつけて、豚肉本来のうまみを味わうのもおすすめです。\nとらくろ,['https://newsatcl-pctr.c.yimg.jp/t/amd-img/20241026-10098882-it_nlab-000-1-view.jpg?pri=l&w=640&h=426&exp=10800'],"['https://news.yahoo.co.jp/articles/f9da3f5da5d901f4c140d6c31528c07d7b7c7d69/images/000', 'https://nlab.itmedia.co.jp/research/articles/3093353/2#utm_source=yahoo_v3&utm_medium=feed&utm_campaign=20241026-10098882&utm_term=it_nlab-life&utm_content=img']"
【関東の社会人が選んだ】評判が高いと思う「埼玉県の公立高校」ランキング！　2位は「浦和第一女子高校」、1位は？（ねとらぼ）,https://news.yahoo.co.jp/articles/dc8783563f4502f9ad2f3f25781c581b901a81f4,https://newsatcl-pctr.c.yimg.jp/t/amd-img/20241026-10098684-it_nlab-000-1-view.jpg?exp=10800,2024-10-26T18:30:00+09:00,2024-10-26T18:30:00+09:00,ねとらぼ,it_nlab,ねとらぼ,1326,\n画像はイメージです（画像：PIXTA）\nねとらぼではアンケートサイトの「ボイスノート」協力のもと、関東の社会人を対象に「評判が高いと思う埼玉県の公立高校」というテーマでアンケートを実施しました。\n【画像：ランキング23位～1位を見る】\n「評判が高いと思う」と関東の社会人から支持されているのは、埼玉県のどの公立高校だったのでしょうか。さっそく、ランキングを見ていきましょう。\n●第5位：筑波大学附属坂戸高校\n第5位は「筑波大学附属坂戸高校」。得票率は4.8％でした。坂戸市に位置する筑波大学附属坂戸高校は「筑坂」の愛称で親しまれており、総合学科を設置しているのが特徴です。\n\n また、筑波大学附属坂戸高校は文部科学省からスーパーグローバルハイスクール（SGH）の指定を受けた経験を生かし、グローバル教育にも注力。筑波大学の海外ネットワークを活用しつつ、英語力の向上だけでなく国際社会で活躍する人材を育てるための教育を展開しています。\n●第4位：大宮高校\n第4位は「大宮高校」。得票率は5.9％でした。さいたま市大宮区に位置する大宮高校は、1927年に創立された100年近くの歴史を持つ伝統校です。\n\n 大宮高校では普通科と理数科の2学科を設置（2024年10月時点）。国際交流にも注力しており、1996年にはドイツ・ブランデンブルク州のルドヴィヒ・ライヒハート校と提携を結び、毎年お互いの学校を訪問することで交流を深めています。\n●第3位：川越高校\n第3位は「川越高校」。得票率は6.4％でした。川越市に位置する川越高校は、1899年に開校した埼玉県第三尋常中学校を前身とする、長い歴史を持つ高校です。\n\n 川越高校では全教室にプロジェクター、生徒用ノートPCを完備するなど、ICT教育を推進。また、電子顕微鏡をはじめとする最先端実験機器も活用されています。また、グローバル人材育成の一環として海外の一流大学でグローバルリーダーの研修を受けるなど、国際交流事業にも注力しています。\n●第2位：浦和第一女子高校\n第2位は、得票率7.3%の「浦和第一女子高校」でした。さいたま市に位置する女子校で、JR「浦和駅」「南浦和駅」から徒歩でアクセス可能です。同校では、知識習得だけではなく、思考力・判断力・表現力の養成にも力を入れています。\n\n カリキュラムの中では、英語の「多読プログラム」、国語の「新書レポート」、数学の「別解ニュース」など、ユニークな取り組みを実施。また、冷暖房やビデオプロジェクター、Wi-Fiなど設備面が整っているのも魅力です。\n●第1位：浦和高校\n第1位は、得票率12.0%の「浦和高校」でした。さいたま市に位置する公立高校で、JR北浦和駅や、東武バス「浦校前」停留所からのアクセスが便利です。\n\n 同校では、各分野で活躍する卒業生の話を聞く「麗和セミナー」を毎年6～7回実施。2023年には、医師やテレビアナウンサー、元サッカーコーチなど、多岐にわたる卒業生がセミナー講師を務めました。このように授業だけでなく、将来に向けた具体的な学びの場があるのも魅力です。\nDopey/oMi,['https://newsatcl-pctr.c.yimg.jp/t/amd-img/20241026-10098684-it_nlab-000-1-view.jpg?pri=l&w=640&h=426&exp=10800'],"['https://news.yahoo.co.jp/articles/dc8783563f4502f9ad2f3f25781c581b901a81f4/images/000', 'https://nlab.itmedia.co.jp/research/articles/3091515/2#utm_source=yahoo_v3&utm_medium=feed&utm_campaign=20241026-10098684&utm_term=it_nlab-life&utm_content=img']"
資生堂、男性向け化粧品17万個を回収　成分配合量が基準上回る……「深くお詫び」（ねとらぼ）,https://news.yahoo.co.jp/articles/dd121651904c54633933cf2d346e9c55584d457e,https://newsatcl-pctr.c.yimg.jp/t/amd-img/20241026-00000082-it_nlab-000-1-view.jpg?exp=10800,2024-10-26T18:20:38+09:00,2024-10-26T18:20:38+09:00,ねとらぼ,it_nlab,ねとらぼ,521,\n資生堂が男性向け化粧品回収（画像は資生堂公式サイトから）\n資生堂の男性向け化粧品で、配合している成分の一部が化粧品区分で定められている配合量の上限を超えているケースが判明したとして、同社は商品の自主回収を行うと発表しました。\n【画像】回収対象の化粧品\n安全性には問題なし\n自主回収を行うのは2024年7月21日発売の「SHISEIDO メン スキンエンパワリングクリームN（本体・レフィル・試用見本）」。消費者庁リコール情報サイトによると、対象個数は合計17万3094個です。\n\n 同サイトによると、商品に配合した「酢酸レチノール」が、「化粧品種別許可基準」の範囲を超え、化粧品の基準に適合しないことが判明したとのことです。同社は「安全性には問題がない」としつつ、商品を自主回収すると説明。「お客さまに多大なるご心配、ご迷惑をおかけしますことを深くお詫び申し上げます」と謝罪しています。\n\n 手元に商品がある場合は、同社の「株式会社資生堂 SHISEIDO メン スキンエンパワリングクリーム Ｎ 商品交換窓口」まで連絡してほしいとのことです。なお、11月以降に販売される商品はすべて回収の対象外としています。\nねとらぼ,['https://newsatcl-pctr.c.yimg.jp/t/amd-img/20241026-00000082-it_nlab-000-1-view.jpg?exp=10800'],"['https://news.yahoo.co.jp/articles/dd121651904c54633933cf2d346e9c55584d457e/images/000', 'https://nlab.itmedia.co.jp/nl/articles/2410/26/news073_2.html#utm_source=yahoo_v3&utm_medium=feed&utm_campaign=20241026-082&utm_term=it_nlab-bus_all&utm_content=embed']"
【50代に聞いた】最高におしゃれな「腕時計ブランド」ランキング！　第2位は「ROLEX （ロレックス）」、1位は？（ねとらぼ）,https://news.yahoo.co.jp/articles/8295eb0806d045aad44edcdbc8db626777c7b45b,https://newsatcl-pctr.c.yimg.jp/t/amd-img/20241026-10098704-it_nlab-000-1-view.jpg?exp=10800,2024-10-26T18:15:00+09:00,2024-10-26T18:15:00+09:00,ねとらぼ,it_nlab,ねとらぼ,657,\n画像：PIXTA（画像はイメージです）\nねとらぼでは、アンケートサイト「ボイスノート」の協力のもと、全国の50代を対象に「最高におしゃれな腕時計ブランド」というテーマでアンケートを実施しました。\n【画像：ランキング16位～1位を見る】\n全国の50代から特に「おしゃれ」だと思われているのは、いったいどの腕時計ブランドだったのでしょうか。さっそくランキングを見ていきましょう。\n●第2位：ROLEX（ロレックス）\n第2位は「ROLEX （ロレックス）」でした。ロレックスは1905年にロンドンで設立された時計専門商社を源流とし、スイスのジュネーブに本社を置く腕時計メーカーです。\n\n 時計の部品のほとんどを自社で設計・開発・製造する「マニュファクチュール」であるのが大きな特徴。高い防水性をもつ腕時計専用の「オイスターケース」、自動巻き機構を搭載した「パーペチュアル」、日付を小窓で表示する「デイトジャスト」はロレックスの三大発明と呼ばれています。\n●第1位：BVLGARI （ブルガリ）\n第1位は「BVLGARI （ブルガリ）」でした。ブルガリは、ギリシャ人の銀細工職人であるソティリオ・ブルガリが1884年にローマで創業した高級宝飾品ブランドです。\n\n 1970年代には時計の製造にも進出し、こちらもブルガリブランドの定番となっています。BVLGARIのアルファベットが大胆に刻まれたベゼルは、ブルガリ製腕時計のアイコニックなデザインとして今なお愛され続けています。\nねとらぼリサーチ,['https://newsatcl-pctr.c.yimg.jp/t/amd-img/20241026-10098704-it_nlab-000-1-view.jpg?pri=l&w=640&h=426&exp=10800'],"['https://news.yahoo.co.jp/articles/8295eb0806d045aad44edcdbc8db626777c7b45b/images/000', 'https://nlab.itmedia.co.jp/research/articles/3072448/2#utm_source=yahoo_v3&utm_medium=feed&utm_campaign=20241026-10098704&utm_term=it_nlab-life&utm_content=img']"
「福岡県で人気のちゃんぽん」ランキング！　2位は福岡市南区にあるお子様連れ歓迎の「ちゃんぽん亭 コシキ 大橋店」、1位は？【2024年10月版】（ねとらぼ）,https://news.yahoo.co.jp/articles/72d474599c32fd84ffc9410db390194d6d2f094f,https://newsatcl-pctr.c.yimg.jp/t/amd-img/20241026-10099004-it_nlab-000-1-view.jpg?exp=10800,2024-10-26T18:20:00+09:00,2024-10-26T18:20:00+09:00,ねとらぼ,it_nlab,ねとらぼ,740,\n画像はイメージです（画像：PIXTA）\n自身が訪れた場所について評価とクチコミなどの投稿を通じて、自らの体験を共有できるGoogleマップ。経路の検索以外にも、より良いお店探しのツールとして活用できます。今回は福岡県でおすすめのちゃんぽんを探している人に向けて、Googleマップ上で人気のお店を紹介します。\n【画像：「福岡県で人気のちゃんぽん」ランキング10位～1位を見る】\nなおこのランキングは、Googleマップに寄せられた「ユーザー評価」「クチコミ件数」「価格フィルタ」「評価フィルタ」などに基づいて作成された、2024年10月24日時点のものです。ではさっそく上位の結果を見ていきましょう。\n●第2位：ちゃんぽん亭 コシキ 大橋店（4.5pt／472クチコミ）\n第2位は「ちゃんぽん亭 コシキ 大橋店」でした。「ちゃんぽん亭 コシキ」の西鉄天神大牟田線・大橋駅近くにある店舗で、本店同様絶品のちゃんぽんを味わうことができます。また、こちらの店舗はお子様連れ歓迎となっており、ファミリーでの利用がしやすいのもうれしいポイント。公式Instagramではさまざまな告知をしているので、訪れる際には確認するのがおすすめです。\n●第1位：ちゃんぽん亭 コシキ 今泉本店（4.5pt／616クチコミ）\n第1位は福岡市中央区今泉の「ちゃんぽん亭 コシキ 今泉本店」でした。ローカルTVでも紹介されたちゃんぽん専門店です。現オーナーは名店「古4季」の大ファンで、閉業を聞き、その味を受け継ぐために修行し、現在のお店を開店したそう。優しい味わいの「ちゃんぽん」は多くの人に愛されています。他にもパリパリ麺の「皿うどん」や月替わりのちゃんぽんも楽しめます。\nRAKKO,['https://newsatcl-pctr.c.yimg.jp/t/amd-img/20241026-10099004-it_nlab-000-1-view.jpg?pri=l&w=640&h=426&exp=10800'],"['https://news.yahoo.co.jp/articles/72d474599c32fd84ffc9410db390194d6d2f094f/images/000', 'https://nlab.itmedia.co.jp/research/articles/3094337/2#utm_source=yahoo_v3&utm_medium=feed&utm_campaign=20241026-10099004&utm_term=it_nlab-life&utm_content=img']"
【大阪府版】「住み続けたい街」ランキング！　2位は「三島郡島本町」、1位は？（ねとらぼ）,https://news.yahoo.co.jp/articles/cd1532d71bcdaa30f9cdeb0043f56f9f3dca543a,https://newsatcl-pctr.c.yimg.jp/t/amd-img/20241026-10098950-it_nlab-000-1-view.jpg?exp=10800,2024-10-26T18:00:00+09:00,2024-10-26T18:00:00+09:00,ねとらぼ,it_nlab,ねとらぼ,778,\n画像：写真AC\n大東建託は、大阪府居住の20歳以上の男女を対象に、「街の住みここち」に関するアンケート調査を実施し、その結果をランキングとして発表しました。\n【画像：ランキング33位～1位を見る】\n今回は、その中から「住み続けたい街（自治体）」のランキングを紹介します。ランキングには、2020年から2024年までの回答を累積したデータを使用。集計対象は、回答者が50人以上の自治体です。\n\n 多くの居住者から「住み続けたい」と支持されたのは、大阪府のどの街（自治体）だったのでしょうか。結果を見ていきましょう。\n\n（出典元：住み続けたい街 自治体ランキング＜大阪府版＞｜街の住みここち＆住みたい街ランキング 2024｜いい部屋ネット）\n●第2位：三島郡島本町\n第2位は、大阪府北東部にある「三島郡島本町」でした。町内には、東海道新幹線や阪急京都線といった鉄道のほか、名神高速道路なども通り、交通環境は良好。大阪市と京都市のほぼ真ん中に位置し、通勤・通学にも便利です。\n\n また、町域の約7割が山岳丘陵地で、街の中央部に清流の「水無瀬川」が流れるなど自然が豊か。その一方、地元に密着したスーパーマーケットや商店があるのも魅力です。\n●第1位：箕面市\n第1位は、大阪府北部にある「箕面市」でした。2024年3月には、市内まで北大阪急行電鉄が延伸し、梅田やなんば、新大阪といった大阪中心部へのアクセスが向上。また、「大阪国際空港（伊丹空港）」まで電車で最短15分のため、観光などを行いやすい環境にあります。\n\n 市内は、複数エリアに分かれ、明治・大正のレトロモダンな住宅風景を残す西部エリア、高級感と国際色のある東部エリア、子育て世帯が多い彩都エリアなどが存在。暮らしのスタイルに応じて、住む地域を選べそうです。\nRAKKO,['https://newsatcl-pctr.c.yimg.jp/t/amd-img/20241026-10098950-it_nlab-000-1-view.jpg?pri=l&w=640&h=426&exp=10800'],"['https://news.yahoo.co.jp/articles/cd1532d71bcdaa30f9cdeb0043f56f9f3dca543a/images/000', 'https://nlab.itmedia.co.jp/research/articles/3089316/2#utm_source=yahoo_v3&utm_medium=feed&utm_campaign=20241026-10098950&utm_term=it_nlab-life&utm_content=img']"
【日本シリーズ】「横浜DeNAベイスターズ VS 福岡ソフトバンクホークス」優勝すると思うチームはどっち？　出場する2チームを紹介！（ねとらぼ）,https://news.yahoo.co.jp/articles/490b324804f605fb441eb16261fc79844feccec8,https://newsatcl-pctr.c.yimg.jp/t/amd-img/20241026-10099035-it_nlab-000-1-view.jpg?exp=10800,2024-10-26T18:10:00+09:00,2024-10-26T18:10:00+09:00,ねとらぼ,it_nlab,ねとらぼ,847,\n画像：PIXTA（画像はイメージです）\nプロ野球において各リーグのクライマックスシリーズ優勝チーム同士が日本一をかけて戦う「日本シリーズ」。日本プロ野球界最高峰の戦いであり、シーズンを締めくくる頂上決戦でもあります。\n【画像：みんなの予想は？】\n今シーズンの日本シリーズは、セ・リーグ王者「横浜DeNAベイスターズ」とパ・リーグ王者「福岡ソフトバンクホークス」が対戦。果たして日本一の称号を手にするのはどちらのチームなのでしょうか。\n\n 今回は日本シリーズの開催にちなんで、「日本シリーズで優勝すると思うチームはどっち？」というテーマについて考えてみましょう。それではまず、日本シリーズに出場する2チームを紹介します。\n●横浜DeNAベイスターズ\n2017年以来の3位からの日本シリーズ進出を決めた「横浜DeNAベイスターズ」。日本シリーズ進出をかけた「読売ジャイアンツ」戦では、最終戦までもつれ込む接戦を繰り広げました。\n\n 第6戦では、キャプテンの牧秀悟選手が9回2アウトの状況で決勝打となるタイムリーヒットを放ち、チームの勝利に大きく貢献。リーグ3位から勝ち上がってきた勢いそのままに1998年以来の日本一を目指します。\n●福岡ソフトバンクホークス\n2024年シーズン、2位以下のチームに大差をつけて4年ぶりにパ・リーグを制した「福岡ソフトバンクホークス」。チーム打率やチーム本塁打数に加え、チーム防御率もリーグ1位という圧倒的な強さを見せた今シーズンの勢いそのままに、クライマックスシリーズを無敗で突破しています。\n\n 小久保裕紀監督の下でパ・リーグ王者に返り咲いたホークスが日本一の称号を取り戻す戦いに臨みます。\n●日本シリーズで優勝すると思うチームはどっち？\n「日本シリーズ2024」に出場する2チームを紹介しました。日本シリーズであなたが優勝すると思うのは「横浜DeNAベイスターズ」と「福岡ソフトバンクホークス」どちらでしょうか？\n山崎らくだ,['https://newsatcl-pctr.c.yimg.jp/t/amd-img/20241026-10099035-it_nlab-000-1-view.jpg?pri=l&w=640&h=480&exp=10800'],"['https://news.yahoo.co.jp/articles/490b324804f605fb441eb16261fc79844feccec8/images/000', 'https://nlab.itmedia.co.jp/research/articles/3094391/vote_result/#utm_source=yahoo_v3&utm_medium=feed&utm_campaign=20241026-10099035&utm_term=it_nlab-ent&utm_content=img']"
【女性に聞いた】企業からの評価が高いと思う「関関同立・産近甲龍の大学」ランキング！　第2位は「立命館大学」、1位は？（ねとらぼ）,https://news.yahoo.co.jp/articles/87b1fe562f8d669d6849b40759b83f0411ad10a4,https://newsatcl-pctr.c.yimg.jp/t/amd-img/20241026-10098587-it_nlab-000-1-view.jpg?exp=10800,2024-10-26T18:05:00+09:00,2024-10-26T18:05:00+09:00,ねとらぼ,it_nlab,ねとらぼ,966,\n画像：PIXTA\nねとらぼでは、アンケートサイト「ボイスノート」の協力のもと、全国の女性を対象に「関関同立・産近甲龍で企業からの評価が高い大学」というテーマでアンケート調査を実施しました。\n【画像：ランキング8位～1位を見る】\n関西に位置する私立大学群を表す「関関同立」（関西大学・関西学院大学・同志社大学・立命館大学）と「産近甲龍」（京都産業大学・近畿大学・甲南大学・龍谷大学）。そのなかで、多くの女性から「企業からの評価が高い」と思われているのはどの大学だったのでしょうか。さっそくランキングを見ていきましょう！\n●第2位：立命館大学\n第2位は、得票率24.7％の「立命館大学」でした。\n\n 京都市中京区に本部を置く立命館大学は、1900年創立の「私立京都法政学校」を前身とし、大学令によって1922年に設置された私立大学。「自由と清新」を建学の精神、「平和と民主主義」を教学理念とし、確かな学力の上に豊かな個性を花開かせ、正義と倫理を持った地球市民として活躍できる人間の育成を目指しています。\n\n 立命館大学では、2020年4月から新しい教養教育がスタート。「教養基盤」「国際教養」「社会で学ぶ自己形成」「スポーツ・健康」「立命館」「学際総合」の6つの科目群で構成されています。哲学・政治・AI・音楽など、100を超える幅広い内容の科目が用意されているため、専門教育と合わせて深い学びが期待できるところも支持を集めたのではないでしょうか。\n●第1位：同志社大学\n第1位は、得票率29.4％の「同志社大学」でした。\n\n 京都市上京区に本部を置く同志社大学は、1875年創立の「同志社英学校」を前身とし、大学令によって1920年に設置された私立大学。「良心教育」を建学の精神とし、「キリスト教主義」「自由主義」「国際主義」の教育理念のもと、自治自立の精神を涵養し、国際感覚の豊かな「一国の良心」ともいうべき人物の育成を目的としています。\n\n 同志社大学では2022年度から、文系・理系を問わず、すべての学生が履修可能な「同志社データサイエンス・AI教育プログラム（DDASH）」を開始。また、2023年度卒業生の就職率は99.5％と、就職に強いところも支持を集めた一因かもしれません。\nセンター,['https://newsatcl-pctr.c.yimg.jp/t/amd-img/20241026-10098587-it_nlab-000-1-view.jpg?pri=l&w=640&h=426&exp=10800'],"['https://news.yahoo.co.jp/articles/87b1fe562f8d669d6849b40759b83f0411ad10a4/images/000', 'https://nlab.itmedia.co.jp/research/articles/3087483/2#utm_source=yahoo_v3&utm_medium=feed&utm_campaign=20241026-10098587&utm_term=it_nlab-life&utm_content=img']"
【地元の40～50代に聞いた】ネームバリューが強いと思う「福岡県の公立高校」ランキング！　2位は「福岡高校」、1位は？（ねとらぼ）,https://news.yahoo.co.jp/articles/69ed85ffa339b7111723cd24cfa7345f6fc422d2,https://newsatcl-pctr.c.yimg.jp/t/amd-img/20241026-10098662-it_nlab-000-1-view.jpg?exp=10800,2024-10-26T17:50:00+09:00,2024-10-26T17:50:00+09:00,ねとらぼ,it_nlab,ねとらぼ,735,\n画像はイメージです（画像：PIXTA）\nねとらぼでは、アンケートサイト「ボイスノート」の協力のもと、地元の40～50代を対象に「ネームバリューが強いと思う福岡県の公立高校はどこ」というテーマでアンケートを実施しました。\n【画像：ランキング24位～1位を見る】\n今回のアンケートで、地元の40～50代から「ネームバリューが強い」として票を集めたのはどの高校だったのでしょうか。それでは、早速ランキングを見ていきましょう。\n●第2位：福岡高校\n第2位は「福岡高校」でした。1917年に開校した「福岡県立福岡中学校」を起源とする高校です。「生徒の主体性」を尊重しており、さまざまな学校行事を生徒主体で運営。代表例として、福高祭（文化祭）、体育祭、予餞会の「福高三大行事」が挙げられ、これらの活動経験から生徒の自信と実践力を育成しています。\n\n そんな福岡高校は、多くの生徒が活発に部活動に取り組む一方、キャリア教育や進路指導にも力を入れています。2024年度大学入試では、九州大学や大阪大学、熊本大学などの国立大学に多くの現役生徒が合格しました。\n●第1位：修猷館高校\n第1位は「修猷館高校」でした。黒田藩の藩校を起源とする高校です。生徒の知的好奇心を満たせるような学習環境や、学習に集中できるクラス編成、特色を生かしたカリキュラムを用意するなど、さまざまなサポートを行っています。\n\n そんな修猷館高校は、県内有数の進学校として知られ、九州大学をはじめとして東京大学や京都大学などの難関国公立大学にも合格者を輩出してきました。さらに、大学に合格するためだけでなく、将来どのように社会に関わるかなどのキャリア形成を考えた支援もしています。\n月夜に米,['https://newsatcl-pctr.c.yimg.jp/t/amd-img/20241026-10098662-it_nlab-000-1-view.jpg?pri=l&w=640&h=426&exp=10800'],"['https://news.yahoo.co.jp/articles/69ed85ffa339b7111723cd24cfa7345f6fc422d2/images/000', 'https://nlab.itmedia.co.jp/research/articles/3085127/2#utm_source=yahoo_v3&utm_medium=feed&utm_campaign=20241026-10098662&utm_term=it_nlab-life&utm_content=img']"
【40代に聞いた】かっこいいと思う「北海道日本ハムファイターズの選手」ランキング！　同率1位は「田中瑛斗」ともう一人は？（ねとらぼ）,https://news.yahoo.co.jp/articles/178f5ef3ad4d340c3608a7ac02447b521396b9ba,https://newsatcl-pctr.c.yimg.jp/t/amd-img/20241026-10098700-it_nlab-000-1-view.jpg?exp=10800,2024-10-26T17:35:00+09:00,2024-10-26T17:35:00+09:00,ねとらぼ,it_nlab,ねとらぼ,492,\n画像はイメージです（画像：PIXTA）\nねとらぼでは、アンケートサイト「ボイスノート」の協力のもと、40代を対象に、かっこいいと思う「北海道日本ハムファイターズの選手」というテーマでアンケートを実施しました。\n【画像：ランキング18位～1位を見る】\n果たして上位に来たのはどの選手だったのでしょうか？ ランキングを見ていきましょう。\n●第1位：田中瑛斗\n同率1位となったのは「田中瑛斗」選手です。柳ヶ浦高から2017年のドラフト3位で北海道日本ハムファイターズに入団した右投げ・左打ちの投手です。将棋好きなことで知られ、2023年12月には将棋好きのプロ野球選手による将棋大会、「勘定奉行クラウド杯 球王決定戦2023」に初出場しました。\n●第1位：山﨑福也\n同じく1位となったのは「山﨑福也」選手でした。1992年生まれの左投げ・左打ちのピッチャー。2014年ドラフト1位でオリックスに加入した後、2024年から北海道日本ハムファイターズに所属しています。入団の際には、過去北海道で脳腫瘍の手術をしたことが、縁を感じるきっかけになったそうです。\nねとらぼリサーチ,['https://newsatcl-pctr.c.yimg.jp/t/amd-img/20241026-10098700-it_nlab-000-1-view.jpg?pri=l&w=640&h=640&exp=10800'],"['https://news.yahoo.co.jp/articles/178f5ef3ad4d340c3608a7ac02447b521396b9ba/images/000', 'https://nlab.itmedia.co.jp/research/articles/3072445/2#utm_source=yahoo_v3&utm_medium=feed&utm_campaign=20241026-10098700&utm_term=it_nlab-ent&utm_content=img']"
【50代男性が選ぶ】「カツカレーがおいしいと思うカレーチェーン」ランキング！　2位は「チャンピオンカレー」、1位は？（ねとらぼ）,https://news.yahoo.co.jp/articles/182cf4907b51f98b3cb63681c1bae592ce7e0529,https://newsatcl-pctr.c.yimg.jp/t/amd-img/20241026-10098666-it_nlab-000-1-view.jpg?exp=10800,2024-10-26T17:25:00+09:00,2024-10-26T17:25:00+09:00,ねとらぼ,it_nlab,ねとらぼ,752,\n画像はイメージです（画像：写真AC）\nねとらぼでは2024年8月20日～8月27日にかけて、「カツカレーがおいしいと思うカレーチェーン」というアンケートを実施しました。\n【画像：ランキング10位～1位を見る】\n今回は投票いただいたなかから、「50代男性」と回答した人の360票をもとにした結果を紹介します。カツカレーがおいしいと思われているのは、どのカレーチェーンなのでしょうか。さっそくランキングを見ていきましょう！\n●第2位：チャンピオンカレー\n第2位は「チャンピオンカレー」でした。1961年に石川県金沢市で誕生した「洋食タナカ」を前身とするカレーチェーンです。カレーの上にトンカツをのせた「カツカレー」が人気を呼び、現在のチャンピオンカレーの原形ができあがりました。\n\n そんなチャンピオンカレーの看板メニューが「Lカツカレー」。キャベツが盛られ、カツにソースがかけられているカレーです。カツに十分な厚みがあるため、食べ応え満点。6～7割程度のお客さんが注文するという人気メニューです。\n●第1位：カレーハウスCoCo壱番屋\n第1位は「カレーハウスCoCo壱番屋」でした。1978年に愛知県名古屋市の郊外で誕生したカレーチェーンです。創業者が営んでいた喫茶店「バッカス」で提供していた、家庭料理のような親しみやすい味わいのカレーライスが原点となっており、現在は「ココイチ」の愛称で親しまれ、国内外に店舗展開しています。\n\n そんなココイチでは、「ポーク」「ビーフ」「甘口ポーク」などのソースに加え、辛さ・トッピング・ライスの量など、自分好みのカスタマイズを楽しめます。定番メニューの「ロースカツカレー」は、基本となるポークカレーにロースカツを乗せた一皿です。\nセンター,['https://newsatcl-pctr.c.yimg.jp/t/amd-img/20241026-10098666-it_nlab-000-1-view.jpg?pri=l&w=640&h=426&exp=10800'],"['https://news.yahoo.co.jp/articles/182cf4907b51f98b3cb63681c1bae592ce7e0529/images/000', 'https://nlab.itmedia.co.jp/research/articles/3089055/2#utm_source=yahoo_v3&utm_medium=feed&utm_campaign=20241026-10098666&utm_term=it_nlab-life&utm_content=img']"
「藤沢市で人気のラーメン」ランキング！　2位は鶏だしラーメンの人気店「麺屋七利屋」、1位は？ 【2024年10月版】（ねとらぼ）,https://news.yahoo.co.jp/articles/e1ebce5efb408aa645e254360a7123e2e3056f74,https://newsatcl-pctr.c.yimg.jp/t/amd-img/20241026-10098721-it_nlab-000-1-view.jpg?exp=10800,2024-10-26T17:45:00+09:00,2024-10-26T17:45:00+09:00,ねとらぼ,it_nlab,ねとらぼ,676,\n画像はイメージです（画像：PIXTA）\n自身が訪れた場所について評価とクチコミなどの投稿を通じて、自らの体験を共有できるGoogleマップ。経路の検索以外にも、より良いお店探しのツールとして活用できます。今回は神奈川県藤沢市でおすすめのラーメンを探している人に向けて、Googleマップ上で人気のお店を紹介します。\n【画像：「藤沢市で人気のラーメン」ランキング20位～1位を見る】\nなおこのランキングは、Googleマップに寄せられた「ユーザー評価」「クチコミ件数」「価格フィルタ」「評価フィルタ」などに基づいて作成された、2024年10月22日時点のものです。ではさっそく上位の結果を見ていきましょう。\n●第2位：麺屋七利屋（4.4pt／386クチコミ）\n第2位は藤沢市遠藤にある「麺屋七利屋」でした。藤沢市西部のニュータウン「湘南ライフタウン」内にある鶏だしラーメンの人気店です。メニューは濃厚な鶏だしスープを味わえる「濃厚鶏そば」と、しょうゆとかえしの味わいが効いた「中華そば」の2本立て。「濃厚鶏そば」のスープは濃厚でポタージュのような味わいと高く評価されています。\n●第1位：貝だし地鶏中華そば あん藤（4.6pt／314クチコミ）\n第1位は、片瀬江ノ島駅より徒歩1分ほどの場所にある「貝だし地鶏中華そば あん藤」でした。貝だしのスープを使った、あっさりとしたラーメンを提供しているお店です。「貝だし地鶏中華そば」や「チャーシュー麺」などのラーメンのメニューの他、江の島名物のしらすを使った丼も用意しています。\nRAKKO,['https://newsatcl-pctr.c.yimg.jp/t/amd-img/20241026-10098721-it_nlab-000-1-view.jpg?pri=l&w=640&h=426&exp=10800'],"['https://news.yahoo.co.jp/articles/e1ebce5efb408aa645e254360a7123e2e3056f74/images/000', 'https://nlab.itmedia.co.jp/research/articles/3092324/2#utm_source=yahoo_v3&utm_medium=feed&utm_campaign=20241026-10098721&utm_term=it_nlab-life&utm_content=img']"
【ホロライブ】「国内VTuberファン数」ランキング！　2位は「兎田ぺこら」、1位は？【2024年10月16日時点】（ねとらぼ）,https://news.yahoo.co.jp/articles/5f867521e7842482f24a1fc43dee588cef18ab5e,https://newsatcl-pctr.c.yimg.jp/t/amd-img/20241026-10099089-it_nlab-000-1-view.jpg?exp=10800,2024-10-26T17:20:00+09:00,2024-10-26T17:20:00+09:00,ねとらぼ,it_nlab,ねとらぼ,758,\n出典：Amazon.co.jp\n人気を集めているVTuber事務所「ホロライブ」。同事務所に所属するVTuberの中で、いま最も「ファン数（チャンネル登録者数）」が多いのは誰なのでしょうか。今回はユーザーローカル社の「VTuber ランキング」より、「ホロライブ所属VTuberのファン数ランキングTOP10」を紹介します！\n【画像：ランキング10位～1位を見る】\n（出典：ユーザーローカル「VTuber ランキング」）\n●第2位：兎田ぺこら\n第2位は「兎田ぺこら」。2024年10月16日時点のチャンネル登録者数は約262万人でした。2019年7月にデビューした、うさぎ耳がトレードマークの“永遠の111歳”です。語尾に「ぺこ」と付ける話し方や「ふぁっふぁっふぁっ」という独特の笑い声が特徴。配信ではゲーム実況や歌などのほか、雑談やトークも人気です。\n\n 2024年9月23日からはカプコンの運営するアミューズメント施設にて、ぺこらを含む4人のホロライブ3期生と、モンスターハンターのコラボがスタート。さまざまなプライズ景品が登場しています。\n●第1位：宝鐘マリン\n第1位は「宝鐘マリン」。2024年10月16日時点のチャンネル登録者数は約346万人でした。2019年8月にデビューした、「海賊船を購入する資金を得る」ために活動している女の子。愛称は「船長」で、彼女のファンは「宝鐘の一味」と呼ばれています。\n\n モンスターハンターとのコラボにも参加しているほか、2024年10月16日からはカラオケ店「ビッグエコー」とのコラボキャンペーンもスタート。対象の店舗にコラボルームやコラボドリンクが登場し、コラボルームでは「マリン船長のお宝さがし」キャンペーンも実施されています。\n月夜に米,['https://newsatcl-pctr.c.yimg.jp/t/amd-img/20241026-10099089-it_nlab-000-1-view.jpg?pri=l&w=640&h=640&exp=10800'],"['https://news.yahoo.co.jp/articles/5f867521e7842482f24a1fc43dee588cef18ab5e/images/000', 'https://nlab.itmedia.co.jp/research/articles/3087881/2#utm_source=yahoo_v3&utm_medium=feed&utm_campaign=20241026-10099089&utm_term=it_nlab-ent&utm_content=img']"
【地元の40～50代に聞いた】優秀な生徒が多いと思う「兵庫県の公立高校」ランキング！　2位は「長田高校」、1位は？（ねとらぼ）,https://news.yahoo.co.jp/articles/983d87abbe1656fbb90e6186bf0d1a216714e251,https://newsatcl-pctr.c.yimg.jp/t/amd-img/20241026-10098547-it_nlab-000-1-view.jpg?exp=10800,2024-10-26T17:10:00+09:00,2024-10-26T17:10:00+09:00,ねとらぼ,it_nlab,ねとらぼ,920,\n画像はイメージです（画像：PIXTA）\nねとらぼでは、アンケートサイト「ボイスノート」協力のもと、兵庫県在住の40～50代を対象に「優秀な生徒が多いと思う兵庫県の公立高校」というテーマでアンケートを実施しました。\n【画像：ランキング17位～1位を見る】\n地元の40～50代から「優秀な生徒が多い」と思われているのは、兵庫県のどの公立高校だったのでしょうか。さっそく結果を見ていきましょう！\n●第2位：長田高校\n第2位は、得票率13.7％の「長田高校」でした。神戸市長田区に位置する長田高校は、1920年創立の「兵庫県立第三神戸中学校」を前身とする高校。「自他を尊重する豊かな人間性とともに、創造的な探究力と多様な個性を活かす包括的な指導力を備え、主体的に未来を切り拓き、国際社会で活躍できる人材の育成」をスクール・ミッションに掲げています。\n\n 同校では「普通クラス」のほかに設置されている「人文・数理探究類型」では、研究者を招いての講義の開催や大学の研究室を訪問し、最先端の科学技術に触れるなど、次世代型の学びを実施。2022年度からは「スーパーサイエンスハイスクール（SSH）」に指定されており、文理融合の探究活動に取り組んでいるところも魅力です。\n●第1位：神戸高校\n第1位は、得票率16.3％の「神戸高校」でした。神戸市灘区に位置する神戸高校は、1896年開校の「兵庫県神戸尋常中学校」と1901年開校の「兵庫県高等女学校」を前身とする高校。「質素剛健・自重自治」の理念のもと、「何事にも積極果敢に挑戦し、自ら鍛え厳しさに耐え抜く意思力と実践力を備え、未来を切り拓く社会の有為な形成者として国際社会で活躍できる人材」の育成を目標としています。\n\n 同校は各学年が普通科8クラス、総合理学科1クラスで構成されており、全校生徒は1000人以上の規模を誇る高校。質の高い教科の授業はもちろん、独自の「課題研究」や「神高探究」などの探究活動にも注力し、課題を発見・解決する力を養っています。部活動においても合計44の運動部・文化部があり、ほとんどの生徒が参加熱心に活動に取り組んでいるところも魅力です。\nセンター,['https://newsatcl-pctr.c.yimg.jp/t/amd-img/20241026-10098547-it_nlab-000-1-view.jpg?pri=l&w=640&h=426&exp=10800'],"['https://news.yahoo.co.jp/articles/983d87abbe1656fbb90e6186bf0d1a216714e251/images/000', 'https://nlab.itmedia.co.jp/research/articles/3088595/2#utm_source=yahoo_v3&utm_medium=feed&utm_campaign=20241026-10098547&utm_term=it_nlab-life&utm_content=img']"
「大阪府で人気のイオンモール」ランキング！　2位は泉南市にある「イオンモールりんくう泉南」、1位は？【2024年10月版】（ねとらぼ）,https://news.yahoo.co.jp/articles/c70ab9b1628db2556a1da2c7abfb556f6469e449,https://newsatcl-pctr.c.yimg.jp/t/amd-img/20241026-10098594-it_nlab-000-1-view.jpg?exp=10800,2024-10-26T17:05:00+09:00,2024-10-26T17:05:00+09:00,ねとらぼ,it_nlab,ねとらぼ,669,\n画像はイメージです（画像：PIXTA）\n自身が訪れた場所について評価とクチコミなどの投稿を通じて、自らの体験を共有できるGoogleマップ。経路の検索以外にも、より良いお店探しのツールとして活用できます。今回は大阪府でおすすめのイオンモールを探している人に向けて、Googleマップ上で人気の施設を紹介します。\n【画像：「大阪府で人気のイオンモール」ランキング10位～1位を見る】\nなおこのランキングは、Googleマップに寄せられた「ユーザー評価」「クチコミ件数」「価格フィルタ」「評価フィルタ」などに基づいて作成された、2024年10月21日時点のものです。ではさっそく上位の結果を見ていきましょう。\n●第2位：イオンモールりんくう泉南（3.9pt／6484クチコミ）\n第2位は、泉南市りんくう南浜にある「イオンモールりんくう泉南」でした。南海・JRりんくうタウン駅、JR和泉砂川駅、南海尾崎駅・南海樽井駅からそれぞれバスが出ているので、電車でもアクセスしやすいのがポイント。イオンりんくう泉南店のほか、ユニクロやライトオン、フランフランなど、多様なショップがそろっています。\n●第1位：イオンモール四條畷（4pt／9337クチコミ）\n第1位は、四條畷市砂にある「イオンモール四條畷」でした。PLAZA、カルディ、無印良品などが入っていて、ファッションから食品、雑貨まで幅広くショッピングを楽しめます。体験型シアター「4DX」を導入したイオンシネマもあるので、デートや家族でのお出かけにもぴったりですね。\nとらくろ,['https://newsatcl-pctr.c.yimg.jp/t/amd-img/20241026-10098594-it_nlab-000-1-view.jpg?pri=l&w=640&h=426&exp=10800'],"['https://news.yahoo.co.jp/articles/c70ab9b1628db2556a1da2c7abfb556f6469e449/images/000', 'https://nlab.itmedia.co.jp/research/articles/3091117/2#utm_source=yahoo_v3&utm_medium=feed&utm_campaign=20241026-10098594&utm_term=it_nlab-life&utm_content=img']"
「小田原市で人気のラーメン」ランキング！　2位は小田原のご当地ラーメン「小田原系担々麺」発祥のお店「中華 四川」、1位は？【2024年10月版】（ねとらぼ）,https://news.yahoo.co.jp/articles/fc754fe37e5aa40c3378bb53b0c266c87b52d27d,https://newsatcl-pctr.c.yimg.jp/t/amd-img/20241026-10098738-it_nlab-000-1-view.jpg?exp=10800,2024-10-26T17:15:00+09:00,2024-10-26T17:15:00+09:00,ねとらぼ,it_nlab,ねとらぼ,668,\n画像：PIXTA（画像はイメージです）\n自身が訪れた場所について評価とクチコミなどの投稿を通じて、自らの体験を共有できるGoogleマップ。経路の検索以外にも、より良いお店探しのツールとして活用できます。今回は神奈川県小田原市でおすすめのラーメンを探している人に向けて、Googleマップ上で人気のお店を紹介します。\n【画像：「小田原市で人気のラーメン」ランキング20位～1位を見る】\nなおこのランキングは、Googleマップに寄せられた「ユーザー評価」「クチコミ件数」「価格フィルタ」「評価フィルタ」などに基づいて作成された、2024年10月22日時点のものです。ではさっそく上位の結果を見ていきましょう。\n●第2位：中華 四川（4.2pt／963クチコミ）\n第2位は小田原市上曽我の「中華 四川」でした。小田原のご当地ラーメン「小田原系担々麺」発祥のお店で、あんかけ風スープの上に麺が浮かぶ独特の担々麺が特徴。辛さが調整できるので、辛いもの好きから、辛い料理があまり得意ではない人まで食べられるようになっています。\n●第1位：らぁめん コタロー（4.3pt／224クチコミ）\n第1位は小田原市鴨宮「らぁめん コタロー」でした。JR東海道本線「鴨宮駅」より徒歩約2分の場所にあるこちらのお店は、化学調味料を使わず鳥ガラと魚介のうまみが効いたラーメンが評判。かえしや塩分も主張しすぎないため、素材の良さも際立ちます。ラーメン以外にはまぜそばを用意しており、こちらもリピーターの多いメニューとなっています。\n山崎らくだ,['https://newsatcl-pctr.c.yimg.jp/t/amd-img/20241026-10098738-it_nlab-000-1-view.jpg?pri=l&w=640&h=425&exp=10800'],"['https://news.yahoo.co.jp/articles/fc754fe37e5aa40c3378bb53b0c266c87b52d27d/images/000', 'https://nlab.itmedia.co.jp/research/articles/3092412/2#utm_source=yahoo_v3&utm_medium=feed&utm_campaign=20241026-10098738&utm_term=it_nlab-life&utm_content=img']"
「函館で人気のラーメン」ランキング！　2位は塩ラーメンが評判のお店「ラーメン 滋養軒」、1位は？【2024年10月版】（ねとらぼ）,https://news.yahoo.co.jp/articles/02fbd70d45331b68b9bf469d40d73129b9c082e5,https://newsatcl-pctr.c.yimg.jp/t/amd-img/20241026-10099019-it_nlab-000-1-view.jpg?exp=10800,2024-10-26T16:45:00+09:00,2024-10-26T16:45:00+09:00,ねとらぼ,it_nlab,ねとらぼ,679,\n画像はイメージです（画像：PIXTA）\n自身が訪れた場所について評価とクチコミなどの投稿を通じて、自らの体験を共有できるGoogleマップ。経路の検索以外にも、より良いお店探しのツールとして活用できます。今回は北海道函館市でおすすめのラーメンを探している人に向けて、Googleマップ上で人気のお店を紹介します。\n【画像：「函館で人気のラーメン」ランキング20位～1位を見る】\nなおこのランキングは、Googleマップに寄せられた「ユーザー評価」「クチコミ件数」「価格フィルタ」「評価フィルタ」などに基づいて作成された、2024年10月24日時点のものです。ではさっそく上位の結果を見ていきましょう。\n●第2位：ラーメン 滋養軒（4.3pt／1127クチコミ）\n第2位は函館市松風町の「滋養軒」でした。老舗のラーメン屋で、看板メニューの塩ラーメンはリーズナブルな値段で楽しむことができます。澄んだ透明なスープとストレートな細麺が特徴で、このラーメンのために函館に来るという人もいるそうです。JR函館駅からほど近いというアクセスの良さも魅力です。\n●第1位：HAKODATE NOODLES 炎陣（4.4pt／261クチコミ）\n第1位は函館駅前にある「HAKODATE NOODLES 炎陣」でした。「函館塩ラーメン」が看板メニューのお店で、あっさりとしつつもコクとうま味を感じられるスープが評判です。塩ラーメンのほかにも「正油ラーメン」や「生姜塩ラーメン」などもラインアップ。サイドメニューのチャーハンと餃子も人気のようです。\nRAKKO,['https://newsatcl-pctr.c.yimg.jp/t/amd-img/20241026-10099019-it_nlab-000-1-view.jpg?pri=l&w=640&h=426&exp=10800'],"['https://news.yahoo.co.jp/articles/02fbd70d45331b68b9bf469d40d73129b9c082e5/images/000', 'https://nlab.itmedia.co.jp/research/articles/3094424/2#utm_source=yahoo_v3&utm_medium=feed&utm_campaign=20241026-10099019&utm_term=it_nlab-life&utm_content=img']"
「東京都で人気のステーキ」ランキング！　2位は本格的なステーキやメキシコ料理が楽しめる「エル・アミーゴ 西葛西店」、1位は？【2024年10月版】（ねとらぼ）,https://news.yahoo.co.jp/articles/bc2567f9a0fe6eed63e5bc222ac8e0a4911cc192,https://newsatcl-pctr.c.yimg.jp/t/amd-img/20241026-10099133-it_nlab-000-1-view.jpg?exp=10800,2024-10-26T16:35:00+09:00,2024-10-26T16:35:00+09:00,ねとらぼ,it_nlab,ねとらぼ,739,\n画像はイメージです（画像：PIXTA）\n自身が訪れた場所について評価とクチコミなどの投稿を通じて、自らの体験を共有できるGoogleマップ。経路の検索以外にも、より良いお店探しのツールとして活用できます。今回は東京都でおすすめのステーキを探している人に向けて、Googleマップ上で人気のお店を紹介します。なお、系列店は上位一店舗のみ掲載しています。\n【画像：「東京都で人気のステーキ」ランキング10位～1位を見る】\nなおこのランキングは、Googleマップに寄せられた「ユーザー評価」「クチコミ件数」「価格フィルタ」「評価フィルタ」などに基づいて作成された、2024年10月25日時点のものです。ではさっそく上位の結果を見ていきましょう。\n●第2位：エル・アミーゴ 西葛西店（4.7pt／937クチコミ）\n第2位は江戸川区西葛西6丁目の「エル・アミーゴ 西葛西店」でした。東西線西葛西駅より徒歩約1分の場所にある同店は、本格的なステーキやメキシコ料理のほか、さまざまな種類のテキーラを楽しめるお店。一番人気のメニューは、「とちぎ霧降高原牛【上ヒレステーキ】」で、スジや脂身が少なく、上品な味の赤身肉が楽しめると評判です。\n●第1位：ステーキロッヂ 渋谷宇田川店（4.8pt／2799クチコミ）\n第1位は、千代田区神田花岡町にある「ステーキロッヂ 渋谷宇田川店」でした。新鮮でおいしいお肉をリーズナブルな価格で楽しめるお店として人気を集めています。その時に食べられる最高の素材を提供し、うまみを味わうために肉の厚さは3センチ以上にカットしているのだとか。熱伝導と蓄熱性に優れたオリジナルの蓄熱性鉄板を使用しているため、お肉が冷めにくいのも特徴です。\n月夜に米,['https://newsatcl-pctr.c.yimg.jp/t/amd-img/20241026-10099133-it_nlab-000-1-view.jpg?pri=l&w=640&h=426&exp=10800'],"['https://news.yahoo.co.jp/articles/bc2567f9a0fe6eed63e5bc222ac8e0a4911cc192/images/000', 'https://nlab.itmedia.co.jp/research/articles/3095268/2#utm_source=yahoo_v3&utm_medium=feed&utm_campaign=20241026-10099133&utm_term=it_nlab-life&utm_content=img']"
【関東の男性に聞いた】東武東上線沿いで「おしゃれなイメージがある街（駅）」ランキング！　2位は「川越」、1位は？（ねとらぼ）,https://news.yahoo.co.jp/articles/82cb5ffa84b244acfe3eb9cce65684fd7cd7c010,https://newsatcl-pctr.c.yimg.jp/t/amd-img/20241026-10098963-it_nlab-000-1-view.jpg?exp=10800,2024-10-26T16:15:00+09:00,2024-10-26T16:15:00+09:00,ねとらぼ,it_nlab,ねとらぼ,752,\n画像はイメージです（画像：写真AC）\nねとらぼでは、アンケートサイト「ボイスノート」の協力のもと、関東の男性を対象に「東武東上線沿いで『おしゃれなイメージ』がある街（駅）は？」というテーマでアンケートを実施しました。\n【画像：ランキング26位～1位を見る】\n東京都豊島区の池袋駅から、埼玉県大里郡寄居町の寄居駅までを結ぶ「東武東上線」の沿線で、関東地方に住む多くの男性から「おしゃれなイメージがある」と支持を集めたのはどこだったのでしょうか。ランキングを見ていきましょう！\n●第2位：川越\n第2位は「川越」駅でした。埼玉県川越市にある駅で、東武東上線のほか、JR川越線が乗り入れています。川越は、古くから城下町として栄えた歴史ある地域として知られ、近年では都内からのアクセスのよさなどから急速に発展を遂げています。\n\n 駅周辺には「EQUiA川越」や「ルミネ川越店」などの大型商業施設が立ち並び、ショッピングや飲食に困ることはありません。また、銀行などの金融機関も集まっており、利便性は抜群。一方で、少し足を伸ばせば、「小江戸川越」として知られる歴史的な街並みも広がっており、風情ある古い町並みを楽しむこともできる、魅力あふれるエリアです。\n●第1位：池袋\n第1位は「池袋」駅でした。池袋駅は、東京都豊島区北西部に位置し、周辺は都内有数の繁華街として知られています。東武東上線のほかにも複数の路線が乗り入れ、多方面へのアクセスも良好です。\n\n 駅には「西武池袋本店」と「東武百貨店本店」が直結し、周辺には多彩な商業施設が集まっているため、休日・平日問わず多くの人でにぎわっています。駅周辺で生活に必要なものがそろいやすく、さまざまな過ごし方ができるのも池袋の魅力です。\nたびと,['https://newsatcl-pctr.c.yimg.jp/t/amd-img/20241026-10098963-it_nlab-000-1-view.jpg?pri=l&w=640&h=427&exp=10800'],"['https://news.yahoo.co.jp/articles/82cb5ffa84b244acfe3eb9cce65684fd7cd7c010/images/000', 'https://nlab.itmedia.co.jp/research/articles/3086036/2#utm_source=yahoo_v3&utm_medium=feed&utm_campaign=20241026-10098963&utm_term=it_nlab-life&utm_content=img']"
【ワークマン】「今売れてるバッグ」ランキング！　2位は「スプリットトートバッグ」、1位は？【2024年10月最新版】（ねとらぼ）,https://news.yahoo.co.jp/articles/c8ee8fad108ef50201d21e9db64ba40c7336b03c,https://newsatcl-pctr.c.yimg.jp/t/amd-img/20241026-10099023-it_nlab-000-1-view.jpg?exp=10800,2024-10-26T16:05:00+09:00,2024-10-26T16:05:00+09:00,ねとらぼ,it_nlab,ねとらぼ,816,\n画像：ワークマン\n主に作業服・安全靴などを取り扱い、小売No.1シェアを誇る「ワークマン」。近年はデザイン性の高いアウトドアウェアやスポーツウェアなども展開し、幅広い世代から人気を集めています。\n【画像：ランキング15位～1位を見る】\nワークマンではウェアはもちろん、防水や撥水など機能性の高いバッグも多数取り扱っています。値段もお手頃なものばかりで、愛用している人も多いのではないでしょうか。旅行などの際に役立つ大容量バッグも気になるところですよね。\n\n 本記事ではワークマン協力のもと、2024年9月16日～9月30日の「今売れてるバッグ」ランキングをご紹介します。今、特に人気を集めているのはどの商品なのでしょうか？\n●第2位：スプリットトートバッグ\n第2位は「スプリットトートバッグ」です。複数の仕切りがあり、小物を収納しやすい便利なトートバッグ。擦れや磨耗に対する耐久性に優れた「コーデュラ（CORDURA）」素材を使用しているのも特徴です。\n\n 丈夫なジップ、丈夫な生地なうえ、ファスナーでメイン収納部を開閉できるのもうれしいですね。すぐに取り出しやすいものを収納する際に便利なメッシュポケットも付いています。容量は35Lで、ちょっとした旅行や出張、ペアレンツバッグなどにおすすめといえそうです。\n●第1位：防水デイバッグ\n第1位は「防水デイバッグ」でした。シンプルなカジュアルデザインで、ビジネスにも、ジム通いにも、アウトドアにもぴったり。防水性のある「YKK止水ファスナー」を使用しており、閉じた時に隙間ができにくい仕様になっています。突然の雨の時にも安心のバッグとなっています。\n\n また、メイン収納には取り外し可能なスリーブケース付きで、ノートパソコンなどを入れるのに便利。飲み物などを収納できる両サイドポケットも付いて、マルチに活躍すること間違いなしのリュックです。\n波止場の鯱,['https://newsatcl-pctr.c.yimg.jp/t/amd-img/20241026-10099023-it_nlab-000-1-view.jpg?pri=l&w=640&h=640&exp=10800'],"['https://news.yahoo.co.jp/articles/c8ee8fad108ef50201d21e9db64ba40c7336b03c/images/000', 'https://nlab.itmedia.co.jp/research/articles/3094381/2#utm_source=yahoo_v3&utm_medium=feed&utm_campaign=20241026-10099023&utm_term=it_nlab-life&utm_content=img']"
「東京都で人気のスーパー銭湯・温泉施設」ランキング！　2位は日本庭園を臨む「豊島園 庭の湯」、1位は？【2024年10月版】（ねとらぼ）,https://news.yahoo.co.jp/articles/7646a8adf89b95353c5bf01842feb44435d27111,https://newsatcl-pctr.c.yimg.jp/t/amd-img/20241026-10098583-it_nlab-000-1-view.jpg?exp=10800,2024-10-26T16:00:00+09:00,2024-10-26T16:00:00+09:00,ねとらぼ,it_nlab,ねとらぼ,695,\n画像：PIXTA（画像はイメージです）\n自身が訪れた場所について評価とクチコミなどの投稿を通じて、自らの体験を共有できるGoogleマップ。経路の検索以外にも、より良いお店探しのツールとして活用できます。今回は東京都でおすすめのスーパー銭湯・温泉施設を探している人に向けて、Googleマップ上で人気の施設を紹介します。\n【画像：「東京都で人気のスーパー銭湯・温泉施設」ランキング10位～1位を見る】\nなおこのランキングは、Googleマップに寄せられた「ユーザー評価」「クチコミ件数」「価格フィルタ」「評価フィルタ」などに基づいて作成された、2024年10月21日時点のものです。ではさっそく上位の結果を見ていきましょう。\n●第2位：豊島園 庭の湯（4.2pt／2589クチコミ）\n第2位は練馬区の「豊島園 庭の湯」でした。日本を代表する造園設計家、小形研三氏による1200坪の清閑な日本庭園を臨む施設で、天然温泉やサウナ、プール、岩盤浴などを備えた健康ランドです。温泉は地下約1450メートルから組み上げたもので、館内では露天岩風呂や炭酸泉などが楽しめます。\n●第1位：前野原温泉 さやの湯処（4.2pt／5542クチコミ）\n第1位は板橋区の「前野原温泉 さやの湯処」でした。都内では珍しい、うぐいす色のにごり湯が源泉かけ流しで楽しめる施設です。泉質は弱アルカリ性でPHは7.4。保湿性に優れ、湯冷めしにくいことが特徴です。館内には内湯や露天風呂、サウナ、岩盤浴なども完備。敷地内には苔庭と枯山水を備えた本格的な日本庭園もあり、都会の喧騒を忘れられます。\nRAKKO,['https://newsatcl-pctr.c.yimg.jp/t/amd-img/20241026-10098583-it_nlab-000-1-view.jpg?pri=l&w=640&h=426&exp=10800'],"['https://news.yahoo.co.jp/articles/7646a8adf89b95353c5bf01842feb44435d27111/images/000', 'https://nlab.itmedia.co.jp/research/articles/3091079/2#utm_source=yahoo_v3&utm_medium=feed&utm_campaign=20241026-10098583&utm_term=it_nlab-life&utm_content=img']"
【50代男性が選ぶ】知られざる秘境が多いと思う「都道府県」ランキング！　「徳島県」ともう一つの1位は？（ねとらぼ）,https://news.yahoo.co.jp/articles/cfb6620aceda304a6cded21ba354c177874de5bc,https://newsatcl-pctr.c.yimg.jp/t/amd-img/20241026-10098744-it_nlab-000-1-view.jpg?exp=10800,2024-10-26T15:40:00+09:00,2024-10-26T15:40:00+09:00,ねとらぼ,it_nlab,ねとらぼ,774,\n画像：写真AC（画像はイメージです）\nねとらぼでは、2024年9月21日から9月28日にかけて「知られざる秘境が多いと思う都道府県は？」というアンケートを実施しました。\n【画像：ランキング19位～1位を見る】\nほとんど人の手が加わっておらず、神秘的な雰囲気やそのままの自然を楽しめることが魅力の秘境。たくさんの人から「知られざる秘境が多い！」と思われていたのはどの都道府県だったのでしょうか。\n\n 今回はご投票いただいた中から、「50代男性」と回答した人の投票108票を基にした結果を紹介します。さっそく、ランキングを見ていきましょう。\n●第1位：北海道\n第1位は同率で2つの都道府県が選ばれています。1つ目は、「北海道」でした。日本の総面積の約20パーセントを占め、雄大な自然が広がる北海道。太平洋、日本海、オホーツク海に囲まれ、山岳や湿原、天然湖沼などによって形成されています。\n\n 北海道の秘境では、底まで透き通った美しい湖面が見られる「摩周湖」や、しなやかに落ちる水の美しさが天女の羽衣を思わせる「羽衣の滝」などのスポットが有名。ほかにも北海道には手つかずの自然が多く残っているので、貴重な光景を見られることがあるかもしれません。\n●第1位：徳島県\n同率第1位の2つ目は、「徳島県」でした。香川県と高知県、愛媛県に接し、四国の東部に位置する県です。全面積の約8割を占めるほど山地が多いことが特徴で、1000メートルを超える山も数多くあります。\n\n 徳島県の秘境といえば、「祖谷（いや）」エリアが有名。山々に囲まれた雄大な自然環境が広がっています。祖谷川に架かる長さ約45メートル、幅約2メートルのつり橋「祖谷のかずら橋」は、足元の隙間から川面が見えるので、スリルを楽しめるスポットとして人気です。\n押入れの人,['https://newsatcl-pctr.c.yimg.jp/t/amd-img/20241026-10098744-it_nlab-000-1-view.jpg?pri=l&w=640&h=425&exp=10800'],"['https://news.yahoo.co.jp/articles/cfb6620aceda304a6cded21ba354c177874de5bc/images/000', 'https://nlab.itmedia.co.jp/research/articles/3088380/2#utm_source=yahoo_v3&utm_medium=feed&utm_campaign=20241026-10098744&utm_term=it_nlab-life&utm_content=img']"
結婚式のライブペインター、依頼料が約90万円もかかるワケ　完成した絵と参列者の反応に「説明不要」「90万円でも足りないくらい」と称賛の声【米】（ねとらぼ）,https://news.yahoo.co.jp/articles/bf9b66690ddfef35b986f424245abeeca3ed6d70,https://newsatcl-pctr.c.yimg.jp/t/amd-img/20241026-00000005-it_nlab-000-1-view.jpg?exp=10800,2024-10-26T15:10:09+09:00,2024-10-26T15:10:09+09:00,ねとらぼ,it_nlab,ねとらぼ,1198,\nその場で絵を完成させていく姿がかっこいい（※画像はKVT Live Wedding Painter（@kvtfineart）さんTikTokから）\n結婚式のライブペインターの依頼料が約90万円かかる理由がわかる動画がTikTokに投稿されました。動画は記事執筆時点で1150万再生、120万いいねを集めています。\n【動画】作品に涙ぐむ参列者\n結婚式当日の様子をその場で描く！\n動画が投稿されたのはTikTokアカウント「KVT Live Wedding Painter」。このアカウントには、結婚式のライブペインターである、米在住・KVT Live Wedding Painterさんの仕事の様子が投稿されています。\n\n 今回の動画は、KVTさんの絵を見た参列者たちの反応です。KVTさんの依頼料は6000ドル（記事執筆時点のレートで日本円約90万円）と安いとは言えない額ですが、完成した絵と参列者の反応を見ると、金額以上の価値があることが伝わってきます。\nたくさんの人を幸せにする絵\n結婚式にふさわしいドレスアップした服装でサラサラと目の前で進行中の式の様子を絵にしていくKVTさん。描いている途中の絵からも、KVTさんの確かな技術が読み取れますね。\n\n 絵を見た参列者たちは、目の前の式がそのまま落とし込まれた作品に「見てこの絵！ 泣いちゃう」「信じられない」「式そのままじゃない！」「彼女ここで描き始めたのよ！」と口々に感想を言い合います。また、KVTさんに直接「あなたの仕事は素晴らしい」と伝える男性の姿も見られました。\n\n 絵を見て驚いたり感動したりする新郎新婦や参列者の姿を見ると、KVTさんの仕事が多くの人を幸せにしていることは一目瞭然です。感動で涙を流す人の姿を見ると、こちらもウルッときてしまいますね。\n\n KVTさんは「結婚式のライブペインティングの料金は場所や経験、個人のスタイルによって異なります」と動画にコメント。モデルとなる新郎新婦や参列者はもちろんじっとしていませんし、屋外では風が吹いたり思わぬトラブルがあったりもするでしょう。その中で絵を完成させていくのですから、相当の技術が必要なはず。こうしてライブで描けるようになるまでのKVTさんの努力の日々を考えると、この依頼料にも納得です。\nたくさんのコメントが寄せられる\nコメント欄では「説明不要。90万円かかる理由がわかる。結婚式のライブペインティングという言葉だけでも理解できる」「制作にかかった時間に対して支払うのではなく、彼らの経験やスキル、才能、このレベルの技術を習得するのにかかった時間に対して支払うのです！」「90万円でも十分ではないように感じる」などの声が見られました。結婚式のライブペインティングのすばらしさに、多くの人が称賛の声を送った動画でした。\nねとらぼ,['https://newsatcl-pctr.c.yimg.jp/t/amd-img/20241026-00000005-it_nlab-000-1-view.jpg?pri=l&w=361&h=640&exp=10800'],"['https://news.yahoo.co.jp/articles/bf9b66690ddfef35b986f424245abeeca3ed6d70/images/000', 'https://nlab.itmedia.co.jp/nl/articles/2410/26/news005_2.html#utm_source=yahoo_v3&utm_medium=feed&utm_campaign=20241026-005&utm_term=it_nlab-life&utm_content=embed']"
【地元の40～60代が選んだ】子どもを入学させたい「長野県の公立高校」ランキング！　2位は「松本深志高校」、1位は？（ねとらぼ）,https://news.yahoo.co.jp/articles/7b38bc75bcea62bfe66b49e85b571068672ea39a,https://newsatcl-pctr.c.yimg.jp/t/amd-img/20241026-10098793-it_nlab-000-1-view.jpg?exp=10800,2024-10-26T16:30:00+09:00,2024-10-26T16:30:00+09:00,ねとらぼ,it_nlab,ねとらぼ,1533,\n画像はイメージです（画像：PIXTA）\nねとらぼでは、アンケートサイトの「ボイスノート」協力のもと、地元の40～60代を対象に「子どもを入学させたい長野県の公立高校」というテーマでアンケートを実施しました。\n【画像：ランキング11位～1位を見る】\n「子どもを入学させたい」と長野県に住む40～60代の人々から支持されたのは長野県のどの公立高校だったのでしょうか。さっそくランキングを上位から見ていきましょう。\n●第4位：諏訪清陵高校\n同率4位は得票率7.2%の「諏訪清陵高校」でした。諏訪市に位置する高校で、130年近い歴史をほこる県下有数の伝統校。「質実剛健の気質」「自主独立の精神」を校風の基調とし、創造力豊かな人間性の育成を実践。また、中南信地区のモデル校となる「附属中学校」も開校しています。\n\n 新しい教育へ積極的にチャレンジし、文部科学省から「スーパーサイエンスハイスクール（SSH）」の指定を受けるなど、生徒にさまざまな勉強の機会を与えている高校です。勉強熱心な生徒が多く、例年、卒業生のうち約半数が国公立大学へ進学し、現役合格率は私立大学を含めると約70％になると公表されています。\n●第4位：上田高校\n同じく4位に選ばれたのは「上田高校」でした。上田市に位置する高校で、江戸時代に上田藩主の居館であった場所に現在の校地があることで有名です。\n\n 2015年には文部科学省から「SGH（スーパーグローバルハイスクール）」に指定され、国際的に活躍できるグローバル・リーダーの育成を行い、高い評価を得ました。この取り組みが評価され、さらに「WWL（ワールド・ワイド・ラーニング）コンソーシアム構築支援事業」における、カリキュラム開発拠点校にも指定されました。このような時代の先端を行く教育を実践している高校として、高い人気を集めています。\n●第3位：松本県ケ丘高校\n第3位は得票率9.2%の「松本県ケ丘高校」でした。松本市に位置する高校で、縣陵三大精神として「質実剛健であれ」「大道を闊歩せよ」「弱音を吐くな」を掲げています。\n\n 普通科、自然探究科、国際探究科を用意し、地域や時代の要請に応えて常に新しい教育を導入。大学・企業などと連携して、探究的な学びを核としたカリキュラムを展開しているほか、進路に応じた科目を選択できる進学型単位制も取り入れています。生徒が自分で企画する「個別海外研修」も行うなど、自由に学べる環境を整えている高校です。\n●第2位：松本深志高校\n第2位は得票率19.8%の「松本深志高校」でした。松本市に位置する高校で、最寄り駅はJRの北松本駅と松本駅です。\n\n 1年次は全ての生徒が共通のカリキュラムですが、2年次からは「人文科学」「自然科学特別探求」「自然科学」の3コースに分かれて、それぞれの進路に合わせた学習をはじめます。特に自然科学特別探求コースでは、理科3領域すべてを網羅するカリキュラムを実施。医学部医学科を志望する生徒や、大学で分野横断的な研究を行いたい生徒たちが、幅広い見方や考え方を身に着けられます。\n●第1位：長野高校\n第1位は得票率25.1%の長野市にある「長野高校」でした。長野高校へのアクセスは、長電バス「長野高校」停留所から徒歩約3分、長野電鉄「本郷駅」から徒歩約15分となっています。\n\n 文部科学省「地域との協働による高等学校教育改革推進事業(グローカル型)」に指定された経験を持ち、現在でも「長野グローカルプロジェクト」が進行中。フィールドワークや英語プロジェクト発表会などを通して、実践的な学びの機会を作り出しています。\noMi/高橋マナブ,['https://newsatcl-pctr.c.yimg.jp/t/amd-img/20241026-10098793-it_nlab-000-1-view.jpg?pri=l&w=640&h=426&exp=10800'],"['https://news.yahoo.co.jp/articles/7b38bc75bcea62bfe66b49e85b571068672ea39a/images/000', 'https://nlab.itmedia.co.jp/research/articles/3091487/2#utm_source=yahoo_v3&utm_medium=feed&utm_campaign=20241026-10098793&utm_term=it_nlab-life&utm_content=img']"
「今ライブが注目されているアーティスト」ランキング！　2位は「Mrs. GREEN APPLE」、1位は？【2024年10月22日時点／LiveFans調べ】（ねとらぼ）,https://news.yahoo.co.jp/articles/6f60a1a726ff5d8bd4d67d7594bc3a9fb6e65c6b,https://newsatcl-pctr.c.yimg.jp/t/amd-img/20241026-10099014-it_nlab-000-1-view.jpg?exp=10800,2024-10-26T15:50:00+09:00,2024-10-26T15:50:00+09:00,ねとらぼ,it_nlab,ねとらぼ,927,\n出典：Amazon.co.jp\nセットリストやライブ・フェス情報、ライブレポートなど、ライブが楽しくなる情報を提供するサイト「LiveFans」。好きなアーティストの公演情報などをクリップしてチェックしたり、スマートフォンアプリと連動して端末内の楽曲をセットリスト順に再生したりするなど、使いかたはさまざまです。\n【画像：ランキング20位～1位を見る】\n今回はそんな「LiveFans」の協力のもと、サイト上に登録されているアーティストのアクセスランキングを紹介していきます。ユーザーから注目されたのはどのアーティストだったのでしょうか？ 早速見ていきましょう。なお、ランキングは2024年10月22日付のものとなっています。\n\n（出典：音楽ライブ情報サービス「LiveFans」（運営：株式会社SKIYAKI））\n●第2位：Mrs. GREEN APPLE\n第2位に選ばれたのは「Mrs. GREEN APPLE」です。2015年にメジャーデビューしたバンドで、「ケセラセラ」「ダンスホール」「青と夏」などヒット曲を連発。日本のバンド史上最年少でスタジアムツアーを開催し、国民的な人気を獲得しています。\n\n 現在バンドは、世界最大級の音楽特化型アリーナであるKアリーナ横浜にて「Mrs. GREEN APPLE on “Harmony”」を開催中。計10公演で約20万人の動員を予定しているイベントとなります。\n●第1位：Mr.Children\n第1位に輝いたのは「Mr.Children」でした。1992年にメジャーデビューしたバンドで、「CROSS ROAD」「innocent world」「Tomorrow never knows」「名もなき詩」など、これまで大ヒット曲を発表。大規模なツアーも数多く行っています。\n\n 現在は、2024年7月から全国アリーナツアー「Mr.Children tour 2024 miss you arena tour」を開催中。終盤に差し掛かっているツアーで、2024年10月26日、27日にはKアリーナ横浜でライブが行われ、11月の大阪城ホール公演まで続く予定です。\n高橋マナブ,['https://newsatcl-pctr.c.yimg.jp/t/amd-img/20241026-10099014-it_nlab-000-1-view.jpg?pri=l&w=640&h=426&exp=10800'],"['https://news.yahoo.co.jp/articles/6f60a1a726ff5d8bd4d67d7594bc3a9fb6e65c6b/images/000', 'https://nlab.itmedia.co.jp/research/articles/3092867/2#utm_source=yahoo_v3&utm_medium=feed&utm_campaign=20241026-10099014&utm_term=it_nlab-ent&utm_content=img']"
「2週間前とは別人みたい」　大谷翔平が“ワールドシリーズ仕様”の秋コーデ身にまとう　「目がバッキバキ」（ねとらぼ）,https://news.yahoo.co.jp/articles/902aed97d544716c0557f6e0d5faee6fb0afcd16,https://newsatcl-pctr.c.yimg.jp/t/amd-img/20241026-00000081-it_nlab-000-1-view.jpg?exp=10800,2024-10-26T15:03:17+09:00,2024-10-26T15:03:17+09:00,ねとらぼ,it_nlab,ねとらぼ,560,\n秋コーデに身を包んだ大谷選手（画像はドジャース公式Instagramから）\nロサンゼルス・ドジャースの大谷翔平選手は、10月26日（日本時間）に行われたニューヨーク・ヤンキースとのワールドシリーズ初戦に出場。試合前には秋らしいコーディネートに身を包んだ姿で登場しました。\n【画像】「別人みたい」な約2週間前の大谷選手\n秋らしい雰囲気が漂う\nMLB公式X（Twitter）は「大谷翔平が初のワールドシリーズの戦いに臨む」というコメントとともに、大谷選手の写真を投稿。ライトブラウンのジャケットに黒のシャツ、グレーのパンツというシンプルなコーディネートで、秋らしい雰囲気を漂わせていました。なお、ドジャース公式Instagramも大谷選手の秋コーデを捉えた写真を投稿しています。\n\n 自身初のワールドシリーズを前にした姿に、ファンからは「何を着ても似合う」「目がバッキバキ」「秋仕様しか勝たん」といった声が。一方で、10月上旬の試合前に着ていた服装は、今回よりもタイトなシルエットだったこともあり、「2週間前とは別人みたい」といった感想も聞かれました。\n\n 大谷選手はヤンキース戦に1番DHで出場。8回には同点の足掛かりとなるツーベースを放つなど、チームの6-3のサヨナラ勝ちに貢献しました。\nねとらぼ,['https://newsatcl-pctr.c.yimg.jp/t/amd-img/20241026-00000081-it_nlab-000-1-view.jpg?exp=10800'],"['https://news.yahoo.co.jp/articles/902aed97d544716c0557f6e0d5faee6fb0afcd16/images/000', 'https://nlab.itmedia.co.jp/nl/articles/2410/26/news072_2.html#utm_source=yahoo_v3&utm_medium=feed&utm_campaign=20241026-081&utm_term=it_nlab-life&utm_content=embed']"
「静岡県で人気の醤油ラーメン」ランキング！　2位は朝ラーメンを楽しめる「らぁ麺 ここん」、1位は？【2024年10月版】（ねとらぼ）,https://news.yahoo.co.jp/articles/914eead0e6b83813e2a08013213a204265d9a0e2,https://newsatcl-pctr.c.yimg.jp/t/amd-img/20241026-10098598-it_nlab-000-1-view.jpg?exp=10800,2024-10-26T15:00:00+09:00,2024-10-26T15:00:00+09:00,ねとらぼ,it_nlab,ねとらぼ,775,\n画像はイメージです（画像：PIXTA）\n自身が訪れた場所について評価とクチコミなどの投稿を通じて、自らの体験を共有できるGoogleマップ。経路の検索以外にも、より良いお店探しのツールとして活用できます。今回は静岡県でおすすめの醤油ラーメンを探している人に向けて、Googleマップ上で人気のお店を紹介します。\n【画像：ランキング10位～1位を見る】\nなおこのランキングは、Googleマップに寄せられた「ユーザー評価」「クチコミ件数」「価格フィルタ」「評価フィルタ」などに基づいて作成された、2024年10月21日時点のものです。ではさっそく上位の結果を見ていきましょう。\n●第2位：Soupmen（4.3pt／538クチコミ）\n第2位は「Soupmen」でした。JR焼津駅から徒歩1分ほどの場所にある、全国的にも珍しい牡蠣（かき）を使ったラーメンを提供するお店です。数あるメニューの中でも「金豚王牡蠣塩らぁ麺味玉入り」は、レアに仕上げられた大判な金豚チャーシューがのった一杯として人気を集めています。\n\n また、「鶏醤油らぁ麺味玉入り」や「鶏醤油らぁ麺『金豚王』チャーシュー味玉入り」など醤油ラーメンもラインアップされています。\n●第1位：おくに / らーめん（4.3pt／560クチコミ）\n第1位は静岡市葵区の「おくに／らーめん」でした。自然素材をベースにコク深い味を目指した、ヘルシーで健康的なラーメンが特徴のお店。食材には​地元の魚介や、無農薬野菜を使い、しっかりとしたうまみが感じられます。丸鷄（まるどり）ダシのみの「丸鷄 塩・醤油」に加え、丸鷄と魚介のトリプルスープを楽しめる「おくに／らーめん 塩・醤油」を提供。つけめんメニューや、辛いもの好きにはうれしい「辛担めん」メニューなども用意されています。\nMEN蔵,['https://newsatcl-pctr.c.yimg.jp/t/amd-img/20241026-10098598-it_nlab-000-1-view.jpg?pri=l&w=640&h=426&exp=10800'],"['https://news.yahoo.co.jp/articles/914eead0e6b83813e2a08013213a204265d9a0e2/images/000', 'https://nlab.itmedia.co.jp/research/articles/3091222/2#utm_source=yahoo_v3&utm_medium=feed&utm_campaign=20241026-10098598&utm_term=it_nlab-life&utm_content=img']"
「愛媛県で人気の寿司」ランキング！　2位は寿司も一品料理もおいしい「大平寿司 本店」、1位は？【2024年10月版】（ねとらぼ）,https://news.yahoo.co.jp/articles/7758c2a8400d902076a16853a27312c9c268cdb5,https://newsatcl-pctr.c.yimg.jp/t/amd-img/20241026-10099007-it_nlab-000-1-view.jpg?exp=10800,2024-10-26T14:45:00+09:00,2024-10-26T14:45:00+09:00,ねとらぼ,it_nlab,ねとらぼ,585,\n画像はイメージです（画像：PIXTA）\n自身が訪れた場所について評価とクチコミなどの投稿を通じて、自らの体験を共有できるGoogleマップ。経路の検索以外にも、より良いお店探しのツールとして活用できます。今回は愛媛県でおすすめの寿司を探している人に向けて、Googleマップ上で人気のお店を紹介します。\n【画像：「愛媛県で人気の寿司」ランキング20位～1位を見る】\nなおこのランキングは、Googleマップに寄せられた「ユーザー評価」「クチコミ件数」「価格フィルタ」「評価フィルタ」などに基づいて作成された、2024年10月24日時点のものです。ではさっそく上位の結果を見ていきましょう。\n●第2位：大平寿司 本店（4.5pt／122クチコミ）\n第2位は松山市の「大平寿司 本店」でした。勝山町駅から徒歩数分の場所にあるお店。長いカウンター席では、和やかな雰囲気で寿司を楽しめます。新鮮なネタはもちろんのこと、旬の素材の天ぷらや一品料理もおいしいと評判です。\n●第1位：くるますし（4.6pt／126クチコミ）\n第1位は松山市の「くるますし」でした。気品あふれる空間で、愛媛県ならではの海の幸を楽しむことができる寿司店です。一品料理も握りも、確かな技術が感じられると高評価。お店のサイトからオンラインで予約が可能なのもうれしいポイントです。\nとらくろ,['https://newsatcl-pctr.c.yimg.jp/t/amd-img/20241026-10099007-it_nlab-000-1-view.jpg?pri=l&w=640&h=426&exp=10800'],"['https://news.yahoo.co.jp/articles/7758c2a8400d902076a16853a27312c9c268cdb5/images/000', 'https://nlab.itmedia.co.jp/research/articles/3094367/2#utm_source=yahoo_v3&utm_medium=feed&utm_campaign=20241026-10099007&utm_term=it_nlab-life&utm_content=img']"
【九州沖縄在住者に聞いた】「かっこいいと思う福岡ソフトバンクホークスの選手」ランキング！　第2位は「周東佑京」、1位は？（ねとらぼ）,https://news.yahoo.co.jp/articles/3a4dd1bcf857043c32d862ce5e65f6bc8b8ac951,https://newsatcl-pctr.c.yimg.jp/t/amd-img/20241026-10099008-it_nlab-000-1-view.jpg?exp=10800,2024-10-26T14:40:00+09:00,2024-10-26T14:40:00+09:00,ねとらぼ,it_nlab,ねとらぼ,1073,\n出典：Amazon.co.jp\n本日、10月24日はプロ野球の日本一を決める「SMBC日本シリーズ2024」の第1戦です。1949年にプロ野球がセ・リーグとパ・リーグによる2リーグ制となった翌年、1950年に第1回が開催されて以降、これまで日本野球史に残る数々の名勝負が繰り広げられてきました。\n【画像：ランキング8位～1位を見る】\n今シーズンの日本シリーズは、セリーグ王者の「横浜DeNAベイスターズ」とパリーグ王者の「福岡ソフトバンクホークス」が対戦。果たして日本一の称号を手にするのはどちらのチームなのでしょうか。\n\n 今回は、日本シリーズの開催にちなんで、『【九州沖縄在住者に聞いた】「かっこいいと思う福岡ソフトバンクホークスの選手」ランキング』を紹介します。このランキングはアンケートサイト「ボイスノート」の協力のもと、九州・沖縄地方在住の男女を対象に「かっこいいと思う福岡ソフトバンクホークスの選手」というテーマでアンケート調査を実施したもの。\n\n 九州・沖縄在住者から支持を集めたのは、どの選手だったのでしょうか。さっそくランキングを見ていきましょう！\n●第2位：周東佑京\n第2位は、得票率10.3％の周東佑京選手でした。\n\n 2017年の育成選手ドラフト2位でソフトバンクに入団した周東選手は、2年目に支配下登録を勝ち取ると、3年目の2020年には50盗塁で盗塁王を獲得しました。今季も41盗塁で盗塁王を獲得するなど、リードオフマンとしてチームをけん引し、4年ぶりのリーグ優勝に大きく貢献しています。\n\n 「一塁でも得点圏」と称されるほどの俊足を持つ、球界のスピードスター。卓越した走塁技術はもちろん、足の速さを生かした外野守備も支持を集めたのではないでしょうか。\n●第1位：柳田悠岐\n第1位は、得票率12.8％の柳田悠岐選手でした。\n\n 2010年のドラフト2位でソフトバンクに入団した柳田選手は、4年目となる2014年には全144試合に出場。2015年にはトリプルスリーを達成し、首位打者・最高出塁率に加え、MVPにも輝くなどチームの日本一に大きく貢献しました。その後もパ・リーグを代表する強打者として、数々のタイトルを獲得しています。\n\n 類まれなスイングスピードとミート力を持ち、広角に強い打球を飛ばせるパワフルなバッティングが魅力。今季はケガのため、試合に出場する機会は少なかったものの、10月には戦線に復帰。魅力的なプレースタイルでファンを楽しませてくれています。\nセンター,['https://newsatcl-pctr.c.yimg.jp/t/amd-img/20241026-10099008-it_nlab-000-1-view.jpg?pri=l&w=640&h=480&exp=10800'],"['https://news.yahoo.co.jp/articles/3a4dd1bcf857043c32d862ce5e65f6bc8b8ac951/images/000', 'https://nlab.itmedia.co.jp/research/articles/3089341/2#utm_source=yahoo_v3&utm_medium=feed&utm_campaign=20241026-10099008&utm_term=it_nlab-ent&utm_content=img']"
【甲信越版】「住み続けたい街」ランキング！　2位は「長野県上高井郡小布施町」、1位は？（ねとらぼ）,https://news.yahoo.co.jp/articles/1f5b93198e7a29a87ea2be4398bc0905f74cc3b1,https://newsatcl-pctr.c.yimg.jp/t/amd-img/20241026-10098917-it_nlab-000-1-view.jpg?exp=10800,2024-10-26T14:25:00+09:00,2024-10-26T14:25:00+09:00,ねとらぼ,it_nlab,ねとらぼ,985,\n画像はイメージです（画像：写真AC）\n「大東建託」は甲信越居住の20歳以上の男女を対象に、「街の住みここち」に関する調査を実施し、その結果をランキングとして発表しました。今回はその中から「住み続けたい街（自治体）」のランキングを紹介します。\n【画像：ランキング30位～1位を見る】\nランキングには2020年から2024年までの回答を累積したデータを使用し、回答者が50人以上の自治体を集計対象としています。多くの居住者から「住み続けたい街（自治体）」として支持されていたのはどこだったのでしょうか。さっそく見ていきましょう。\n\n（出典元：住み続けたい街 自治体ランキング＜甲信越版＞｜街の住みここち＆住みたい街ランキング 2024｜いい部屋ネット）\n●第2位：長野県上高井郡小布施町\n第2位は「長野県上高井郡小布施町」でした。\n\n 長野県北東部に位置する小布施町は、人口約1万1000人の、長野県でいちばん小さな町。長野電鉄の小布施駅や都住駅のほか、上信越自動車道・小布施スマートインターチェンジが立地しており、県内外からのアクセスにも優れています。「北斎」「栗」「花」の町として知られ、景観も美しいことから、人口の100倍にもあたる観光客が訪れる町でもあります。古くから「内は自分のもの、外はみんなのもの」という考え方があり、「おぶせオープンガーデン」の看板があるお庭であれば、自由に出入りできるという取り組みも行われています。居住者からは、「町に文化を感じる」「イベントが多い」といったコメントが寄せられました。\n●第1位：長野県北安曇郡白馬村\n第1位は「長野県北安曇郡白馬村」でした。昨年の調査では、累計回答者数が50人未満だったことから集計対象外でしたが、今年は初登場で第1位を獲得しています。\n\n 長野県北西部、北アルプスのふもとに位置する村で、1998年に開催された長野オリンピックではジャンプ競技の会場となったことから、世界にもその名前が知られるようになりました。2023年には、「ベスト・ツーリズム・ビレッジ」にも選ばれ、地域資源を活用した村づくりを進めています。居住者からは、「自然豊かで時間の流れがゆっくり」「自然が豊かで子育てによい環境だと思う」など、豊かな自然環境を評価するコメントが寄せられています。\n波止場の鯱,['https://newsatcl-pctr.c.yimg.jp/t/amd-img/20241026-10098917-it_nlab-000-1-view.jpg?pri=l&w=640&h=426&exp=10800'],"['https://news.yahoo.co.jp/articles/1f5b93198e7a29a87ea2be4398bc0905f74cc3b1/images/000', 'https://nlab.itmedia.co.jp/research/articles/3084444/2#utm_source=yahoo_v3&utm_medium=feed&utm_campaign=20241026-10098917&utm_term=it_nlab-life&utm_content=img']"
「静岡県で人気の寿司」ランキング！　2位は松崎町にある寿司と海鮮料理が楽しめるお店「久遠」、1位は？【2024年10月版】（ねとらぼ）,https://news.yahoo.co.jp/articles/86739185e91208ea59d4d281fca93cb723856ecd,https://newsatcl-pctr.c.yimg.jp/t/amd-img/20241026-10098879-it_nlab-000-1-view.jpg?exp=10800,2024-10-26T14:00:00+09:00,2024-10-26T14:00:00+09:00,ねとらぼ,it_nlab,ねとらぼ,685,\n画像：PIXTA （画像はイメージです）\n自身が訪れた場所について評価とクチコミなどの投稿を通じて、自らの体験を共有できるGoogleマップ。経路の検索以外にも、より良いお店探しのツールとして活用できます。今回は静岡県でおすすめの寿司を探している人に向けて、Googleマップ上で人気のお店を紹介します。\n【画像：「静岡県で人気の寿司」ランキング20位～1位を見る】\nなおこのランキングは、Googleマップに寄せられた「ユーザー評価」「クチコミ件数」「価格フィルタ」「評価フィルタ」などに基づいて作成された、2024年10月23日時点のものです。ではさっそく上位の結果を見ていきましょう。\n●第2位：久遠（4.5pt／289クチコミ）\n第2位は賀茂郡松崎町の「久遠」でした。東京の江戸前鮨店で修業を積んだ店主が地元にオープンしたお店。素材も技術も絶品のお寿司のほか、ランチにはちらしずしや天丼といったごはんもの、夜には海鮮をふんだんに使ったおつまみなども提供しています。旅行客におすすめの、ちょっとぜいたくなコースメニューなどもあり、地元の人にも遠方からの人にも愛されるお店です。\n●第1位：お食事処 山正（4.5pt／983クチコミ）\n第1位は沼津市平町の「山正」でした。JR沼津駅から徒歩圏内の場所にある、新鮮な魚介類や天日干しの干物といったメニューを提供するお店。握り寿司やお刺身から、丼ものや干物などの一品料理まで、非常に豊富なメニュー数が魅力です。特にランチ時には握り寿司やちらし寿司のほか、豪華な海鮮丼や干物定食も人気です。\nRAKKO,['https://newsatcl-pctr.c.yimg.jp/t/amd-img/20241026-10098879-it_nlab-000-1-view.jpg?pri=l&w=640&h=425&exp=10800'],"['https://news.yahoo.co.jp/articles/86739185e91208ea59d4d281fca93cb723856ecd/images/000', 'https://nlab.itmedia.co.jp/research/articles/3093348/2#utm_source=yahoo_v3&utm_medium=feed&utm_campaign=20241026-10098879&utm_term=it_nlab-life&utm_content=img']"
【40～50代に聞いた】「積立貯金におすすめの銀行」ランキング！　第2位は「ゆうちょ銀行」、1位は？（ねとらぼ）,https://news.yahoo.co.jp/articles/48d1af143f818de3b94d94f0c4deab0a1fb48daf,https://newsatcl-pctr.c.yimg.jp/t/amd-img/20241026-10099111-it_nlab-000-1-view.jpg?exp=10800,2024-10-26T13:50:00+09:00,2024-10-26T13:50:00+09:00,ねとらぼ,it_nlab,ねとらぼ,594,\n画像：PIXTA（画像はイメージです）\nねとらぼではアンケートサイトの「ボイスノート」協力のもと、全国の40～50代を対象に「積立貯金におすすめの銀行」というテーマでアンケートを実施しました。\n【画像：ランキング18位～1位を見る】\n全国の40～50代の人から積立貯金におすすめと支持されているのは、どの銀行だったのでしょうか。さっそく、ランキングを見ていきましょう！\n●第2位：ゆうちょ銀行\n第2位は、得票率21.8%の「ゆうちょ銀行」でした。日本郵政グループの銀行です。\n\n ゆうちょ銀行では、「自動積立定額貯金」「自動積立定期貯金」と、2種類の積立貯金を用意しています。通常貯金から自動的、もしくは定期的な積み立てが可能です。また、ゆうちょ銀行は総店舗数が多いことも特徴。自宅の近くなど、最寄りの郵便局で積立貯金の申し込み手続きができるため、利便性に優れています。\n●第1位：楽天銀行\n第1位は、得票率23.0%の「楽天銀行」でした。「イーバンク銀行」を前身とし、2010年から現在の商号に変更された楽天グループの銀行です。\n\n 楽天銀行の積立貯金は、預入金額を1000円以上としています。また、預入金額を1円単位で細かく設定できるほか、ボーナスの受取月などの指定したタイミングで多めに預け入れることができる“増額設定オプション”も魅力です。\n長谷川優人,['https://newsatcl-pctr.c.yimg.jp/t/amd-img/20241026-10099111-it_nlab-000-1-view.jpg?pri=l&w=640&h=426&exp=10800'],"['https://news.yahoo.co.jp/articles/48d1af143f818de3b94d94f0c4deab0a1fb48daf/images/000', 'https://nlab.itmedia.co.jp/research/articles/3091743/2#utm_source=yahoo_v3&utm_medium=feed&utm_campaign=20241026-10099111&utm_term=it_nlab-life&utm_content=img']"
【関東在住者が選んだ】関関同立・産近甲龍の中で「ネームバリューが強いと思う大学」ランキング！　2位は「立命館大学」、1位は？（ねとらぼ）,https://news.yahoo.co.jp/articles/04978a22216b0775bb91545a5cbe06948123e19c,https://newsatcl-pctr.c.yimg.jp/t/amd-img/20241026-10098656-it_nlab-000-1-view.jpg?exp=10800,2024-10-26T14:35:00+09:00,2024-10-26T14:35:00+09:00,ねとらぼ,it_nlab,ねとらぼ,1554,\n画像はイメージです（画像：写真AC）\nねとらぼではアンケートサイトの「ボイスノート」協力のもと、関東在住者を対象に「関関同立・産近甲龍の中でネームバリューが強いと思う大学」というテーマでアンケートを実施しました。\n【画像：ランキング8位～1位を見る】\n関関同立は関西大学・関西学院大学・同志社大学・立命館大学、産近甲龍は京都産業大学・近畿大学・甲南大学・龍谷大学の頭文字を取った総称です。そんな8大学の中で、関東在住者から「ネームバリューが強いと思う」と支持されたのは、どの大学だったのでしょうか。それではランキングを見ていきましょう！\n●第5位：関西学院大学\n第5位は「関西学院大学」でした。兵庫県西宮市に本部を置く関西学院大学は、1889年に創立された関西学院を前身とし、大学令によって1932年に設置された私立大学です。\n\n 赤い瓦屋根とクリーム色の外壁の建築様式スパニッシュ・ミッション・スタイルで統一された美しい校舎が特徴。また、日本IBMと共同でカリキュラムを開発したAI活用人材育成プログラムをはじめ、魅力的なプログラムを提供しているほか、99.7％と非常に高い就職率を誇ります。\n●第4位：近畿大学\n第4位は「近畿大学」でした。大阪府東大阪市に本部を置く近畿大学は、1925年創立の大阪専門学校と1943年創立の大阪理工科大学を母体とし、新学制によって1949年に設置された私立大学です。\n\n 西日本に6つのキャンパスを展開し、水産研究所や原子力研究所など、さまざまな研究施設を持つ近畿大学。西日本の私立大学最大級の総面積を誇り、教育施設が充実しています。また、近大マグロをはじめとする研究・教育が注目されていることもあり、一般入試ののべ志願者数が11年連続で日本一となるなど、非常に高い知名度を誇る大学です。\n●第3位：関西大学\n第3位は「関西大学」でした。大阪府吹田市に本部を置く関西大学は、1886年に創立された関西法律学校を前身とし、大学令によって1922年に設置された私立大学です。\n\n 関西初の法律学校として設立された、創立138年を誇る伝統校。13学部を擁する総合大学で、リクルート進学総研の「進学ブランド力調査」において、関西エリアの「志願したい大学」部門で17年連続となる1位を獲得するなど、非常に高い人気を誇っています。また、2023年度卒業生の就職率は98.6％と、就職に強い点も支持を集めた要因ではないでしょうか。\n●第2位：立命館大学\n第2位は「立命館大学」でした。1900年に創立された「私立京都法政学校」をルーツに持つ大学で、1913年に「私立立命館大学」に改称、1922年に大学令によって「立命館大学」となりました。イギリスの大学評価機関「Times Higher Education（THE）」が2024年6月12日に発表した「THEインパクトランキング2024」では総合評価で世界「201-300位」にランクインし、国内の私立大学で1位タイを獲得しています。\n●第1位：同志社大学\n第1位は「同志社大学」でした。1875年に同志社大学の前身となる「官許同志社英学校」が開校。1912年の専門学校令によって現在の同志社大学となりました。\n\n 京都市に位置する今出川キャンパスの特徴の一つに、れんが造りの建築物が立ち並んでいることがあげられます。クラーク記念館、ハリス理化学館、同志社礼拝堂（チャペル）など、複数の重要文化財と登録有形文化財があり、歴史と伝統を感じられるキャンパスとなっています。学業などの実績だけでなく、美しいキャンパスも「ネームバリューが強い」と思われた一因かもしれません。\noMi/センター,['https://newsatcl-pctr.c.yimg.jp/t/amd-img/20241026-10098656-it_nlab-000-1-view.jpg?pri=l&w=640&h=426&exp=10800'],"['https://news.yahoo.co.jp/articles/04978a22216b0775bb91545a5cbe06948123e19c/images/000', 'https://nlab.itmedia.co.jp/research/articles/3089061/2#utm_source=yahoo_v3&utm_medium=feed&utm_campaign=20241026-10098656&utm_term=it_nlab-life&utm_content=img']"
【60代以上の女性が選ぶ】「HYBE所属のアーティスト」人気ランキング！　第2位は「TOMORROW X TOGETHER」、1位は？（ねとらぼ）,https://news.yahoo.co.jp/articles/1edf00093e67641f28ad7e90235bd12e405dda87,https://newsatcl-pctr.c.yimg.jp/t/amd-img/20241026-10098980-it_nlab-000-1-view.jpg?exp=10800,2024-10-26T13:40:00+09:00,2024-10-26T13:40:00+09:00,ねとらぼ,it_nlab,ねとらぼ,786,\n出典：Amazon.co.jp\nねとらぼでは、2024年6月8日～6月15日の間に「好きなHYBE所属のアーティストは？」というテーマでアンケートを実施していました。韓国の大手芸能事務所「HYBE」には、日本でも人気が高いさまざまなグループ・アーティストが所属しています。\n【画像：ランキング9位～1位を見る】\n本記事では、寄せられた投票の中から「60代以上の女性」の結果に絞ったランキングを紹介。全国の60代以上の女性から人気を集めたHYBE所属のアーティストは誰だったのでしょうか。さっそく結果を見ていきましょう！\n●第2位：TOMORROW X TOGETHER\n第2位は、「TOMORROW X TOGETHER」でした。2019年にデビューした5人組ボーイズグループで、一糸乱れぬシンクロダンスなどのパフォーマンスが魅力です。\n\n 日本では音楽番組への出演のほか、2024年7月から初のドームツアーを開催。2024年11月4日にはミニアルバム「The Star Chapter: SANCTUARY」を発売予定で、さらに人気を集めそうです。\n●第1位：BTS\n第1位には「BTS」が選ばれました。2013年にデビューした7人組のボーイズグループで、2014年にシングル「NO MORE DREAM -Japanese Ver.-」で日本デビュー。ハイクオリティーな楽曲とパフォーマンスで、日本でも大ブレークを果たします。\n\n 「Dynamite」「Butter」「Permission to Dance」がアメリカのシングルチャート「Billboard Hot 100」で1位を獲得するなど、世界的にも活躍。また、メンバーのJINさんが2024年11月15日にソロデビューアルバム「Happy」のリリースを予定しています。\n高橋マナブ,['https://newsatcl-pctr.c.yimg.jp/t/amd-img/20241026-10098980-it_nlab-000-1-view.jpg?pri=l&w=640&h=640&exp=10800'],"['https://news.yahoo.co.jp/articles/1edf00093e67641f28ad7e90235bd12e405dda87/images/000', 'https://nlab.itmedia.co.jp/research/articles/3090653/2#utm_source=yahoo_v3&utm_medium=feed&utm_campaign=20241026-10098980&utm_term=it_nlab-ent&utm_content=img']"
【大阪府民が選ぶ】学び直しに行ってみたい「近畿地方の私立大学」ランキング！　2位は「近畿大学」、1位は？（ねとらぼ）,https://news.yahoo.co.jp/articles/977d5c13e977c9189e64a468a4611bb33de3af00,https://newsatcl-pctr.c.yimg.jp/t/amd-img/20241026-10098822-it_nlab-000-1-view.jpg?exp=10800,2024-10-26T14:15:00+09:00,2024-10-26T14:15:00+09:00,ねとらぼ,it_nlab,ねとらぼ,1409,\n画像：同志社大学\nねとらぼではアンケートサイト「ボイスノート」の協力のもと、大阪府民を対象に「学び直しに行ってみたい近畿地方の私立大学は？」というテーマでアンケートを実施しました。\n【画像：ランキング11位～1位を見る】\n大阪府民から「学び直しに行ってみたい」と支持を集めたのは、どの私立大学だったのでしょうか。さっそくランキングを見ていきましょう！\n\n なお、アンケート対象の大学は、文部科学省のサイトを参考にリストアップしています。\n●第5位：関西学院大学\n第5位は「関西学院大学」でした。得票率は6.0％です。1889年に創立された関西学院（かんせいがくいん）を前身とする関西学院大学は、兵庫県西宮市に本部を置く私立大学です。\n\n 2021年には理学部・工学部・生命環境学部・建築学部の理系4学部を新設し、2024年時点で14学部14研究科を設置。学部学科での学びに加えて「AI活用人材育成プログラム」や「高度な研究プロジェクト」など、特色ある教育プログラムを提供しています。\n●第3位：関西大学\n第3位は得票率7.1％で2校が選ばれました。1校目は「関西大学」です。大阪府吹田市に本部を置く関西大学は、1886年に設立された関西法律学校を前身としています。\n\n 関西大学は2023年に吹田みらいキャンパスを新設。2024年時点で13学部15研究科を有し、2025年にはAIやデータサイエンスなどの深い理解や課題発掘、その解決を図り新しい価値を創出できる人材の育成を目的としたビジネスデータサイエンス学部が開設される予定です。\n●第3位：立命館大学\n同率3位に「立命館大学」も選ばれました。京都府京都市中京区に本部を置く立命館大学は、1900年に設立された京都法政学校を前身とする私立大学です。\n\n イギリスの教育専門誌『Times Higher Education（THE）』が2023年3月に公表した大学ランキング「THE日本大学ランキング」では、立命館大学が31位にランクイン。特に「教育充実度」分野において高い評価を得ています。\n●第2位：近畿大学\n第2位に選ばれたのは、得票数7.6％を獲得した「近畿大学」でした。近畿大学は「実学教育」と「人格の陶冶」を建学の精神としています。学部には情報学部や法学部、経済学部、医学部、農学部などを含む15学部があり、それぞれ明確な教育方針を示しています。通信教育部として法学部と短期大学部も設置されており、日常的な通学が難しい人でも近畿大学で学習できる点も魅力です。さまざまな人を受け入れる体制を整備している点が「学び直しに行ってみたい」と評価される要因かもしれません。\n●第1位：同志社大学\n第1位に選ばれたのは、得票数9.2％を獲得した「同志社大学」でした。同志社大学は「良心教育」を建学の精神に掲げ、「良心を手腕に運用する人物」を養成し、多方面で活躍する人物を輩出しています。\n\n 神学部や文学部、理工学部、心理学部、グローバル地域文化学部などを含む14学部・34学科で構成される総合大学で、専門科目の学習はもちろん、他学部の隣接分野を学べる副専攻制度も設置するなど、自由に学習できる環境が整っています。このような多様な学習環境が「学び直しに行ってみたい」と思われる理由かもしれません。\nDopey/たびと,['https://newsatcl-pctr.c.yimg.jp/t/amd-img/20241026-10098822-it_nlab-000-1-view.jpg?pri=l&w=640&h=283&exp=10800'],"['https://news.yahoo.co.jp/articles/977d5c13e977c9189e64a468a4611bb33de3af00/images/000', 'https://nlab.itmedia.co.jp/research/articles/3092589/2#utm_source=yahoo_v3&utm_medium=feed&utm_campaign=20241026-10098822&utm_term=it_nlab-life&utm_content=img']"
「関西地方で人気のラーメン」ランキング！　2位は1種類のラーメンのみを提供する「ラーメン新屋台 大我」、1位は？【2024年10月版】（ねとらぼ）,https://news.yahoo.co.jp/articles/7fc27144a27a8bdebedd9e4e584553b8d53981b0,https://newsatcl-pctr.c.yimg.jp/t/amd-img/20241026-10098847-it_nlab-000-1-view.jpg?exp=10800,2024-10-26T13:15:00+09:00,2024-10-26T13:15:00+09:00,ねとらぼ,it_nlab,ねとらぼ,758,\n画像はイメージです（画像：PIXTA）\n自身が訪れた場所について評価とクチコミなどの投稿を通じて、自らの体験を共有できるGoogleマップ。経路の検索以外にも、より良いお店探しのツールとして活用できます。今回は関西地方でおすすめのラーメン店を探している人に向けて、Googleマップ上で人気のお店を紹介します。\n【画像：「関西地方で人気のラーメン」ランキング20位～1位を見る】\nなおこのランキングは、Googleマップに寄せられた「ユーザー評価」「クチコミ件数」「価格フィルタ」「評価フィルタ」などに基づいて作成された、2024年10月23日時点のものです。ではさっそく上位の結果を見ていきましょう。\n●第2位：ラーメン新屋台 大我（4.6pt／973クチコミ）\n第2位は大阪府富田林市の「ラーメン新屋台 大我」でした。同店は駐車場の一角にプレハブとテントで営業するお店。ラーメンのメニューは「新屋台のラーメン」1種類のみ。スープは鶏と魚介のうまみを強く感じられるすっきり系で、厳選した醤油を使って1週間寝かせたタレをベースにしています。トッピングは鶏もも肉とむね肉の炙りチャーシューにナルト。煮玉子のおいしさも評判です。\n●第1位：麺匠 大阪らーめん しおじん 鳳本店（4.6pt／3082クチコミ）\n第1位は大阪府堺市にある「麺匠 大阪らーめん しおじん 鳳本店」でした。鳳駅東口からすぐのところにあり、大阪で一番おいしい塩ラーメンを目指して営業しているお店です。主に鶏ガラのだしを使用しており、野菜や豚ガラなどを加えコクの深いスープを作り上げています。塩は世界一多様なミネラル分を含んでいるとしてギネス認定を受けている沖縄・宮城島の「ぬちま～す」を使用しています。\nKOE豚ラーメン爆盛り,['https://newsatcl-pctr.c.yimg.jp/t/amd-img/20241026-10098847-it_nlab-000-1-view.jpg?pri=l&w=640&h=426&exp=10800'],"['https://news.yahoo.co.jp/articles/7fc27144a27a8bdebedd9e4e584553b8d53981b0/images/000', 'https://nlab.itmedia.co.jp/research/articles/3093179/2#utm_source=yahoo_v3&utm_medium=feed&utm_campaign=20241026-10098847&utm_term=it_nlab-life&utm_content=img']"
【30代が選ぶ】名前がかっこいいと思う「STARTO ENTERTAINMENTのアーティスト」ランキング！　第2位は「永瀬廉（King & Prince）」、1位は？（ねとらぼ）,https://news.yahoo.co.jp/articles/812102346f49ad09b32dfd7085196bc8516af140,https://newsatcl-pctr.c.yimg.jp/t/amd-img/20241026-10098750-it_nlab-000-1-view.jpg?exp=10800,2024-10-26T13:30:00+09:00,2024-10-26T13:30:00+09:00,ねとらぼ,it_nlab,ねとらぼ,768,\n出典：Amazon.co.jp\nねとらぼでは、2024年9月17日～9月24日までの間で、「名前がかっこいいと思う『STARTO ENTERTAINMENT』のアーティストは誰？」というテーマでアンケートを実施しました。\n【画像：ランキング12位～1位を見る】\n今回は、投票をいただいた中から「30代の男女」からの投票を基にした結果を紹介します。30代の男女から、名前がかっこいいと思われている「STARTO ENTERTAINMENT」のアーティストは誰だったのでしょうか？ さっそく、ランキングを見てみましょう！\n●第2位：永瀬廉（King ＆ Prince）\n第2位は、「永瀬廉」さんでした。「King ＆ Prince」メンバーの永瀬さんは、グループとしての活動のほか、俳優業でも活躍。NHKの連続テレビ小説「おかえりモネ」や、映画「真夜中乙女戦争」「法廷遊戯」などに出演しています。\n\n そんな永瀬さんの名前についてですが、過去に本人がグループの公式インスタグラムで由来を発表したことがありました。永瀬さんの父親は、多くの人に親しんで呼んでもらいやすいようにと、音の響きで良いと思ったラ行を選択。そして、母親が「清く潔白」などの思いを込めて「廉」という名前を選んだそうです。\n●第1位：亀梨和也（KAT-TUN）\n第1位は、「亀梨和也」さんでした。「KAT-TUN」メンバーの亀梨さんは、ドラマ「ごくせん」「野ブタ。をプロデュース」などに出演し、早くからブレーク。グループの活動と並行し、俳優としても活躍を続けています。\n\n 「亀梨」という名字は、現在の栃木県の一部である下野国塩谷郡亀梨村が起源という説があるそうです。また、「和也」という名前は、調和や協調性、平和などを連想させます。\n高橋マナブ,['https://newsatcl-pctr.c.yimg.jp/t/amd-img/20241026-10098750-it_nlab-000-1-view.jpg?pri=l&w=640&h=640&exp=10800'],"['https://news.yahoo.co.jp/articles/812102346f49ad09b32dfd7085196bc8516af140/images/000', 'https://nlab.itmedia.co.jp/research/articles/3088324/2#utm_source=yahoo_v3&utm_medium=feed&utm_campaign=20241026-10098750&utm_term=it_nlab-ent&utm_content=img']"
「俺が生理をやっつけるよ」ブルーな初日に彼氏からサプライズ！　優しい気遣いに1100万再生200万いいね【海外】（ねとらぼ）,https://news.yahoo.co.jp/articles/750283380729fed60e549a0b0c2a3303e90d9bc4,https://newsatcl-pctr.c.yimg.jp/t/amd-img/20241026-00000004-it_nlab-000-1-view.jpg?exp=10800,2024-10-26T12:40:09+09:00,2024-10-26T12:40:09+09:00,ねとらぼ,it_nlab,ねとらぼ,715,\n気分が落ち込みがちな生理初日だけど満面の笑みのティンさん\n生理初日の彼女を気遣う彼氏の行動を収めた動画がTikTokに投稿されました。動画は記事執筆時点で1100万再生、200万いいねを集めています。\n【動画】どや顔の優しい彼氏\n生理初日の彼女\n動画が投稿されたのはTikTokアカウント「TingTing」。このアカウントには、TingTing（ティン）さんの日々の様子が投稿されています。\n\n 今回の動画は、生理初日のティンさんが、お風呂から上がったときの様子。ティンさんがお風呂に入っているあいだに彼氏がいろいろと用意していてくれたようで……？\nうれしいサプライズ\nティンさんがお風呂からあがるとテーブルには、お皿にのったチョコレート、湯たんぽ、痛み止めの薬と水、清潔な部屋着が用意されていました。彼氏がこっそり用意してくれていたみたいです。\n\n ティンさんが彼氏にカメラを向けると、少し照れくさそうに、「痛み止め（ペインキラー）」とかけて「俺が生理キラーだ」とかわいい発言。ティンさんが笑顔で「ありがとう」と言って彼氏がティンさんのほっぺにキスしたところで動画は終了しました。\n\n 彼氏のさりげない気遣いがうれしいですね。2人の仲の良さも伝わってくる、とってもすてきな動画でした。\nたくさんのコメントが寄せられる\nコメント欄では「『俺が生理キラーだ』ってかわいすぎる！」「生理初日の私、1人でこれを見てむせび泣く」「かわいい彼氏！」「私の未来の夫がこういう人でありますように」などの声が見られました。生理初日のつらさを優しく包み込むティンさんの彼氏の行動に心が温まる動画でした。\nねとらぼ,['https://newsatcl-pctr.c.yimg.jp/t/amd-img/20241026-00000004-it_nlab-000-1-view.jpg?pri=l&w=359&h=640&exp=10800'],"['https://news.yahoo.co.jp/articles/750283380729fed60e549a0b0c2a3303e90d9bc4/images/000', 'https://nlab.itmedia.co.jp/nl/articles/2410/26/news004_2.html#utm_source=yahoo_v3&utm_medium=feed&utm_campaign=20241026-004&utm_term=it_nlab-life&utm_content=embed']"
「茨城県で人気のステーキ」ランキング！　2位は定食感覚で食べられるメニューが魅力の「ステーキ食堂 肉の番人」、1位は？【2024年10月版】（ねとらぼ）,https://news.yahoo.co.jp/articles/576100e455a0b7166b7f2ebc1e2268571d75edd3,https://newsatcl-pctr.c.yimg.jp/t/amd-img/20241026-10098600-it_nlab-000-1-view.jpg?exp=10800,2024-10-26T13:00:00+09:00,2024-10-26T13:00:00+09:00,ねとらぼ,it_nlab,ねとらぼ,697,\n画像はイメージです（画像：PIXTA）\n自身が訪れた場所について評価とクチコミなどの投稿を通じて、自らの体験を共有できるGoogleマップ。経路の検索以外にも、より良いお店探しのツールとして活用できます。今回は茨城県でおすすめのステーキを探している人に向けて、Googleマップ上で人気のお店を紹介します。\n【画像：「茨城県で人気のステーキ」ランキング20位～1位を見る】\nなおこのランキングは、Googleマップに寄せられた「ユーザー評価」「クチコミ件数」「価格フィルタ」「評価フィルタ」などに基づいて作成された、2024年10月21日時点のものです。ではさっそく上位の結果を見ていきましょう。\n●第2位：ステーキ食堂 肉の番人（4.4pt／849クチコミ）\n第2位はつくば市の「ステーキ食堂 肉の番人」でした。「鉄板焼きステーキを日常に！！」をスローガンに、お箸で食べられる定食感覚の鉄板焼きを提供しています。看板メニューの「番人ステーキ定食」や「番人ステーキ＆エビ焼き定食」「生姜焼き定食」などがリーズナブルに楽しめます。\n●第1位：肉バル エイティーファイブ 85 守谷駅前店（4.7pt／315クチコミ）\n第1位は守谷市の「肉バル エイティーファイブ 85 守谷駅前店」でした。つくばエクスプレスの守谷駅から徒歩1分ほどの場所にあるお店です。低カロリー・低脂質かつ高タンパクとされている赤身肉のステーキを中心に、新鮮なウニを赤身肉に乗せた同店の名物「炙りウニ肉」など多彩なメニューを提供。ポルトガル産をはじめとするワインやさまざまなお酒と一緒に楽しめます。\nkei,['https://newsatcl-pctr.c.yimg.jp/t/amd-img/20241026-10098600-it_nlab-000-1-view.jpg?pri=l&w=640&h=426&exp=10800'],"['https://news.yahoo.co.jp/articles/576100e455a0b7166b7f2ebc1e2268571d75edd3/images/000', 'https://nlab.itmedia.co.jp/research/articles/3091216/2#utm_source=yahoo_v3&utm_medium=feed&utm_campaign=20241026-10098600&utm_term=it_nlab-life&utm_content=img']"
「宮城県で人気のバイキング（ビュッフェ）」ランキング！　2位はウェスティンホテル仙台26階にある「レストラン シンフォニー」、1位は？【2024年10月版】（ねとらぼ）,https://news.yahoo.co.jp/articles/96de8fd220f8948d11f7e9e0300b94cb9c9eaa69,https://newsatcl-pctr.c.yimg.jp/t/amd-img/20241026-10099024-it_nlab-000-1-view.jpg?exp=10800,2024-10-26T12:45:00+09:00,2024-10-26T12:45:00+09:00,ねとらぼ,it_nlab,ねとらぼ,705,\n画像はイメージです（画像：PIXTA）\n自身が訪れた場所について評価とクチコミなどの投稿を通じて、自らの体験を共有できるGoogleマップ。経路の検索以外にも、より良いお店探しのツールとして活用できます。今回は宮城県でおすすめのバイキング（ビュッフェ）を探している人に向けて、Googleマップ上で人気のお店を紹介します。\n【画像：「宮城県で人気のバイキング（ビュッフェ）」ランキング10位～1位を見る】\nなおこのランキングは、Googleマップに寄せられた「ユーザー評価」「クチコミ件数」「価格フィルタ」「評価フィルタ」などに基づいて作成された、2024年10月24日時点のものです。ではさっそく上位の結果を見ていきましょう。\n●第2位：ウェスティンホテル仙台 レストラン シンフォニー（4.3pt／262クチコミ）\n第2位は仙台市青葉区の「レストラン シンフォニー」でした。ウェスティンホテル仙台の26階に位置し、眺望を楽しみながら優雅な食事ができるレストラン。朝食ビュッフェはメニューの豊富さが魅力で、牛タン・ずんだ餅など宮城県ならではのものが並ぶそうです。\n●第1位：自然派ビュッフェレストラン 六丁目農園（4.3pt／718クチコミ）\n第1位は仙台市若林区で営業する「自然派ビュッフェレストラン 六丁目農園」でした。野菜を使った料理を中心に、さまざまなお皿が並ぶビュッフェ形式のレストラン。手作りピザが焼きあがる様子を見ながら食事ができる席などもあり、楽しい食事の時間を過ごすことができます。混みあっていることも多いため、予約をして訪れるのがおすすめです。\nKOE豚ラーメン爆盛り,['https://newsatcl-pctr.c.yimg.jp/t/amd-img/20241026-10099024-it_nlab-000-1-view.jpg?pri=l&w=640&h=359&exp=10800'],"['https://news.yahoo.co.jp/articles/96de8fd220f8948d11f7e9e0300b94cb9c9eaa69/images/000', 'https://nlab.itmedia.co.jp/research/articles/3094453/2#utm_source=yahoo_v3&utm_medium=feed&utm_campaign=20241026-10099024&utm_term=it_nlab-life&utm_content=img']"
「世田谷区で人気のラーメン」ランキング！　2位はおあげが乗ったラーメンが食べられる「中華蕎麦きつね」、1位は？【2024年10月版】（ねとらぼ）,https://news.yahoo.co.jp/articles/001257bf4b2202978c6e6a4c2d5f9be013271e1d,https://newsatcl-pctr.c.yimg.jp/t/amd-img/20241026-10098867-it_nlab-000-1-view.jpg?exp=10800,2024-10-26T12:35:00+09:00,2024-10-26T12:35:00+09:00,ねとらぼ,it_nlab,ねとらぼ,718,\n画像はイメージです（画像：PIXTA）\n自身が訪れた場所について評価とクチコミなどの投稿を通じて、自らの体験を共有できるGoogleマップ。経路の検索以外にも、より良いお店探しのツールとして活用できます。今回は東京都世田谷区でおすすめのラーメンを探している人に向けて、Googleマップ上で人気のお店を紹介します。\n【画像：「世田谷区で人気のラーメン」ランキング20位～1位を見る】\nなおこのランキングは、Googleマップに寄せられた「ユーザー評価」「クチコミ件数」「価格フィルタ」「評価フィルタ」などに基づいて作成された、2024年10月23日時点のものです。ではさっそく上位の結果を見ていきましょう。\n●第2位：中華蕎麦きつね（4.4pt／287クチコミ）\n第2位は、南烏山の「中華蕎麦きつね」でした。「芦花公園駅」から徒歩1分ほどの場所にあるラーメン店です。同店の人気メニューのひとつが「中華蕎麦」。店名の通り、大きめのおあげ（きつね）がのった逸品です。また、真っ黒な見た目がインパクト抜群の「黒炭稲荷寿司」もおいしいと評判のようです。なお、2025年3月31日をもって、岩手県に移転するため閉店することが発表されています。\n●第1位：でびっと 桜新町サザエさん通り店（4.4pt／2017クチコミ）\n第1位は桜新町の「でびっと 桜新町サザエさん通り店」でした。東急田園都市線の「桜新町駅」近くで営業する、こだわりの豚骨スープが人気のお店。しょうゆ、塩味の豚骨ラーメン、つけ麺といったメニューを提供しています。同店限定の甘くやさしい味わいのしょうゆラーメン「桜ブラック」も高評価です。\nKOE豚ラーメン爆盛り,['https://newsatcl-pctr.c.yimg.jp/t/amd-img/20241026-10098867-it_nlab-000-1-view.jpg?pri=l&w=640&h=426&exp=10800'],"['https://news.yahoo.co.jp/articles/001257bf4b2202978c6e6a4c2d5f9be013271e1d/images/000', 'https://nlab.itmedia.co.jp/research/articles/3093366/2#utm_source=yahoo_v3&utm_medium=feed&utm_campaign=20241026-10098867&utm_term=it_nlab-life&utm_content=img']"
「言葉も出ない」「とんでもない上達」　初音ミクのイラストを4年間描き続けた結果→“まさかのビフォアフ”が衝撃　「さすがに……」（ねとらぼ）,https://news.yahoo.co.jp/articles/a046cc8b63f542f69579eb43ca79b0aa96c00516,https://newsatcl-pctr.c.yimg.jp/t/amd-img/20241026-00000036-it_nlab-000-1-view.jpg?exp=10800,2024-10-26T12:30:19+09:00,2024-10-26T12:30:19+09:00,ねとらぼ,it_nlab,ねとらぼ,748,\n4年前の初音ミク\n4年間イラストを描きつづけるとどうなる？ 初音ミクの4年前と最近のイラストの比較がX（Twitter）に投稿され、たしかな上達がうかがえるビフォーアフターが反響を呼んでいます。\n【画像】4年でかなり上達した初音ミク\n初音ミクのイベントがきっかけに\n投稿者は、初音ミクを中心に描いているイラストレーターの「mof」さん。mofさんは、初音ミクを中心としたバーチャルシンガーのイベント「マジカルミライ」にちなんで描いた2枚のイラストを並べて投稿しました。\n\n 4年前に初めてデジタル作画で描いたイラストは、「マジカルミライ2020 夏まつり」での初音ミクの装いをしたアイマイナというキャラクター。アイマイナは、同イベントのテーマソング「愛されなくても君がいる」のボカロPであるピノキオピーさんの作品に登場するキャラクターです。\n\n 一方、最近の作品は、8月から10月にかけて福岡・東京・大阪で開催された「マジカルミライ2024」バージョンの初音ミクを描いたものです。\n\n mofさんは4年前を振り返り、「絵を描き始めたきっかけは4年前のマジカルミライでした。大げさじゃなく、人生に楽しみがひとつ増えました」と思いをつづっています。\n「めちゃくちゃ努力したんやろな」\n初音ミクという存在へのリスペクトも伝わってくるビフォーアフターに、「さすがに上手くなりすぎ！」「成長が半端なくて言葉が出ませんわ」「よ、四年?!?!! センスが炸裂している!! すごいです！」「元も上手いけど流石に化けすぎじゃないか 上手すぎてヤバい たった4年で……めちゃくちゃ努力したんやろな 凄い……そして可愛い」「初描き時点ですでに凄い」という反応が寄せられています。\nねとらぼ,['https://newsatcl-pctr.c.yimg.jp/t/amd-img/20241026-00000036-it_nlab-000-1-view.jpg?exp=10800'],"['https://news.yahoo.co.jp/articles/a046cc8b63f542f69579eb43ca79b0aa96c00516/images/000', 'https://nlab.itmedia.co.jp/nl/articles/2410/26/news032_2.html#utm_source=yahoo_v3&utm_medium=feed&utm_campaign=20241026-036&utm_term=it_nlab-life&utm_content=embed']"
「こ、これは！」　ファンが作ったジブリパーク“ひとりたびのしおり”に8万いいね　愛の深さを感じる仕上がりで「楽しいこと間違いなし」（ねとらぼ）,https://news.yahoo.co.jp/articles/4191dfb36ba61943a18ee564aa2d8bfde0577658,https://newsatcl-pctr.c.yimg.jp/t/amd-img/20241026-00000034-it_nlab-000-1-view.jpg?exp=10800,2024-10-26T12:30:16+09:00,2024-10-26T12:30:16+09:00,ねとらぼ,it_nlab,ねとらぼ,909,\n「ジブリパーク ひとりたびのしおり」\nスタジオジブリ作品の世界観を表現した「ジブリパーク」（愛知県長久手市）を楽しむためにファンが作ったしおりがX（Twitter）で話題です。投稿は記事執筆時点で460万表示を突破し、約8万4000件のいいねを集めています。\n【画像】しおりの中を見る\n投稿したのは、ジブリ作品が大好きな「どんぐりごろごろ」さん。「1人ジブリパークで旅のしおりを作った」と添え、4枚の写真を公開しています。\n\n 出来上がったのは「ジブリパーク ひとりたびのしおり」と題した冊子。表紙には「魔女の宅急便」に登場する先輩魔女のイラストが描かれています。一人旅ということで、自立した女性の先輩魔女を表紙に採用したそうです。\n\n このしおりは、ジブリパーク公式サイト内に掲載されている「大散歩のしおり」を参考にしたもの。中には公式のしおりと同じく持ち物や服装、注意事項の欄がありますが内容は異なっており、「困ったときの連絡先」は「困った時に唱える呪文」になっています。持ち物のチェックリストには「ジブリへの愛」なんて項目も。\n\n さらに、オリジナルのタイムスケジュールのページには、その日の予定がぎっしり！ 広大なエリアを全て回るために分単位で予定を立てたそうです。\n\n しおりを作って準備は万全でしたが、当日はスタートから予定を大幅に変更。なんと、遅れるのではなく前倒しで全エリアを回ったそうです。ジブリパークに行くときは参考にしたいですね。\n\n すてきなジブリパークのしおりに、Xでは「こ、これはすごいです！ 感動しました！ 見てるだけでワクワクが止まらない」「愛の深さを感じる」「何から何まで参考にさせていただきます！」「ものすごく欲しい」「このしおりがあれば楽しいこと間違いなし」「売り物かと」といった声が寄せられています。\n\n どんぐりごろごろさんは以前、「かぐや姫の物語」に登場する御門（みかど）をモチーフにしたシュールな手作りケーキが話題になりました。ジブリに関する情報はXやInstagramで発信しています。\n\n画像提供：どんぐりごろごろさん\nねとらぼ,['https://newsatcl-pctr.c.yimg.jp/t/amd-img/20241026-00000034-it_nlab-000-1-view.jpg?exp=10800'],"['https://news.yahoo.co.jp/articles/4191dfb36ba61943a18ee564aa2d8bfde0577658/images/000', 'https://image.itmedia.co.jp/l/im/nl/articles/2410/26/l_tma2410donguri02.jpg#utm_source=yahoo_v3&utm_medium=feed&utm_campaign=20241026-034&utm_term=it_nlab-life&utm_content=img']"
「全身血まみれで怖すぎ」　セサミストリートの塗り絵を“ホラーアーティスト”がした結果→「子どもに見せられない」の声続出（ねとらぼ）,https://news.yahoo.co.jp/articles/0e55ac6860924bd046108e6108f358f4365e41da,https://newsatcl-pctr.c.yimg.jp/t/amd-img/20241026-00000006-it_nlab-000-1-view.jpg?exp=10800,2024-10-26T12:30:12+09:00,2024-10-26T12:30:12+09:00,ねとらぼ,it_nlab,ねとらぼ,1352,\nクッキーモンスタ―は食いしん坊\n子どもたちが大好きな教育番組「セサミストリート」。かわいくてお茶目なキャラクターたちの塗り絵をホラーアーティストが塗ってみる動画がYouTubeに投稿されました。子どもたちには見せられないかも……？\n【画像】あまりに怖いクッキーモンスター\nセサミストリートの塗り絵に挑戦！\n動画が投稿されたのはYouTubeチャンネル「Jordan Persegati」。ホラーアーティストのJordan Persegatiさんがかわいいものをホラー化する塗り絵や、イラストの動画を発信しています。\n\n 今回は2ドルで購入したというセサミストリートのドットトゥドット塗り絵に挑戦。点を繋いで線を引くとかわいいキャラクターが現れ、そこに好きな色を塗っていく楽しい塗り絵です。\n\n ある塗り絵では、「彼の親友はアーニー」のヒントを見ながら点を繋いでいくとバートが現れました。真面目で責任感が強く、心優しいアーニーの親友バート。しかしナレーションはおどろおどろしい声で「バートだと思ったのなら不正解。殺人ピエロだよ」と不穏な宣告。バートじゃ……ない？\n\n そして完成したのは、生々しい歯茎がむき出しになり、髪の毛が生き物のように伸びてところどころ青や黄色に染まったバート。ひん剥かれた丸い目、頬まで口が裂けたような黒メイク、バートの着ているカラフルな洋服も、そう、ピエロにぴったり……。\n\n さらに「今回の変身では子どもたちが大好きなものを組み合わせたいと思ったんだ。セサミストリートとピエロだよ」「子どもはピエロが大好きだろう」と制作の動機も語られます。それは、そうかもしれませんけれど……。\nとってもおなかが空いたクッキーモンスタ―\nそして青いふわふわの身体が特徴の食いしん坊なクッキーモンスタ―も登場しました。かわいくてとても人気のキャラクターです。\n\n クッキーが大好きで大食いのクッキーモンスタ―ですが、今回の塗り絵ではなんと「クッキーがなくなってしまった」クッキーモンスタ―に変身します。「彼は、おなかが空いている。すごーく、空いている……」とナレーションで語られます。いったい、どうなってしまうのでしょう？\n\n 完成したクッキーモンスターは、口からおなかまで一面が“口”になってしまいました。おなかからもたくさんの尖った歯が飛び出し、狂暴そうな舌がうねるように飛び出しています。さらに、一面が口になってしまったクッキーモンスタ―は全身が血まみれ。クッキーモンスタ―のお茶目な上下した黒目が、別の効果を生み出していますね……。\nみんな大好きセサミストリート\nこのほかにもメデューサのように変化したエルモや、海で遊んでいたら怪我をしてしまったエルモとゾーイ、悪魔を召喚したエルモ、血に飢えたカウント伯爵、お口から狂暴すぎる舌を出したゾーイなど、子どもたちには見せられないキャラクターが次々と完成していきました。コメント欄では「すごくジューシーなデザインだね」「クッキーモンスタ―が本物のモンスターになっちゃった」など、なんとも言えない複雑な気持ちも書き込まれています。みんなが大好きなセサミストリート、楽しんで、くれたかな……？\nねとらぼ,['https://newsatcl-pctr.c.yimg.jp/t/amd-img/20241026-00000006-it_nlab-000-1-view.jpg?exp=10800'],"['https://news.yahoo.co.jp/articles/0e55ac6860924bd046108e6108f358f4365e41da/images/000', 'https://nlab.itmedia.co.jp/nl/articles/2410/20/news013_2.html#utm_source=yahoo_v3&utm_medium=feed&utm_campaign=20241026-006&utm_term=it_nlab-life&utm_content=embed']"
「静岡県で人気のとんかつ店」ランキング！　2位は銘柄豚と低温調理にこだわった専門店「とんかつひな太」、1位は？【2024年10月版】（ねとらぼ）,https://news.yahoo.co.jp/articles/78ae6b43586684ee32e3f6f11d07729f89f43fde,https://newsatcl-pctr.c.yimg.jp/t/amd-img/20241026-10098746-it_nlab-000-1-view.jpg?exp=10800,2024-10-26T12:25:00+09:00,2024-10-26T12:25:00+09:00,ねとらぼ,it_nlab,ねとらぼ,684,\n画像はイメージです（画像：PIXTA）\n自身が訪れた場所について評価とクチコミなどの投稿を通じて、自らの体験を共有できるGoogleマップ。経路の検索以外にも、より良いお店探しのツールとして活用できます。今回は静岡県でおすすめのとんかつを探している人に向けて、Googleマップ上で人気のお店を紹介します。\n【画像：「静岡県で人気のとんかつ」ランキング10位～1位を見る】\nなおこのランキングは、Googleマップに寄せられた「ユーザー評価」「クチコミ件数」「価格フィルタ」「評価フィルタ」などに基づいて作成された、2024年10月22日時点のものです。ではさっそく上位の結果を見ていきましょう。\n●第2位：とんかつひな太（4.5pt／163クチコミ）\n第2位は静岡市葵区にある「とんかつひな太」でした。静岡駅北口から徒歩7分ほどのところにある、銘柄豚と低温調理にこだわったとんかつ専門店です。東京都神楽坂の名店「あげづき」出身の店主が手掛けており、低温調理に適しているという「富士の国いきいきポーク」をメインで使用。ソースだけでなく、わさび醤油や岩塩など、いろいろな味付けで食べられるのも特徴です。\n●第1位：とんかつ錦（4.5pt／221クチコミ）\n第1位は、下田市にある「とんかつ錦」でした。伊豆急下田駅から徒歩15分ほど、稲生沢川の河口近くにあるとんかつ専門店です。柔らかいお肉が自慢で、ソースやタルタルソースはこだわりの自家製。ヒレカツやロースカツのほか、下田の特産である金目鯛を使用した「金目コロッケ」なども提供しています。\nRAKKO,['https://newsatcl-pctr.c.yimg.jp/t/amd-img/20241026-10098746-it_nlab-000-1-view.jpg?pri=l&w=640&h=426&exp=10800'],"['https://news.yahoo.co.jp/articles/78ae6b43586684ee32e3f6f11d07729f89f43fde/images/000', 'https://nlab.itmedia.co.jp/research/articles/3092423/2#utm_source=yahoo_v3&utm_medium=feed&utm_campaign=20241026-10098746&utm_term=it_nlab-life&utm_content=img']"
ドラマ「ランチの女王」放送から22年……　実は出演していた！　意外な豪華キャストたち（ねとらぼ）,https://news.yahoo.co.jp/articles/7d00ac773aa9b0c6a6c3f8ca493e89f48785ef9d,https://newsatcl-pctr.c.yimg.jp/t/amd-img/20241026-00000067-it_nlab-000-1-view.jpg?exp=10800,2024-10-26T12:20:18+09:00,2024-10-26T12:20:18+09:00,ねとらぼ,it_nlab,ねとらぼ,1088,\nドラマ「ランチの女王」（画像はTVerから）\n2002年に放送された「ランチの女王」（フジテレビ系）から22年が経過しました。今回は、脇役で出演していた意外なキャストを紹介します。\n【画像】実は出演していた人気キャストたち\n同作は、洋食屋「キッチンマカロニ」を舞台にしたヒューマンドラマで、竹内結子さん演じるヒロイン・なつみが店の運営を通じて家族や仲間と絆を深める物語です。\n大杉漣さん：アイスコーヒーのサラリーマン\n第1話で、なつみにアイスコーヒーと間違えてホットコーヒーを出されて怒るサラリーマンを演じたのは、大杉漣さん。最終話にも登場しています。映画、ドラマ、ナレーション、バラエティー番組の出演などさまざまなジャンルに出演し、バイプレーヤーの代表格として活躍しましたが、2018年に66歳で亡くなりました。\n鈴木えみさん：優美\n光四郎のガールフレンド、優美を演じたのは鈴木えみさん。その後も俳優として「ウォーターボーイズ2」（2004年）、「ギャルサー」（2006年）などに出演していました。2024年9月にバラエティー番組の「おしゃれクリップ」で久しぶりのテレビ出演となりました。ファッションモデルとしても活動を続ける他、1児の母でもあります。\n桐谷健太さん：マギー\n第3話と第8話に登場したなつみ（竹内結子さん）の昔の悪友・マギーを演じたのは桐谷健太さん。その後「ROOKIES」（2008年）に出演しています。また歌手としても活動し、auの「三太郎」シリーズの浦島太郎役での楽曲「海の声」が大きな話題を呼びました。2024年はドラマ「院内警察」、ABEMA「インフォーマー -闇を生きる獣たち-」に出演します。\n上地雄輔さん：アイス売りの青年\n第7話に登場したアイス売りの少年役を演じたのは、上地雄輔さん。その後も俳優として「ROOKIES」（2008年）や「のぼうの城」(2012年)などに出演。遊助名義で音楽活動も行っており、「ひまわり -応援花-」で「THE FIRST TAKE」に出演しました。2024年にはNHK大河ドラマ「光る君へ」に出演しています。\n石黒賢さん：佐々木敏明\n第7話に登場した佐々木敏明を演じたのは、石黒賢さん。映画「竜とそばかすの姫」や「マスカレード・ナイト」などに出演。俳優としての活動の他、テニス中継でのナビゲーター、ゲスト出演や、児童文学の翻訳なども行っています。2024年にはドラマ「夫の家庭を壊すまで」に出演しました。また舞台「朗読活劇 信長を殺した男 2024」に出演します。\nねとらぼ,['https://newsatcl-pctr.c.yimg.jp/t/amd-img/20241026-00000067-it_nlab-000-1-view.jpg?exp=10800'],"['https://news.yahoo.co.jp/articles/7d00ac773aa9b0c6a6c3f8ca493e89f48785ef9d/images/000', 'https://nlab.itmedia.co.jp/nl/articles/2410/26/news041_2.html#utm_source=yahoo_v3&utm_medium=feed&utm_campaign=20241026-067&utm_term=it_nlab-ent&utm_content=embed']"
【50代男性が選ぶ】ラーメンがおいしいと思う「東日本の都道県」ランキング！　2位は「山形県」、1位は？（ねとらぼ）,https://news.yahoo.co.jp/articles/963f624be9de9b84e3b109d7a4d57d7a8eaf5825,https://newsatcl-pctr.c.yimg.jp/t/amd-img/20241026-10098571-it_nlab-000-1-view.jpg?exp=10800,2024-10-26T12:15:00+09:00,2024-10-26T12:15:00+09:00,ねとらぼ,it_nlab,ねとらぼ,835,\n画像はイメージです（画像：写真AC）\nねとらぼでは2024年4月25日から5月2日にかけて、「ラーメンがおいしいと思う東日本の都道県は？」というアンケートを実施しました。\n【画像：ランキング18位～1位を見る】\nたくさんのご投票ありがとうございました！ 今回は寄せられた投票のうち「50代男性」の結果に絞ったランキングを紹介します。\n\n 今や日本の国民食ともいえるまでとなった「ラーメン」。地域ごとに独自の食べ方やご当地ラーメンがあるなかで、東日本で支持を集めたのはどの都道県だったのでしょうか。ランキングを見ていきましょう！\n●第2位：山形県\n第2位は「山形県」でした。あっさり系からこってり系まで、幅広い味のご当地ラーメンが親しまれている山形県。中でも県庁所在である山形市は、総務省が発表している「中華そばの1世帯あたりの支出額」でたびたび全国トップに輝いているほどのラーメン王国です。\n\n そんな山形県でも有名なご当地ラーメンのひとつが「米沢ラーメン」。鶏ガラと煮干しをベースにしたあっさり系のスープで、毎日食べても飽きがこないと評判です。そのほか、2023年の「日本ご当地ラーメン総選挙」で日本一に輝いた「酒田ラーメン」や、暑い夏でも食べやすい「冷やしラーメン」なども人気を得ています。\n●第1位：新潟県\n第1位は「新潟県」でした。山形県に負けず劣らずのラーメン王国として知られる新潟県には、地域ごとに多様な魅力のご当地ラーメンがあります。中でも、長岡生姜醤油・燕三条背脂・新潟濃厚味噌・新潟あっさり醤油・三条カレーラーメンの5つは「新潟5大ラーメン」と呼ばれ、地元地域で長きにわたって愛され続けています。\n\n また、新潟県の人気ローカルチェーン「三宝亭」には、「五目うま煮めん」という珍しいご当地ラーメンも。10種類の具材が使われたボリューム満点のラーメンで、具材の味がよく染みたとろとろの中華あんが絶品だそうですよ。\nMEN蔵,['https://newsatcl-pctr.c.yimg.jp/t/amd-img/20241026-10098571-it_nlab-000-1-view.jpg?pri=l&w=640&h=513&exp=10800'],"['https://news.yahoo.co.jp/articles/963f624be9de9b84e3b109d7a4d57d7a8eaf5825/images/000', 'https://nlab.itmedia.co.jp/research/articles/3088316/2#utm_source=yahoo_v3&utm_medium=feed&utm_campaign=20241026-10098571&utm_term=it_nlab-life&utm_content=img']"
なぜベストを尽くしたのか　安物ハロウィン用マスクを本気でリペイント→格の違う狂暴ヴィラン爆誕で仮装が捗りそう（ねとらぼ）,https://news.yahoo.co.jp/articles/b910f65a108211e89502dec1fb8f5affde8011c0,https://newsatcl-pctr.c.yimg.jp/t/amd-img/20241026-00000018-it_nlab-000-1-view.jpg?exp=10800,2024-10-26T12:20:10+09:00,2024-10-26T12:20:10+09:00,ねとらぼ,it_nlab,ねとらぼ,1130,\n安物のマスクが変身\nハロウィン用の安物マスクを、全力でリペイントしてしまう動画がYouTubeで視聴者を楽しませています。ガチの人が本気を出してしまうと、こんなに違うんですね……。\n【画像・動画】安物のマスクをリペイントした結果\nハロウィン用の安物マスクをリペイント\n動画が投稿されたのはYouTubeチャンネル「Steven Richter」。ハロウィンの仮装用にたくさんの衣装や小道具が店頭に並ぶこの季節、強面な5つのマスクを用意しました。\n\n まず「スパイダーマン」に登場するヴィラン「カーネイジ」からスタート。目の周辺の白いプラスチックは大胆にカットし、鮮やかな赤や黒でリペイント。真っ黒だった歯は白に少し黄ばみを足し、リアルさを追求しました。\n\n 続いてホラーゲーム「Five Nights at Freddy's」の「フレディ・ファズベアー」は、ただのプラスチックだった素材の上に、フェルト生地を重ねて“熊っぽさ”マシマシに。青いぎょろりとした目玉をはめ込み、湿ったお鼻や少し黄ばんだ歯が追加されています。\nどんどんリアルになっていくマスクたち\nさらに全部シルバーだったスケルターは緑の顔に紫の布をまとい、ところどころ黒く変色した歯を持つ「悪の帝王」に。\n\n X-Menの「ウルヴァリン」には“リアルな傷”を追加。丁寧に傷を作り塗料を重ね、いくつもの戦いをくぐりぬけてきたヒーローの貫禄たっぷりになりました。\n\n そして最後は「ヴェノム」。目の周りや、歯をカットしてより鋭利で狂暴な印象に。つやつやの塗料の上から、しっとりとした闇のような黒を重ねていきます。黄ばみと黒ずみのある歯から長い舌が飛び出し、今にも襲い掛かってきそうな表情になりました。\n「見事な変身」「あなたはマジシャン」と大人気\nこの動画は記事執筆時点で51万回以上再生を記録。コメント欄では「フレディのお面にファーやフェルトを付けるだけでこんなに良いものになるなんて驚き」「骸骨のお面はターミネーターなんだと思っていたのに……見事な変身」「ウルヴァリンすごくリアル」「元のカーネイジとヴェノムのマスクは幸せそうに酔っぱらってるみたいだった（笑）」「あなたはマジシャンだな」とマスクの変身を楽しむ声が多数寄せられています。\n\n YouTubeチャンネル「Steven Richter」では他にも「ベビーヨーダのおもちゃをリペイント」「『ジュマンジ』のボードゲームをリペイント」「『ジョーカー』の胸像を作ってみた」など驚きの動画がたくさん投稿されています。\n\n画像はYouTubeチャンネル「Steven Richter」から引用\nねとらぼ,['https://newsatcl-pctr.c.yimg.jp/t/amd-img/20241026-00000018-it_nlab-000-1-view.jpg?exp=10800'],"['https://news.yahoo.co.jp/articles/b910f65a108211e89502dec1fb8f5affde8011c0/images/000', 'https://nlab.itmedia.co.jp/nl/articles/2410/26/news019_2.html#utm_source=yahoo_v3&utm_medium=feed&utm_campaign=20241026-018&utm_term=it_nlab-life&utm_content=embed']"
入居した物件が草ぼうぼうだった……　住人の依頼でプロ出動！　見事に生まれ変わった姿に「生まれ変わった」「素晴らしい仕事」　米（ねとらぼ）,https://news.yahoo.co.jp/articles/c241ad9f0abfa650c9b75f3c94c57a4725443c6f,https://newsatcl-pctr.c.yimg.jp/t/amd-img/20241026-00000001-it_nlab-000-1-view.jpg?exp=10800,2024-10-26T12:10:09+09:00,2024-10-26T12:10:09+09:00,ねとらぼ,it_nlab,ねとらぼ,899,\n草が伸び放題の賃貸物件\n入居当時から草が伸び放題の賃貸物件。困り果てた住人がプロに掃除を依頼した動画がYouTubeに投稿され、記事執筆時点で13万3000回を超える再生数、1万2000件の高評価を集め話題になっています。\n【画像・動画】きれいになった庭を見る\n投稿したのは草刈りや庭の手入れの手伝いが好きで、慈善事業として無料で草刈りを行う米YouTubeチャンネル「Fill's Lawn Care」。これまでにも“一年中放置された庭”を掃除した動画が注目を集めていました。\n\n 今回話題となっているのは、引っ越してきたばかりでこれまで全く手入れされず、草が伸び放題の荒れた庭に困り果てた住人から依頼され掃除をする動画です。手入れしていなかった庭はどのように生まれ変わるのでしょうか。\n\n 早速家の周辺に生えた草を芝刈り機で刈っていきますが、腰の高さぐらいまで伸びてしまった草を刈るのに何往復もしないとならないようです。前に後ろにと芝刈り機を軽快に運転しながらきれいに整えていきます。\n\n 草を刈ったら熊手で刈った草を集め、ゴミ箱に入れて車の荷台に乗せていきます。芝刈り機では刈れない場所に生えていた草木は手で抜き、エアーダスタで道路の縁に生えた草や、溜まった土を吹き飛ばしてきれいにしていきます。\n\n 家の周りが終わったら中庭の掃除です。こちらも草で覆われているため、芝刈り機で草を刈っていきます。全体的に草が刈れたら、手に持って草刈りができるポールバリカンを使って残った草をきれいにします。\n\n 同じ要領で裏庭の草も刈り、刈り取ったものも掃除したら完成！ 荒れ放題だった庭がきれいさっぱり生まれ変わりました。\n\n 荒れ放題だった庭をきれいに蘇らせた動画にコメント欄では「素晴らしい庭のビフォーアフター」「長い草をかき集めて持ち帰るのはあなただけだと思います」「素晴らしい仕事」「借りた人は宝くじに当たったような気分だったと思います」と称賛の声が寄せられています。\n\n画像はYouTubeチャンネル「Fill's Lawn Care」から引用\nねとらぼ,['https://newsatcl-pctr.c.yimg.jp/t/amd-img/20241026-00000001-it_nlab-000-1-view.jpg?exp=10800'],"['https://news.yahoo.co.jp/articles/c241ad9f0abfa650c9b75f3c94c57a4725443c6f/images/000', 'https://nlab.itmedia.co.jp/nl/articles/2410/13/news080_2.html#utm_source=yahoo_v3&utm_medium=feed&utm_campaign=20241026-001&utm_term=it_nlab-life&utm_content=embed']"
「宮城県で人気の寿司」ランキング！　2位は宮城郡松島町の「磯寿司」、1位は？【2024年10月版】（ねとらぼ）,https://news.yahoo.co.jp/articles/cfd0ee0200e473dd778af1dcc9e32036f17957d2,https://newsatcl-pctr.c.yimg.jp/t/amd-img/20241026-10098605-it_nlab-000-1-view.jpg?exp=10800,2024-10-26T12:05:00+09:00,2024-10-26T12:05:00+09:00,ねとらぼ,it_nlab,ねとらぼ,676,\n画像はイメージです（画像：PIXTA）\n自身が訪れた場所について評価とクチコミなどの投稿を通じて、自らの体験を共有できるGoogleマップ。経路の検索以外にも、より良いお店探しのツールとして活用できます。今回は宮城県でおすすめの寿司店を探している人に向けて、Googleマップ上で人気のお店を紹介します。\n【画像：「宮城県で人気の寿司」ランキング10位～1位を見る】\nなおこのランキングは、Googleマップに寄せられた「ユーザー評価」「クチコミ件数」「価格フィルタ」「評価フィルタ」などに基づいて作成された、2024年10月21日時点のものです。ではさっそく上位の結果を見ていきましょう。\n●第2位：磯寿司（4.8pt／104クチコミ）\n第2位は宮城郡松島町の「磯寿司」でした。JR「高城町駅」から約480メートルの場所にある寿司店です。メニューは、にぎりの「親方おまかせ」をはじめ特上～並のほか、ちらし・巻物などをラインアップ。席数の少ないこじんまりとしたお店ですが、「ネタが新鮮でどれもおいしく、お店の雰囲気もいい」といったクチコミが寄せられていました。\n●第1位：寿しや甲子園（4.8pt／162クチコミ）\n第1位は仙台市若林区の「寿しや甲子園」でした。仙台場外市場「杜の市場」にあるお店で、「鮮度を追求した結果、辿り着いた」という立ち食いスタイルが特徴です。場外市場で営業していることもあって、ネタの鮮度は抜群。その日に仕入れた旬のネタを職人がすぐ握ってくれるので、新鮮でおいしい寿司を心ゆくまで堪能できます。\nRAKKO,['https://newsatcl-pctr.c.yimg.jp/t/amd-img/20241026-10098605-it_nlab-000-1-view.jpg?pri=l&w=640&h=426&exp=10800'],"['https://news.yahoo.co.jp/articles/cfd0ee0200e473dd778af1dcc9e32036f17957d2/images/000', 'https://nlab.itmedia.co.jp/research/articles/3091298/2#utm_source=yahoo_v3&utm_medium=feed&utm_campaign=20241026-10098605&utm_term=it_nlab-life&utm_content=img']"
【蒼き流星SPTレイズナー】SPT人気ランキング！　第2位は「ニューレイズナー（V-MAX強化型レイズナー）」、1位は？（ねとらぼ）,https://news.yahoo.co.jp/articles/b4901c4751cad7a1c4b7fbc049b21b72585a09dc,https://newsatcl-pctr.c.yimg.jp/t/amd-img/20241026-10098827-it_nlab-000-1-view.jpg?exp=10800,2024-10-26T11:55:00+09:00,2024-10-26T11:55:00+09:00,ねとらぼ,it_nlab,ねとらぼ,483,\n出典：Amazon.co.jp\n2024年10月13日から10月20日まで、ねとらぼでは「蒼き流星SPTレイズナーであなたが好きなSPTは？」というアンケートを実施していました。\n【画像：ランキング20位～1位を見る】\n今回のアンケートでは、総数355票の投票をいただきました。それでは結果を見ていきましょう。\n●第2位：ニューレイズナー（V-MAX強化型レイズナー）\n第2位は、「ニューレイズナー（V-MAX強化型レイズナー）」でした。ザカールとの戦闘で大破したレイズナーから、戦闘データを分析して複製・強化し、AI「レイ（フォロン）」を移植した機体。姿勢制御用スラスターの追加やナックルショットの大型化などの改良を施し、V-MAX時の戦闘機動を強化しています。\n●第1位：レイズナー\n第1位は、「レイズナー」でした。主人公のアルバトロ・ナル・エイジ・アスカが搭乗する機体で、メインコンピューターにはAIの「レイ」を搭載。また、その裏で「フォロン」と呼ばれるAIも搭載しており、「グラドス創世の秘密」の伝承と保護を使命としています。\nhiro.,['https://newsatcl-pctr.c.yimg.jp/t/amd-img/20241026-10098827-it_nlab-000-1-view.jpg?pri=l&w=640&h=361&exp=10800'],"['https://news.yahoo.co.jp/articles/b4901c4751cad7a1c4b7fbc049b21b72585a09dc/images/000', 'https://nlab.itmedia.co.jp/research/articles/3091764/2#utm_source=yahoo_v3&utm_medium=feed&utm_campaign=20241026-10098827&utm_term=it_nlab-ent&utm_content=img']"
『名探偵コナン』安室透のマグカップ、お湯を注ぐと……　“浮かび上がるもの”に感動の840万表示　「涙腺崩壊」「泣いちゃうよ」（ねとらぼ）,https://news.yahoo.co.jp/articles/4a82a153320f46f13cedd1df47f9f060563505fa,https://newsatcl-pctr.c.yimg.jp/t/amd-img/20241026-00000062-it_nlab-000-1-view.jpg?exp=10800,2024-10-26T11:50:10+09:00,2024-10-26T11:50:10+09:00,ねとらぼ,it_nlab,ねとらぼ,1088,\n『名探偵コナン』安室透のマグカップ\n『名探偵コナン』連載30周年を記念した展覧会「連載30周年記念 名探偵コナン展」で購入したファン号泣のマグカップがX（Twitter）で話題です。お湯を注ぐと浮き出てくる光景に、「涙腺崩壊」などと涙が止まらなくなってしまう人が続出しています。\n【画像】浮かび上がるもの\nお湯を注いだら降谷零の周りに……\n投稿者は、『名探偵コナン』に登場する怪盗キッド（黒羽快斗）をはじめとしたキャラクターのコスプレを披露している、Xユーザーの朔さん。「コナン展で泣きながら買ったマグカップ」と動画を添えて投稿しました。\n\n 朔さんが購入したのは、『名探偵コナン』の人気キャラクターであり、『名探偵コナン ゼロの日常』の主人公でもある、安室透（本名・降谷零）が青いタイル壁の前に立つすてきなマグカップ。このマグカップにお湯を注ぐと、だんだんと青タイルの下の方が白くなっていくのがわかります。そして、誰かの上半身が浮き出てきました。\n\n もっとマグカップが温まってくると、降谷零と背中合わせに立っている松田陣平、その奥に萩原研二、反対側には諸伏景光、後ろに伊達航の姿が次々に登場。今は亡き警察学校時代の仲間たちに囲まれる降谷零の姿が現れます。なんて、感情を激しく揺さぶってくるマグカップ……。\n\n このマグカップは名探偵コナン展で販売されている「温感マグカップ 降谷零×松田陣平×伊達航×萩原研二×諸伏景光」。このほかに「工藤新一」「怪盗キッド」と全3種類用意されており、1会計2点まで購入可能です。価格は各3300円。\n「使う度に泣いちゃうよ」「さすがに買うわ」と840万表示\nこの投稿は記事執筆時点で840万回近く表示され、約7万7000件のいいねを獲得しました。その感動はファンたちの共感を呼び、「わいも泣いた」「欲しすぎるけどこんなん使う度に泣いちゃうよ」「これは、うわわわああああん！」「家にマグカップ溢れすぎもう絶対に買わない！と思ってるオタクでもこれやられたらさすがに買うわ」「涙腺崩壊やばいぃ………………泣泣泣泣泣泣泣」など、動画を見ただけですでに欲しい気持ちとあふれる涙に揺れ動くコメントが寄せられています。\n\n なお、名探偵コナン展は東京会場（池袋 サンシャインシティ）を皮切りに、日本全国各地および海外で開催中。現在は10月12日～11月10日に愛媛・松山会場（南海放送本町会館）、今後は11月16日～12月15日に愛知・名古屋会場（金山南ビル美術館棟）で開催予定です。\n\n動画提供：朔さん\nねとらぼ,['https://newsatcl-pctr.c.yimg.jp/t/amd-img/20241026-00000062-it_nlab-000-1-view.jpg?exp=10800'],"['https://news.yahoo.co.jp/articles/4a82a153320f46f13cedd1df47f9f060563505fa/images/000', 'https://nlab.itmedia.co.jp/nl/articles/2410/26/news064_2.html#utm_source=yahoo_v3&utm_medium=feed&utm_campaign=20241026-062&utm_term=it_nlab-life&utm_content=embed']"
スーツが似合うマッチョ紳士がコスプレすると……　“まさかの姿”に「これがギャップ萌え」「やだかっこいい……」（ねとらぼ）,https://news.yahoo.co.jp/articles/5254fe6c0535d3a3b3b6612190bde4e70f1aa675,https://newsatcl-pctr.c.yimg.jp/t/amd-img/20241026-00000003-it_nlab-000-1-view.jpg?exp=10800,2024-10-26T12:00:14+09:00,2024-10-26T12:00:14+09:00,ねとらぼ,it_nlab,ねとらぼ,643,\nスーツ姿がステキなマッチョマン\n脳がバグりそうになる……！ 「普段の姿」と「コスプレ時の姿」のギャップがすごすぎるコスプレイヤーの写真が、X（Twitter）で13万回以上表示されるほど話題になっています。\n【画像】“まさかのコスプレ姿”を見る\n話題になっているのは、アームレスラーでありコスプレイヤーでもあるXユーザー・サップ石島さんが投稿した2枚の写真です。\n\n 1枚目にはおしゃれなスーツをビシッと着た、普段のサップ石島さんが写っています。スーツの上からでも分かる、鍛え上げられた肉体が特徴的です。\n\n そして2枚目はコスプレ時の写真なのですが……サップ石島さんが扮（ふん）しているのは、なんと「となりのトトロ」のメイ！ 服装や小道具などが忠実に再現されたコスプレですが、何よりもムキムキすぎる腕に目が行ってしまいます。スーツの似合うダンディーなマッチョマンがこんなにはっちゃけたコスプレを披露するなんて、ギャップにクラクラきちゃう！\n\n まさかのギャップを堪能できる2枚の写真に、Xでは「コスプレもスーツもビシッとキメてはる!!」「これがギャップ萌えというやつですね」「やだかっこいい……」「メイのバk……メ、メイ……!?」「ネコバスに乗らなくても裸足で野山や電線を駆けていけそう」などの声が寄せられました。\n\n サップ石島さんはほかにも、「となりのトトロ」のメイを主としたコスプレ写真をXに投稿しています。\n\n画像提供：サップ石島さん\nねとらぼ,['https://newsatcl-pctr.c.yimg.jp/t/amd-img/20241026-00000003-it_nlab-000-1-view.jpg?pri=l&w=445&h=640&exp=10800'],"['https://news.yahoo.co.jp/articles/5254fe6c0535d3a3b3b6612190bde4e70f1aa675/images/000', 'https://nlab.itmedia.co.jp/nl/articles/2410/26/news003_2.html#utm_source=yahoo_v3&utm_medium=feed&utm_campaign=20241026-003&utm_term=it_nlab-life&utm_content=embed']"
【女性に聞いた】買ってきてほしい「道後温泉のお土産」ランキング！　2位は「フルーツプリン（菓子屋 艷 YEN）」、1位は？（ねとらぼ）,https://news.yahoo.co.jp/articles/5302c2130f5d5a7398a57034944bd9d7eaf61f50,https://newsatcl-pctr.c.yimg.jp/t/amd-img/20241026-10098655-it_nlab-000-1-view.jpg?exp=10800,2024-10-26T11:45:00+09:00,2024-10-26T11:45:00+09:00,ねとらぼ,it_nlab,ねとらぼ,590,\n画像：写真AC\nねとらぼではアンケートサイト「ボイスノート」の協力のもと、全国の女性を対象に「買ってきてほしい道後温泉のお土産はどれ？」というテーマでアンケートを実施しました。\n【画像：ランキング17位～1位を見る】\n数ある道後温泉のお土産の中で、全国の女性から「買ってきてほしい」と思われていたのはどの商品だったのでしょうか。さっそくランキングを見ていきましょう！\n●第2位：フルーツプリン（菓子屋 艷 YEN）\n第2位は「フルーツプリン（菓子屋 艷 YEN）」でした。マンゴー・フランボワーズ・ブルーベリー・バナナ・パッションフルーツの5種類を展開するプリンです。\n\n ごろっとした果肉や、優しい甘みが特徴のフルーツプリン。さまざまな種類を楽しめるので、お土産に買ってきてほしいと思う人も多いのではないでしょうか。\n●第1位：ミルクチーズケエキ（道後ミルクチーズケエキ）\n第1位は「ミルクチーズケエキ（道後ミルクチーズケエキ）」でした。店内工房で毎日手作りされるチーズを使った、風味豊かなチーズケーキです。四国カルストで育った乳牛からとれる濃厚な牛乳や、地元・愛媛県産のフルーツを使用しています。\n\n 湯上りに飲む牛乳のようなおいしさを表現したミルク味は、道後ミルクチーズケエキならではの味わい。ふわっととろけるような食感も楽しめます。\n押入れの人,['https://newsatcl-pctr.c.yimg.jp/t/amd-img/20241026-10098655-it_nlab-000-1-view.jpg?pri=l&w=640&h=440&exp=10800'],"['https://news.yahoo.co.jp/articles/5302c2130f5d5a7398a57034944bd9d7eaf61f50/images/000', 'https://nlab.itmedia.co.jp/research/articles/3088663/2#utm_source=yahoo_v3&utm_medium=feed&utm_campaign=20241026-10098655&utm_term=it_nlab-life&utm_content=img']"
「新潟県で人気の定食」ランキング！　2位は新鮮な鯖を堪能できる「海鮮食堂 さばや」、1位は？【2024年10月版】（ねとらぼ）,https://news.yahoo.co.jp/articles/3cb45a8e5deae71fc0ab68e83de92796f4813d77,https://newsatcl-pctr.c.yimg.jp/t/amd-img/20241026-10098851-it_nlab-000-1-view.jpg?exp=10800,2024-10-26T11:30:00+09:00,2024-10-26T11:30:00+09:00,ねとらぼ,it_nlab,ねとらぼ,719,\n画像はイメージです（画像：PIXTA）\n自身が訪れた場所について評価とクチコミなどの投稿を通じて、自らの体験を共有できるGoogleマップ。経路の検索以外にも、より良いお店探しのツールとして活用できます。今回は新潟県でおすすめの定食を探している人に向けて、Googleマップ上で人気のお店を紹介します。\n【画像：「新潟県で人気の定食」ランキング10位～1位を見る】\nなおこのランキングは、Googleマップに寄せられた「ユーザー評価」「クチコミ件数」「価格フィルタ」「評価フィルタ」などに基づいて作成された、2024年10月23日時点のものです。ではさっそく上位の結果を見ていきましょう。\n●第2位：海鮮食堂 さばや（4.5pt／435クチコミ）\n第2位は、新潟市江南区北山にある「海鮮食堂さばや」でした。看板メニューは「しめ鯖丼」で、脂ののった「しめ鯖」を分厚く切って提供しています。また、さまざまな味付けのサーモンの切り身が味わえる「サーモン丼」や、新鮮な真イカと長芋を楽しめる「イカじゅる丼」なども人気。\n\n 「鯖の塩焼き」「鯖の味噌煮」などの定食メニューでも、新鮮な鯖を堪能できます。テイクアウトメニューとしては、鯖、サーモンの「押し寿司」が有名です。\n●第1位：いろりじねん（4.6pt／128クチコミ）\n第1位は魚沼市にある「いろりじねん」でした。魚沼産コシヒカリを使った定食が人気で、四季折々の料理を楽しむことができます。春には山菜、秋にはきのこ料理など、旬の素材を味わえる定食や一品料理のほか、そばやうどんも提供しています。人気店のため、事前に予約をしておくとよいでしょう。\nKOE豚ラーメン爆盛り,['https://newsatcl-pctr.c.yimg.jp/t/amd-img/20241026-10098851-it_nlab-000-1-view.jpg?pri=l&w=640&h=426&exp=10800'],"['https://news.yahoo.co.jp/articles/3cb45a8e5deae71fc0ab68e83de92796f4813d77/images/000', 'https://nlab.itmedia.co.jp/research/articles/3093221/2#utm_source=yahoo_v3&utm_medium=feed&utm_campaign=20241026-10098851&utm_term=it_nlab-life&utm_content=img']"
【地元の40～60代に聞いた】優秀な生徒が多いと思う「静岡県の公立高校」ランキング！　2位は「浜松北高校」、1位は？（ねとらぼ）,https://news.yahoo.co.jp/articles/5d32a4a7cc5b1463b1d95f93bb3726b67f59ea77,https://newsatcl-pctr.c.yimg.jp/t/amd-img/20241026-10099093-it_nlab-000-1-view.jpg?exp=10800,2024-10-26T11:40:00+09:00,2024-10-26T11:40:00+09:00,ねとらぼ,it_nlab,ねとらぼ,1460,\n画像：PIXTA（画像はイメージです）\nねとらぼでは、アンケートサイト「ボイスノート」の協力のもと、静岡県在住の40～60代の男女を対象に「優秀な生徒が多いと思う静岡県の公立高校は？」というテーマでアンケートを実施しました。\n【画像：ランキング14位～1位を見る】\n静岡県の公立高校の中で、地元の40～60代の人から「優秀な生徒が多い」と思われていたのは、どこだったのでしょうか。ランキングを見ていきましょう！\n●第5位：富士高校\n第5位は「富士高校」でした。1923年開校の「静岡県立富士中学校」を前身とする公立高校。「克己心身を練れ 勤勉実力を養え 至誠事に当れ」を校訓としています。\n\n そんな富士高校では、卒業までに習得したい資質・能力として「視野の広さ」「主体性」「行動力」「論理的思考力」「協働性」「協調性」「柔軟性」「傾聴力」の8つを挙げ、さまざまな取り組みを実施。また、普通科のほか理数科が設置され、課題研究やフィールドワーク、大学教員の出張講義などを通じて、科学・数学の教育が行われています。\n●第4位：沼津東高校\n第4位は「沼津東高校」でした。1901年に、前身となる「静岡県沼津中学校」が開校し、1949年の男女共学化とともに、現在の校名へと改称されました。\n\n そんな沼津東高校は、単位制を取り入れ、希望進路に合わせたカリキュラムづくりができるほか、少人数講座や留学制度も用意。また、理数科を設置し、自然科学の研究職を目指せる環境も整え、卒業生は、大学の理・工・医学部などに進学しています。\n●第3位：韮山高校\n第3位は「韮山高校」でした。1873年開設の「仮研究所」をルーツとする県立高校。静岡県内で最も古い歴史を持つ伝統校です。\n\n そんな韮山高校では、普通科と理数科を併置しており、普通科には文系探究コースを設けています。文系探究コースでは、グローカルな視点による探究学習として、伊豆半島研修や、外国人学者による英語講義などを実施。また、理数科では、「国立遺伝学研究所」の見学や、「放射線実習セミナー」など、さまざまな取り組みを行っています。\n●第2位：浜松北高校\n第2位は「浜松北高校」でした。1894年に「静岡県尋常中学校浜松分校」として開校した、静岡県浜松市に位置する高校です。「自主独立」の精神のもと、広く世界的視野に立って人類の発展に貢献できる「たくましい人材」の育成を目指しています。\n\n 浜松北高校では、「普通科」と「国際科」を併設。授業や学校行事、部活動、キャリア教育などを通し、国内外でリーダーとして活躍できる人材を育成しています。2024年度の大学入試では、「静岡大学」「東京大学」などの国公立大学や、「明治大学」「早稲田大学」などの私立大学に多くの生徒が合格を果たしました。\n●第1位：静岡高校\n第1位は「静岡高校」でした。1878年に開校した、静岡県静岡市に位置する高校です。「卬高（高きを仰ぐ）」を校訓に掲げ、国内外のさまざまな分野で活躍するグローバルリーダーの育成を目指しています。z\n\n 静岡高校は、65分×5時限の授業に加え、土曜日の3時限の授業を年間17日展開。平日は15時5分に授業が終了するので、部活動や自学の時間を充実できます。2024年度の大学入試では「静岡大学」「名古屋大学」などの国公立大学や、「明治大学」「早稲田大学」などの私立大学に多くの生徒が合格を果たしました。\nhiro./押入れの人,['https://newsatcl-pctr.c.yimg.jp/t/amd-img/20241026-10099093-it_nlab-000-1-view.jpg?pri=l&w=640&h=426&exp=10800'],"['https://news.yahoo.co.jp/articles/5d32a4a7cc5b1463b1d95f93bb3726b67f59ea77/images/000', 'https://nlab.itmedia.co.jp/research/articles/3093675/2#utm_source=yahoo_v3&utm_medium=feed&utm_campaign=20241026-10099093&utm_term=it_nlab-life&utm_content=img']"
「6歳児に3度見した」　芸術一家の息子、“一心不乱に描く絵”に5万いいね　「ベテランのような風格さえ感じます」（ねとらぼ）,https://news.yahoo.co.jp/articles/2175dfc03cdc26e3f11687615b072e57b874e592,https://newsatcl-pctr.c.yimg.jp/t/amd-img/20241026-00000031-it_nlab-000-1-view.jpg?exp=10800,2024-10-26T11:30:12+09:00,2024-10-26T11:30:12+09:00,ねとらぼ,it_nlab,ねとらぼ,846,\n夢中で絵を描く息子さん\n芸術一家で生まれ育った6歳息子の絵がX（Twitter）で話題です。投稿は、記事執筆時点で110万件表示を突破し、約5万5000件のいいねを集めています。\n【画像】6歳息子が描いた驚きの絵（全体）\n投稿したのは、6歳の息子さんと3歳の娘さんを育てるピアニストのパパ「旅するピアノ・永田ジョージ」さん。「帰宅したら夕飯にしたいのだけど、一心不乱に絵を描き続ける6歳児」と添え、絵を描く息子さんの写真を公開しています。\n\n 写真では、スケッチブックにたくさんの飛行機が空を飛ぶ壮大な風景が描かれており、思わず見入ってしまいます。息子さんは「デザインはね、イメージなんだよ」と伝えたそうで、永田さんは「ベテランデザイナーみたいなことを言い出した」とつづっています。\n\n 息子さんの表情は真剣そのもの。もう何も言えません……。そろそろ夕食にしたいけど、一段落するまでもう少しかかりそうかな？ その後、しっかりご飯は食べたそうです。\n\n 息子さんは自分の世界観を持ち、「たまに情熱大陸っぽい発言をする」とのこと。これまでにも、引っ越し業者のトラックなどさまざまな絵を描いてきました。その作品はどれも大胆かつ緻密。才能あふれるものばかりです。\n\n ちなみに、永田さんの妻はジュエリーデザイナーのMamikoさん。もしかしたら、ご両親の才能を受け継いでいるのかもしれませんね。\n\n 6歳の息子さんが描いたとは思えない絵のクオリティーに、Xでは「え？ 天才すぎる……」「6歳児に3度見した」「上手すぎて腰抜かしました」「可能性無限大」「才能のかたまり」「ベテランのような風格さえ感じます」といった声が寄せられています。\n\n ピアニストの永田さんは、子育てをしながら演奏する様子をXで公開しています。11月5日には「中目黒 楽屋」（東京都目黒区）でのライブ「ジブリサウダージ」に出演予定です。\n\n画像提供：旅するピアノ・永田ジョージさん\nねとらぼ,['https://newsatcl-pctr.c.yimg.jp/t/amd-img/20241026-00000031-it_nlab-000-1-view.jpg?exp=10800'],"['https://news.yahoo.co.jp/articles/2175dfc03cdc26e3f11687615b072e57b874e592/images/000', 'https://nlab.itmedia.co.jp/nl/articles/2410/26/news034_2.html#utm_source=yahoo_v3&utm_medium=feed&utm_campaign=20241026-031&utm_term=it_nlab-life&utm_content=embed']"
「相模原市で人気のラーメン」ランキング！　2位は「濃厚牡蠣ソバ」が看板メニューの「貝ガラ屋」、1位は？【2024年10月版】（ねとらぼ）,https://news.yahoo.co.jp/articles/0bec117ded939a1f9586f8880197e71be52560f0,https://newsatcl-pctr.c.yimg.jp/t/amd-img/20241026-10098881-it_nlab-000-1-view.jpg?exp=10800,2024-10-26T11:15:00+09:00,2024-10-26T11:15:00+09:00,ねとらぼ,it_nlab,ねとらぼ,636,\n画像はイメージです（画像：PIXTA）\n自身が訪れた場所について評価とクチコミなどの投稿を通じて、自らの体験を共有できるGoogleマップ。経路の検索以外にも、より良いお店探しのツールとして活用できます。今回は神奈川県相模原市でおすすめのラーメンを探している人に向けて、Googleマップ上で人気のお店を紹介します。\n【画像：「相模原市で人気のラーメン」ランキング10位～1位を見る】\nなおこのランキングは、Googleマップに寄せられた「ユーザー評価」「クチコミ件数」「価格フィルタ」「評価フィルタ」などに基づいて作成された、2024年10月23日時点のものです。ではさっそく上位の結果を見ていきましょう。\n●第2位：貝ガラ屋（4.3pt／1212クチコミ）\n第2位は相模原市中央区の「貝ガラ屋」でした。その名の通り貝類のだしが効いたラーメンが人気のお店。一度食べたら忘れられない味を目指しているという看板メニューの「濃厚牡蠣ソバ」は牡蠣のポタージュのような濃厚さが好評を集めています。サイドメニューの「貝めし」も人気です。\n●第1位：葵亭（4.4pt／175クチコミ）\n第1位は、相模原市南区にある「葵亭」でした。県道52号線沿いで営業しているお店です。「ラーメン」「たまごラーメン」「のりラーメン」などをラインアップしており、濃厚でマイルドな豚骨スープがおいしいと評判。ラーメンとセットにできる「ぶた丼」も口コミで人気を集めています。\nRAKKO,['https://newsatcl-pctr.c.yimg.jp/t/amd-img/20241026-10098881-it_nlab-000-1-view.jpg?pri=l&w=640&h=426&exp=10800'],"['https://news.yahoo.co.jp/articles/0bec117ded939a1f9586f8880197e71be52560f0/images/000', 'https://nlab.itmedia.co.jp/research/articles/3093403/2#utm_source=yahoo_v3&utm_medium=feed&utm_campaign=20241026-10098881&utm_term=it_nlab-life&utm_content=img']"
「兵庫県で人気のバイキング（ビュッフェ）」ランキング！　2位は神戸ポートピアホテルにある「スカイグリルブッフェ GOCOCU ～五国のめぐみ～」、1位は？【2024年10月版】（ねとらぼ）,https://news.yahoo.co.jp/articles/b480b5afddc61382e767a36312570a2ad07e31ad,https://newsatcl-pctr.c.yimg.jp/t/amd-img/20241026-10098733-it_nlab-000-1-view.jpg?exp=10800,2024-10-26T11:05:00+09:00,2024-10-26T11:05:00+09:00,ねとらぼ,it_nlab,ねとらぼ,715,\n画像はイメージです（画像：PIXTA）\n自身が訪れた場所について評価とクチコミなどの投稿を通じて、自らの体験を共有できるGoogleマップ。経路の検索以外にも、より良いお店探しのツールとして活用できます。今回は兵庫県でおすすめのビュッフェを探している人に向けて、Googleマップ上で人気のお店を紹介します。\n【画像：「兵庫県で人気のバイキング（ビュッフェ）」ランキング10位～1位を見る】\nなおこのランキングは、Googleマップに寄せられた「ユーザー評価」「クチコミ件数」「価格フィルタ」「評価フィルタ」などに基づいて作成された、2024年10月22日時点のものです。ではさっそく上位の結果を見ていきましょう。\n●第2位：スカイグリルブッフェ GOCOCU ～五国のめぐみ～（4.4pt／443クチコミ）\n第2位は神戸市中央区、神戸ポートピアホテル本館30階にある「スカイグリルブッフェ GOCOCU ～五国のめぐみ～」でした。摂津、播磨、但馬、丹波、淡路の兵庫五国の食材を中心とした、豊富な種類の料理を楽しめるビュッフェレストラン。特注の石窯でじっくりとロースト＆グリルした料理が自慢です。\n●第1位：ブラジリアーノ（4.4pt／1084クチコミ）\n第1位は神戸市中央区の「ブラジリアーノ」でした。お肉やソーセージを塊で焼いた「シュラスコ」の食べ放題を提供しているお店で、食べ放題にはサラダ・フード・デザートのビュッフェも付いてきます。シュラスコは店員さんが目の前で切り分けてくれるため、写真映えは抜群。陽気な店員さんのサービスを楽しみながら、お肉や野菜を思う存分に食べられます。\nKOE豚ラーメン爆盛り,['https://newsatcl-pctr.c.yimg.jp/t/amd-img/20241026-10098733-it_nlab-000-1-view.jpg?pri=l&w=640&h=320&exp=10800'],"['https://news.yahoo.co.jp/articles/b480b5afddc61382e767a36312570a2ad07e31ad/images/000', 'https://nlab.itmedia.co.jp/research/articles/3092380/2#utm_source=yahoo_v3&utm_medium=feed&utm_campaign=20241026-10098733&utm_term=it_nlab-life&utm_content=img']"
生後0日→1歳10カ月の赤ちゃん成長ビフォーアフターが衝撃の700万再生　それから2年たった現在は……　さらに驚く姿に反響（ねとらぼ）,https://news.yahoo.co.jp/articles/1949a0ec4f999541304078bc4be5e9103700b223,https://newsatcl-pctr.c.yimg.jp/t/amd-img/20241026-00000051-it_nlab-000-1-view.jpg?exp=10800,2024-10-26T11:00:15+09:00,2024-10-26T11:00:15+09:00,ねとらぼ,it_nlab,ねとらぼ,1259,\n生後0日\n生まれたばかりの生後0日の赤ちゃん。おばあちゃんにそっくりだったつぶらな瞳のお顔が、3歳になった今では……。成長に驚かされるビフォーアフターがInstagramに投稿され、記事執筆時点で合計730万再生を超えています。\n【動画】0日→1歳10カ月→3歳の驚きの成長\nおばあちゃんそっくりに生まれた赤ちゃんが……\n投稿者はpachikoさん。息子の元さんの成長を記録しています。2022年9月にpachikoさんが投稿した動画には、生後0日の生まれたての元さんが首を支えられ、つぶらな瞳とムッと口を閉じた新生児らしい表情でこちらを見すえています。\n\n pachikoさんによると、元さんのこのときのお顔は、生まれる2週間前に亡くなったおばあちゃんにそっくりだったとのこと。そして、それから1年10カ月後の元さんを見てみると……？ \n\n 「衝撃が走るよｗ」というテロップ通り、新生児のころの赤ちゃんとはまるで別人のようなお顔に！ くっきりとした目鼻立ちとりりしいまゆ毛、ピュアな透明感あふれる端正な顔立ちに驚きます。1歳10カ月ですでにお顔が完成されている……。\n\n 2022年投稿の動画には「変貌度がすごすぎてビックリしました」「もちろん、赤ちゃんのお顔も可愛いですけど、純日本人的な 大きくなるにつれて、パパさんのDNAがしっかり出てきましてね」「そんな衝撃走る顔なのかな～？ からのえええええ！！！ ハリーポッター！！！ でした」「まあ赤ちゃんなら誰でも可愛しってうわぁぁっっ うん可愛いの次元超えてる」と大きな反響が寄せられ、再生回数は700万回を超えています。\nその後3歳になった元さんは？\nそしてさらに2年がたち、pachikoさんは2024年9月末にアップデートしたビフォーアフターを公開。3歳になった元さんはどんな成長を見せたのかというと……？ なんということでしょう。端正な顔立ちと透明感はそのままに、1歳のころよりもキリっとしたお兄さんっぽさが増しています。生後0日のころのお顔から、こんなにも変わっていくとは……。更なる進化を見せた成長に驚きます。\n\n pachikoさんの投稿によると、「写真を見返すとどんどん大人っぽくなっていく！」とのことで、投稿前日には生まれて初めて元さんが「食器洗い、僕がしようか？ ママ大変でしょ？」と言ってくれて感動したとのこと。体も心もすくすくと成長していることが伝わってきてほっこりしますね。\n\n 生後0日から3歳のビフォーアフター動画には「また数年後が楽しみ」「3年であっという間に大人びたなぁ～ いや、大人びるとか以前にやっぱり顔変わりすぎや」「3歳でここまで整う！？」「これはスルー出来ませんでした！想像の斜め斜め斜め上以上をいっておられまして眼福です」などのコメントが寄せられており、今後の元さんの更なる成長を願う人が多くみられました。\n\n画像提供：pachiko（@pachiko0729）さん\nねとらぼ,['https://newsatcl-pctr.c.yimg.jp/t/amd-img/20241026-00000051-it_nlab-000-1-view.jpg?pri=l&w=360&h=640&exp=10800'],"['https://news.yahoo.co.jp/articles/1949a0ec4f999541304078bc4be5e9103700b223/images/000', 'https://nlab.itmedia.co.jp/nl/articles/2410/26/news028_2.html#utm_source=yahoo_v3&utm_medium=feed&utm_campaign=20241026-051&utm_term=it_nlab-life&utm_content=embed']"
「カービィカフェ OSAKA」、常設店として大阪にオープン　OSAKA限定メニューも登場！（ねとらぼ）,https://news.yahoo.co.jp/articles/b50b1f067f4d1d2ccd04f59e75e06645e8bd4067,https://newsatcl-pctr.c.yimg.jp/t/amd-img/20241026-10098802-it_nlab-000-1-view.jpg?exp=10800,2024-10-26T11:30:00+09:00,2024-10-26T11:30:00+09:00,ねとらぼ,it_nlab,ねとらぼ,1280,\nくるまほおばりグルメプレート\n「星のカービィ」をテーマにした「Kirby Café (カービィカフェ）」の新たな店舗「Kirby Café OSAKA (カービィカフェ オオサカ)」が11月21日、大阪・大丸心斎橋店にオープンします。\n【画像】カービィカフェのメニューをもっと見る\nTOKYO、HAKATAに続き、常設3店舗目となる「カービィカフェ OSAKA」では、他の店舗に先行して、「くるまほおばり」ヘンケイしたカービィのプレートにお料理を盛りこんだ「大ぼうけん！くるまほおばりグルメプレート」やOSAKA限定メニューなどが提供されます。\n●カービィカフェ OSAKA先行販売メニュー：大ぼうけん！くるまほおばりグルメプレート\nくるまほおばりカービィが、グルメなワンプレートメニューになりました。ワープスターのようなサンドイッチにやローストビーフやガーリックシュリンプを盛りつけ、ワドルディやエフィリンも乗り込んでいます。 価格は2728円。\n●カービィカフェ OSAKA限定メニュー\n・ワドルディバーガー（お好み焼き）＆ミートパスタ：はたらきもののワドルディが、カービィカフェ OSAKAに限定バーガーとして登場！ 大阪名物のお好み焼きをサンドした、食べごたえのある一品です。スーベニアプレート付きは3278円、スーベニアプレートなしは2288円です。\n\n・カービィのめっちゃすいこみ！串カツ：揚げたてのひれカツやささみカツ、春巻きやたこさんウインナー、流れ星のような野菜も入った食いしんぼうも大まんぞくの串カツがOSAKA限定で登場。価格は1628円。\n\n・カービィのすいこみ！たこ焼きみたいなプチケーキ：見た目はまるでたこ焼き！ 食べるとふんわり甘いプチケーキ。 価格は1188円です。\n\n・トルネイド☆ミックスジュース：カービィのトルネイド能力で、さまざまなフルーツやかき氷をくるくる回して、たつまきこうげき！ フルーティでミルキーな特製ミックスジュースです。価格は1078円です。\n●TOKYOやHAKATAで人気のメニューも\n・「カービィバーガー＆ミートパスタ」、「ウィスピーウッズのもりもりごちそうプレート」のほか、「カービィカフェの本格窯焼きピッツァ」各種や、「ワドルディのおひるねオムライス」、「ヘンケイ！くるまほおばりケーキ」など、TOKYOやHAKATAで人気の定番メニューがOSAKAにも多数登場します。\n●メニューがモチーフの新アート「フード・アラカルト」シリーズのグッズが登場！\nポーチやスープマグカップ、トートバッグ、ブランケット、キーホルダー、ぬいぐるみやクッションなど、メニューがモチーフの新アート「フード・アラカルト」シリーズのかわいいグッズも登場します。\n●カービィカフェOSAKA の予約方法\nカービィカフェは予約制で 利用時間は1回85分です。カービィカフェOSAKAは、2024年10月30日18時から予約サイトで予約受付がスタートします。\nねとらぼ編集部/林美由紀,['https://newsatcl-pctr.c.yimg.jp/t/amd-img/20241026-10098802-it_nlab-000-1-view.jpg?pri=l&w=640&h=497&exp=10800'],"['https://news.yahoo.co.jp/articles/b50b1f067f4d1d2ccd04f59e75e06645e8bd4067/images/000', 'https://nlab.itmedia.co.jp/research/articles/3093053/2#utm_source=yahoo_v3&utm_medium=feed&utm_campaign=20241026-10098802&utm_term=it_nlab-life&utm_content=img']"
【50代が選ぶ】「一番かっこいいと思うジーンズブランド」ランキング！　2位は「リー（Lee）」、1位は？【10月26日はデニムの日】（ねとらぼ）,https://news.yahoo.co.jp/articles/cabe6e8fa9fa42bd2c101dfa1eb88959206e1a28,https://newsatcl-pctr.c.yimg.jp/t/amd-img/20241026-10098931-it_nlab-000-1-view.jpg?exp=10800,2024-10-26T11:20:00+09:00,2024-10-26T11:20:00+09:00,ねとらぼ,it_nlab,ねとらぼ,1909,\n画像はイメージです（画像：写真AC）\n本日10月26日は「デニムの日」。岡山県倉敷市児島の「児島ジーンズストリート推進協議会」が制定した日で、「デ（10）ニム（26）」の語呂合わせが由来になっています。国産ジーンズ発祥の地である岡山県倉敷市児島にある「児島ジーンズストリート」から、デニムのよさを広める目的で制定されました。\n【画像：ランキング16位～1位を見る】\n今回は「デニムの日」に合わせて、アンケートサイト「ボイスノート」の協力のもと、全国の50代を対象に「一番かっこいいと思うジーンズブランド」というテーマで行ったアンケート結果を紹介します。\n\n 多くの50代から「かっこいい」と思われているのは、どのジーンズブランドだったのでしょうか。さっそく結果を見ていきましょう！\n●第5位：バーバリー（BURBERRY）\n第5位は、得票率5.0％の「バーバリー（BURBERRY）」でした。\n\n トーマス・バーバリーによって1856年に設立された、イギリスを代表するラグジュアリーブランドです。ロンドンに本社を構え、トレンチコートに代表されるアウターを中心に商品を展開。革新的なデザインや品質、伝統を重んじながら性別や年代にとらわれないスタイルを確立し、ラグジュアリーブランドとして世界をリードしています。\n\n ジーンズはストレートフィットやスリムフィットをはじめ、デザイン性の高いものまでラインアップがそろっています。\n●第4位：ディーゼル（DIESEL）\n第4位は、得票率6.0％の「ディーゼル（DIESEL）」でした。\n\n レンツォ・ロッソによって1978年に設立された、イタリア北東部のブレガンツェに本社を構えるファッションブランドです。創業以来、デニムとカジュアルファッションの分野をリードし続け、「プレミアム・カジュアル・ウェア」というカテゴリーを構築。ライフスタイルブランドとしても多くの商品を展開しています。\n\n ジーンズは、シワのないデニムパンツからオリジナルの加工を施したものまで幅広く商品を展開。さまざまな生地やスタイル、ウォッシュ加工を生み出し、魅力的な商品を提供し続けています。\n●第3位：エドウイン（EDWIN）\n第3位は、得票率12.4％の「エドウイン（EDWIN）」でした。\n\n 1947年創業の「常見米八商店」を起源とし、東京都品川区に本社を構える日本を代表するジーンズブランドです。ブランド名の「EDWIN」は、「DENIM」（デニム）の「M」を上下反転させて並び替えたアナグラムで、「江戸」（EDO）と勝利（WIN）の意味も合わせ持っています。\n\n ジャパンデニムの代名詞「503」シリーズは、裁断から縫製、加工にいたるすべての工程を東北の工場内で実施。サステイナブルなものつくりをテーマに、リサイクルデニム「CO：RE」の採用や、環境に配慮した素材を使用し、水の使用量を削減する洗い加工技術を導入するなど、時代のニーズに合わせて進化を続けています。\n●第2位：リー（Lee）\n第2位は、得票率12.9％の「リー（Lee）」でした。\n\n 1889年にアメリカのカンザス州サリナで誕生した、長い歴史をもつデニムブランド。ワークウェアの販売からはじまり、1924年にカウボーイやロデオライダーのために発売された「カウボーイパンツ」は、「101」シリーズのルーツとなっています。\n\n 伝統的なディティールを守りながら、時代に合わせてアップデートされたスタイルや美しいシルエット、品質の高さが特徴。デニムはもちろん、サイズや体型、性別不問のイージーパンツ「FLeeasy」も人気を集めています。\n●第1位：リーバイス（Levi’s）\n第1位は、得票率43.3％と圧倒的な支持を集めた「リーバイス（Levi’s）」でした。\n\n リーバイ・ストラウスにより、1853年にアメリカのカリフォルニア州サンフランシスコで設立された雑貨店をルーツとする、「リーバイ・ストラウス＆カンパニー」が手掛けるジーンズブランド。金鉱労働者の声を聞き、キャンバス地を使った丈夫なワークパンツを製造したことがきっかけとなり、1873年に世界初のジーンズが誕生しました。\n\n 1890年には、すべてのジーンズの原点ともいえるロットナンバー「501」が付けられたジーンズを販売。その後も数多くの商品を送り出しています。長い歴史を持つメーカーであり、信頼できるところはもちろん、品質の高さも支持につながっているのではないでしょうか。\n月夜に米,['https://newsatcl-pctr.c.yimg.jp/t/amd-img/20241026-10098931-it_nlab-000-1-view.jpg?pri=l&w=640&h=426&exp=10800'],"['https://news.yahoo.co.jp/articles/cabe6e8fa9fa42bd2c101dfa1eb88959206e1a28/images/000', 'https://nlab.itmedia.co.jp/research/articles/3093841/2#utm_source=yahoo_v3&utm_medium=feed&utm_campaign=20241026-10098931&utm_term=it_nlab-life&utm_content=img']"
「サングラスをかけさせられたポケモンの写真をください」　投稿者の呼びかけに南国リゾート感のあるポケモンたちの写真大集合　「みんな幸せになる」（ねとらぼ）,https://news.yahoo.co.jp/articles/d65a03a620bbb965517bb900222c8fc1c0ba464b,https://newsatcl-pctr.c.yimg.jp/t/amd-img/20241026-00000013-it_nlab-000-1-view.jpg?exp=10800,2024-10-26T11:00:11+09:00,2024-10-26T11:00:11+09:00,ねとらぼ,it_nlab,ねとらぼ,657,\nくっつきポケモン「バチュル」（画像はポケモンずかんから）\nサングラスをかけたポケモンのぬいぐるみの写真が、X（Twitter）に投稿されました。“同じような写真を見せてほしい”と呼びかけた投稿者の元に、さまざまなポケモンのサングラス姿の写真が寄せられています。\n【画像】サングラスをつけたポケモンたち\n気分は南国\ns.y.さんが投稿したのは、くっつきポケモン「バチュル」のぬいぐるみ。顔には丸いサングラスがかかっており、右前足には浮き輪を携えています。\n\n 2つのアイテムを装備し、全身に“南国の雰囲気”をまとっているバチュル。s.y.さんは写真を公開するとともに、「ポケモンがサングラスをかけさせられてる写真をください……たぶんみんな幸せになるので……」と呼びかけました。\nサングラス姿が続々\nこのポストの表示数は、記事執筆時点で450万回を突破。2万6000件以上のいいねを集めており、「タイのサムイ島でリゾートするニョロモです」「うちのサマバケクワッスです！」「良ければ我が家のホゲちゃんズも」と、多数のX（Twitter）ユーザーがリプライや引用ポストの形でポケモンたちのサングラス姿を披露しています。\n\n おしゃれで独自のアイデアが詰まっているポケモンたちの写真。s.y.さんはその後にX（Twitter）を更新し、「皆さんかわいいサングラスちゃん達をありがとうございました……!!」と感謝の言葉をつづりました。\n\n画像提供：s.y.（@S_Y_pkmn_b）さん\nねとらぼ,['https://newsatcl-pctr.c.yimg.jp/t/amd-img/20241026-00000013-it_nlab-000-1-view.jpg?exp=10800'],"['https://news.yahoo.co.jp/articles/d65a03a620bbb965517bb900222c8fc1c0ba464b/images/000', 'https://nlab.itmedia.co.jp/nl/articles/2410/26/news014_2.html#utm_source=yahoo_v3&utm_medium=feed&utm_campaign=20241026-013&utm_term=it_nlab-life&utm_content=embed']"
紅葉を見に行きたいと思う「都道府県」ランキング！　2位は「栃木県」、1位は？（ねとらぼ）,https://news.yahoo.co.jp/articles/0d07fa71461180ba8189839b0d1f636ef22b80b0,https://newsatcl-pctr.c.yimg.jp/t/amd-img/20241026-10098969-it_nlab-000-1-view.jpg?exp=10800,2024-10-26T10:55:00+09:00,2024-10-26T10:55:00+09:00,ねとらぼ,it_nlab,ねとらぼ,565,\n画像：写真AC\nねとらぼでは、2024年10月12日～10月19日にかけて、「紅葉を見に行きたいと思う『都道府県』は？」というアンケートを実施していました。\n【画像：ランキング16位～1位を見る】\n多くの人から「紅葉を見に行きたい」と思われている都道府県は、どこだったのでしょうか？ 結果を見ていきましょう！\n●第2位：栃木県\n第2位は「栃木県」でした。自然豊かな栃木県は、紅葉スポットが豊富。「中禅寺湖」や「華厳の滝」「竜頭ノ滝」では、赤や黄色に染まった紅葉と、周囲の湖や滝などが調和した、秋ならではの光景を堪能できます。\n\n また、いずれのスポットも写真撮影にぴったりで、栃木の自然美を記録するのも楽しみの1つです。さらに、ドライブをしながら紅葉を楽しめる「いろは坂」や「日塩もみじライン」も魅力で、車窓から色とりどりの秋の景色を楽しめます。\n●第1位：京都府\n第1位は「京都府」でした。京都府は、世界有数の古都であり、紅葉の季節には、国内外から多くの人が観光に訪れます。「嵐山」「大覚寺」「南禅寺」など、多くの名所で紅葉の美しい景色を楽しめます。\n\n 洛東エリアの「毘沙門堂」や、洛西エリアの「常寂光寺」などは穴場スポットといわれており、紅葉とともに、風情ある京都のお寺の魅力も味わえます。\nスミ,['https://newsatcl-pctr.c.yimg.jp/t/amd-img/20241026-10098969-it_nlab-000-1-view.jpg?pri=l&w=640&h=427&exp=10800'],"['https://news.yahoo.co.jp/articles/0d07fa71461180ba8189839b0d1f636ef22b80b0/images/000', 'https://nlab.itmedia.co.jp/research/articles/3091521/2#utm_source=yahoo_v3&utm_medium=feed&utm_campaign=20241026-10098969&utm_term=it_nlab-life&utm_content=img']"
「広島県で人気の定食」ランキング！　2位は広島市西区のリーズナブルな天ぷらが楽しめる「天ぷら食堂 田丸」、1位は？【2024年10月版】（ねとらぼ）,https://news.yahoo.co.jp/articles/596fe66efbf744a0d326b59587b7da04494b578e,https://newsatcl-pctr.c.yimg.jp/t/amd-img/20241026-10098747-it_nlab-000-1-view.jpg?exp=10800,2024-10-26T10:45:00+09:00,2024-10-26T10:45:00+09:00,ねとらぼ,it_nlab,ねとらぼ,638,\n画像はイメージです（画像：PIXTA）\n自身が訪れた場所について評価とクチコミなどの投稿を通じて、自らの体験を共有できるGoogleマップ。経路の検索以外にも、より良いお店探しのツールとして活用できます。今回は広島県でおすすめの定食を探している人に向けて、Googleマップ上で人気のお店を紹介します。\n【画像：「広島県で人気の定食」ランキング10位～1位を見る】\nなおこのランキングは、Googleマップに寄せられた「ユーザー評価」「クチコミ件数」「価格フィルタ」「評価フィルタ」などに基づいて作成された、2024年10月22日時点のものです。ではさっそく上位の結果を見ていきましょう。\n●第2位：天ぷら食堂 田丸（4.5pt／489クチコミ）\n第2位は広島市西区の「天ぷら食堂 田丸」でした。コンセプトは、「『敷居の高さ』を感じることなく、気軽に本格天ぷらを楽しめるお店」。リーズナブルな価格で旬の食材の天ぷらを堪能できます。ランチタイムには、エビ、魚、旬の野菜などを含む全8品ほどの天ぷらとご飯、漬物、赤だし、サラダがセットになった「昼定食」を提供しています。\n●第1位：みこと屋（4.7pt／148クチコミ）\n第1位は廿日市市の「みこと屋」でした。広島名物の穴子をメインにした定食屋。厳島神社の近くに位置し観光客も多く訪れるエリアですが、地元客からも支持を集めています。店内飲食はもちろん、お弁当の販売も行っているそうです。\nKOE豚ラーメン爆盛り,['https://newsatcl-pctr.c.yimg.jp/t/amd-img/20241026-10098747-it_nlab-000-1-view.jpg?pri=l&w=640&h=426&exp=10800'],"['https://news.yahoo.co.jp/articles/596fe66efbf744a0d326b59587b7da04494b578e/images/000', 'https://nlab.itmedia.co.jp/research/articles/3092431/2#utm_source=yahoo_v3&utm_medium=feed&utm_campaign=20241026-10098747&utm_term=it_nlab-life&utm_content=img']"
キッチンのぬめり問題をスッキリ解決！　浮かせて“二刀流”な神アイテムが一度使ったら手放せなさそう（ねとらぼ）,https://news.yahoo.co.jp/articles/aa34985213eb39456e5972af4d80138a9a9cdfe1,https://newsatcl-pctr.c.yimg.jp/t/amd-img/20241026-00000063-it_nlab-000-1-view.jpg?exp=10800,2024-10-26T10:30:12+09:00,2024-10-26T10:30:12+09:00,ねとらぼ,it_nlab,ねとらぼ,871,\n「Umimileユミマイル ソープディスペンサー」\nキッチンのお悩みを解決してくれる便利アイテムの動画がInstagramに投稿されました。記事執筆時点で再生数は10万回を突破し、800件を超える“いいね”が寄せられています。欲しい機能が全部詰まってる！\n【画像】便利な使い方\n生活感を隠して衛生的に使える“神アイテム”を紹介！\n投稿者は、北欧風な部屋作りと収納について発信しているトキさん。水回りは衛生的に保ちたいのに、すぐ水滴がついてぬめりやカビが発生しがち……。毎日使うから、ラクにお手入れできるものがうれしいですよね。今回は、そんなお悩みを解決してくれるキッチンアイテムの紹介です。\n\n トキさんが紹介するのは「Umimileユミマイル ソープディスペンサー」！ 周りが水でビチャビチャになったり、底がぬめったりしてしまう問題とおさらばできるスグレモノなんです。\n浮かせて二刀流で使えるソープディスペンサー\nこのソープディスペンサーは、タンクが2つあり、それぞれ液体洗剤と泡で出るハンドソープを入れられます。そして、シールを使えば浮かせて設置ができるんです！ これなら水でぬれても底がぬめることなく、掃除も簡単にできますね。吐出量は3段階で調節可能。手が濡れていてもかざすだけでちょうどいい量の洗剤やハンドソープが出てきます。\n\n キッチンで使うものだから、防水対策もバッチリ。いかなる方向からの水の飛沫によっても有害な影響を受けない「IPX4」の防水等級を備えています。おしゃれな見た目で生活感も隠せそうです。\nこれは一家に一台欲しい！\n洗剤もハンドソープも入れられて、お手入れも簡単。まさに、欲しい機能がすべて詰まった“神アイテム”！ これひとつあれば、水回りのストレスがかなり軽減できそうです。\n\n トキさんのInstagramアカウントではこのほかにも、暮らしを豊かにしてくれる優秀なアイテムをたくさん紹介しています。キッチン周りのほか、収納や掃除にも役立つ便利アイテムが満載です。\nねとらぼ,['https://newsatcl-pctr.c.yimg.jp/t/amd-img/20241026-00000063-it_nlab-000-1-view.jpg?exp=10800'],"['https://news.yahoo.co.jp/articles/aa34985213eb39456e5972af4d80138a9a9cdfe1/images/000', 'https://nlab.itmedia.co.jp/nl/articles/2410/26/news015_2.html#utm_source=yahoo_v3&utm_medium=feed&utm_campaign=20241026-063&utm_term=it_nlab-life&utm_content=embed']"
【都民に聞いた】おしゃれなイメージがある「東京都の私立大学」ランキング！　第2位は「上智大学」、1位は？（ねとらぼ）,https://news.yahoo.co.jp/articles/81d96e96db093213be3d14d32ee9b61322ab1228,https://newsatcl-pctr.c.yimg.jp/t/amd-img/20241026-10098824-it_nlab-000-1-view.jpg?exp=10800,2024-10-26T11:00:00+09:00,2024-10-26T11:00:00+09:00,ねとらぼ,it_nlab,ねとらぼ,1541,\n画像：写真AC（画像はイメージです）\nねとらぼでは、アンケートサイト「ボイスノート」の協力のもと、都内在住の男女を対象に「おしゃれなイメージがある東京都の私立大学」というテーマでアンケートを実施しました。\n【画像：ランキング13位～1位を見る】\n多くの都民から「おしゃれなイメージがある」と支持されたのは、東京都のどの私立大学だったのでしょうか。さっそく、結果を見ていきましょう！\n●第5位：文化ファッション大学院大学\n第5位は「文化ファッション大学院大学」でした。\n\n 文化ファッション大学院大学は、東京都渋谷区に本部を置く私立大学。日本のファッション教育をリードし、『装苑』『ミセス』などの女性向けファッション雑誌を発行してきた文化学園のノウハウを結集し、2006年に設置された日本初のファッション専門職大学院です。\n\n 同大学ではアカデミックな教育だけでなく、実践的な独自のカリキュラムを体系化。これまでのファッション系の教育機関とは違った視点からの教育を実施しているところなどが、おしゃれなイメージがあると支持を集めたのかもしれません。\n●第4位：立教大学\n第4位は「立教大学」でした。\n\n 立教大学は、東京都豊島区に本部を置く私立大学。アメリカ聖公会の宣教師により創立された私塾「立教学校」を前身とし、大学令により1922年に認可されました。「Pro Deo et Patria（神と国のために）」を建学の精神としています。\n\n 本部のある池袋キャンパスは都会にありながら自然が豊かで、異国情緒が感じられる洗練された建造物が点在。大学のシンボルである本館（モリス館）は、東京都から歴史的建造物の選定を受けています。\n●第3位：慶應義塾大学\n第3位は「慶應義塾大学」でした。\n\n 慶應義塾大学は、東京都港区に本部を置く私立大学。福澤諭吉が1858年に開いた「蘭学塾」を前身とし、大学令により1920年に設置されました。自他の尊厳を守り、何事も自分の判断・責任で行う「独立自尊」を基本精神としています。\n\n 本部のある三田キャンパスには、国の重要文化財である「図書館旧館」や「三田演説館」が点在。このような歴史と伝統が感じられる建物があるところなどが、おしゃれなイメージとして票を集めた一因かもしれません。\n●第2位：上智大学\n第2位は「上智大学」でした。\n\n 上智大学は東京都千代田区に本部を置く私立大学。1913年に、「イエズス会」の神父らにより日本初のカトリック大学として開学されました。英名の「Sophia University」は、ギリシャ語の「Sophia（最上の叡智）」から取って付けられています。\n\n そんな上智大学は、留学生が多く在籍し、異文化交流のできるグローバルキャンパスを形成。また、世界で通用する教養や専門知識を身に付けられる国際的な起点となることも目指しています。\n●第1位：青山学院大学\n第1位は「青山学院大学」でした。\n\n 青山学院大学は、東京都渋谷区に本部を置く私立大学。宣教師により創設された「女子小学校」「耕教学舎」「美會神学校」の3校を源流とし、1949年に開設されました。キリスト教信仰に基づく教育を行い、聖書の言葉「地の塩、世の光」をスクールモットーに掲げています。\n\n メインキャンパスである「青山キャンパス」は、渋谷駅・表参道駅からほど近く、おしゃれな街並みを眺めながら通学できるのが魅力です。また、同キャンパスには、ステンドグラスが印象的な「ガウチャー記念館」や、100年近い歴史を持つ校舎があるため、趣ある雰囲気の中で過ごせそうです。\nセンター/たびと,['https://newsatcl-pctr.c.yimg.jp/t/amd-img/20241026-10098824-it_nlab-000-1-view.jpg?pri=l&w=640&h=426&exp=10800'],"['https://news.yahoo.co.jp/articles/81d96e96db093213be3d14d32ee9b61322ab1228/images/000', 'https://nlab.itmedia.co.jp/research/articles/3090434/2#utm_source=yahoo_v3&utm_medium=feed&utm_campaign=20241026-10098824&utm_term=it_nlab-life&utm_content=img']"
親子でハマる「体験スポット」ランキング！　2位は「無人島・猿島『探検』ツアー」、1位は？（ねとらぼ）,https://news.yahoo.co.jp/articles/93b3566ec55f015c1ec416cd59a34fab45b9d40e,https://newsatcl-pctr.c.yimg.jp/t/amd-img/20241026-10098546-it_nlab-000-1-view.jpg?exp=10800,2024-10-26T10:30:00+09:00,2024-10-26T10:30:00+09:00,ねとらぼ,it_nlab,ねとらぼ,830,\n画像はイメージです（画像：写真AC）\nリクルートが発行する旅行情報誌『じゃらん』は、全国の20代～50代を対象に「親子でハマる『体験スポット』」について調査し、その結果を発表しました。\n【画像：ランキング10位～1位を見る】\n行楽シーズンでお出かけにもぴったりの秋には、親子で楽しめるスポットを探している人も多いことでしょう。全国各地の「体験スポット」のうち、「親子でハマる」とたくさんの支持を得たのはどこだったのか、ランキングを見ていきましょう！\n\n（出典元：リクルート｜『じゃらん』親子でハマる体験スポットランキング）\n●第2位：無人島・猿島「探検」ツアー／神奈川県\n第2位は、神奈川県の「無人島・猿島『探検』ツアー」でした。横須賀市の沖合に浮かぶ無人島「猿島」を、プロガイドと共に探検するツアーです。手つかずの自然に囲まれた島内をコンパクトにめぐる「30分ベーシックコース」のほか、かつて軍事施設として使われた猿島の旧兵舎・弾薬庫の中を見ることができる「60分アドバンスコース」があります。\n\n 木の根やコケに覆われた歴史的建造物や古いレンガ造りのトンネルなどがかもし出す雰囲気によって、まるで非日常の世界に迷い込んだような“異空間”を体験できます。大人も子どもも冒険心をくすぐられること間違いなしでしょう。\n●第1位：ANA Blue Hangar Tour／東京都\n第1位は、東京都の「ANA Blue Hangar Tour」でした。全日本空輸（ANA）の「整備部門」にクローズアップしたツアーです。本物の飛行機の迫力を間近で感じながら、整備士の仕事ぶりを見学したり、整備作業の模擬体験をしたりと、見て・触れて楽しめる体験型ツアーとなっています。\n\n 普段は立ち入ることのできない格納庫の様子や、なかなか見ることのできない飛行機の整備の様子などに、子どもと一緒に大人までワクワクしてしまうのではないでしょうか。\n佳純,['https://newsatcl-pctr.c.yimg.jp/t/amd-img/20241026-10098546-it_nlab-000-1-view.jpg?pri=l&w=640&h=426&exp=10800'],"['https://news.yahoo.co.jp/articles/93b3566ec55f015c1ec416cd59a34fab45b9d40e/images/000', 'https://nlab.itmedia.co.jp/research/articles/3088701/2#utm_source=yahoo_v3&utm_medium=feed&utm_campaign=20241026-10098546&utm_term=it_nlab-life&utm_content=img']"
【近畿の30～40代に聞いた】就職力が高いと思う「近畿地方の私立大学」ランキング！　第2位は「関西学院大学」、1位は？（ねとらぼ）,https://news.yahoo.co.jp/articles/ae8e21a8d9a7e8bd93515a37c0a9e1562f9fa7f4,https://newsatcl-pctr.c.yimg.jp/t/amd-img/20241026-10098752-it_nlab-000-1-view.jpg?exp=10800,2024-10-26T10:35:00+09:00,2024-10-26T10:35:00+09:00,ねとらぼ,it_nlab,ねとらぼ,1606,\n画像：PIXTA（画像はイメージです）\nねとらぼではアンケートサイト「ボイスノート」の協力のもと、近畿地方在住の30～40代を対象に「就職力が高いと思う近畿地方の私立大学」というテーマでアンケートを実施しました。\n【画像：ランキング12位～1位を見る】\n地元の30～40代から就職力が高いと思われているのは、近畿地方のどの私立大学だったのでしょうか。さっそくランキングを見ていきましょう！\n\n なお、アンケート対象の大学は、文部科学省のサイトを参考にリストアップしています。\n●第5位：立命館大学\n第5位は、得票率6.0%の「立命館大学」でした。1900年に創設された京都法政学校を起源とする総合私立大学で、「自由と清新」を建学の精神に掲げ、「平和と民主主義」を教学理念としています。\n\n 立命館大学は、豊かな教養と確かな専門的素養、総合的人間力を兼ね備えた人間を育成することをポリシーとし、学生が多様な社会経験を積む機会を用意。また、資格取得や各種試験合格を目標とする学生への学習サポートも手厚く、試験合格後のキャリアを見据えた進路・就職支援も行われています。\n●第4位：近畿大学\n第4位は、得票率6.5%の「近畿大学」でした。1925年創立の大阪専門学校と、1943年創立の大阪理工科大学を母体とし、1949年に設立された総合大学です。建学の精神として、「実学教育」と「人格の陶冶」を掲げています。\n\n 2017年には「オープンキャリアフィールド」が完成し、学生と企業、地域社会がワンストップでつながる環境を提供。社会との連携を深めるためのさまざまな取り組みが行われているほか、2023年度卒業生の就職率は98.2％という高い実績を残しています。\n●第3位：関西大学\n第3位は、得票率7.0%の「関西大学」でした。大阪府吹田市に本部を構える関西大学は、1886年に設立された関西法律学校を前身とする私立大学。「学の実化（がくのじつげ）」を理念に掲げ、研究活動を展開しています。\n\n 関西大学では、学生のキャリア形成をサポートするため、「キャリアデザインラボ」を設置。同施設では、就職活動に向けたサポートのほか、学生が早い段階から自分の興味や関心を見つけるためのワークショップやイベントも数多く行われています。\n●第2位：関西学院大学\n第2位は、得票率8.0％の「関西学院大学」でした。兵庫県西宮市に本部を置く関西学院大学は、1889年に創立された関西学院を前身とし、大学令により1932年に設置された私立大学です。\n\n 関西学院大学では、日本IBMと共同で開発した実践的な「AI活用人材育成プログラム」を整備。また、キャリアセンターを中心にキャリアガイダンスや各種セミナーの開催をはじめ、キャリア・アドバイザーによる個人面談を行うなど、手厚い支援を行っています。2023年度卒業生の就職率は99.7％と非常に高く、そのうち63.0％が大企業への就職であるなど、優れた就職実績を誇ります。\n●第1位：同志社大学\n第1位は、得票率10.4％の「同志社大学」でした。京都府京都市上京区に本部を置く同志社大学は、1875年に開校された同志社英学校を前身とし、大学令により1920年に設置された私立大学です。\n\n 同志社大学では所属する学部の専門領域を超え、幅広い知識や基礎学力の重要性を認識し、教養を高めるために全学部共通の課外プログラム「新島塾」を設置。「リーダーシップ論・ワークショップ」「読書から始まる知の探究」「合宿で鍛える知的基礎体力」などを軸に、次世代を担う人物を養成しています。また、学生に寄り添った就職・キャリア支援を展開していて、卒業生の就職率は99.5％を記録する（学部・大学院合計）など、高い就職実績を誇っています。\nセンター/林田祐太郎,['https://newsatcl-pctr.c.yimg.jp/t/amd-img/20241026-10098752-it_nlab-000-1-view.jpg?pri=l&w=640&h=426&exp=10800'],"['https://news.yahoo.co.jp/articles/ae8e21a8d9a7e8bd93515a37c0a9e1562f9fa7f4/images/000', 'https://nlab.itmedia.co.jp/research/articles/3090439/2#utm_source=yahoo_v3&utm_medium=feed&utm_campaign=20241026-10098752&utm_term=it_nlab-life&utm_content=img']"
「ブラックバスが空を飛んでいた」　大自然の営みを捉えた“決定的な瞬間”が話題に　「文字通りお空へ旅立ったのですね」（ねとらぼ）,https://news.yahoo.co.jp/articles/da0b9f49e8df179f62492e26cc77cf60b5489c00,https://newsatcl-pctr.c.yimg.jp/t/amd-img/20241026-00000035-it_nlab-000-1-view.jpg?exp=10800,2024-10-26T10:15:12+09:00,2024-10-26T10:15:12+09:00,ねとらぼ,it_nlab,ねとらぼ,659,\nブラックバスが空を飛ぶ直前の写真\nブラックバスが空を飛んでいる……!? 大自然の営みにおける決定的な瞬間を捉えた写真がX（Twitter）で話題です。投稿は記事執筆時点で約75万件表示されています。\n【画像】空飛ぶブラックバスを見る\n投稿したのは、散歩のついでに身近な鳥を撮影している「りっく」さん。「ブラックバスが空を飛んでいたので撮ってみました！」と添え、1枚の写真を公開しています。\n\n 写真は、ミサゴという鳥の爪につかまれた状態で“空を飛ぶ”ブラックバスの姿を捉えています。別の投稿では「ブラックバスが空を飛ぶ直前」として、水面に足を伸ばすミサゴの写真を披露しました。\n\n ミサゴはタカの一種で、魚を好んで食べるため別名は「空飛ぶ漁師」。上空50メートルの高さから水中の魚を見つけては急降下し、鋭い爪で魚をわしづかみにします（参考：あきた森づくり活動サポートセンター）。\n\n 空を飛ぶブラックバスの写真は、ウロコ1枚1枚が分かるほど鮮明で、ミサゴの太く鋭い爪が頭部と尾部にしっかりと食い込んでいます。これには、りっくさんも「痛そう……」とコメントしました。\n\n ミサゴに捕らえられ、身動きが取れなくなったブラックバスの姿に、Xでは「確かに痛そう でもブラックバスも最後にすごい経験をしましたね」「爪がガッツリ食い込んでる！」「文字通りお空へ旅立ったのですね」「空気抵抗が最も少ない持ち方を知ってる様に見えますね……」といった声が上がっています。\n\n画像提供：りっくさん\nねとらぼ,['https://newsatcl-pctr.c.yimg.jp/t/amd-img/20241026-00000035-it_nlab-000-1-view.jpg?exp=10800'],"['https://news.yahoo.co.jp/articles/da0b9f49e8df179f62492e26cc77cf60b5489c00/images/000', 'https://nlab.itmedia.co.jp/nl/articles/2410/26/news037_2.html#utm_source=yahoo_v3&utm_medium=feed&utm_campaign=20241026-035&utm_term=it_nlab-life&utm_content=embed']"
「神奈川県で人気のカレー」ランキング！　2位は多くの地元住人が通うインドカレー屋「Taj」、1位は？【2024年10月版】（ねとらぼ）,https://news.yahoo.co.jp/articles/34c0c635eee8e8e930b338b1d7b165a237e5a348,https://newsatcl-pctr.c.yimg.jp/t/amd-img/20241026-10098890-it_nlab-000-1-view.jpg?exp=10800,2024-10-26T10:15:00+09:00,2024-10-26T10:15:00+09:00,ねとらぼ,it_nlab,ねとらぼ,680,\n画像：PIXTA（画像はイメージです）\n自身が訪れた場所について評価とクチコミなどの投稿を通じて、自らの体験を共有できるGoogleマップ。経路の検索以外にも、より良いお店探しのツールとして活用できます。今回は神奈川県でおすすめのカレーを探している人に向けて、Googleマップ上で人気のお店を紹介します。\n【画像：「神奈川県で人気のカレー」ランキング10位～1位を見る】\nなおこのランキングは、Googleマップに寄せられた「ユーザー評価」「クチコミ件数」「価格フィルタ」「評価フィルタ」などに基づいて作成された、2024年10月23日時点のものです。ではさっそく上位の結果を見ていきましょう。\n●第2位：Taj（4.5pt／492クチコミ）\n第2位は川崎市の「Taj」でした。川崎駅より徒歩約5分の場所にある同店は、多くの地元民が通うインドカレー屋。本格的なカレーをお手頃価格で堪能できるのが魅力です。カレーのほかにもサラダ、ビリヤニ、ラッシー、チャイなどもおいしいと評判です。\n●第1位：naturry ナチュリー ナチュラルインドカレー SPICE＆BAR（Muslim friendly）（4.6pt／684クチコミ）\n第1位は海老名市の「naturry ナチュリー ナチュラルインドカレー SPICE＆BAR」でした。「バターチキン」「チキンチリカレー」「マトンカレー」などのほか、日替わりのカレーも楽しめるメニュー豊富なお店。本格的なカレーを提供する一方、店内はカフェのような雰囲気で気軽に訪れられるのも魅力です。\n山崎らくだ,['https://newsatcl-pctr.c.yimg.jp/t/amd-img/20241026-10098890-it_nlab-000-1-view.jpg?pri=l&w=640&h=425&exp=10800'],"['https://news.yahoo.co.jp/articles/34c0c635eee8e8e930b338b1d7b165a237e5a348/images/000', 'https://nlab.itmedia.co.jp/research/articles/3093433/2#utm_source=yahoo_v3&utm_medium=feed&utm_campaign=20241026-10098890&utm_term=it_nlab-life&utm_content=img']"
「兵庫県で人気の定食」ランキング！　2位は加東市にある「スタミナラーメン」が名物のお店「食堂やしろ」、1位は？【2024年10月版】（ねとらぼ）,https://news.yahoo.co.jp/articles/a685b1937a39a09e93566283ea0a1d058cdbeb90,https://newsatcl-pctr.c.yimg.jp/t/amd-img/20241026-10098603-it_nlab-000-1-view.jpg?exp=10800,2024-10-26T10:05:00+09:00,2024-10-26T10:05:00+09:00,ねとらぼ,it_nlab,ねとらぼ,673,\n画像はイメージです（画像：PIXTA）\n自身が訪れた場所について評価とクチコミなどの投稿を通じて、自らの体験を共有できるGoogleマップ。経路の検索以外にも、より良いお店探しのツールとして活用できます。今回は兵庫県でおすすめの定食を探している人に向けて、Googleマップ上で人気のお店を紹介します。\n【画像：「兵庫県で人気の定食」ランキング10位～1位を見る】\nなおこのランキングは、Googleマップに寄せられた「ユーザー評価」「クチコミ件数」「価格フィルタ」「評価フィルタ」などに基づいて作成された、2024年10月21日時点のものです。ではさっそく上位の結果を見ていきましょう。\n●第2位：食堂やしろ（4.5pt／134クチコミ）\n第2位は加東市にある「食堂やしろ」でした。ラーメンやうどん、丼ものまでさまざまなメニューがラインアップしており、どれを食べてもおいしいと評判。名物メニューの「スタミナラーメン」をはじめ、リーズナブルな値段で食べられるうどん、かつ丼や玉子丼など、その日の気分でいろいろなメニューを食べられるのが魅力的ですよね。\n●第1位：お食事処 ぼん（4.5pt／142クチコミ）\n第1位は豊岡市にある「お食事処 ぼん」でした。城崎温泉街にある海鮮料理店で、カニ料理を中心とした定食メニューが人気を集めています。カニの刺身・ゆでガニ・焼きガニなど、さまざまな食べ方でカニ料理を楽しめるのも魅力。定食に付いている吸い物にもカニが入っているため、思う存分カニ料理を楽しみたい人におすすめです。\nRAKKO,['https://newsatcl-pctr.c.yimg.jp/t/amd-img/20241026-10098603-it_nlab-000-1-view.jpg?pri=l&w=640&h=426&exp=10800'],"['https://news.yahoo.co.jp/articles/a685b1937a39a09e93566283ea0a1d058cdbeb90/images/000', 'https://nlab.itmedia.co.jp/research/articles/3091163/2#utm_source=yahoo_v3&utm_medium=feed&utm_campaign=20241026-10098603&utm_term=it_nlab-life&utm_content=img']"
【地元民に聞いた】子どもが成長しそうな「千葉県の私立高校」ランキング！　2位は「市川高校」、1位は？（ねとらぼ）,https://news.yahoo.co.jp/articles/e24baa262edd6a9a7ab657ccc6eefe7e90a669e6,https://newsatcl-pctr.c.yimg.jp/t/amd-img/20241026-10099099-it_nlab-000-1-view.jpg?exp=10800,2024-10-26T10:25:00+09:00,2024-10-26T10:25:00+09:00,ねとらぼ,it_nlab,ねとらぼ,1577,\n画像はイメージです（画像：PIXTA）\nねとらぼでは、アンケートサイト「ボイスノート」の協力のもと、千葉県在住の男女を対象に「子どもが成長しそうな『千葉県の私立高校』」というテーマでアンケートを実施しました。\n【画像：ランキング20位～1位を見る】\n千葉県には、個性豊かな私立高校がたくさんあります。その中でも、地元の人たちから「子どもが成長しそう」と思われているのは、どの高校なのでしょうか？ さっそく結果を見てみましょう。\n●第5位：成田高校\n第5位は「成田高校」です。成田市に位置する成田高校は、1898年に旧制私立成田中学校として創設されました。2023年には創立125周年の節目を迎えた、歴史ある高校です。\n\n 難関大学への現役合格を目指したカリキュラムで、必修科目の履修は2年次までにほぼ完了します。全国規模の模試を年に3回以上受験し、自己採点や振り返りも徹底して行われています。2024年度入試では早慶上理・GMARCHなどの私立大学や国公立大学に多くの生徒が合格しました。\n●第3位：八千代松陰高校\n第3位には2つの高校がランクイン。1つ目は「八千代松陰高校」です。八千代市に位置する八千代松陰高校は1978年に創設。「さわやか」「はつらつ」「ひたむき」をスローガンとし、多くの生徒が学習とクラブ活動を両立させた高校生活を送っているようです。\n\n およそ15万平方メートルの広大かつ自然豊かなキャンパスには、最新の教育施設が充実。サッカー部専用のグラウンドや陸上競技場、卓球場、2つの体育館などが設置され、クラブ活動に打ち込める環境が整っています。\n●第3位：専修大学松戸高校\n同率の第3位は「専修大学松戸高校」でした。松戸市に位置する専修大学松戸高校は専修大学の付属校で、1959年に創立されました。「報恩奉仕」「質実剛健」「誠実⼒⾏」を建学の精神に掲げ、豊かな人間性や国際性を身に付けたリーダーの育成を目指しています。\n\n 学校独自の類型制システムを採用し、難関国公立大学への合格を目指す「E類型」、全国大会での活躍と、それぞれのスポーツでの目標大学現役合格を目指す「 S類型」などを用意。英語教育の面では「話す‧聞く‧読む‧書く」4技能をバランスよく学び、ネイティブ教員との交流の機会や、希望者対象のグローバル研修プログラムなどを取り入れ、将来に役立つ英語力を育成しています。\n●第2位：市川高校\n第2位は「市川高校」でした。1937年に開校した「市川中学校」をルーツとする高校で、学校法人「市川学園」が運営。個性の尊重と自主自立を教育の方針としており、生徒一人ひとりの個性を見つめ、生徒が自分で自分を教育していく喜びと出会えるように導いています。\n\n 同校はイギリスのパブリックスクールに大きな影響を受けて開校した経緯から、国際研修プログラムがさかんです。ホームステイをしながら現地の学校に通うプログラムをはじめ、さまざまな研修・講座などを提供。\n\n また、進学校としても知られ、医学部進学を目指す高校2年生を対象とした「医進ゼミ」なども開講しています。\n●第1位：渋谷教育学園幕張高校\n第1位は「渋谷教育学園幕張高校」。21世紀の世界で活躍できる人材を育成するための私立学校として、1983年に開校した共学校。教育目標の中でも「自調自考」を特に大事にし、何事にもあきらめることなく、積極的に取り組むことのできる人間の育成を目指しています。\n\n 基礎学力を重視する考えから、週6日制を採用しており、英語・数学・国語・理科・社会に多くの時間をさいているのが特徴。難関国公立大学や医学部医学科に合格する生徒も多数いるほか、海外大学に進学する生徒もいます。\nkawase/山城颯太,['https://newsatcl-pctr.c.yimg.jp/t/amd-img/20241026-10099099-it_nlab-000-1-view.jpg?pri=l&w=640&h=426&exp=10800'],"['https://news.yahoo.co.jp/articles/e24baa262edd6a9a7ab657ccc6eefe7e90a669e6/images/000', 'https://nlab.itmedia.co.jp/research/articles/3093539/2#utm_source=yahoo_v3&utm_medium=feed&utm_campaign=20241026-10099099&utm_term=it_nlab-life&utm_content=img']"
2歳娘が一時保育に行ってる隙に“空き巣”が……　まさかの正体に「留守を狙ったんですね」「かくほしちゃうぞ」（ねとらぼ）,https://news.yahoo.co.jp/articles/7ed4b28634973d3f5846dcfdcc8255807f750d77,https://newsatcl-pctr.c.yimg.jp/t/amd-img/20241026-00000025-it_nlab-000-1-view.jpg?exp=10800,2024-10-26T10:00:12+09:00,2024-10-26T10:00:12+09:00,ねとらぼ,it_nlab,ねとらぼ,738,\nテンション爆上げテント登場！\n2歳さんが一時保育へ行っている間に驚きの“空き巣”が入ってしまった写真がX（Twitter）に投稿されました。記事執筆時点でこの投稿の表示数は21万4000件を突破し、「かわいい」の声が多数寄せられています。楽しそう～！\n【画像】空き巣の正体\n子ども用のテントを購入したママさん\n投稿者は小学生の息子くん、2歳の娘ちゃん、生後6カ月の赤ちゃんを育てるママ・めんみさん。めんみさんは少し前に、雑貨店「フライングタイガー」で子ども用の室内テントを購入しました。\n2歳さんのお気に入りでしたが……\nカラフルでかわいらしいテントは2歳さんのお気に入り！ これに入っている間は、めんみさんに向かって「ママママ」と連呼することもなく家事がはかどるそうです。中に入ってクッションの上でくつろぎリラックスしてる様子はとても楽しそう！\n“空き巣”ちゃんを激写！\nしかしこのテントに思わぬ“空き巣”が！ 2歳さんが一時保育へ行っている間に、赤ちゃんがズンズンとテントに突入していく姿が激写されました。2歳さんがいるときには入らないのに、いないと侵入してしまうんだとか……。今しかないと赤ちゃんも分かっているみたいですね。\n「かわいい！」の声が多数\nこの投稿には「留守を狙ったんですね 可愛いです」「かくほしちゃうぞ（笑）」「いない間を見計らって入る計画的犯行……」といった声が寄せられています。いつか一緒にテントで遊べるようになると良いですね。\n\n めんみさんはこの他にも子どもたちの日常の姿や、日々の出来事をX（Twitter）アカウントで数多く発信しています。\n\n画像提供：めんみ（@menminosabuaka）さん\nねとらぼ,['https://newsatcl-pctr.c.yimg.jp/t/amd-img/20241026-00000025-it_nlab-000-1-view.jpg?exp=10800'],"['https://news.yahoo.co.jp/articles/7ed4b28634973d3f5846dcfdcc8255807f750d77/images/000', 'https://nlab.itmedia.co.jp/nl/articles/2410/26/news023_2.html#utm_source=yahoo_v3&utm_medium=feed&utm_campaign=20241026-025&utm_term=it_nlab-life&utm_content=embed']"
【スリコ】「3COINS」のキッチン収納アイテム！　「スリムワゴン3段」「吊り戸棚ボックス」を紹介【2024年10月最新版】（ねとらぼ）,https://news.yahoo.co.jp/articles/1aeee6ac717b14ed73a2b273b00193d4a752ecc0,https://newsatcl-pctr.c.yimg.jp/t/amd-img/20241026-10099066-it_nlab-000-1-view.jpg?exp=10800,2024-10-26T10:00:00+09:00,2024-10-26T10:00:00+09:00,ねとらぼ,it_nlab,ねとらぼ,865,\n画像：ねとらぼリサーチ\n日用品やインテリア雑貨、季節のアイテムなど生活を彩るさまざまな商品を展開する3COINS（スリーコインズ）。税別300円～と手に取りやすい価格設定や、シンプルかつトレンドを押さえた品ぞろえが魅力です。\n【画像：「3COINS」のキッチン収納アイテムを見る】\n本記事では3COINS協力のもと、2024年10月最新版の「3COINSのキッチン収納アイテム」をご紹介します。それでは、さっそくランキングを見ていきましょう！\n\n※ランキングは随時更新するため、在庫など詳しい情報は公式サイトをご覧ください。※店舗により在庫状況が異なります。\n\n（出典元：「3COINS」のキッチン収納アイテム10選｜PAL CLOSET）\n●吊り戸棚ボックス／KITINTO\n「吊り戸棚ボックス／KITINTO」（税込み：550円）は、3COINSの定番商品となっている、シンプルなデザインの吊り戸棚ボックスです。ボックスの下部に取っ手が付いており、戸棚に置いても取りやすそう。また、重いものを持ち運びやすいよう、両側に穴がついています。\n\n 吊り戸棚ボックス／KITINTOを購入した人からは、「取っ手がついているので、高いところに置いても取りやすいです！」「軽くて、高めの棚の奥行きにピッタリでよかったです！」といった声が寄せられていました。\n●スリムワゴン3段／KITINTO\n「スリムワゴン3段／KITINTO」（税込み：1650円）は、調味料やボトル類などの収納に役立つ、ちょっとした隙間を有効に活用できる収納アイテムです。キャスターが付いており、スムーズに移動できるよう工夫されています。差し込み式で組み立てがしやすいのもうれしいポイントですね。\n\n スリムワゴン3段／KITINTOを購入した人からは、「あまりスペースを取らないので、場所を確保しやすくスッキリとした収納ができました」「色味がナチュラルで部屋の壁に馴染み、圧迫感がない」といった声が寄せられていました。\n山城颯太,['https://newsatcl-pctr.c.yimg.jp/t/amd-img/20241026-10099066-it_nlab-000-1-view.jpg?pri=l&w=640&h=480&exp=10800'],"['https://news.yahoo.co.jp/articles/1aeee6ac717b14ed73a2b273b00193d4a752ecc0/images/000', 'https://nlab.itmedia.co.jp/research/articles/3092771/2#utm_source=yahoo_v3&utm_medium=feed&utm_campaign=20241026-10099066&utm_term=it_nlab-life&utm_content=img']"
【関東在住者が選んだ】コーヒーが最強にうまいと思う「コーヒーチェーン」ランキング！　2位は「コメダ珈琲店」、1位は？（ねとらぼ）,https://news.yahoo.co.jp/articles/e1cffbcbf3e838bdca30d4de3f1056bbb3d279fa,https://newsatcl-pctr.c.yimg.jp/t/amd-img/20241026-10098809-it_nlab-000-1-view.jpg?exp=10800,2024-10-26T09:45:00+09:00,2024-10-26T09:45:00+09:00,ねとらぼ,it_nlab,ねとらぼ,582,\n画像はイメージです（画像：PIXTA）\nねとらぼではアンケートサイトの「ボイスノート」協力のもと、関東在住者を対象に「コーヒーが最強にうまいと思うコーヒーチェーン」というテーマでアンケートを実施しました。\n【画像：ランキング22位～1位を見る】\n「コーヒーが最強にうまいと思う」と関東在住者から支持されたのは、どのコーヒーチェーンだったのでしょうか。それではランキングを見ていきましょう！\n●第2位：コメダ珈琲店\n第2位は得票率14.0％の「コメダ珈琲店」でした。\n\n コメダ珈琲店の定番コーヒーである「コメダブレンド」は、厳選した豆からじっくりと丁寧に抽出したコメダ珈琲店伝統の味。苦みとコクを感じる重厚な味わいが魅力です。「たっぷりサイズ」があるのもうれしいポイントですよね。\n●第1位：スターバックス コーヒー\n第1位は得票率15.6％の「スターバックス コーヒー」でした。\n\n 1971年にアメリカ・ワシントン州で生まれたコーヒーチェーン店で、1996年に日本1号店がオープンしました。定番メニュー「ドリップコーヒー」は、世界中から厳選された高品質のアラビカ種コーヒー豆を用いているのが特徴。カフェインレスのコーヒーが用意されていたり、購入時のレシートがあれば当日中に2杯目が安く飲めたりといったサービスも行っています。\noMi,['https://newsatcl-pctr.c.yimg.jp/t/amd-img/20241026-10098809-it_nlab-000-1-view.jpg?pri=l&w=640&h=426&exp=10800'],"['https://news.yahoo.co.jp/articles/e1cffbcbf3e838bdca30d4de3f1056bbb3d279fa/images/000', 'https://nlab.itmedia.co.jp/research/articles/3090609/2#utm_source=yahoo_v3&utm_medium=feed&utm_campaign=20241026-10098809&utm_term=it_nlab-life&utm_content=img']"
「奥が深いなぁ～」　スペシャリストが検証する“コーヒーを入れるお湯の量”のベストは→意外な結果がタメになる（ねとらぼ）,https://news.yahoo.co.jp/articles/49bd4a27dd50c7478d27b406757fff163d4787b4,https://newsatcl-pctr.c.yimg.jp/t/amd-img/20241026-00000046-it_nlab-000-1-view.jpg?exp=10800,2024-10-26T10:00:16+09:00,2024-10-26T10:00:16+09:00,ねとらぼ,it_nlab,ねとらぼ,1948,\nスペシャリストが検証\nコーヒーの同じ粉量に対して3パターンのお湯の量で抽出し、スペシャリストが検証する動画がYouTubeで話題に。コーヒーをおいしく飲みたい人にとってタメになる内容に注目が集まり、記事執筆現在までに1万回以上再生されています。\n【画像】コーヒーが1番おいしくなる湯量\nこの動画を公開したのは、UCCが運営しているコーヒー専門教育機関「UCCコーヒーアカデミー」の公式YouTubeチャンネル（@ucc6096）です。\nスペシャリストである専任講師が検証\n今回、視聴者から「コーヒーをおいしくいれるためのポイントを教えてください」とリクエストされたため、専任講師である早川契史さんと村田果穂さんがコーヒーの粉の量に対する湯量の比率「ブリューレシオ」を変えながら、味わいや風味がどう変化するのかを検証しました。\n\n ブリューレシオとは、コーヒーの粉量を1として考えたときに使用する湯量がどれくらいなのかを表した抽出比率のことです。例えば、コーヒーの粉量を10グラム、お湯の量を150ccとすると、ブリューレシオの比率は1：15となり、お湯の比率が小さくなるとコーヒーの濃度があがります。ブリューレシオを意識することにより、レシピが組みやすくなるとのことです。\n\n なお、ブリューレシオの目安としてはUCCゴールドスペシャル／スペシャルブレンドは1：13。また、スペシャリティコーヒー（※）になると良い成分が詰まってはいるものの、豆が硬かったり浅炒りだったりして抽出しづらいこともあり、湯量が多い、すなわち抽出時間が長くなる1：15の比率が多いそうです。\n\n（※）SCAA（アメリカスペシャルティ協会）カッピング基準で80点以上、生産者が把握されている厳正な管理が行き届いた高品質のコーヒーのこと\n\n 今回の検証ではホンジュラスのスペシャリティコーヒーを使用して、1：13、1：15、1：17の比率で検証しました。なお、粉量は一律12グラム、湯量はそれぞれ156cc、180cc、204ccと厳密に計測しています。\n検証開始！\n検証では、それぞれの比率のコーヒーを一気にいれていきます。湯量が違うため、抽出時間が一番少ない1：13で1分30秒となり、あとは10秒ずつほど長くなりました。コーヒーは一投式で抽出し、蒸らしの20秒後に最後の湯量まで真ん中に小さな円を描きながら一投でいれました。\n\n なお、今回はTDS（Total Dissolved Solids）も計測。これはコーヒーの液体の中に水以外の成分がどれほど入っているかをパーセンテージで示した値になります。\nスペシャリストが試飲した結果\n計測後、早川さんと村田さん、そしてスタッフが実際に試飲して味わいや風味について分析しました。\n\n まず、TDSが1.3パーセントとなった1：13は、色合いが一番濃くなったものの抽出時間が短かったこともあり成分が出きっておらず、物足りなさを感じたと早川さん。村田さんもこれについては未抽出感があると述べていました。\n\n 1：15について村田さんは、意外と酸や苦みが強いとコメント。また、粒度（コーヒーの粒の大きさ）を変えれば良かったかもしれないという意見は早川さんと一致していました。\n\n 1：17について早川さんは、改良の余地があると分析。このままでもバランスは良いものの、お湯の温度や粒度など他の要因を変えたらもっと良くなる気がするとのこと。一方で村田さんは1：17が3パターンの中では一番好きだとしながらも、1：15と1：17の中間が良いかもしれないとコメントしました。\n\n 早川さんも、スタッフから「ベストの比率を求めるのであれば、もう1パターン増やすとするとどのような比率が良いですか？」と質問されると、1：16がベストではないかと答えていました。\n\n なお、ベストな比率は豆によっても異なるため、比較して自分の好みを見つけてみてほしいと伝えています。\nブリューレシオ比較動画への反響\nこの動画には「楽しく拝見してます」「ブリューレシオ、湯温、粒度、抽出時間や注ぎ方を同じにしても、微妙な味がわいが変わるので、奥が深いなぁ～と、いつも感じています」という声の他、「ホットもアイスも基本的に1：15で大体美味しく作れています」「ハリオ珈琲王2でも1対16でいれてます。スペシャルティコーヒーだとちょうどいい具合です！」と普段からブリューレシオを意識して飲んでいる“コーヒーガチ勢”からの声も届いていました。\n\n画像はYouTubeチャンネル「UCCコーヒーアカデミー」（@ucc6096）から引用\nねとらぼ,['https://newsatcl-pctr.c.yimg.jp/t/amd-img/20241026-00000046-it_nlab-000-1-view.jpg?pri=l&w=640&h=359&exp=10800'],"['https://news.yahoo.co.jp/articles/49bd4a27dd50c7478d27b406757fff163d4787b4/images/000', 'https://nlab.itmedia.co.jp/nl/articles/2410/26/news055_2.html#utm_source=yahoo_v3&utm_medium=feed&utm_campaign=20241026-046&utm_term=it_nlab-life&utm_content=embed']"
家で眠っている「スタバの紙袋」が……リメイクで“おしゃれアイテム”に大変身　驚きのアイデアに「すごい！」「売れます」（ねとらぼ）,https://news.yahoo.co.jp/articles/d0812b5b3b3fe2a08a6dc660169c11bcab71d47e,https://newsatcl-pctr.c.yimg.jp/t/amd-img/20241026-00000027-it_nlab-000-1-view.jpg?exp=10800,2024-10-26T09:30:12+09:00,2024-10-26T09:30:12+09:00,ねとらぼ,it_nlab,ねとらぼ,802,\nたまったスターバックスの紙袋をリメイク\nスターバックスの紙袋が“あるもの”に大変身。その様子を捉えた動画がYouTubeに投稿され、記事執筆時点で4万回以上再生されています。\n【画像】完成した“おしゃれアイテム”\nスターバックスの紙袋をリメイク\n投稿者は、紙袋のリメイク術を紹介するYouTubeチャンネル「紙袋のリメイク」のNASSYIさん。以前、スターバックスコーヒーやカルディコーヒーファームの限定紙袋をかわいい小物入れに変身させた動画が注目を集めていました。\n\n 今回は、たまりがちなスターバックスコーヒーの紙袋を活用。まずは型紙に沿ってパーツをカットし、それらを2枚貼り合わせ強度を高めます。パーツがそろったら、ボンドとクリップで固定し穴を開け、糸で縫っていきます。この工程を繰り返していくと、何やら見覚えがある形に……。\n\n 続いて登場したのは、丸く切った紙袋に磁石を組み合わせたパーツ。どうやら留め具になるようです。その後も黙々とパーツを縫い合わせていきます。最後にヤスリと磨き剤「トコフィニッシュ」を使い、縁を滑らかな手触りにしたら完成！\nおしゃれな模様の長財布に大変身\nスターバックスの紙袋がおしゃれな模様の長財布に大変身しました。細部までしっかり作り込まれており、蛇腹もきれいに開きます。加えて、かぶせ蓋に磁石を仕込んでいるので開け閉めも簡単です。\n\n コメント欄には「すごいです！ 財布はもう、別次元のテクニックですね！」「このお方、何者ですか！」「売れますね」「見とれてしまった」など絶賛する声が寄せられています。\n\n NASSYIさんはYouTubeチャンネル「紙袋のリメイク」をはじめ、InstagramアカウントやTikTokアカウントでもリメイク動画を公開しています。\n\n動画提供：YouTubeチャンネル「紙袋のリメイク」\nねとらぼ,['https://newsatcl-pctr.c.yimg.jp/t/amd-img/20241026-00000027-it_nlab-000-1-view.jpg?exp=10800'],"['https://news.yahoo.co.jp/articles/d0812b5b3b3fe2a08a6dc660169c11bcab71d47e/images/000', 'https://nlab.itmedia.co.jp/nl/articles/2410/26/news027_2.html#utm_source=yahoo_v3&utm_medium=feed&utm_campaign=20241026-027&utm_term=it_nlab-life&utm_content=embed']"
「福島県で人気の洋食」ランキング！　2位は霞ヶ城公園の高台にたたずむ「小さな洋食屋さんプティリジエール」、1位は？【2024年10月版】（ねとらぼ）,https://news.yahoo.co.jp/articles/92f71cc2f5ddb2df1872b3451d853f9de91a2025,https://newsatcl-pctr.c.yimg.jp/t/amd-img/20241026-10099028-it_nlab-000-1-view.jpg?exp=10800,2024-10-26T09:10:00+09:00,2024-10-26T09:10:00+09:00,ねとらぼ,it_nlab,ねとらぼ,748,\n画像はイメージです（画像：PIXTA）\n自身が訪れた場所について評価とクチコミなどの投稿を通じて、自らの体験を共有できるGoogleマップ。経路の検索以外にも、より良いお店探しのツールとして活用できます。今回は福島県でおすすめの洋食を探している人に向けて、Googleマップ上で人気のお店を紹介します。\n【画像：「福島県で人気の洋食」ランキング10位～1位を見る】\nなおこのランキングは、Googleマップに寄せられた「ユーザー評価」「クチコミ件数」「価格フィルタ」「評価フィルタ」などに基づいて作成された、2024年10月24日時点のものです。ではさっそく上位の結果を見ていきましょう。\n●第2位：小さな洋食屋さんプティリジエール（4.4pt／131クチコミ）\n第2位は二本松市二伊滝の「小さな洋食屋さん プティリジエール」でした。「霞ヶ城公園」の高台にたたずむ、ハンバーグをメインに提供するお店。「ハンバーグランチコース」では9種類のソースから好きなものが選べ、キッシュ、サラダ、季節野菜のスープ、ご飯かパン、デザート、ドリンクが付いてきます。人気店で予約のみで満席になることもあるので、来店前に電話予約するのがおすすめです。\n●第1位：きっちん ほっとｙｒ（4.4pt／220クチコミ）\n第1位は耶麻郡猪苗代町の「きっちんほっとyr」でした。「ハンバーグ」や「オムライス」など、定番の洋食を提供しているお店です。なかでも「カツレツ」は、会津名物のソースカツを洋食風にアレンジしたもの。スプーンで切れるほど柔らかなお肉は油で揚げていないため、ヘルシーな仕上がりです。また、“1つの器で2つの味を楽しめる”という「味噌ラーメン」も人気を集めています。\nKOE豚ラーメン爆盛り,['https://newsatcl-pctr.c.yimg.jp/t/amd-img/20241026-10099028-it_nlab-000-1-view.jpg?pri=l&w=640&h=426&exp=10800'],"['https://news.yahoo.co.jp/articles/92f71cc2f5ddb2df1872b3451d853f9de91a2025/images/000', 'https://nlab.itmedia.co.jp/research/articles/3094470/2#utm_source=yahoo_v3&utm_medium=feed&utm_campaign=20241026-10099028&utm_term=it_nlab-life&utm_content=img']"
【地元の女性が選ぶ】優秀な生徒が多いと思う「静岡県の公立高校」ランキング！　第2位は「浜松北高校」、第1位は？（ねとらぼ）,https://news.yahoo.co.jp/articles/425d5eed8f1a0bc01e8918fadbe736f0199dc586,https://newsatcl-pctr.c.yimg.jp/t/amd-img/20241026-10099104-it_nlab-000-1-view.jpg?exp=10800,2024-10-26T09:30:00+09:00,2024-10-26T09:30:00+09:00,ねとらぼ,it_nlab,ねとらぼ,1025,\n画像はイメージです（画像：PIXTA）\nねとらぼでは、アンケートサイト「ボイスノート」の協力のもと、静岡県在住の女性を対象に「優秀な生徒が多いと思う静岡県の公立高校」というテーマでアンケート調査を実施しました。\n【画像：ランキング17位～1位を見る】\n地元の女性から支持を集めたのは、静岡のどの公立高校だったのでしょうか。さっそくランキングを見ていきましょう！\n●第2位：浜松北高校\n第2位は、得票率11.4％の「浜松北高校」でした。\n\n 浜松市中央区に位置する浜松北高校は、1894年創立の「静岡県尋常中学校浜松分校」を前身とする県立高校。「自主独立」の精神のもと、向学心と向上心にあふれる仲間と修練する学校として、すべての教育活動を通し、広く世界的視野に立って人類の発展に貢献できる「たくましい人材」の育成を目指しています。\n\n 浜松北高校では「普通科」と「国際科」の2学科を設置。普通科では希望する進路に応じて2年次から文系・理系に分かれるほか、幅広い選択科目が用意されていて、自主性を身に付けながら学びを進めています。グローバルに活躍できる人材の育成を目指す国際科では、英語のほか第2外国語の授業も行われ、海外留学やオンラインでの国際交流などにも積極的です。2024年度入試では、国公立大学は名古屋大学・静岡大学、私立大学は立命館大学・同志社大学などを中心に、多くの生徒が現役で合格しています。\n●第1位：静岡高校\n第1位は、得票率17.0％の「静岡高校」でした。\n\n 静岡市葵区に位置する静岡高校は、1878年創立の「静岡師範学校中学課」を前身とする県立高校。「卬高（こうこう）―高きを仰ぐ―」を校訓に、主体的に勉学に励み、何事にも探究心をもって課題解決を図る学習を通して、国内外のさまざまな分野で活躍できるグローバルリーダーの育成を目標としています。\n\n 「勉学を本分とする」「人に迷惑をかけない」「自主的に行動する」の実践目標のもと、各地で活躍する多くの人材を輩出してきた伝統校です。現場で活躍する講師から、医学・法学・国際関係などさまざまな分野の実態や課題、職務に対する心構えなどを学ぶ「卬高講座」や、「東大キャンパスツアー」などの独自の取り組みも魅力。2024年度入試では、国公立大学は静岡大学・名古屋大学、私立大学は立命館大学・明治大学などを中心に、多くの生徒が現役で合格しています。\nセンター,['https://newsatcl-pctr.c.yimg.jp/t/amd-img/20241026-10099104-it_nlab-000-1-view.jpg?pri=l&w=640&h=426&exp=10800'],"['https://news.yahoo.co.jp/articles/425d5eed8f1a0bc01e8918fadbe736f0199dc586/images/000', 'https://nlab.itmedia.co.jp/research/articles/3090895/2#utm_source=yahoo_v3&utm_medium=feed&utm_campaign=20241026-10099104&utm_term=it_nlab-life&utm_content=img']"
【30代以下に聞いた】かっこいいと思う「トヨタのSUV」ランキング！　第2位は「ハリアー」、1位は？（ねとらぼ）,https://news.yahoo.co.jp/articles/92597c652addfa7d554058ba61f42ca6e50ac2fe,https://newsatcl-pctr.c.yimg.jp/t/amd-img/20241026-10098694-it_nlab-000-1-view.jpg?exp=10800,2024-10-26T09:20:00+09:00,2024-10-26T09:20:00+09:00,ねとらぼ,it_nlab,ねとらぼ,766,\n画像：トヨタ自動車\nねとらぼでは、アンケートサイト「ボイスノート」協力のもと、全国の30代以下を対象に「かっこいいと思うトヨタのSUVは？」というテーマでアンケートを実施しました。\n【画像：ランキング11位～1位を見る】\n世界的人気の自動車メーカー・トヨタからは、さまざまなタイプのSUVモデルが発売されています。果たして「トヨタのSUV」の中で、30代以下の男女から「かっこいい」と思われているのは、どのモデルだったのでしょうか？\n●第2位：ハリアー\n第2位には、得票率12.6%の「ハリアー」が選ばれました。スタイリッシュなデザインの都市型SUVとして人気の車で、1997年から販売されています。ダイレクトな操作感と優れた燃費性能を持ち、人気を集めているモデルです。\n\n 現行モデルも初代から受け継ぐ流麗なクーペフォルムを誇ります。内装は書斎をイメージしており上質感があり、イルミネーションや調光パノラマルーフなど趣向が凝らされています。高級感ある走りを楽しめる車で、多くのドライバーを魅了しています。\n●第1位：ランドクルーザー 300\n第1位に選ばれたのは、得票率13%の「ランドクルーザー 300」でした。「ランドクルーザー」は1951年に登場した「トヨタ・ジープBJ型」をルーツとし、タフな作りと重厚な走りを実現した車として世界的に大ヒットを記録中。さまざまなモデルが発売され、中でも「ランドクルーザー 300」は入手困難な車として有名です。\n\n 車体デザインは、タフで強靭なイメージのランドクルーザーらしく、水平基調プロポーションで力強さを表現。その上で品格のある見た目に仕上げ、女性でも乗りやすい車として人気です。走行性能も高く、多くの人が乗ってみたい車として票を集めました。\n高橋マナブ,['https://newsatcl-pctr.c.yimg.jp/t/amd-img/20241026-10098694-it_nlab-000-1-view.jpg?pri=l&w=640&h=453&exp=10800'],"['https://news.yahoo.co.jp/articles/92597c652addfa7d554058ba61f42ca6e50ac2fe/images/000', 'https://nlab.itmedia.co.jp/research/articles/3089247/2#utm_source=yahoo_v3&utm_medium=feed&utm_campaign=20241026-10098694&utm_term=it_nlab-life&utm_content=img']"
【50歳以上の女性が選んだ】「孫にしたい有名人」ランキング！　2位は「芦田愛菜」、1位は？（ねとらぼ）,https://news.yahoo.co.jp/articles/826359dc852107236ea27e71bf2e58e11a05ddea,https://newsatcl-pctr.c.yimg.jp/t/amd-img/20241026-10098707-it_nlab-000-1-view.jpg?exp=10800,2024-10-26T09:05:00+09:00,2024-10-26T09:05:00+09:00,ねとらぼ,it_nlab,ねとらぼ,1030,\n出典：Amazon.co.jp\n女性誌『ハルメク』を発行するハルメクホールディングスは、全国の50歳以上の女性を対象にさまざまなテーマでアンケートを実施。その結果を「50歳からのハルメク世代に聞く なんでもランキング」として発表しました。\n【画像：ランキング17位～1位を見る】\n今回はその中から「孫にしたい有名人」のランキングを紹介します。50歳以上の女性から「孫にしたい」と人気を集めたのは誰だったのでしょうか。ランキングを見ていきましょう！\n\n（出典元： ハルメクホールディングス「【50歳からのハルメク世代に聞く なんでもランキング】50歳以上の女性が選ぶ「孫にしたい有名人」）\n●第2位：芦田愛菜\n第2位は、「芦田愛菜」さんでした。2009年に子役としてデビューした芦田さんは、2010年のドラマ「Mother」で母親からネグレクトを受ける少女を演じて注目を集めたのち、2011年のドラマ「マルモのおきて」など数々の話題作に出演。同年の「第62回NHK紅白歌合戦」では7歳で最年少出場を果たしました。\n\n その後も着実にキャリアを重ねてきた芦田さんは、幼少期からの確かな演技力と知的なキャラクターで、現在も活動の幅を広げ続けています。アンケートでは「芸能の仕事と勉学を見事に両立させて、決して出すぎないのに光を放つところが素晴らしい」「聡明で性格も良さそう。政治経済、社会に時事、いろんな話題でおしゃべりしてみたい」といった声が見受けられました。\n●第1位：大谷翔平\n第1位は、「大谷翔平」選手でした。2013年に北海道日本ハムファイターズに入団し、投手と打者を兼ねる「二刀流」選手として注目を集めた大谷選手。2018年シーズンから米国メジャーリーグのロサンゼルス・エンゼルスに移籍後も二刀流の選手として活躍し、これまでに数々の記録を打ち立ててきました。2023年のWBCでの活躍も記憶に新しいですね。\n\n 2024年シーズンからはロサンゼルス・ドジャースに移籍し、MLB史上初となる「50本塁打・50盗塁」を達成。さらにドジャースもプレーオフを勝ち抜きワールドシリーズ進出を果たす中、チームを引っ張る中心選手の一人として現在も目覚ましい活躍を続けています。アンケートでは「素晴らしい実力・才能を持ちつつ奢ることなく努力し続ける姿、明るくて周りをも笑顔にするあの性格が大好き」といった声が寄せられていました。\n小林翆山,['https://newsatcl-pctr.c.yimg.jp/t/amd-img/20241026-10098707-it_nlab-000-1-view.jpg?pri=l&w=640&h=640&exp=10800'],"['https://news.yahoo.co.jp/articles/826359dc852107236ea27e71bf2e58e11a05ddea/images/000', 'https://nlab.itmedia.co.jp/research/articles/3088034/2#utm_source=yahoo_v3&utm_medium=feed&utm_campaign=20241026-10098707&utm_term=it_nlab-ent&utm_content=img']"
お、推しが落ちるーッッ!?!?　絶対盛り上がる“手作りゲーム”が124万再生　「うわー面白そう！」「素晴らしい想像力」（ねとらぼ）,https://news.yahoo.co.jp/articles/95ce1e0b4572665df437002d989acbd8521d2db5,https://newsatcl-pctr.c.yimg.jp/t/amd-img/20241026-00000033-it_nlab-000-1-view.jpg?exp=10800,2024-10-26T09:00:21+09:00,2024-10-26T09:00:21+09:00,ねとらぼ,it_nlab,ねとらぼ,836,\n推しの命運はプレーヤーにかかっている……？\n身近な材料で手作りできるアナログゲーム「ビー玉ドロップゲーム」が、Instagramで124万回以上再生されるなど人気を集めています。推しの命運を賭けたスリリングな遊びに、大人も子どもも大興奮……!?\n【動画】ちいかわ落下の瞬間\n投稿主は、手作りのおもちゃや実験など、親子で楽しめるおうち遊びを紹介している「ちょっこ」さん。今回話題になっているのは、お菓子の空き缶など円筒形の入れ物とティッシュ、輪ゴム、ビー玉、カプセルトイや食玩についている小さめのフィギュアだけで作れるアナログゲームです。\n\n 缶の口にティッシュを張り、輪ゴムで留めるだけでゲームの舞台は完成。これに濡らしたビー玉と、推しのフィギュアを組み合わせるだけで、ドキドキのゲームを楽しめます。\n\n 遊び方は、ティッシュの中央にフィギュアを置き、プレーヤーが代わりばんこにビー玉を乗せていくという単純なもの。ティッシュが破れて“推し”が落ちないよう、慎重に置くスリルが味わえます。もちろん、フィギュアを落としてしまった人が負けというルールです。\n\n ちょっこさんが青ざめた泣き顔のちいかわフィギュアを使って遊ぶ様子をシェアすると、スリル満点な様子に目を奪われる人が続出。「これは大人でも面白そう、準備も簡単でいいですね」「お子さん達の楽しそうなのが伝わってきます」「なんてすてきな簡単遊び…！」「ドキドキハラハラしながらやるのが楽しそう」「身近な物でおもちゃを作る素晴らしい想像力ですね」と称賛の声が寄せられました。\n\n また「これ、1つずつ交代ででもいいけど、1個～3個までなら好きな数1回に乗せられる…とかルールを変えても面白そう」「テッシュ1枚だとビー玉10個でドボン、2枚でやったらなかなか落ちなくて大盛り上がり」と、新たなアイデアを提案する声も集まっています。\n\n画像提供：ちょっこ（chokko_asobi）さん\nねとらぼ,['https://newsatcl-pctr.c.yimg.jp/t/amd-img/20241026-00000033-it_nlab-000-1-view.jpg?exp=10800'],"['https://news.yahoo.co.jp/articles/95ce1e0b4572665df437002d989acbd8521d2db5/images/000', 'https://nlab.itmedia.co.jp/nl/articles/2410/26/news033_2.html#utm_source=yahoo_v3&utm_medium=feed&utm_campaign=20241026-033&utm_term=it_nlab-life&utm_content=embed']"
アルファベットをパズルのように組み合わせると……　クールすぎる“シンデレラフィット”に「気持ちよすぎる」「天才」と1190万再生の大反響（ねとらぼ）,https://news.yahoo.co.jp/articles/be36210bb647adb7efa05d6af40ac721a1a8e815,https://newsatcl-pctr.c.yimg.jp/t/amd-img/20241026-00000009-it_nlab-000-1-view.jpg?exp=10800,2024-10-26T09:00:13+09:00,2024-10-26T09:00:13+09:00,ねとらぼ,it_nlab,ねとらぼ,786,\n正三角形の中にデザインされた「RUKA」の文字を入れて行きます\n名前のアルファベットをパズルのように組み合わせていく様子が、YouTubeのショート動画で紹介され、記事執筆時点で1190万回再生を突破し、72万件を超える“高評価”を獲得するほどの大反響を呼んでいます。\n【画像】完成したロゴ\n投稿したのはYouTubeチャンネル「ひ.logocreator」さん。今回は「RUKA」という名前を作っていくようです。\n\n パズルのベースとなるのは正三角形。下には直線でデザインされた「R」「U」「K」「A」の文字が並んでいます。\n\n 最初に正三角形の頂点に合わせてAの文字を入れ、Rの文字の角度を変えて下辺に収めます。ここまではいい感じ……と思ったらKの文字の行き場がなくなってしまいました。\n\n 文字を入れ替えてみたり、クルクルと回してみたり、試行錯誤をしますが、このままでは入りそうにないみたいです。\n\n いったん三角形の中を空にして、右側の辺にKを入れてみます。Kと支え合うようにRを、Kの足元にAを入れ、残っている空間にUを入れると……見事気持ちよく収まってくれました。\n\n 三角形の下に別デザインの「RUKA」の文字を入れたらかっこいいロゴの完成！ 実際の商品に付いていてもおかしくないくらいの美しい仕上がりです。\n\n コメント欄には「気持ちよすぎる」「後半で一気に回収すんの気持ちよすぎる」「天才ですね」といった声が。「○○という名前で作ってください」というリクエストもたくさん寄せられています。\n\n こちらのチャンネルでは、もっと文字数が多いパターンも公開中。「どうすんだこれ？」と思った文字が、ぴったり収まる瞬間を見ることができます。\n\n※画像提供：YouTubeチャンネル「ひ.logocreator」\nねとらぼ,['https://newsatcl-pctr.c.yimg.jp/t/amd-img/20241026-00000009-it_nlab-000-1-view.jpg?exp=10800'],"['https://news.yahoo.co.jp/articles/be36210bb647adb7efa05d6af40ac721a1a8e815/images/000', 'https://nlab.itmedia.co.jp/nl/articles/2410/26/news008_2.html#utm_source=yahoo_v3&utm_medium=feed&utm_campaign=20241026-009&utm_term=it_nlab-life&utm_content=embed']"
「inゼリー」がモバイルバッテリーケースになった！　パッケージをそっくり再現して付録で登場（ねとらぼ）,https://news.yahoo.co.jp/articles/896c395695bdcb73f3ac18e9ee6e9ffd4829ea6f,https://newsatcl-pctr.c.yimg.jp/t/amd-img/20241026-10098492-it_nlab-000-1-view.jpg?exp=10800,2024-10-26T09:00:00+09:00,2024-10-26T09:00:00+09:00,ねとらぼ,it_nlab,ねとらぼ,461,\ninゼリーそっくりケース\n宝島社から、inゼリーそっくりのモバイルバッテリーケースが付録のムック『inゼリー モバイルバッテリーケースBOOK』が、10月29日に発売されます。価格は3410円です。\n【画像】実際に充電している様子\n●付録は inゼリーそっくりのモバイルバッテリーケース ！\n「inゼリー」の商品の歴史や商品ラインアップなどを解説するブランドムック 付録の『inゼリー モバイルバッテリーケースBOOK』は、「inゼリー エネルギー」のパッケージを忠実に再現したモバイルバッテリーケースです。\n\n ケースに市販のモバイルバッテリーを入れてスマートフォンやノートPC、ガジェットをチャージすることができます。\n\n 収納できるモバイルバッテリーのサイズ例は、「 縦10.6×横6.7×厚さ1.6センチ」「縦9.2×横6×厚さ2.2センチ」「縦9.3×横6.3×厚さ1.3センチ」など。モバイルバッテリーの形状によっては、入らない場合もあるため、注意してください！\nねとらぼ編集部/林美由紀,['https://newsatcl-pctr.c.yimg.jp/t/amd-img/20241026-10098492-it_nlab-000-1-view.jpg?pri=l&w=640&h=640&exp=10800'],"['https://news.yahoo.co.jp/articles/896c395695bdcb73f3ac18e9ee6e9ffd4829ea6f/images/000', 'https://nlab.itmedia.co.jp/research/articles/3090149/2#utm_source=yahoo_v3&utm_medium=feed&utm_campaign=20241026-10098492&utm_term=it_nlab-sci&utm_content=img']"
【50～60代が選ぶ】最高にうまい「ヤマザキのパン」ランキング！　第2位は「カレーパン」、1位は？（ねとらぼ）,https://news.yahoo.co.jp/articles/7fa69d0b1797747b463b259d5b9495921f6c9340,https://newsatcl-pctr.c.yimg.jp/t/amd-img/20241026-10099106-it_nlab-000-1-view.jpg?exp=10800,2024-10-26T09:00:00+09:00,2024-10-26T09:00:00+09:00,ねとらぼ,it_nlab,ねとらぼ,742,\n画像：PIXTA（画像はイメージです）\nねとらぼでは、アンケートサイト「ボイスノート」の協力のもと、全国の50～60代を対象に「最高にうまいヤマザキのパン」というテーマでアンケートを実施しました。\n【画像：ランキング22位～1位を見る】\n多くの50～60代から「最高にうまい」と支持を集めたヤマザキのパンは、どの商品だったのでしょうか。それではランキングを見ていきましょう！\n●第2位：カレーパン\n第2位は、「カレーパン」でした。得票率は7.3%です。\n\n ヤマザキを代表する定番商品の一つとして親しまれているカレーパン。幅広い年齢層に好まれる味わいを追求し、長年にわたり製法や味の研究を重ねている商品です。パンの中にはこだわりのカレーフィリングが詰められており、豚肉、牛肉、野菜が入っているほか、りんごピューレや厳選した香辛料で味付けされているのが特徴。カレーのスパイシーな風味と、サクッとしたパン生地の甘みが調和しています。\n●第1位：ランチパック（ピーナッツ・たまご・ツナマヨネーズ）\n第1位は、「ランチパック（ピーナッツ・たまご・ツナマヨネーズ）」です。得票率は7.6%でした。\n\n ランチパックは、2枚のソフトな食パンで具材を挟んだ、ヤマザキを代表するパンの一つです。ピーナッツ、たまご、ツナマヨネーズなど、数多くのフレーバーが展開されており、老若男女問わず愛されています。中でもピーナッツは1984年の発売当初からの定番商品で、しっとりとした食感のパンと程よい甘みのピーナッツクリームの組み合わせが絶妙です。また、持ち運びやすく手軽に食べられることや、毎月のように新商品が発売されることなども多くの支持を集めた一因かもしれません。\nヒロキタナカ,['https://newsatcl-pctr.c.yimg.jp/t/amd-img/20241026-10099106-it_nlab-000-1-view.jpg?pri=l&w=640&h=426&exp=10800'],"['https://news.yahoo.co.jp/articles/7fa69d0b1797747b463b259d5b9495921f6c9340/images/000', 'https://nlab.itmedia.co.jp/research/articles/3091741/2#utm_source=yahoo_v3&utm_medium=feed&utm_campaign=20241026-10099106&utm_term=it_nlab-life&utm_content=img']"
【関東の50～60代に聞いた】「評判が高いと思う千葉県の公立高校」ランキング！　第2位は「船橋高校」、第1位は？（ねとらぼ）,https://news.yahoo.co.jp/articles/dd7196d8f19f2302f1e4d9646640689972b893d8,https://newsatcl-pctr.c.yimg.jp/t/amd-img/20241026-10098719-it_nlab-000-1-view.jpg?exp=10800,2024-10-26T08:54:00+09:00,2024-10-26T08:54:00+09:00,ねとらぼ,it_nlab,ねとらぼ,834,\n画像はイメージです（画像：PIXTA）\nねとらぼでは、アンケートサイト「ボイスノート」の協力のもと、関東地方在住の50～60代を対象に「評判が高いと思う千葉県の公立高校」というテーマでアンケート調査を実施しました。\n【画像：ランキング28位～1位を見る】\n関東に住む50～60代から「評判が高い」と思われているのは、千葉県の、どの公立高校だったのでしょうか。さっそくランキングを見ていきましょう！\n●第2位：船橋高校\n第2位は、得票率10.6％の「船橋高校」でした。\n\n 船橋市に位置する船橋高校は、1918年に発足した「東華学校」をルーツとする高校で、1948年に「千葉県立船橋高等学校」となりました。「専心研学」を校訓に掲げ、自他敬愛の精神を育み、社会のリーダーとして活躍する有為な人材を育てています。\n\n 普通科と理数科を設置していて、計画的な進路指導により生徒たちの大学進学を支援しているのが特徴。1年次から探究活動に注力し、学習の中で問題の発見・解決に向けた主体的な深い学びに実践しています。文部科学省から「スーパーサイエンスハイスクール」に指定されていて、大学などの教育機関と連携を深めながら、国内外での多彩な研修や実習を行っているところも魅力といえるでしょう。\n●第1位：千葉高校\n第1位は、得票率11.0％の「千葉高校」でした。\n\n 千葉市中央区に位置する千葉高校は、1878年に創立した歴史ある県立高校。「文武不岐」の精神のもと、世界で活躍する心豊かなリーダーとなれる、全人格的に優れた人材の育成を目標としています。\n\n 併設型の中高一貫教育校で、高校では千葉中学校からの進学者と他の中学校からの進学者が在籍。進学校の一つで、外部講師講演会や大学教授による模擬講義など、進路関係の取り組みが充実しているのも特徴です。例年、東京大学や千葉大学をはじめとする国公立大学や難関大学に多くの合格者を出しています。\nセンター,['https://newsatcl-pctr.c.yimg.jp/t/amd-img/20241026-10098719-it_nlab-000-1-view.jpg?pri=l&w=640&h=426&exp=10800'],"['https://news.yahoo.co.jp/articles/dd7196d8f19f2302f1e4d9646640689972b893d8/images/000', 'https://nlab.itmedia.co.jp/research/articles/3088535/2#utm_source=yahoo_v3&utm_medium=feed&utm_campaign=20241026-10098719&utm_term=it_nlab-life&utm_content=img']"
“金髪ロングヘアの男の子”が美容室でイメチェン→“自信満々のドヤ顔”が驚異の350万再生　「魔法の手！」【海外】（ねとらぼ）,https://news.yahoo.co.jp/articles/ca76f1c0fe0f4c7ce1fbcac967acc1dcfdcdcaff,https://newsatcl-pctr.c.yimg.jp/t/amd-img/20241026-00000016-it_nlab-000-1-view.jpg?exp=10800,2024-10-26T08:40:10+09:00,2024-10-26T08:40:10+09:00,ねとらぼ,it_nlab,ねとらぼ,870,\n（写真：ねとらぼ）\nロングヘアの少年がおしゃれな美容室で髪を短くしたらどうなった？ まだあどけない印象の少年が熟練の美容師にヘアカットしてもらう動画がYouTubeで注目を集めています。動画は記事執筆時点で350万回以上再生され、「いいね」数も約11万件獲得。\n【画像】イメチェン後の少年\n投稿したのは、YouTubeチャンネル「REUZEL」。YouTubeでポマードや男性用ヘア製品の紹介や、オランダ・ロッテルダムにある世界的に人気がある美容室「SCHOREM（シュコーラム）」で髪のスタイリングやカットのシーンを多数投稿しています。\n1人の少年が人気美容室に現れ、髪をカットすることに\nこの動画は、ある日1人の少年が母親らしき人とSCHOREMを訪れるシーンからスタートします。少年は金髪のロングヘアーで、美容室で髪を短くカットするために来店しました。\n\n まず、一緒に来店した女性が少年の長い髪に最初のハサミを入れます。まるで断髪式が始まるかのような雰囲気……。すると美容師が慣れた手つきで少年の髪の毛を束ね、短くカットしていきます。後ろとサイドの髪はかなり短く切りましたが、頭頂部の髪はやや長く残すスタイルのようです。\n\n 美容師は、少年の髪の毛にREUZELのヘアスプレーやワックスをつけて、手ぐしでブローして整えていきます。カットも終盤になると、少年も鏡に映った自分の新しい髪型のイメージが分かってきたようですね。\n\n カットとブローが終了すると、少年はとても気に入ったようで急に表情やポーズまで大人っぽく決めています。担当した美容師も「やったぜ！」と言わんばかりに、くるりと椅子を回しガッツポーズ。今回のヘアカットは大成功しました！\n見事な変身ぶりに大反響\nこの動画の投稿には「とても可愛らしい」「1990年代の髪型」「素晴らしい仕事ですね！」「魔法の手！」「ゴージャスなヘアカット」など、さまざまな反響が寄せられています。\n\n画像出典：YouTubeチャンネル「REUZEL」\nねとらぼ,['https://newsatcl-pctr.c.yimg.jp/t/amd-img/20241026-00000016-it_nlab-000-1-view.jpg?exp=10800'],"['https://news.yahoo.co.jp/articles/ca76f1c0fe0f4c7ce1fbcac967acc1dcfdcdcaff/images/000', 'https://nlab.itmedia.co.jp/nl/articles/2410/26/news016_2.html#utm_source=yahoo_v3&utm_medium=feed&utm_campaign=20241026-016&utm_term=it_nlab-life&utm_content=embed']"
夫婦でウエディングフォト撮影→“まさかの共通点”を並べて一味違う仕上がりに仰天　「羨ましい」「理想すぎる」（ねとらぼ）,https://news.yahoo.co.jp/articles/93bc6561e01a055c54885a0e80dd33ec0fb1b4f3,https://newsatcl-pctr.c.yimg.jp/t/amd-img/20241026-00000029-it_nlab-000-1-view.jpg?exp=10800,2024-10-26T08:50:09+09:00,2024-10-26T08:50:09+09:00,ねとらぼ,it_nlab,ねとらぼ,684,\nある夫婦のウエディングフォトに注目集まる（画像はイメージです／画像：PIXTA）\n夫婦2人のある共通点を生かしたウエディングフォトがX（Twitter）で話題に。一生の思い出になるに違いないと大きな反響を呼んでおり、投稿は記事執筆時点で1万件を超えるいいねを獲得しています。\n【画像】2人のウエディングフォト\n投稿したのは、日産「フェアレディZ Z32」オーナーのXユーザー・ひなこさん。ひなこさんと夫であるまっささんが並ぶ写真と一緒に写っているのは、ホワイトとブラックの2台のフェアレディZ。実はおふたりとも、色違いの同じ車が愛車なのだそうです。\n\n ひなこさんはかつて母が結婚式で着ていたフロントが短いタイプのウエディングドレス姿で、まっささんはキャメルのベストにブラウンスーツを合わせた姿で笑顔を見せています。レトロな雰囲気もステキだ！\n\n 他にも手つなぎ写真や別アングルの写真も公開されていますが、全て愛車たちも一緒に写っており、夫婦愛だけでなく“愛車愛”もあふれる仕上がりとなっています。\n\n また、それぞれが愛車に乗って顔を向き合わせている、思わず楽しい会話が聞こえてきそうなベストショットも披露しています。なお、これらの写真撮影は写真家のYuさんが担当したとのことです。\n\n 愛車を並べたウエディングフォトに対し、リプライ欄などでは「わぁぁぁ!! どの写真もとっっても素敵ですね」「かっけええええ」「超絶かっこいい2人」と感動する声の他、「素敵すぎて、溢れるほどの幸せをもらえるお写真」という声も寄せられていました。\nねとらぼ,['https://newsatcl-pctr.c.yimg.jp/t/amd-img/20241026-00000029-it_nlab-000-1-view.jpg?exp=10800'],"['https://news.yahoo.co.jp/articles/93bc6561e01a055c54885a0e80dd33ec0fb1b4f3/images/000', 'https://nlab.itmedia.co.jp/nl/articles/2410/26/news030_2.html#utm_source=yahoo_v3&utm_medium=feed&utm_campaign=20241026-029&utm_term=it_nlab-life&utm_content=embed']"
汚い土のかたまり→掘り出された“何か”を修復したら……　“まさかの道具”に生まれ変わった姿に「素晴らしい仕事」と称賛【海外】（ねとらぼ）,https://news.yahoo.co.jp/articles/298f2eb2e386301753bd099adae4c60a5e78aa6b,https://newsatcl-pctr.c.yimg.jp/t/amd-img/20241026-00000038-it_nlab-000-1-view.jpg?exp=10800,2024-10-26T08:30:17+09:00,2024-10-26T08:30:17+09:00,ねとらぼ,it_nlab,ねとらぼ,697,\n土のかたまりの中になにかがある（画像はScrews And ToolsのYouTubeより）\n土のかたまりに埋まった“何か”を掘り出してきれいに修復する動画が、YouTubeで16万回以上再生されるほど話題になっています。\n【画像】生まれ変わった姿\n土のかたまりに埋まった“何か”\n話題になっているのは、さまざまな古い器具を修復する動画で人気の米国のチャンネル「Screws And Tools」の投稿です。\n\n 一見すると石のような、乾いて固くなった土のかたまり。その中に何かが埋まっていることに気付き、汚れを削っていきます。\n\n 土くれの中から現れたのは、平たくて湾曲した形状の物体。長らく土に埋まっていたせいか、ひどいさびに覆われています。しかし、さびを落として研磨していくと、どうやら“刃”らしきものであることが分かりました。\nさびまみれの“刃”をナイフに修復\n刃をナイフとして使えるようにすべく、柄の部分を1から自作。刃の形に合わせて金属や木材を加工して組み合わせます。ていねいで手際の良い作業の結果、土とさびに覆われていた謎の物体は手持ちナイフに大変身。木材や段ボール、野菜などを難なく切断できる万能ナイフに生まれ変わりました。\n刃の正体を考察する声も\n土のかたまりから意外なものが発掘された修復作業に、コメント欄には「素晴らしい仕事だ」「すごい労力と忍耐力だ！」「あなたはとても熟練した技術を持っている」など称賛が集まりました。また、「原始的なカミソリのようだ」「古いスキニングナイフに見える」など、刃の正体を考察する声も寄せられています。\nねとらぼ,['https://newsatcl-pctr.c.yimg.jp/t/amd-img/20241026-00000038-it_nlab-000-1-view.jpg?exp=10800'],"['https://news.yahoo.co.jp/articles/298f2eb2e386301753bd099adae4c60a5e78aa6b/images/000', 'https://nlab.itmedia.co.jp/nl/articles/2410/26/news006_2.html#utm_source=yahoo_v3&utm_medium=feed&utm_campaign=20241026-038&utm_term=it_nlab-life&utm_content=embed']"
「これがこうなる」　金髪女子が“ヘアメイク前後”を比較したら……　それぞれのよさがあふれまくった“ビフォーアフター”に14万いいね　「両方可愛い。もうダメだ」（ねとらぼ）,https://news.yahoo.co.jp/articles/74713ab01cbab084428455c3d625ef3a631b000b,https://newsatcl-pctr.c.yimg.jp/t/amd-img/20241026-00000008-it_nlab-000-1-view.jpg?exp=10800,2024-10-26T08:30:12+09:00,2024-10-26T08:30:12+09:00,ねとらぼ,it_nlab,ねとらぼ,1032,\nヘアメイク前のmimiさん\n金髪女子がへアメイク前後のビフォーアフター写真がX（Twitter）で話題です。投稿は記事執筆時点で1000万回表示を突破したほか、14万件以上のいいねを獲得。「可愛いの無限ループ」「どっちも良いって言葉がピッタリ」と反響が寄せられています。\n【画像】ヘアメイク後の姿\n投稿者は、筋トレや美容・ファッションについて発信しているmimiさん。「これが(←)こうなる(→)」「どっちの私もすき！」という言葉を添えて投稿した2枚の写真には、mimiさんのヘアメイク前と後の様子が写っています。まずは、ヘアメイク前のmimiさんを見てみましょう。\n\n ハイトーンカラーのストレートボブヘアで、すっぴんを披露しながらピースサインをするmimiさん。色白の美肌やクリッとした瞳、自然体な雰囲気が魅力的で、このままでも十分すてきです！ そんなmimiさんがヘアメイクをすると……？\n\n これまた、mimiさんのかわいさが爆発……！ ふわふわに巻いたヘアスタイルによって洗練さに磨きがかかり、メイクをしたことで先ほどよりも目元がハッキリしました。この日は特にヘアメイクがうまくいったそうで、mimiさんの笑顔も輝いています。\n\n すっぴん時も化粧後も、世界中の女性はどちらの姿も魅力にあふれていますが、ヘアメイクで印象が変えられるというのはやっぱり楽しいですよね。加えて、mimiさんの投稿文につづられた「どっちの私もすき！」というマインドも“きれいの秘訣”になるのではないでしょうか！\n\n コメント欄や引用リツイートには、「ガチ可愛い」「イメチェン、凄い」「雰囲気変わりますね！」「髪の毛ふわふわ感がたまらなく好き」「デートでは右だけど家帰ってきて化粧落として左になるのも好き」「両方可愛い。もうダメだ。ちーと。」といった絶賛の声があがりました。\n\n 多くの反響に対して、mimiさんは「10万いいねは流石に驚き」「リプも引用もほぼ褒め言葉だけでとっても嬉しい！」「優しい世界素敵ありがとうございます全部見ます」「髪の巻き方知りたいて方が割といたので今度撮ってみます～！」とつづっています。\n\n そんなmimiさんのXアカウントでは、筋トレの成果や、お気に入りのファッションの投稿を公開中。遊びにいってみると、モチベーションが一気に上がりそうです。\n\n※画像提供：mimi（@mimi_87bm）さん\nねとらぼ,['https://newsatcl-pctr.c.yimg.jp/t/amd-img/20241026-00000008-it_nlab-000-1-view.jpg?exp=10800'],"['https://news.yahoo.co.jp/articles/74713ab01cbab084428455c3d625ef3a631b000b/images/000', 'https://nlab.itmedia.co.jp/nl/articles/2410/26/news007_2.html#utm_source=yahoo_v3&utm_medium=feed&utm_campaign=20241026-008&utm_term=it_nlab-life&utm_content=embed']"
【男性に聞いた】一発で読めないと思う「甲信越の温泉地」ランキング！　第2位は「鹿教湯温泉（かけゆ）」、1位は？（ねとらぼ）,https://news.yahoo.co.jp/articles/0d248d8d4f3bc70e072dc25770eb023b64e7b445,https://newsatcl-pctr.c.yimg.jp/t/amd-img/20241026-10098688-it_nlab-000-1-view.jpg?exp=10800,2024-10-26T08:30:00+09:00,2024-10-26T08:30:00+09:00,ねとらぼ,it_nlab,ねとらぼ,718,\n画像はイメージです（画像：写真AC）\nねとらぼでは、アンケートサイト「ボイスノート」の協力の下、全国の男性を対象に「一発で読めないと思う甲信越の温泉地はどれ？」というテーマでアンケートを実施しました。\n【画像：ランキング28位～1位を見る】\n新潟県・長野県・山梨県の3県から成る「甲信越地方」の数ある温泉地の中で、男性が「一発で読めない」と思っているのはどこだったのでしょうか。結果を見ていきましょう！\n●第2位：鹿教湯温泉（かけゆ）\n第2位は「鹿教湯温泉（かけゆ）」でした。得票率16.5%の172票を集めています。\n\n 長野県の中央に位置する上田市にある鹿教湯温泉。やわらかくクセのない湯で、アルカリイオン水として飲むこともできるようです。\n\n 仏への信仰があつい猟師が、鹿に化けた菩薩に秘湯を教えてもらったという伝説から、鹿教湯温泉という名称になったとされています。湯治場として古くから知られており、現在は環境省の国民保養温泉地にも指定されています。\n●第1位：雲母温泉（きら）\n第1位は「雲母温泉（きら）」でした。得票数は214票で、20.5%の得票率となっています。\n\n 雲母温泉は、新潟県の北部に位置する関川村にある、5つの温泉地から成っている「えちごせきかわ温泉郷」のひとつ。荒川を挟み、高瀬温泉の対岸にあるのが雲母温泉です。\n\n 荒川と飯豊連峰の景色を眺めることができ、筋肉痛や神経痛などの症状に効能がある湯とされています。雲母温泉という名称は、このあたりの地域に多く見られる花崗岩に含まれた雲母（うんも）の結晶が、キラキラと輝いていることに由来しているという説があります。\nnami,['https://newsatcl-pctr.c.yimg.jp/t/amd-img/20241026-10098688-it_nlab-000-1-view.jpg?pri=l&w=640&h=427&exp=10800'],"['https://news.yahoo.co.jp/articles/0d248d8d4f3bc70e072dc25770eb023b64e7b445/images/000', 'https://nlab.itmedia.co.jp/research/articles/3087042/2#utm_source=yahoo_v3&utm_medium=feed&utm_campaign=20241026-10098688&utm_term=it_nlab-life&utm_content=img']"
無造作に置かれていた毛糸をガラス戸のキャビネットに整理整頓したら……　“まるで手芸屋”のような内装に「毛糸の色が素敵」「これは美しい！」（ねとらぼ）,https://news.yahoo.co.jp/articles/a0952d097afe58bef651fe65b6c9fc9a46f03079,https://newsatcl-pctr.c.yimg.jp/t/amd-img/20241026-00000037-it_nlab-000-1-view.jpg?exp=10800,2024-10-26T08:10:10+09:00,2024-10-26T08:10:10+09:00,ねとらぼ,it_nlab,ねとらぼ,667,\n整理整頓前のキャビネットの様子（画像はCarlos Nomdedeuより引用）\n作業部屋にある大きなキャビネットに、毛糸を色別に整理整頓していく動画がInstagramで話題になっています。動画は注目を集め、記事執筆現在までに20万回以上再生されています。\n【画像】手芸屋さんみたいなキャビネット\n話題となっているのは、海外のニット作家であるCarlos Nomdedeu（@yarntastic.charlie）さん。毛糸で作るキュートなぬいぐるみ作品を披露しており、Instagramのフォロワー数は14万人を突破しています。\nキャビネットを大掃除\n「やっとこれをする時間ができた!!」と、キャビネットに収納していた毛糸を整理整頓することにしたNomdedeuさん。自身の身長よりも高いガラス戸のキャビネットに、無造作に入れられていた毛糸を選別する作業に取り掛かりました。\n\n 毛糸を全て取り出すと、Nomdedeuさんは丁寧に拭き掃除していきます。\n\n その後、レッド系やブルー系、グリーン系、ブラック系など同じ系統の色の毛糸を同じ棚にまとめていきました。全ての毛糸が収納されると、美しく色がそろっている毛糸が外からも確認でき、オシャレな手芸屋のような雰囲気となりました。見ているだけでテンションあがりそう……！\nすてきな毛糸収納キャビネットへの反響\nこの動画には「とても素敵」「これは美しい！」「毛糸の色が素敵です」と称賛する声の他、「キャビネットが大好き」という声も寄せられていました。\nねとらぼ,['https://newsatcl-pctr.c.yimg.jp/t/amd-img/20241026-00000037-it_nlab-000-1-view.jpg?pri=l&w=360&h=640&exp=10800'],"['https://news.yahoo.co.jp/articles/a0952d097afe58bef651fe65b6c9fc9a46f03079/images/000', 'https://nlab.itmedia.co.jp/nl/articles/2410/26/news036_2.html#utm_source=yahoo_v3&utm_medium=feed&utm_campaign=20241026-037&utm_term=it_nlab-life&utm_content=embed']"
「長野県で人気のパン（ベーカリー）」ランキング！　2位は茅野市の蓼科山を望める「ベーカリーレストラン エピ」、1位は？【2024年10月版】（ねとらぼ）,https://news.yahoo.co.jp/articles/411080c310707e18516144f173deb392e82b585a,https://newsatcl-pctr.c.yimg.jp/t/amd-img/20241026-10098736-it_nlab-000-1-view.jpg?exp=10800,2024-10-26T08:05:00+09:00,2024-10-26T08:05:00+09:00,ねとらぼ,it_nlab,ねとらぼ,717,\n画像はイメージです（画像：PIXTA）\n自身が訪れた場所について評価とクチコミなどの投稿を通じて、自らの体験を共有できるGoogleマップ。経路の検索以外にも、より良いお店探しのツールとして活用できます。今回は長野県でおすすめのパン（ベーカリー）を探している人に向けて、Googleマップ上で人気のお店を紹介します。\n【画像：「長野県で人気のパン（ベーカリー）」ランキング10位～1位を見る】\nなおこのランキングは、Googleマップに寄せられた「ユーザー評価」「クチコミ件数」「価格フィルタ」「評価フィルタ」などに基づいて作成された、2024年10月22日時点のものです。ではさっそく上位の結果を見ていきましょう。\n●第2位：ベーカリーレストラン エピ（4.4pt／540クチコミ）\n第2位は茅野市の「ベーカリーレストラン エピ」でした。1996年にオープンし、北海道帯広産の小麦粉とバターをメインに毎日約40種類のパンを焼いているというベーカリー。店内のテラス席からは蓼科山を望むことができ、風情のある空間が広がっています。イーストのみで長時間発酵させた生地を使ったピザも好評です。\n●第1位：ベーカリー スイート 並柳店 石窯焼パンの城（4.4pt／878クチコミ）\n第1位は松本市の「ベーカリー スイート 並柳店 石窯焼パンの城」でした。「焼きたて」「揚げたて」「作りたて」を届けるベーカリー。北海道産の小麦粉をはじめ素材にもこだわっています。カレーパン、フランスパンなどの定番はもちろん、ニューヨークチョコ、明太フランスなどのメニューもあり、どれを買って帰ろうか迷ってしまいます。\nKOE豚ラーメン爆盛り,['https://newsatcl-pctr.c.yimg.jp/t/amd-img/20241026-10098736-it_nlab-000-1-view.jpg?pri=l&w=640&h=426&exp=10800'],"['https://news.yahoo.co.jp/articles/411080c310707e18516144f173deb392e82b585a/images/000', 'https://nlab.itmedia.co.jp/research/articles/3092402/2#utm_source=yahoo_v3&utm_medium=feed&utm_campaign=20241026-10098736&utm_term=it_nlab-life&utm_content=img']"
これであなたも“神客”に！　レジ店員が思わず感動する“ひとこと”に共感続々　「泣きそうなぐらい嬉しかった」（ねとらぼ）,https://news.yahoo.co.jp/articles/b8767308a16140f65198e5b73c8dca30cd3db786,https://newsatcl-pctr.c.yimg.jp/t/amd-img/20241026-00000010-it_nlab-000-1-view.jpg?exp=10800,2024-10-26T08:20:10+09:00,2024-10-26T08:20:10+09:00,ねとらぼ,it_nlab,ねとらぼ,706,\nこんな“神客”に出会ったら、より頑張る気持ちになれそうです！\nダイコクドラッグの公式TikTokアカウントが公開した、優しすぎる“神客”の動画が14万再生を突破。接客業経験者が感動するポイントに共感の声が寄せられています。\n【動画】レジ店員が思わず感動する“ひとこと”\n動画は、「研修中」の札をつけた店員さんがレジ対応をするところからスタートします。まだレジ打ちに慣れていないと、お客さんが来ただけでついつい焦ってしまうものですが、そんなときにお客さんからこんな言葉が。\n\n「あ、後ろ全然人いないので、ゆっくりで大丈夫ですよ」\n\n さらにお会計が終わったあとの去り際には、「慣れるまで大変だと思うんですけど頑張ってください」と笑顔で声をかけてくれるのでした。\n\n これには「優しすぎん……？ めっちゃやる気出た～！」と感動する店員さん。「研修中」の名札と焦る姿を見て、気遣ってやさしい言葉をかけてくれるところがすてきですね。\n\n この動画のコメント欄には同様のエピソードが多数寄せられ、「めっちゃイカつい男の人にこれ言われて泣きそうなぐらい嬉しかった」「きっついバイト先で失敗した時に男のちょっと堅そうなお客さんに頑張ってねって言われた時ホンマに涙出た」「私も何回か言われて 心の中で『ぎゃぁぁぁぁぁあ！』って喜びました！」など共感のコメントが寄せられました。\n\n ダイコクドラッグの公式TikTokアカウントでは、「神客が来たときのレジ店員」シリーズや“レジバイトあるある”の動画が人気を集めています。\n\n画像はダイコクドラッグの公式TikTokアカウントより引用\nねとらぼ,['https://newsatcl-pctr.c.yimg.jp/t/amd-img/20241026-00000010-it_nlab-000-1-view.jpg?exp=10800'],"['https://news.yahoo.co.jp/articles/b8767308a16140f65198e5b73c8dca30cd3db786/images/000', 'https://nlab.itmedia.co.jp/nl/articles/2410/21/news121_2.html#utm_source=yahoo_v3&utm_medium=feed&utm_campaign=20241026-010&utm_term=it_nlab-life&utm_content=embed']"
春巻きの皮でセブン-イレブンの“人気商品”を再現！　材料費110円の“節約レシピ”に6.3万いいね「簡単やん」「これはブックマークせな」（ねとらぼ）,https://news.yahoo.co.jp/articles/a875d65a56548c511c8701bc5e9f8c6a1bad4cb8,https://newsatcl-pctr.c.yimg.jp/t/amd-img/20241026-00000012-it_nlab-000-1-view.jpg?exp=10800,2024-10-26T08:00:16+09:00,2024-10-26T08:00:16+09:00,ねとらぼ,it_nlab,ねとらぼ,681,\nそろえる材料はこれ！\n春巻きの皮でセブン-イレブンのブリトーを作る動画がX（Twitter）に投稿されました。もちもちでおいしそうと反響を呼び、記事執筆時点で570万件以上表示され、6万3000件以上の“いいね”を集めています。\n【画像】完成したブリトー\n春巻きの皮をぬらして3枚重ねると……\n「セブンでブリトーをつい買っちゃう人は一度試してみてほしい。半額以下の110円で『もちもちブリトー 』が自宅でカンタンに作れます！」として紹介するレシピのキモとなるのが、春巻きの皮をぬらして3枚重ねることです。\n\n 春巻きの皮を普通に使うとパリパリに仕上がりそうですが、ぬらして重ねることで“もっちり食感”が生まれるそうです。\n\n 皮の上にハムとチーズを置き、春巻きと同じように巻いたらフライパンで焼き、軽くコショウを振って完成です。カットしてみると中はチーズがとろりとしておいしそう！ \n\n ハムの代わりにベーコンでもよく、焼かずに電子レンジにかけてもOKだそうです。詳しいレシピはリプライで説明されています。\n「早速作ってみます」「簡単やん」の声\n見るからにおいしそうな出来栄えに、「これはブックマークせな」「早速、春巻の皮を買って来て作ってみます」「セブンのブリトー好きですが、ホンモノより美味そうです」「ブリトーって家で作れちゃうんですね！」「簡単やん」などの反応が寄せられています。\n\n 投稿者のよもぎさんは、この他にも簡単節約レシピをたくさん紹介しています。\n\n画像提供：よもぎ（@yomogi_168）さん\nねとらぼ,['https://newsatcl-pctr.c.yimg.jp/t/amd-img/20241026-00000012-it_nlab-000-1-view.jpg?pri=l&w=357&h=640&exp=10800'],"['https://news.yahoo.co.jp/articles/a875d65a56548c511c8701bc5e9f8c6a1bad4cb8/images/000', 'https://nlab.itmedia.co.jp/nl/articles/2410/26/news013_2.html#utm_source=yahoo_v3&utm_medium=feed&utm_campaign=20241026-012&utm_term=it_nlab-life&utm_content=embed']"
大きな瞳から下まつげがすらり　マメルリハインコの艶やかに伸びたまつげが美しい「なが！」「つけまつげみたい」（ねとらぼ）,https://news.yahoo.co.jp/articles/0e4bcc026e70952a89fedc6f258f4573329cd9fe,https://newsatcl-pctr.c.yimg.jp/t/amd-img/20241026-00000020-it_nlab-000-1-view.jpg?exp=10800,2024-10-26T07:40:13+09:00,2024-10-26T07:40:13+09:00,ねとらぼ,it_nlab,ねとらぼ,838,\nsaekoさんの手の中で安心しているルゥくん\n鳥さんの美しい下まつげを撮った写真がX（Twitter）に投稿されました。記事執筆時点でこの投稿のリポストは4400回を突破し、“いいね”は7万7000件を超えています。きれいだなあ……。\n【画像】すらっと長い下まつげ\nマメルリハインコの目を見てみたら……\n投稿者は文鳥やコザクラインコ、マメルリハインコ、サザナミインコなど、複数の小鳥さんたちと暮らしているsaekoさん。以前には手からごはんを食べてニッコリと天使の笑顔を浮かべるコザクラインコの姿が話題になりました。今回は鳥さんをドアップにして見た下まつげの様子。\n長くてきれいな下まつげが！\n登場するマメルリハインコの「ルゥ」くんは、社交的で誰にでも抱っこさせてくれる優しい子なんだそうです。「眠くなったから抱っこして」と走ってきてせがむくらいに人懐っこく、saekoさんの手のひらで安心したようにして目をつぶっている姿はひたすら癒やされるばかりです。\n\n そんなルゥくんの顔をアップにして見た写真では、美しい瑠璃色の羽毛に囲まれた漆黒の瞳がきらめいていました。そしてまなじりを縁取るようにして生えているのは8本の長ーい下まつげ！ 長く艶やかなまつげはルゥくんに相応しい美麗な造形で、ため息が出てしまいそうなみやびな存在感を醸し出しています。\n「かわいい！」「うらやましい……」の声\nこの写真には「束感まつげでしっかりトレンドおさえててかわいい」「なが！ いいなぁー…」「美しい」「なんて麗しい下まつげ」といった声が寄せられています。色彩だけではなく、細微にわたって美を追究したようなマメルリハインコのルゥくんの姿は、見ているだけで感嘆の声を上げてしまいそうですね。\n\n saekoさんはこの他にも一緒に暮らす小鳥さんたちの日常の姿をX（Twitter）アカウントで数多く公開中です。\n\n画像提供：saeko（@sae_co）さん\nねとらぼ,['https://newsatcl-pctr.c.yimg.jp/t/amd-img/20241026-00000020-it_nlab-000-1-view.jpg?exp=10800'],"['https://news.yahoo.co.jp/articles/0e4bcc026e70952a89fedc6f258f4573329cd9fe/images/000', 'https://nlab.itmedia.co.jp/nl/articles/2410/26/news020_2.html#utm_source=yahoo_v3&utm_medium=feed&utm_campaign=20241026-020&utm_term=it_nlab-life&utm_content=embed']"
「勿体ない」　パナソニック電池の“大幅デザイン変更”はあり？　なし？　10年以上前に実施も……　再び議論に（ねとらぼ）,https://news.yahoo.co.jp/articles/742f4aeaf34aa49e3799343fccb6f8ea93e6690a,https://newsatcl-pctr.c.yimg.jp/t/amd-img/20241026-00000015-it_nlab-000-1-view.jpg?exp=10800,2024-10-26T07:40:09+09:00,2024-10-26T07:40:09+09:00,ねとらぼ,it_nlab,ねとらぼ,1229,\nSANYO時代のエネループ（画像提供：みなぎさん）\n誰もが知っている商品の見た目が変わってしまったら……？ 10年以上前に変更されたPanasonicの充電池のデザインをめぐり、一部のX（Twitter）ユーザーの間で再び議論を呼んでいます。\n【画像】変更された「エネループ」のデザイン\n「eneloop」の表記が小さくなっている\nきっかけはXユーザーのみなぎさんが投稿した写真。Panasonicが展開している充電池「エネループ」が2つ並んでいますが、注目すべきはそのデザインの違いです。片方は現在Panasonicの完全子会社である三洋電機が、かつて「SANYO」ブランドとして展開していたころのもので、電池の中央に大きく商品名の「eneloop」の文字が記されています。\n\n しかし、もう一方のエネループは、「Panasonic」の文字が大きく記され、「eneloop」の名前はその下に小さくあるのみとなっています。どちらも「eneloop」の表記はあるものの、デザイン的には印象が大きく異なりますね。こうした配置のデザインは2013年にエネループがSANYOからPanasonicブランドになって以降、現在に至るまで採用されています。\nブランドめぐる複雑な歴史も\nそもそも、このエネループは三洋電機とPanasonicの2社の運命が絡み合った、なんとも複雑な歴史を抱えています。\n\n エネループは三洋電機が2005年に発売すると、一躍ヒット商品として注目を浴びます。一方、Panasonicは2008年にエネループと競合する「充電式エボルタ」を発売しました。しかし、2011年に三洋電機がPanasonicの完全子会社になると、2013年からはエネループと充電式エボルタが同じPanasonicブランドから販売されるように。このときは「一回の使用時間が長いエボルタ」と「繰り返し充放電して長く使えるエネループ」という棲み分けがされていました。\n\n その後もしばらくPanasonicの充電池は「二枚看板」の状態でしたが、2023年3月には充電式エボルタの展開が終了し、エネループに統一されています。\n名前自体が消えたわけではないけれど……\nなかなか複雑な経緯ではありますが、Panasonicロゴが大きくなった後も、三洋電機が作ったエネループの名前自体は存続しているというのが実情。それでも、2013年のブランド移行に伴うデザイン変更時には、ネット上で疑問の声も聞かれていました。\n\n このデザイン変更を「勿体ない」と投げかけたみなぎさんの投稿をきっかけに、Xでは11年越しに議論が白熱。「僕はSANYOのeneloopを忘れない」「とてもわかります」「eneloopのロゴとデザインが好きなので残念だった」「知名度というか、作った会社の思いは受け継がれて欲しい」など、さまざまな意見が聞かれています。\nねとらぼ,['https://newsatcl-pctr.c.yimg.jp/t/amd-img/20241026-00000015-it_nlab-000-1-view.jpg?exp=10800'],"['https://news.yahoo.co.jp/articles/742f4aeaf34aa49e3799343fccb6f8ea93e6690a/images/000', 'https://nlab.itmedia.co.jp/nl/articles/2410/25/news040_2.html#utm_source=yahoo_v3&utm_medium=feed&utm_campaign=20241026-015&utm_term=it_nlab-sci&utm_content=embed']"
もうすぐママになる女性、大好物を掲げて……　少女のころと比較したビフォーアフターに「そのままCMになりそう」【オーストリア】（ねとらぼ）,https://news.yahoo.co.jp/articles/5eba4584f62bcce822f2c6fe85dcbcf2edce2139,https://newsatcl-pctr.c.yimg.jp/t/amd-img/20241026-00000002-it_nlab-000-1-view.jpg?exp=10800,2024-10-26T08:00:11+09:00,2024-10-26T08:00:11+09:00,ねとらぼ,it_nlab,ねとらぼ,690,\n現在のKatchyさん\nもうすぐママになるオーストリアの女性が、今も昔も大好物である“ある食品”を掲げているビフォーアフターショットを公開。この投稿は注目を集め、記事執筆時点で52万再生を突破、約20万件のいいねを獲得しています。\n【画像】“大好物”ビフォーアフター\n話題となっているのは、オーストリアのインフルエンサーであるKatchy（@kkatchyy）さんの投稿です。\n\n Katchyさんは現在妊娠中で、9月に開催されたベビーシャワーで夫とともにジェンダーリビールケーキをカットし、赤ちゃんの性別を発表する様子を公開。現在は洋服のコーディネート動画を通して、日々おなかが大きくなる様子を披露しています。\n今も昔も変わっていない大好物\nそんなKatchyさんが今も昔も大好きだというのは、ネスレから販売中のシリアル「CINI MINIS」です。ピンクのTシャツを着てミルクが入ったおわんを前に、同商品の箱を高く掲げるKatchyさん。\n\n すると画面は切り替わり、幼少期に撮影された同じポーズの写真が現れました。お皿も同じものをそろえたこの動画にKatchyさんは「何も変わりませんでした」と好みに変化がないことを伝えています。\nかわいいビフォーアフターへの反響\nこのビフォーアフターには、「かわいい!!」「とてもすてきです」「お皿も同じ」と感動する声の他、「そのままCM使える」という声や「かわいい女の子からきれいな女性へ!!!」という声も寄せられていました。\n\n画像はTikTok「Katchy」（@kkatchyy）から引用\nねとらぼ,['https://newsatcl-pctr.c.yimg.jp/t/amd-img/20241026-00000002-it_nlab-000-1-view.jpg?pri=l&w=357&h=640&exp=10800'],"['https://news.yahoo.co.jp/articles/5eba4584f62bcce822f2c6fe85dcbcf2edce2139/images/000', 'https://nlab.itmedia.co.jp/nl/articles/2410/26/news002_2.html#utm_source=yahoo_v3&utm_medium=feed&utm_campaign=20241026-002&utm_term=it_nlab-life&utm_content=embed']"
【愛知の主婦に聞いた】「子どもを入学させたい愛知県の公立高校」ランキング！　2位は「明和高校」、1位は？（ねとらぼ）,https://news.yahoo.co.jp/articles/54a35f910d4781f724c912b19f8c6417f82f380f,https://newsatcl-pctr.c.yimg.jp/t/amd-img/20241026-10098534-it_nlab-000-1-view.jpg?exp=10800,2024-10-26T07:45:00+09:00,2024-10-26T07:45:00+09:00,ねとらぼ,it_nlab,ねとらぼ,1017,\n画像はイメージです（画像：PIXTA）\nねとらぼでは、アンケートサイト「ボイスノート」の協力のもと、愛知県在住の主婦を対象に「子どもを入学させたい愛知県の公立高校」というテーマでアンケート調査を実施しました。\n【画像：ランキング25位～1位を見る】\n愛知の主婦から支持を集めたのは、どの公立高校だったのでしょうか。さっそくランキングを見ていきましょう！\n●第2位：明和高校\n第2位は、得票率10.8％の「明和高校」でした。\n\n 名古屋市東区に位置する明和高校は、1783年創立の尾張藩校「明倫堂」と、1903年創立の「愛知県立高等女学校」を前身とする県立高校。「自主自立」の校是の下、豊かな知性と人間性、社会の一員として果たすべき役割の自覚と責任感、他者と協働する力を兼ね備えた次代を担うリーダーの育成を目標としています。\n\n 「普通科」「音楽科」の2学科を設置し、ノーベル物理学賞を受賞した小林誠さんや、ロン・ティボー国際音楽コンクールのピアノ部門で優勝した田村響さんなど、幅広い分野で活躍する優秀な人材を輩出。文部科学省から「スーパーサイエンスハイスクール」に指定されていて、大学や研究機関と連携した独自のカリキュラムにより、「探究心」と「創造力」の育成を図っています。2024年度入試では、国公立大学は名古屋大学・名古屋市立大学、私立大学は名城大学・南山大学などを中心に、多くの生徒が現役で合格しています。\n●第1位：旭丘高校\n第1位は、得票率11.8％の「旭丘高校」でした。\n\n 名古屋市東区に位置する旭丘高校は、1877年創立の「愛知県中学校」を前身とする県立高校。「真理と正義を愛し、自主・自律の精神に充ちた心豊かな生徒の育成を期し、高等学校としての全人的完成教育を行う」ことを教育目標に掲げています。\n\n 「普通科」と「美術科」を併設している唯一の県立高校。文部科学省から「スーパーサイエンスハイスクール」、愛知県教育委員会から英語を高いレベルで使いこなす人材の育成を目的とした「あいちリーディングスクール」に指定され、さまざまな取り組みを行っています。第24代内閣総理大臣の加藤高明さん、文豪として知られる二葉亭四迷さんなど、優秀な人材を数多く輩出。毎年のように、国公立大学は名古屋大学・京都大学、私立大学は同志社大学・早稲田大学などを中心に、多くの生徒が合格しています。\nセンター,['https://newsatcl-pctr.c.yimg.jp/t/amd-img/20241026-10098534-it_nlab-000-1-view.jpg?pri=l&w=640&h=426&exp=10800'],"['https://news.yahoo.co.jp/articles/54a35f910d4781f724c912b19f8c6417f82f380f/images/000', 'https://nlab.itmedia.co.jp/research/articles/3087562/2#utm_source=yahoo_v3&utm_medium=feed&utm_campaign=20241026-10098534&utm_term=it_nlab-life&utm_content=img']"
「神戸市で人気のそば」ランキング！　2位はリーズナブルな価格でそばが楽しめる「甲南そば」、1位は？【2024年10月版】（ねとらぼ）,https://news.yahoo.co.jp/articles/49b3b86d680ee1626b9e938e266b23b0751b9c24,https://newsatcl-pctr.c.yimg.jp/t/amd-img/20241026-10099131-it_nlab-000-1-view.jpg?exp=10800,2024-10-26T07:15:00+09:00,2024-10-26T07:15:00+09:00,ねとらぼ,it_nlab,ねとらぼ,670,\n画像はイメージです（画像：PIXTA）\n自身が訪れた場所について評価とクチコミなどの投稿を通じて、自らの体験を共有できるGoogleマップ。経路の検索以外にも、より良いお店探しのツールとして活用できます。今回は兵庫県神戸市でおすすめのそばを探している人に向けて、Googleマップ上で人気のお店を紹介します。\n【画像：「神戸市で人気のそば」ランキング20位～1位を見る】\nなおこのランキングは、Googleマップに寄せられた「ユーザー評価」「クチコミ件数」「価格フィルタ」「評価フィルタ」などに基づいて作成された、2024年10月25日時点のものです。ではさっそく上位の結果を見ていきましょう。\n●第2位：甲南そば（4.2pt／320クチコミ）\n第2位は東灘区岡本1丁目の「甲南そば」でした。阪急岡本駅から徒歩2分ほどのところにある、長年愛されているそば店です。学生街にあるお店ということもあり、ほとんどのメニューが1000円以下とリーズナブルなのも魅力。「甲南定食」は、そばかうどんにとんかつと炊き込みご飯、サラダとお漬物がセットになったボリューミーなセットとなっており、人気を集めています。\n●第1位：北野坂こばやし（4.4pt／107クチコミ）\n第1位は中央区中山手通1丁目の「北野坂こばやし」でした。三宮駅から徒歩約5分の場所にある、手打ちの十割そばを提供するお店です。特に「鴨南蛮そば」や一品料理の「玉子焼」は同店の人気メニュー。お店の人の接客や店内の雰囲気も好評で、繰り返し訪れる人も多いようです。\n月夜に米,['https://newsatcl-pctr.c.yimg.jp/t/amd-img/20241026-10099131-it_nlab-000-1-view.jpg?pri=l&w=640&h=426&exp=10800'],"['https://news.yahoo.co.jp/articles/49b3b86d680ee1626b9e938e266b23b0751b9c24/images/000', 'https://nlab.itmedia.co.jp/research/articles/3095247/2#utm_source=yahoo_v3&utm_medium=feed&utm_campaign=20241026-10099131&utm_term=it_nlab-life&utm_content=img']"
「関東地方で人気のアウトレットモール」ランキング！　2位はスヌーピーミュージアムも併設している東京都の「グランベリーパーク」、1位は？【2024年10月版】（ねとらぼ）,https://news.yahoo.co.jp/articles/e3adf2a25dd4c0e360c3379763c3d30fc5789e6f,https://newsatcl-pctr.c.yimg.jp/t/amd-img/20241026-10098880-it_nlab-000-1-view.jpg?exp=10800,2024-10-26T07:05:00+09:00,2024-10-26T07:05:00+09:00,ねとらぼ,it_nlab,ねとらぼ,989,\n画像はイメージです（画像：PIXTA）\n自身が訪れた場所について評価とクチコミなどの投稿を通じて、自らの体験を共有できるGoogleマップ。経路の検索以外にも、より良いお店探しのツールとして活用できます。今回は関東地方でおすすめのアウトレットモールを探している人に向けて、Googleマップ上で人気の施設を紹介します。\n【画像：「関東地方で人気のアウトレットモール」ランキング10位～1位を見る】\nなおこのランキングは、Googleマップに寄せられた「ユーザー評価」「クチコミ件数」「価格フィルタ」「評価フィルタ」などに基づいて作成された、2024年10月23日時点のものです。ではさっそく上位の結果を見ていきましょう。\n●第2位：グランベリーパーク（4pt／9633クチコミ）\n第2位は東京都町田市の「グランベリーパーク」でした。「グランベリーパーク」は都内最大のアウトレットモール。「まちの全部がパークになる」をコンセプトに公園や駅などが一体化した施設で、東京ドーム約4.7個分となる22万平方メートルもの広さを誇ります。\n\n 国内最大級の「mont-bell（モンベル）」やレストラン併設型の「Snow Peak（スノーピーク）」などアウトドア用品店や、関東で唯一のビュッフェスタイルの「KFCレストラン」、映画館「109シネマズグランベリーパーク」など約200店舗以上が入っており、アウトレット店は約100店舗あります。スヌーピーミュージアムもあり、スヌーピーファンからも人気の高い施設です。\n●第1位：三井アウトレットパーク 木更津（4pt／1万5523クチコミ）\n第1位は千葉県木更津市金田東にある「三井アウトレットパーク 木更津」です。「BOSO CITY RESORT」をコンセプトにしたリゾート型アウトレットモールで、電車ならJR袖ケ浦駅から路線バスで約10分、車なら東京湾アクアライン・木更津金田ICから約1キロメートルほどと、都心からもアクセスしやすい位置にあります。\n\n モール内には授乳室やキッズスペースなども備えており、子ども連れでも安心。さらにドッグレストが用意され、一部店舗はペット同伴可能というのも特徴です。日本トップクラスの店舗数を誇るアウトレットモールでの買い物を、家族全員で楽しむことができるでしょう。\n二輪児,['https://newsatcl-pctr.c.yimg.jp/t/amd-img/20241026-10098880-it_nlab-000-1-view.jpg?pri=l&w=640&h=436&exp=10800'],"['https://news.yahoo.co.jp/articles/e3adf2a25dd4c0e360c3379763c3d30fc5789e6f/images/000', 'https://nlab.itmedia.co.jp/research/articles/3093418/2#utm_source=yahoo_v3&utm_medium=feed&utm_campaign=20241026-10098880&utm_term=it_nlab-life&utm_content=img']"
「全てが桁違い」　20万円かけて“とんでもない虫”買ってみた　見たことない標本の連続に「すげーーー!!」「ロマンに溢れています」（ねとらぼ）,https://news.yahoo.co.jp/articles/8484198813e044cc4b8327a7b2142db0a40c92f9,https://newsatcl-pctr.c.yimg.jp/t/amd-img/20241026-00000011-it_nlab-000-1-view.jpg?exp=10800,2024-10-26T07:00:11+09:00,2024-10-26T07:00:11+09:00,ねとらぼ,it_nlab,ねとらぼ,1915,\n“とんでもない虫”買ってみた\n作り物かと思ってしまうほど巨大で不思議な形をした昆虫の標本紹介がYouTubeで話題です。動画は、記事執筆地点で約36万回再生されています。\n【画像】“とんでもない虫”を見る\n動画を投稿したのは、2023年4月にオープンした「深谷爬虫（はちゅう）類館」（埼玉県深谷市）の館長・鰐（わに）さんのYouTubeチャンネル「ちゃんねる鰐」です。\n\n 以前、木の実をかみ砕く怪魚・ナッツクラッカーに硬い木の実を5種類与えてみる様子が注目を集めましたが、今回は昆虫標本即売会で購入した昆虫標本を6つ紹介しています。\n\n 鰐さんは9月23日、東京・大手町で開催された日本最大級の昆虫標本即売会「インセクトフェア2024」に向かいました。この即売会では生体やグッズも販売しているものの、メインはあくまで標本の販売なのだそうです。奮発して約20万円分の昆虫標本とグッズを購入しました。\n\n 1つ目は「Megascolia procer」。日本ではオオツチバチと呼ばれる、東南アジアに生息する大きなハチの標本です。日本にも生息するツチバチの仲間。標本はインドネシア・ジャワ島産のようで、全長6センチくらいとそこまで大きい個体ではありませんでした。\n\n 鰐さんによると、ツチバチの仲間はコガネムシやクワガタの幼虫に卵を産み、ふ化したハチの幼虫がそれらの幼虫を食べるとのこと。ツチバチの中でも最大級のオオツチバチが卵を産むのは、コーカサスオオカブトやアトラスオオカブトといった大きなカブトムシの幼虫なのだとか……！ 標本のお値段は4000円だったそうです。\n\n 2つ目は、南米・北米・中米に生息し、世界最大のハチといわれる「オオベッコウバチ」。全長最大6センチ以上にまで成長するそうです。ベッコウバチは日本にも生息しているクモ専門の“ハンター”で、毒針でクモに麻酔をかけて卵を産み付け、幼虫はクモを食べて育つという習性があるそうです。\n\n 成虫はクモを食べず、花の蜜を食べて暮らすというこのオオベッコウバチが狩りの対象とするのは……なんとタランチュラなのだとか！ 標本のお値段は4万円でした。\n\n 3つ目は、アフリカに生息する昆虫「ゴライアスオオツノハナムグリ」。“ゴライアス”は世界最大級の生き物に付けられる名前で、このゴライアスオオツノハナムグリも全長最大11センチ以上、体重は昆虫の中でも世界最重量級の100グラム程度という、その名に恥じない巨大な体を持っています。今回購入した標本の全長は96ミリ、お値段は1万8000円でした。\n\n 4つ目は、世界最大のタガメ「ナンベイオオタガメ」。その名の通り南米に生息する世界最大級の水生昆虫で、その全長は最大10センチ以上と、日本にいるタガメ（全長約6センチ）の倍くらいになるのだそうです。標本のお値段は7万5000円と、6つのうち最も高価でした。\n\n 5つ目は、まだ足や羽を広げる作業をしていない状態で購入した世界最大のゴキブリ「ナンベイオオチャバネゴキブリ」。全長最大11センチにもなるそうです。ずっと欲しかったもののなかなか販売されておらず、ようやくいいサイズの個体に巡り合えたといいます。お値段は2万円でした。\n\n ラストとなる6つ目は、全長11センチ以上にもなる世界最大のヘビトンボ「オオアゴヘビトンボ」。オオアゴヘビトンボは中国産のヘビトンボで、日本にもヘビトンボはいるものの、全長は4センチ程度なのだとか。鰐さんは「実際に見るまで、こんな生き物がいるなんて想像すらしていなかった」といいます。標本のお値段は2万5000円です。\n\n ちなみに、これらの標本をしまっている標本箱もイベントで購入したとのこと。昆虫の標本は紫外線を浴びると色が落ちてしまうことからUVカットのフィルムが貼られており、お値段は約2万円だったそうです。今回購入した標本は深谷爬虫類館に展示するといいます。\n\n 驚きの連続だった標本紹介に、コメント欄では「すげーーー!! かっこいい!!」「やっぱ海外の昆虫は全てが桁違いなんですね」「ロマンに溢れています」「図鑑でしか見たことない」「ゴライアス 配色といい模様といい誰かデザインしたの？ ってレベルでかっこいい 動いてるところも見たくなる」と、驚きの声が上がっています。\n\n 鰐さんは、YouTubeチャンネル「ちゃんねる鰐」のほか、自身のXや深谷爬虫類館のXで、さまざまな生き物たちの様子を発信しています。\n\n動画提供：YouTubeチャンネル「ちゃんねる鰐」\nねとらぼ,['https://newsatcl-pctr.c.yimg.jp/t/amd-img/20241026-00000011-it_nlab-000-1-view.jpg?pri=l&w=640&h=334&exp=10800'],"['https://news.yahoo.co.jp/articles/8484198813e044cc4b8327a7b2142db0a40c92f9/images/000', 'https://image.itmedia.co.jp/l/im/nl/articles/2410/26/l_mika2410_wani1.jpg#utm_source=yahoo_v3&utm_medium=feed&utm_campaign=20241026-011&utm_term=it_nlab-life&utm_content=img']"
【地元の女性に聞いた】子どもが成長しそうな「大阪府の私立高校」ランキング！　第2位は「近畿大学附属高校」、1位は？（ねとらぼ）,https://news.yahoo.co.jp/articles/97f2efbeb819d14057ab30caf11ed6bc40bd88cc,https://newsatcl-pctr.c.yimg.jp/t/amd-img/20241026-10099073-it_nlab-000-1-view.jpg?exp=10800,2024-10-26T07:30:00+09:00,2024-10-26T07:30:00+09:00,ねとらぼ,it_nlab,ねとらぼ,1863,\n画像はイメージです（画像：PIXTA）\nねとらぼでは、アンケートサイト「ボイスノート」の協力のもと、大阪府在住の女性を対象に「子どもが成長しそうな大阪府の私立高校」というテーマでアンケート調査を実施しました。\n【画像：ランキング28位～1位を見る】\n地元の女性から支持を集めたのは、大阪府のどの私立高校だったのでしょうか。さっそくランキングを見ていきましょう！\n●第5位：早稲田摂陵高校\n第5位は得票率5.3%の「早稲田摂陵高校」でした。茨城市にある早稲田大学付属の高校で、1962年に創立。「自律」「責任」「質実」を校訓としています。\n\n 2025年度より校名が「早稲田大阪高等学校」に変更されます。「早稲田コース」「文理コース」「総合コース」「総合コース吹奏楽クラス（現吹奏楽コース）」の4つのコースがあり、早稲田コースは定員74人に対し、早稲田大学系付属特別推薦枠が74枠に増枠され、受験にとらわれない学習環境で過ごすことができます。\n●第4位：大阪桐蔭高校\n第4位は得票率7.4%の「大阪桐蔭高校」でした。大東市に位置する大阪桐蔭高校は、建学の精神に「偉大なる平凡人たれ」、教育の理念に「鼎立成りて碩量を育む」を掲げています。\n\n 長年継続されている「プロジェクトワーク」は生徒の主体性を引き出しながら興味・関心あるテーマに1年かけて取り組む体験型学習。中高一貫校を生かし、中学生、高校生、学年を問わず一緒に学び助け合います。専門家の指導のもとオリジナルロボット製作やプログラミング演習を行う「ロボット講座」、心理学を学び実践する「トランプ-心理戦-」などさまざまな講座が用意されています。\n●第3位：関西大学高等部\n第3位は得票率7.6%の「関西大学高等部」でした。高槻市にある「関西大学 高槻ミューズキャンパス」内に位置する関西大学の付属校です。教育目標には「探究する力を身につけた、高い人間力を有する人材を育成します」を掲げています。\n\n 探究学習を積極的に取り入れ、国際理解教育も融合させながら、幅広い分野を学べる環境作りを行っているのが特徴のひとつ。1年次には「日本の課題」をテーマとした探究からはじまり、フィールドワークやハワイ研修、卒業論文の執筆と発表など、生徒たちは多岐にわたる活動を行うことができます。\n●第2位：近畿大学附属高校\n第2位は、得票率7.9％の「近畿大学附属高校」でした。\n\n 東大阪市に位置する近畿大学附属高校は、1939年に創立された「日本工業学校」を前身とする私立高校です。「実学教育」「人格の陶冶」を建学の精神とし、「人に愛される人、信頼される人、尊敬される人の育成」を教育の目的に掲げています。\n\n 同校では希望する進路に応じたさまざまなコースが用意されていて、「Super文理コース」の文系・理系クラスの国公立大学の現役合格率は、過去9年間で平均72％の高水準を記録。効果的な受験対策講座の開催や、平日放課後に利用可能な自習スペースの完備など、難関大学合格へ向けた手厚い支援を行っています。また、国際バカロレアワールドスクールとして、高品質な国際教育を提供しているほか、多彩なグローバル教育プログラムが用意されているところも魅力。2024年度入試では、国公立大学は大阪公立大学・大阪大学・神戸大学、私立大学は関西大学・関西学院大学・立命館大学などに多くの生徒が現役で合格しています。\n●第1位：四天王寺高校\n第1位は、得票率11.0％の「四天王寺高校」でした。\n\n 大阪市天王寺区に位置する四天王寺高校は、1922年創立の「天王寺高等女学校」を前身とする私立の女子高校です。さまざまな課題を解決するため、磨き上げた自己の知識・技能をもって、人々に寄り添える人材の育成を使命としています。\n\n 同校では、「知性・感性・和の心」が育まれる調和のとれた教育を展開。特定の教科や科目に偏ることなく、全教科をバランス良く学ぶことを心がけているそうです。また、希望する進路に応じて「文理選抜」「文理」「文化・スポーツ」の3コースが用意されているほか、毎朝の朝拝や仏教の授業などの独自教育を通じて、他人のために尽くす「忘己利他」の精神が学べるところも魅力。2024年度入試では、国公立大学は大阪公立大学・大阪大学・大阪教育大学、私立大学は近畿大学・関西学院大学・関西大学などに多くの生徒が現役で合格しています。\noMi/センター,['https://newsatcl-pctr.c.yimg.jp/t/amd-img/20241026-10099073-it_nlab-000-1-view.jpg?pri=l&w=640&h=426&exp=10800'],"['https://news.yahoo.co.jp/articles/97f2efbeb819d14057ab30caf11ed6bc40bd88cc/images/000', 'https://nlab.itmedia.co.jp/research/articles/3092543/2#utm_source=yahoo_v3&utm_medium=feed&utm_campaign=20241026-10099073&utm_term=it_nlab-life&utm_content=img']"
