headline,mainEntityOfPage,image,datePublished,dateModified,author,media_en,media_jp,str_count,body,images,external_links
日産「スカイラインGT-R NISMO仕様」復活！ “純白ボディ”に「初代ロゴ」がカッコイイ！ 内外装をスポーティにする「40周年記念パーツ」発表！（くるまのニュース）,https://news.yahoo.co.jp/articles/ebb0a7fbf5a6499b0a42ba1293f2045dc2958d72,https://newsatcl-pctr.c.yimg.jp/t/amd-img/20241026-00834701-kurumans-000-4-view.jpg?exp=10800,2024-10-26T19:40:00+09:00,2024-10-26T22:11:36+09:00,くるまのニュース,kurumans,くるまのニュース,1168,\n40周年記念パーツの追加販売決定！\n2024年10月24日、日産モータースポーツ＆カスタマイズはNISMOブランドの新商品として初代NISMOロゴを配した40周年記念パーツを受注期間限定で10月25日より追加販売することを発表しました。\n【画像】「えぇぇぇ！」これが“記念パーツフル装備”の「GT-R」です！ 画像を見る（30枚以上）\n「NISMO 40th PARTS」を装着した「スカイラインGT-R（BNR32型）」がカッコイイ！\n今回追加販売されるのは、「初代NISMO ロゴステッカーセット」と「スカイラインGT-R（BNR32、BCNR33、BNR34）用 アルミロードホイール LM GT4 NISMO 40th記念モデル 18インチ」です。\n\n 初代NISMOロゴステッカーセットは、初代NISMOロゴが印刷された大中小3サイズのステッカーです。（大中小各2点）\n\n サイズは、大（100mm×170mm）、中（59mm×100mm）、小（43mm×74mm）となります。\n\n 販売価格（税込み）は、1980円です。\n\n 受注期間は、2024年10月25日から2025年3月31日までとなっており、デリバリー開始は12月5日予定とされています。\n\n スカイラインGT-R用アルミロードホイールは、アルミロードホイール「LM GT1」で使用されていた初代NISMOロゴステッカーを忠実に再現・復刻し、スポーク部に配したデザインです。\n\n タイヤビード部が接触する箇所は、ローレット加工が施されており、高G走行時に発生しやすいタイヤとホイールのズレを防止してくれます。また、剛性の高いスクエアタイプの高剛性リムが採用されています。\n\n 材質は、アルミ合金製で、リム部分とディスク部分が一体化している構造の鍛造1ピースタイプです。\n\n カラーは、「ホワイト」「ホワイト＋切削シルバー（リム部、センターホール部）」の2種類が用意されています。\n\n 適合車種とサイズに関しては、BNR32全車／18×9.0J インセット22 参考タイヤサイズ 245／40R18（フロント、リヤ同サイズ）とBCNR33・BNR34全車／18×9.5J インセット12 参考タイヤサイズ 265／35R18（フロント、リヤ同サイズ）となっています。\n\n 販売価格（税込み）は、BNR32用が10万2300円（ホイール1本当たり、以下同）から10万3400円、BCNR33・BNR34用が10万4500円から10万5600円です。\n\n なお、受注期間は、2024年10月25日から2025年1月31日までとなっており、デリバリー開始は、2025年春に予定されています。\nくるまのニュース編集部,['https://newsatcl-pctr.c.yimg.jp/t/amd-img/20241026-00834701-kurumans-000-4-view.jpg?pri=l&w=640&h=400&exp=10800'],"['https://kuruma-news.jp/photo/834701', 'https://news.yahoo.co.jp/articles/ebb0a7fbf5a6499b0a42ba1293f2045dc2958d72/images/000']"
旧車デザインの“新型ロードスター”「300GTC」公開！ “匠の手作りボディ”が超カッコイイ「豪華モデル」！ 丸目レトロな「斬新モデル」オランダで発表（くるまのニュース）,https://news.yahoo.co.jp/articles/c9270ffa2595a90fcef5ba6efd53cdb7274e7443,https://newsatcl-pctr.c.yimg.jp/t/amd-img/20241026-00830733-kurumans-000-2-view.jpg?exp=10800,2024-10-26T19:10:00+09:00,2024-10-26T20:31:40+09:00,くるまのニュース,kurumans,くるまのニュース,761,\n旧車デザインが超カッコイイ！\n20249月24日、オランダにある自動車のコーチビルダー「SAOUTCHIK」は、「300 GTC」を発表しました。\n【画像】超カッコイイ！新型「ロードスター」を画像で見る（50枚）\n美しすぎる！\nSAOUTCHIKは、ロシア生まれの家具職人のジャック・サウチク氏によって、1906年に設立されたフランスのコーチビルダー。1955年にSAOUTCHIK氏の死によって一度解散しますが、近年になって復活。その新生サウチクによって開発されたのが、この300 GTCです。\n\n デザインの大元となっているのは、メルセデス・ベンツが1950年代に開発した「300SL」。同社の高級スポーツカーであるSLシリーズの始祖となったモデルです。\n\n 300 GTCでは、その300SLの豪華さやスポーティさを見事に表現しつつ、現代風なテイストに仕上げています。\n\n 側面には大型のエアベントを設置。また、丸みを帯びたリアは今のクルマでは見られないようなデザインです。\n\n パワートレインや内装についてはまだ詳しくアナウンスされていません。しかし、外観のこだわりを鑑みると、そのクオリティには期待できそうです。\n\n また、内装の写真を見るにベースとなっているのは「AMG GT」かと思われます。\n\n 公式サイトでは「象徴的なメルセデス300SLのすべての精神と個性を維持しつつ、私たちの理念に沿ったすべてのスタイル、技術、エンジニアリングの卓越性を備えています」と語られています。\n\n※ ※ ※\n\n 300 GTCは、最大15台の生産を予定しています。購入者はエクステリアとインテリアの色、トリム、装備、アクセサリーの組み合わせを自由に選べるそうです。\n鈴木伊玖馬,['https://newsatcl-pctr.c.yimg.jp/t/amd-img/20241026-00830733-kurumans-000-2-view.jpg?pri=l&w=640&h=426&exp=10800'],"['https://kuruma-news.jp/photo/830733', 'https://news.yahoo.co.jp/articles/c9270ffa2595a90fcef5ba6efd53cdb7274e7443/images/000']"
スバル「レガシィ」販売終了に反響殺到！ 「“36年間”ありがとう」「寂しい」「大好きなクルマでした」の声溢れる！ 「アウトバック」25年3月販売終了で“伝統のモデル”の歴史に幕！（くるまのニュース）,https://news.yahoo.co.jp/articles/10b43ecb4c7914414522db7504f550a99ba67120,https://newsatcl-pctr.c.yimg.jp/t/amd-img/20241026-00835009-kurumans-000-2-view.jpg?exp=10800,2024-10-26T20:10:00+09:00,2024-10-26T21:31:41+09:00,くるまのニュース,kurumans,くるまのニュース,2177,\nレガシィの国内販売終了に反響集まる！\nスバルは2024年10月24日、フラッグシップSUVである「レガシィ アウトバック」の受注を2025年3月末で終了すると発表しました。\n \n これは、同時にこれまで36年間続いてきた「レガシィ」の歴史に幕を閉じることを意味します。\n \n そんなレガシィの国内販売が終了することについて、ネット上では多くの反響が寄せられています。\n【画像】「えぇぇぇぇッ！」 これが「“最後を飾る”レガシィの限定車」です！ （50枚以上）\n「レガシィ アウトバック」終了で「レガシィシリーズ」消滅…！ 反響集まる！\nレガシィシリーズの始まりは1989年。\n\n 初代モデルは、スタイリッシュなデザインと、スバル独自の技術である水平対向エンジンとAWD（四輪駆動）を組み合わせた高い走行性能で人気を集めました。\n\n 当初、4ドアセダンのレガシィとステーションワゴン「レガシィ ツーリングワゴン」がラインナップされ、特にツーリングワゴンはフルタイムAWDによる優れた走行性能と実用性の高さで他メーカーに影響を与え、市場をリードしました。\n\n 1994年には、北米市場向けに最低地上高を上げたクロスオーバーSUV「レガシィ アウトバック」が登場し、翌年に日本でも「レガシィ グランドワゴン」として販売が開始されました。\n\n その後、時代に合わせて進化をし続け、2003年に「レガシィ アウトバック」へと車名を変更。\n\n そして、2021年にフルモデルチェンジされた現行モデルの6代目に至ります。\n\n しかし2024年10月現在、国内でレガシィシリーズとして残っているのは「レガシィ アウトバック」のみ。\n\n セダンタイプの「レガシィ B4」は2020年に終了し、ステーションワゴンのレガシィ ツーリングワゴンは2014年に「レヴォーグ」へと引き継がれました。\n\n 今回のアウトバック終了により、36年続いたレガシィシリーズの歴史が幕を閉じることになります。\n\n スバルはアウトバック終了の理由を「国内市場での役目を果たした」とし、今後はより小型のワゴンSUVに集約する方針です。\n\n レガシィ ツーリングワゴンがレヴォーグへと移行したように、SUVも2023年に登場した日本専用車「レヴォーグ レイバック」に注力するとしています。\n\n また、スバル初のストロングハイブリッドを搭載した「クロストレック S：HEV」の投入や、2025年度には新型「フォレスター」の国内導入も予定されており、今後のSUVラインナップの展開に期待が寄せられています。\n\n 2024年はレガシィ アウトバックの30周年にあたり、これを記念して特別仕様車が発売されています。\n\n 第1弾の「ブラック セレクション」に続き、第2弾として「30th Anniversary」が公開されました。\n\n このモデルは、歴代アウトバックの特徴である走行性能、快適性、積載性に加え、スバルのスポーティな走行技術を詰め込んだ集大成といえる1台です。\n\n エクステリアにはブラックのアクセントが施され、インテリアにはアイボリーとブラックのナッパレザーを使用することで高級感を演出。\n\n さらに、専用のリヤオーナメントや刺繍が施され、特別感が強調されています。\n\n この「30th Anniversary」は500台限定で販売され、2024年10月24日から11月10日まで全国のスバル販売店で抽選申し込みが受け付けられます。\n\n そんなレガシィの国内販売終了に対して、ネット上では「本当に素晴らしいクルマを今までありがとうございました」「日本にステーションワゴンブームを引き起こし他社が追随した功績は大きい、お疲れ様でした」「レガシィとはその名の通り、スバルの大きな遺産だった」「終わることは残念ですが長年の活躍をねぎらいたいです」「憧れていたクルマが生産終了になってしまうのは寂しい」など、レガシィの功績を称えるとともに、販売終了を惜しむ声が多く集まっています。\n\n なかには「レガシィは今まで所有してきた中で一番運転が楽しいクルマだった」「見た目だけでなく、乗り心地、運転の心地よさ全てが最高でした」「初めて買った中古車がレガシィワゴンで大好きだったなあ」「今乗っているレガシィをできるだけ長く乗っていくぞ」「これまでずっとレガシィを乗り継いで今も乗っている。これからもずっと愛していきたい」など、レガシィの思い出を語るユーザーや、現レガシィオーナーの愛あるコメントも。\n\n そのほか「いつかまた復活してほしい」「国内でレガシィの名前を再び聞ける日を楽しみに待っています」「ハイブリッドでもEVでもいいからまたレガシィ見たいなあ」など、レガシィの復活を望む声や、「一時代がこうして終わるのだなとしみじみ思います」「スバルそのものも大きく変わった中で、時代の流れを感じますね」「レガシィに変わる次のスバルの時代を作るクルマはなにになるのだろう」など、近年のスバル車ラインナップの変化に着目するユーザーや、今後の展開に期待するコメントも多数寄せられていました。\nくるまのニュース編集部,['https://newsatcl-pctr.c.yimg.jp/t/amd-img/20241026-00835009-kurumans-000-2-view.jpg?pri=l&w=640&h=426&exp=10800'],"['https://kuruma-news.jp/photo/835009', 'https://news.yahoo.co.jp/articles/10b43ecb4c7914414522db7504f550a99ba67120/images/000']"
全長4.4mでV8＋6速MT搭載！ 5ナンバーサイズの「小さな高級車」がスゴい！ 340馬力＆“匠”仕上げの「超豪華内装」採用！ 超ド級な最速セダン「B8 4.6」は魅力的すぎる1台（くるまのニュース）,https://news.yahoo.co.jp/articles/6d87c226fabe595424cbf5c99722373c5ff8b935,https://newsatcl-pctr.c.yimg.jp/t/amd-img/20241026-00830926-kurumans-000-3-view.jpg?exp=10800,2024-10-26T21:10:00+09:00,2024-10-26T23:31:34+09:00,くるまのニュース,kurumans,くるまのニュース,2429,\nコンパクトなE36・3シリーズに340psのV8を押し込んだ！\n小さめの車体に大排気量エンジンを搭載したクルマは、そのアンバランスさや高性能さに大きな魅力があります。\n \n BMWのチューナーとして知られるアルピナが1995年から1998年に生産した「B8 4.6」も、全長約4.4mというコンパクトな3代目「3シリーズ」に、4.6リッターという大排気量V型8気筒エンジンを搭載したハイパフォーマンスカーでした。\n【画像】超カッコイイ！ これが「V8搭載の5ナンバーセダン」です！（50枚）\n5ナンバーセダンに「V8＋6MT」搭載！ 無茶ぶりが魅力な「B8」\n1994年までにアルピナが手がけた3シリーズ由来の車種はさまざまです。\n\n 初代3シリーズ（E21型）では「B6 2.8」「C1 2.3」など、2代目（E30型）では「C1 2.3／1」「C1 2.5」「C2 2.5」「B3 2.7」「B6 2.7／1」「B6 3.5」など、そして3代目（E36型）においては「B6 2.8／2」「B3 3.0」などが生産されていました。\n\n そして1994年。翌1995年がアルピナの創立30周年を迎えるため、それを記念するモデルとして「B8 4.0」が登場しました。\n\n B8 4.0は、「本家」ともいえるBMW「M3」に対抗できる性能を備えるべく、M3と同じくベース車の3シリーズに4リッターV型8気筒エンジンを搭載したモデルです。\n\n ボディサイズは3シリーズセダンと変わらず、全長4435mm×全幅1695mm、ホイールベースは2700mm。\n\n エンジンはBMW製4リッターV8 DOHC「M60B40」型で、これをアルピナのチューンによって、最高出力は286psから315psまでパワーアップ。トランスミッションはゲトラグ製6速MTが組み合わされました。\n\n M60型V8は、当時の「5シリーズ」（3代目・E34型）や「7シリーズ」（2／3代目・E32／E38型）にも採用されていたエンジンです。\n\n その無茶っぷりは、日本車でいえば、3シリーズのライバルであるレクサス「IS」に、2クラス上のレクサス「LS」用のV8を載せた「IS F」を例に挙げればわかりやすいかもしれません。\n\n ちなみに、B8はアルピナからの「3シリーズにV8を載せられるか？」との問いに対し、BMWは「載せられないことはないが……」と否定的な回答をしたという噂があるほど。\n\n 実際の搭載にあたっては、ウォッシャータンクのトランク移設など、ボディに40箇所以上の変更・改造が必要だったとのことです。エンジン自体にもオイルパン・オイルポンプの設計変更などが生じました。\n\n しかしB8 4.0のエンジンはすぐに4.6リッターエンジンに置き換えられ、「B8 4.6」へと進化を遂げました。3982ccの排気量は4619ccまで拡大、ノーマルのエンジンでは排気量アップができなかったため、エンジンブロックはアルピナ製の鋳造ブロックに置き換わっています。\n\n 最高出力も340psに増強され、0-100km／h加速5.6秒、最高時速280km／h以上とうたわれていました。\n\n なおアルピナのエンジンは、同社ブッフローエ工場で、極めて精度が高いパーツを熟練した職人が組み上げています。アルピナの生産台数が年間で1700台ほどにとどまる理由のひとつです。\n\n B8 4.0／4.6ともに、エンジンのパワーアップに合わせサスペンションもチューニングされました。\n\n スタビライザーの大径化、ビルシュタイン製ショックアブソーバーにアイバッハ製のスプリングを装着し、全高も20mmダウン。\n\n「ASC+T」（オートマチック・スタビリティ・コントロール＋トラクション）と称する横滑り防止と駆動力を制御するシステムも標準装備。ブレーキもリアにM3用を移植するなど、強化が図られています。\n\n 性能が高められていただけではなく、深いフロントエアダムや20本の細いスポークを持つホイール、ピンストライプが与えられた控えめなエクステリア、手縫いの本革ステアリングホイール、ウッド製のシフトノブやパネル、青いストライプが入ったレカロシート、熟練工が入念に仕上げたインテリアなど、アルピナ流に内外装が上質・高級に仕立てられていたのは、他のアルピナ車と同じ。\n\n 圧倒的な高性能と快適性を、高い次元で兼ね備えていました。\n\n そして、ベースのE36型3シリーズには、4ドアセダンのほかに2ドアクーペ、5ドアのツーリング（ステーションワゴン）、2ドアカブリオレというワイドなバリエーションが存在しましたが、B8 4.6ではそれらすべてが踏襲されました。\n\n ちなみに、B8 4.6の生産台数は221台と極めて少なく、中でもクーペは78台、カブリオレは23台のみの希少車です。なお、B8 4.0はさらに少なく、生産台数はわずか5台のみ。しかも全車が日本で販売されたといいます。\n\n なお現在、アルピナでは「B8グランクーペ」が販売されていますが、ベースが「8シリーズグランクーペ」のため、3シリーズ時代のB8の後継車ではありません。\n\n※ ※ ※\n\n コンパクトな3シリーズに、300psオーバーを発揮するどデカいV8を載せたB8 4.6。\n\n アルピナにおいても3シリーズにV8を搭載した車種は他にもなく、同社においても特別な存在とされています。その希少性も相まって、日本で残存している中古車の多くは「価格応談」。\n\n 1995年におけるセダン（のちに「リムジン」と名付けられた）の新車販売当時は1180万円でしたが、もしかすると今後はその価格を超える可能性も低くないと思われます。\n遠藤イヅル,['https://newsatcl-pctr.c.yimg.jp/t/amd-img/20241026-00830926-kurumans-000-3-view.jpg?pri=l&w=640&h=426&exp=10800'],"['https://kuruma-news.jp/photo/830926', 'https://news.yahoo.co.jp/articles/6d87c226fabe595424cbf5c99722373c5ff8b935/images/000']"
ダイハツ「“新型”ロッキー」公開に反響多数！ 「MTあるんだ」「かっこいい」 斬新「黒すぎ顔」にオシャベージュ採用！ 「3ナンバーのタフモデル」インドネシアで登場（くるまのニュース）,https://news.yahoo.co.jp/articles/5b2c042ea5b8f0d63de0734ada47e3f0dbf85b22,https://newsatcl-pctr.c.yimg.jp/t/amd-img/20241026-00830631-kurumans-000-8-view.jpg?exp=10800,2024-10-26T17:10:00+09:00,2024-10-26T22:31:40+09:00,くるまのニュース,kurumans,くるまのニュース,1649,\n尼各地を巡業中の「ロッキー クロスフィールド」 日本でも反響\n2024年7月からインドネシアの各都市で開催されている「GIIAS 2024」では、ダイハツのインドネシア法人がコンパクトSUV「ロッキー」のカスタムモデル「ロッキー クロスフィールド」を展示しています。\n \n これに対して、SNSなどにはコメントが投稿されています。\n【画像】超カッコイイ！ これがダイハツ新型「ロッキー”クロスフィールド”」です！（50枚）\nインドネシア独自にカスタムされた「ロッキー クロスフィールド」\nロッキーは2019年11月に登場したコンパクトSUV。1990年から2002年まで、系譜は異なるものの同名のSUVが販売されていたことがあり、現行型は通算2代目としてカウントされています。\n\n 現行型ロッキーはコンパクトSUVセグメントでは大人気車種となっており、日本ではトヨタの「ライズ」としてもOEM供給され、ともに国内SUV市場をけん引するモデルです。\n\n コンパクトなサイズと力強いデザインに、先進運転支援システム「スマートアシスト」を搭載しながらも、手頃な価格を実現しています。\n\n インドネシアでは2021年4月に発売され、現地工場で生産。エクステリアデザインに加飾が追加されるなど、日本仕様と差別化が図られています。\n\n ボディサイズは全長4030mm×全幅1710mm×全高1635mm、ホイールベース2525mm。\n\n 日本仕様とは全幅や全長が一部異なり、日本では3ナンバーボディとなるサイズです。\n\n パワーユニットは1リッターターボエンジン（最高出力98ps・最大トルク143Nｍ）、1.2リッターエンジン（最高出力88ps・最大トルク114Nｍ）の2種類をラインナップ。\n\n いずれも5速MTまたはCVTと組み合わせており、駆動方式はFFのみで、4WDの設定はありません。\n\n 現地での価格は2億895万ルピア（約193万円）から2億6935万ルピア（約249万円）です。\n\n そんなインドネシアのロッキーのカスタム仕様となるロッキー クロスフィールドは、2024年7月に首都ジャカルタで初公開。続いて8月には同国第2の都市スラバヤで、そして9月には西ジャワ州の州都バンドンで披露されています。\n\n ロッキークロスフィールドは、通常ラインナップにないサンドベージュメタリック塗装が施されました。\n\n エクステリアではフロントバンパーやリアバンパーなどを無塗装樹脂に変更し、フロントグリルに「DAIHATSU」ロゴ入りガーニッシュが装着されるなど、イメージ変更が図られています。\n\n ボディサイドはグレーのドアミラーカバーとドアハンドルに加えて、ドア下部には「Rocky CROSSFIELD」のロゴ入りの大判デカールをあしらわれました。\n\n ほかにも、足回りにはホワイトレター入りのオールテレーンタイヤを装着し、アウトドアテイストを強めた装備となっています。\n\n また、ルーフキャリア＆ラック、ルーフシェードを備えるなど、レジャーでの楽しさを後押しするアイテムを多数装着しています。\n\n なお、ロッキー クロスフィールドの市販については言及されておらず、パーツのオプション設定などの予定はないとみられます。\n\n※ ※ ※\n\n そんなロッキー クロスフィールドに対して、SNSなどでは「これいいなあ」「めっちゃかっこいい！」などデザインへの好意的な声が見られたほか、「MT設定があるんだ」「わりと走りそう」といったインドネシア独自の仕様に驚くコメントが投稿されていました。\n\n さらに、「日本でも販売すればいいのに」「このカラーリングなら次の愛車候補だな」といった、日本での販売を求めるコメントも見られ、タフなルックスに仕上げたロッキーについて関心を寄せる人が多いようです。\nくるまのニュース編集部,['https://newsatcl-pctr.c.yimg.jp/t/amd-img/20241026-00830631-kurumans-000-8-view.jpg?pri=l&w=640&h=426&exp=10800'],"['https://kuruma-news.jp/photo/830631', 'https://news.yahoo.co.jp/articles/5b2c042ea5b8f0d63de0734ada47e3f0dbf85b22/images/000']"
1.6リッターで「V6エンジン」搭載！ 小さな高級車な「5ナンバーセダン」あった！ めちゃ画期的な「スムーズユニット」採用の三菱「激レアセダン」はもう二度と現れない存在（くるまのニュース）,https://news.yahoo.co.jp/articles/a5320d1be281fe0c0c23d92443144d70ff5eb308,https://newsatcl-pctr.c.yimg.jp/t/amd-img/20241026-00831262-kurumans-000-6-view.jpg?exp=10800,2024-10-26T15:10:00+09:00,2024-10-26T20:31:41+09:00,くるまのニュース,kurumans,くるまのニュース,2279,\n世界最小の「V6エンジン」 非常に優れた機構もデメリットが目立つ結果に\n標準的な直列4気筒エンジンに比べると上質な回転感覚を持ち、スムースで静粛性にも優れている6気筒エンジンは、古くから様々なメーカーの上級車種に採用されてきました。\n \n 中でも、直列6気筒に比べ、エンジンの全長をコンパクトにできるV型6気筒（V6）エンジンは、FF（前輪駆動車）への搭載も容易だったこともあり、1980年代に急速に搭載車種を増やしていきました。\n【画像】超カッコイイ！ これが「V6搭載の5ナンバーセダン」です！（56枚）\n5ナンバーのコンパクトセダンに「V6」搭載！\n日本におけるV6エンジン初搭載は、1983年に登場した日産「セドリック（6代目）／グロリア（7代目）」でした。当時の日本では排気量2リッター以上のクルマにかかる税金が高額だったため、自ずと2リッターV6エンジン搭載車が数多く誕生したのです。\n\n 世界的に見ても、V6エンジンといえば2リッタークラスより上が通例でしたが、1990年代に入ってクルマ全体の高級化が進むと、バブル景気や“イケイケ”ムードも後押しして、2リッター以下のクラスにもV6エンジンを載せる車種が現れました。\n\n その第一弾が、1991年5月にマツダが発表したユーノス「プレッソ」用1.8リッターV6エンジン、「K8-ZE型」です。\n\n 量産車として世界最小といわれた驚異の小排気量V6エンジンの出現は、当時大いに注目を集めました。\n\n そして同年10月、三菱が発売した「ランサー」（5代目）には、さらに小さな1.6リッターのV6エンジン「6A10型」が用意されてさらに話題に。マツダの「世界最小」記録は、わずか数ヶ月で破られてしまったのです。\n\n さらに1992年2月には、ランサーの兄弟車「ミラージュ」（4代目）にも6A10型搭載グレードを追加しました。両車ともに数多くのエンジンを設定していましたが、6A10型を積むモデルは「ランサー6」「ミラージュ6」と称されています。\n\n 三菱が「セダンにふさわしい静かでなめらかな走りを生む、1600ccクラス世界初のV型6気筒DOHCエンジン」とカタログに記した6A10型は、小型軽量・高剛性を誇るエンジンブロック、電子制御可変吸気システム（MVIC）、圧力検出式カルマン渦エアフローセンサー、高精度な電子制御燃料噴射システム(ECIマルチ)など、三菱が誇る最先端技術を存分に盛り込んでいます。\n\n 最高出力140ps／7000rpm、最大トルクは15.0kg-m／4500rpmというスペックを持ち、ショートストロークにより高回転まで気持ちよく回る特性を有しています。\n\n 一方で、エンジン1気筒あたりの適正排気量が400～600ccといわれるのに対し、6A10型の気筒容積はわずか266ccほどしかなかったため、同クラスの4気筒エンジンに比べると「低速トルクが細い」という評価も受けてしまいました。\n\n さらに、1.6リッターV6エンジンは、燃費面でも不利に働きました。\n\n 高回転型エンジンという特性、気筒容積が小さいゆえに作動抵抗が大きく、熱効率も悪くなり、そして部品点数も多くエンジン重量が重いため、車重は90kgほど重くなるなど、燃費を悪化させる要素がいっぱいでした。\n\n 燃費や経済性、実用的な性能が求められる1.5リッタークラスの実用コンパクトセダン、ランサー／ミラージュ用のエンジンとしては、明らかにオーバースペックで贅沢な設計だったといえます。\n\n とはいえ、ボディ後部に輝く「LANCER 6」「MIRAGE 6」の威厳は普通ではなく、筆者（遠藤イヅル）は当時でさえ路上で見かけたら目を見張ったことを覚えています。\n\n 6A10型は基本的に上位グレードに搭載され、ランサーには「MXサルーン」「MXリミテッド」「ロイヤル」、ミラージュでは「VIEサルーン」「リミテッド」「ロイヤル」が設定されていました。\n\n なお「ロイヤル」以外のグレードは、1.5リッターなどにも同名で展開されていました。\n\n しかし例外として、ランサーの廉価グレード「1.5エクストラ」にもV6を載せていたのは興味深いところです。質素な内外装からはV6エンジン搭載車のオーラはまったく出ておらず、低廉グレードにV6エンジンというギャップに新鮮な驚きさえ感じさせます。\n\n なお1995年に登場した6代目ランサー／ミラージュにも、小排気量V6エンジンが引き継がれましたが、新たに載せられた「6A11型」は排気量が1.8リッター化して特性をいくばくか変更。\n\n さらには、ヘッドをSOHC化してコストダウンも図られていました。そして、マイナーチェンジでは6A11型はわずか3年ほどで廃止されてしまい、V6ランサー／ミラージュの歴史はここで幕を閉じています。\n\n※ ※ ※\n\n 1.5リッタークラスのファミリーセダンに、実用車のエンジンとしては不適ともいえる1.6リッターV6エンジンを載せ、プレミアムなクルマを作ろう！という発想が生まれ、企画が通り、開発・生産・販売が行われたのは驚くべきことです。\n\n エンジンのダウンサイジングが進み、1.5リッタークラスではもはや3気筒が一般的、高級車でも4気筒化が進んでいる現代では、きっと二度と生まれないエンジンであることは間違い無いでしょう。\n遠藤イヅル,['https://newsatcl-pctr.c.yimg.jp/t/amd-img/20241026-00831262-kurumans-000-6-view.jpg?pri=l&w=640&h=426&exp=10800'],"['https://kuruma-news.jp/photo/831262', 'https://news.yahoo.co.jp/articles/a5320d1be281fe0c0c23d92443144d70ff5eb308/images/000']"
ホンダが公開した斬新「箱クルマ」の正体は!? ちょい“レトロ風ボディ”にカバっと開く「ガルウィング」採用！ “クルマの常識”を打ち破る「新発想モデル」が凄い！（くるまのニュース）,https://news.yahoo.co.jp/articles/a85bcefec68ccb3957b6b27a2f47f1ee9f5e7003,https://newsatcl-pctr.c.yimg.jp/t/amd-img/20241026-00832229-kurumans-000-4-view.jpg?exp=10800,2024-10-26T16:10:00+09:00,2024-10-26T17:31:43+09:00,くるまのニュース,kurumans,くるまのニュース,1321,\nホンダが公開した斬新「箱クルマ」の正体は!?\n「モーターショー」などの世界中で開催される自動車イベントでは、これまでも個性的なコンセプトカーが数多く登場。\n \n 中には「この発想はなかった！」と思わされる、斬新なコンセプトのクルマもありました。\n \n その代表的なモデルのひとつと言えるのが、2007年に開催の「第40回東京モーターショー」でホンダから出展された「PUYO」でしょう。\n【画像】カッコいい！これがホンダの斬新「箱クルマ」です！（24枚）\nホンダが公開した斬新「箱クルマ」の正体は!?\n当時の東京モーターショーでホンダは、「この地球で、いつまでもモビリティを楽しむために」をテーマとし、環境対応とモビリティの楽しさを両立する先進技術を用いたクルマを11車種18台展示。\n\n 後に市販化されたライトウエイトスポーツカー「CR-Z」も、ここで初めてコンセプトモデルとして展示され注目を受けたのですが、同様に目線を集めていたのが先述のPUYOです。\n\n PUYOの特徴はなんと言っても、「シームレス ソフトボディ」をコンセプトに開発されたエクステリアにあります。\n\n これは滑らかな曲線で構成された箱型のボディで、しかも触ると柔らかい「ジェルボディ」を採用。\n\n くわえて、自車の位置や状態を示すためにボディが発光する構造となっており、この柔軟性のある車体と発光機能を組み合わせることで、安全性の向上を図っていました。\n\n また、ルーフは全てガラスで覆われており、車内からは360度を見渡せるダイナミックキャビンを採用。\n\n ドアは乗り降りがしやすいよう、開口部を広く取れるウイングアップドア（通称：ガルウィング）を装備しているのも特徴的でした。\n\n ちなみに、PUYOという車名は、ジェルボディを触ったときの「ぷよぷよとした触り心地」が由来だと説明されています。\n\n 斬新なエクステリアに気を取られるPUYOですが、インテリアにも斬新な機能や構造が採用されていました。\n\n それは運転方法にも見られ、ハンドルを使用して操作する一般的なクルマとは違い、PUYOはジョイスティックで運転します。\n\n また、インパネのモニターとコンソールスイッチは、車両の待機状態ではダッシュボード部分に埋まっており、車両が起動すると手前に盛り上がります。\n\n エクステリア同様に、発光する液体を用いたパネルのメーター表示なども、インテリアの近未来感を高めていました。\n\n そんなPUYOの気になる駆動システムは、4輪ホイールインモーターになっており、その場で360度の定地旋回することも可能です。\n\n※ ※ ※\n\n「クルマのボディは硬いもの」という長年の常識を打ち破る、斬新な発想で作られたPUYOでしたが、今現在まで実際に市販化される様子はありません。\n\n しかし、環境問題を解決するひとつとしてスモールカーに注目が集まっている昨今、流行りのマイクロモビリティとして形を変えて登場すれば、再び脚光を浴びる素養は十分に備えているのではないでしょうか。\n大西トタン＠ｄｃｐ,['https://newsatcl-pctr.c.yimg.jp/t/amd-img/20241026-00832229-kurumans-000-4-view.jpg?pri=l&w=640&h=426&exp=10800'],"['https://kuruma-news.jp/photo/832229', 'https://news.yahoo.co.jp/articles/a85bcefec68ccb3957b6b27a2f47f1ee9f5e7003/images/000']"
2024全日本ラリーがついに終幕！ Rd.8の「M.C.S.C.ハイランドマスターズ」を制したのは そしてシリーズチャンピオンは誰の手に！？（くるまのニュース）,https://news.yahoo.co.jp/articles/229e99e7ccf303fd8b253e3e83e5b499664a64c8,https://newsatcl-pctr.c.yimg.jp/t/amd-img/20241026-00834749-kurumans-000-1-view.jpg?exp=10800,2024-10-26T22:10:00+09:00,2024-10-26T22:10:00+09:00,くるまのニュース,kurumans,くるまのニュース,3412,\nついに最終戦！ハイランドマスターズは雨の降るターマックラリー\n2024年10月18日から20日にかけて、岐阜県高山市を中心に全日本ラリー第8戦となる「M.C.S.C.ハイランドマスターズ」が開催されました。\n【画像】全日本ラリー選手権第8戦M.C.S.C.ハイランドマスターズの撮り下ろしショットを見る！（43枚）\nADVAN KTMS GRヤリスRally2を駆るラリードライバーの奴田原文雄さん\n2024年の最終戦となるM.C.S.C.ハイランドマスターズは、今年で51回目の開催となる歴史のあるラリーのひとつです。\n\n かつてはグラベルラリーとして開催されていたハイランドマスターズですが、非常に荒れた路面ゆえに「カーブレイクラリー」とも呼ばれたハードなラリーでした。ターマックラリーに姿を変えた今でも、ひとたび天候が悪化するとガスが発生して選手達の視界を奪い、また標高が高く気圧の変化に対応したエンジンマネジメントも重要なポイントとなるラリーです。\n古い街並みをリエゾンで通過\n今年は高山市役所でのセレモニアルスタートの後、昨年と同様に古い街並みが残る高山市内をリエゾンで通過。居合わせた国内外からの観光客も興味津々で、カメラを向ける人も多く見られました。ラリージャパンの効果か、ラリーへの興味や知識が豊富なギャラリーも見られ、少しずつではあるもののラリーへの関心や理解が深まった印象を受けました。\n奴田原文雄&東駿吾組が駆るADVAN KTMS GRヤリスRally2\nこのラリーのステージの特徴を簡単に説明すると、LEG１のステージはいずれも道幅は狭く路面も荒れ気味です。基本は上りですがSS2と5の牛牧上りの後半部分は下りとなります。\n\n LEG2のSS8と11の駄吉上りは荒れた路面の上りが続き、インカットによってかき出された砂利が選手たちを悩ませます。SS9と12の無数河-アルコピアは全線にわたって緩やかな下りとなります。SS7と10の大山線は唯一の2車線幅の道となり、他のステージとは雰囲気の違うステージといえます。\n\n また、12本のステージは全てが10キロ以下のショートステージとなり、ひとつのミスが後々まで響くことになりそうです。\nシリーズチャンピオンは新井大輝選手と松尾俊亮選手に！\n新井大輝選手のシリーズチャンピオン（ドライバー部門）が既に決定しているJN1クラスですが、ラリー北海道終了時点でコ・ドライバーのシリーズチャンピオンはまだ決まっていませんでした。\n新井大輝＆松尾俊亮／Ahead Skoda Fabia R5\nポイント的には新井選手のコ・ドライバーの松尾俊亮選手が有利でしたが、勝田範彦選手のコ・ドライバー木村裕介選手にも逆転チャンピオンの可能性は残されていました。\n\n ですが、エントリーリストに勝田範彦・木村裕介組の名前はなく、松尾選手のJN1クラスのコ・ドライバーチャンピオンが決定しました。木村選手には逆転チャンピオンの可能性もあっただけに、ぜひともエントリーしてほしいところでした。\n新井・松尾組とコバライネン・北川組が激しいトップ争い\nLEG1は朝から雨が降り続くあいにくの天気となりました。チャンピオンコンビとなった新井・松尾組は、来月に迫ったWRCラリージャパンに向けてさまざまなセッティングを試しながらも好調な走りを見せます。\n奴田原文雄&東駿吾組／ADVAN KTMS GRヤリスRally2\nSS5牛牧上り終了時点で2位のヘイキ・コバライネン・北川紗衣組に11.6秒のリードを築きましたが、LEG1最終のSS6アルコピア-無数河で新井・松尾組がスピンを喫し、コバライネン・北川組が逆転に成功します。「雨のセッティングから足をどんどん硬くしてみたらスピンしました」と語る新井選手ですが、ラリージャパンに向けての手応えは感じているようでした。\nM.C.S.C.ハイランドマスターズを制したのは？\nLEG1を2位の新井・松尾組に3.9秒の差をつけ首位で終えたコバライネン・北川組は、その勢いのままLEG2の1本目のSS7をステージベストで終え、新井・松尾組との差を4.9秒に広げます。しかし、SS8と9と連続ベストを奪取した新井・松尾組がチャンピオンの意地を見せ逆転に成功します。\n\n サービスを挟んで2ループ目1本目のSS10ではコバライネン・北川組がベストを記録し、トップの新井・松尾組に1.3秒差まで迫る好バトルを繰り広げます。事態が動いたのはSS11でした。\nヘイキ・コバライネン＆北川紗衣／AICELLO速心DLヤリスRally2\n新井・松尾組のファビアR5がスローパンクチャーでタイムを落とす一方、コバライネン・北川組はベストタイムで新井・松尾組との差を6.3秒まで広げます。続く最終のSS12では新井・松尾組はターボパイプが抜けてしまい勝負あり。コバライネン・北川組が今シーズン初優勝を飾りました。\n\n「ヒロキは速かったけど、優勝できてうれしいよ。ラリージャパンに向けていい感触もつかめたしね」と笑顔で語ってくれました。\n\n Rally2車両を相手に苦戦が続くJP4仕様WRX S4の新井敏弘・井上草汰組は、雨のセッティングが決まり、1ループ目を3位と善戦しますが、午後の2ループ目はタイムを落としてしまいLEG1を4位で終えました。純レーシングマシンとも言えるRally2車両と、大幅な改造が許されるとはいえ市販車ベースのJP4で最も大きな差は車重でしょう。\n\n 排気量はWRX S4の方が大きいものの重量差はいかんともし難く、Rally2車両との差はなかなか埋まりません。\nJN4クラスでは内藤学武・大高徹也組が大健闘！\nスイフトスポーツでJN4クラスに参戦する内藤学武・大高徹也組は、上位クラスのJN3はおろか、JN2勢にも割って入る勢いを見せ、LEG1全てのステージでベストタイムを記録します。\n内藤学武＆大高徹也／YH TEIN アーリット スイフト\n内藤選手は免許を取得後にジムカーナからモータースポーツを開始します。その後、2010年に群馬ラリーシリーズからラリーを始め、参戦当初からその才能を発揮。その後は順調にステップアップし全日本ラリーに参戦を開始します。しかし、全日本の壁は厚く、速さは見せるもチャンピオン獲得にはあと一歩というシーズンが続きましたが、2023年にJN4クラスで念願のチャンピオンを獲得します。\n\n LEG2も絶好調の内藤・大高組は、2日間を通して全てのステージでベストタイムを記録するパーフェクトウィンで、2年連続のJN4クラスチャンピオンを決めました。\n2025全日本ラリーは奈良県でも開催へ！\nかつて2輪の世界では全日本とWGPでは仕様の差こそあれど基本的には同じマシンを走らせていました。少なくとも道具に関しては日本と世界がつながっていたと言えるでしょう。当時の日本人選手がWGPで大活躍を見せたのはこのあたりにも理由があるはずです。\nRd.8の「M.C.S.C.ハイランドマスターズ」を制したヘイキ・コバライネン＆北川紗衣／AICELLO速心DLヤリスRally2\n現在では全日本選手権で走らせるマシンとMotoGPで走らせるマシンはまるで違うものになりました。ラリーも同じで、国内戦を走るラリー車はそのままではほとんどの海外のラリーに参戦できません。\n\n ですが、トップカテゴリーのJN1クラスだけとは言え、R規定のラリー車が国内を走れるようになったおかげで道具は再び世界とつながったのです。昨今の経済事情などマイナス要素はいっぱいあるけれど、全日本ラリーから世界選手権で活躍する選手がもっと現れることを願ってやみません。\n\n 来年の全日本ラリーのカレンダーはすでに発表されており、新たに奈良県での開催が決まりました。1990年代までは奈良でも開催されていましたが、しばらく途絶えていた奈良でのラリー開催となります。\n\n レースと比較すると分かりにくい部分も多いラリーですが、難しいことは抜きにして公道で開催される日本で最高峰の争いにぜひとも興味を持っていただきたいと思います。\n山本佳吾,"['https://newsatcl-pctr.c.yimg.jp/t/amd-img/20241026-00834749-kurumans-000-1-view.jpg?pri=l&w=640&h=426&exp=10800', 'https://newsatcl-pctr.c.yimg.jp/t/amd-img/20241026-00834749-kurumans-001-1-view.jpg?pri=l&w=640&h=426&exp=10800', 'https://newsatcl-pctr.c.yimg.jp/t/amd-img/20241026-00834749-kurumans-002-1-view.jpg?pri=l&w=640&h=426&exp=10800', 'https://newsatcl-pctr.c.yimg.jp/t/amd-img/20241026-00834749-kurumans-003-1-view.jpg?pri=l&w=640&h=426&exp=10800', 'https://newsatcl-pctr.c.yimg.jp/t/amd-img/20241026-00834749-kurumans-004-1-view.jpg?pri=l&w=640&h=426&exp=10800', 'https://newsatcl-pctr.c.yimg.jp/t/amd-img/20241026-00834749-kurumans-005-1-view.jpg?pri=l&w=640&h=426&exp=10800', 'https://newsatcl-pctr.c.yimg.jp/t/amd-img/20241026-00834749-kurumans-006-1-view.jpg?pri=l&w=640&h=426&exp=10800']","['https://kuruma-news.jp/photo/821882', 'https://news.yahoo.co.jp/articles/229e99e7ccf303fd8b253e3e83e5b499664a64c8/images/000', 'https://news.yahoo.co.jp/articles/229e99e7ccf303fd8b253e3e83e5b499664a64c8/images/001', 'https://news.yahoo.co.jp/articles/229e99e7ccf303fd8b253e3e83e5b499664a64c8/images/002', 'https://news.yahoo.co.jp/articles/229e99e7ccf303fd8b253e3e83e5b499664a64c8/images/003', 'https://news.yahoo.co.jp/articles/229e99e7ccf303fd8b253e3e83e5b499664a64c8/images/004', 'https://news.yahoo.co.jp/articles/229e99e7ccf303fd8b253e3e83e5b499664a64c8/images/005', 'https://news.yahoo.co.jp/articles/229e99e7ccf303fd8b253e3e83e5b499664a64c8/images/006']"
“90万円”台から販売中！ スズキ「“7人乗り”ミニバン」がスゴイ！ 「全長3.7m」ボディ＆“5速MT”のFR仕様！ “画期的エンジン”も選べるインドの「イーコ」とは？（くるまのニュース）,https://news.yahoo.co.jp/articles/9a7b9ee20d2472b0642cda912d4ff504f2ff7609,https://newsatcl-pctr.c.yimg.jp/t/amd-img/20241026-00835494-kurumans-000-6-view.jpg?exp=10800,2024-10-26T12:30:00+09:00,2024-10-26T15:31:39+09:00,くるまのニュース,kurumans,くるまのニュース,1360,\nエブリィプラス譲りのボディを持つ7人乗りミニバンとは？\n近年トヨタ「シエンタ」や、ホンダ「フリード」など、小さなボディに沢山の人と荷物を載せることができるコンパクトミニバンが人気を博しています。\n \n そんななかで、スズキは全長3.7mのコンパクトなボディに7人乗車も可能なモデルを展開しています。\n \n 一体どのようなクルマなのでしょうか。\n【画像】「えぇぇぇぇぇッ！」 これがスズキの斬新「“7人乗り”コンパクトミニバン」です！（21枚）\nエブリィプラスの面影あり!? 5速MTでFRで運転も楽しそうな「イーコ」とは？\nそのクルマとは「イーコ」です。\n\n 同車は、日本でかつて販売されていた「エブリイプラス」の主要コンポーネントを採用しているバンで、エブリイプラスの販売終了後に生産拠点をインドに移し、イーコとして途上国や新興国などで展開されています。\n\n 2010年に登場して以降、特にインドでは商用車やファミリーカーとして支持され、2024年3月末時点では累計販売台数119万台を記録しています。\n\n なお、これまで1度もフルモデルチェンジは受けていないものの、新たなエンジンを搭載したり、フラットなカーゴフロアの採用により拡大されたラゲッジスペース、デジタルメーターを搭載したりなどの一部改良が繰り返され、時代に応じた進化を果たしています。\n\n ボディサイズは全長3675mm×全幅1475mm×全高1825mm、ホイールベースは2350mmと、同社が日本で展開しているコンパクトカー「ソリオ」（全長3790mm×全幅1645mm×全高1745mm、ホイールベースは2480mm）よりも高さ以外は少し小さいサイズサイズ感です。\n\n エクステリアは、どこか懐かしさを感じる簡素なデザイン。\n\n 無塗装のフロントバンパーがタフな雰囲気を演出しています。\n\n インテリアもエクステリアと同様に、必要最低限な装備となっており、大きなダイヤルと物理スイッチで構成されたシンプルなデザインとなっています。\n\n シートレイアウトは2列シート5人乗りのほか、3列シート7人乗りも用意され、ユーザーの用途に合わせて選択することが可能です。\n\n また安全面では、運転席及び助手席に配されたデュアルエアバッグ、EBD付きのABS、リバースパーキングセンサー、シートベルトリマインダーが装備されています。\n\n パワートレインは、最高出力59.4kW（80.8馬力）・最大トルク104.4Nmの1.2リッターガソリンエンジンと、最高出力52.7kW（71.7馬力）・最大トルク95Nmを発揮する1.2リッターCNG（圧縮天然ガス）エンジンをラインナップ。\n\n これに組み合わせるトランスミッションは5速MTのみで、駆動方式はFRを採用しています。\n\n グレードは、5 Seater Standerd、7 Seater Standerd、5 Seater ACの全3種類を用意。\n\n 価格（インドの首都ニューデリーでの販売価格）は、53万2000インドルピー（約96万1700円）から65万8000インドルピー（約118万9500円）です。\nくるまのニュース編集部,['https://newsatcl-pctr.c.yimg.jp/t/amd-img/20241026-00835494-kurumans-000-6-view.jpg?pri=l&w=640&h=426&exp=10800'],"['https://kuruma-news.jp/photo/835494', 'https://news.yahoo.co.jp/articles/9a7b9ee20d2472b0642cda912d4ff504f2ff7609/images/000']"
「道の駅」や「SA」で“車中泊”ってOK？ NG？ 「法律違反」なる可能性ありってマジ？ 難しい「車中泊の“線引き”」とは（くるまのニュース）,https://news.yahoo.co.jp/articles/9a5e81cdd8ca6f0fb2a2d14fa8d6d66eecbf7549,https://newsatcl-pctr.c.yimg.jp/t/amd-img/20241026-00831322-kurumans-000-3-view.jpg?exp=10800,2024-10-26T18:10:00+09:00,2024-10-26T22:11:37+09:00,くるまのニュース,kurumans,くるまのニュース,2374,\n道の駅、SAの車中泊利用に関する規則はどうなっているのか\n観光やレジャーに最適な季節になり「車中泊」旅を計画している人もいるでしょう。しかし「道の駅」や高速道路の「SA・PA」で車中泊を考えているなら、注意が必要そうです。\n \n ルール違反やマナー違反になるばかりか、法律違反になる可能性もあるというのです。\n【画像】「えっ…！」これが高速道路で「絶対やってはいけない」行為です！（30枚以上）\n「道の駅」や「SA・PA」などでの「車中泊」はOK!?［画像はイメージです］\n国土交通省は公式ウェブサイト内にて、「『道の駅』は休憩施設であるため、駐車場など公共空間で宿泊目的の利用はご遠慮いただいています」としています。\n\n いっぽうで「もちろん、『道の駅』は、ドライバーなど皆さんが交通事故防止のため24時間無料で利用できる休憩施設であるので、施設で仮眠していただくことはかまいません」とのこと。\n\n NEXCO西日本には公式ウェブサイトの「サービスエリア・パーキングエリア（SA・PA）ご利用上の注意」にて、禁止行為である「休憩の目的を逸脱した行為」として、「休憩の目的を逸脱した長時間・長期間駐車、野宿、野営又は車上生活を行うこと」を挙げています。\n\n 車中泊という行為を挙げて禁止しない背景として、そもそも車中泊の定義が定まっていないことがあります。「休憩・仮眠」に該当するのかどうかが“グレーゾーン”なのです。\n\n ただし一部の道の駅では、公式ウェブサイトや現地の看板や張り紙などを通じて「車中泊禁止」を明示しているところがあります。\n車中泊OK？ NG!? 「道の駅」の回答とは\nそこで道の駅とSAに直接電話をかけて、車中泊の可否について問い合わせしてみました。\n\n 取材対象は、旅行サービスを展開する「じゃらん」が集計・発表した「『じゃらん』全国道の駅グランプリ 2024」の上位10駅です。\n\n 車中泊可のところは「〇」、不可のところは「×」、条件付きなどその他の場合は、具体的な回答を記載しています。\n「道の駅」の駐車場は「車中泊」できるのでしょうか［画像はイメージです］\n1．あ・ら・伊達な道の駅（宮城県大崎市）\n\n「基本は車中泊禁止ですが、泊まっている方が多く、それを咎めることはしていません。自己責任でお願いします」\n\n2．道の駅 川場田園プラザ（群馬県川場村）：〇\n\n3．道の駅 米沢（山形県米沢市）：×\n\n4．道の駅 花ロードえにわ（北海道恵庭市）：〇（RVパーク併設、満車のときの車中泊も可）\n\n5．道の駅 遠野 風の丘（岩手県遠野市）：×\n\n「積極的に車中泊は認めていないが、仮眠は可」\n\n6．道の駅 なないろ・ななえ（北海道七飯町）：×\n\n「宿泊目的はお断り、仮眠は可」\n\n7．道の駅 しちのへ（青森県七戸町）：×\n\n 「休憩の形なら可」\n\n8．道の駅 マリンタウン（静岡県伊東市）：×\n\n9．道の駅 保田小学校（千葉県鋸南町）：\n\n「“どうぞ車中泊してください”とは申し上げていませんが、火気厳禁でお願いします」\n\n10．道の駅 むなかた（福岡県宗像市）：〇\n\n このほか、東京都内唯一の道の駅「道の駅 八王子 滝山」にも確認したところ「車中泊は禁止。駐車場が狭く長時間の駐車をお断りしている」との回答でした。\n\n このように、車中泊を歓迎しているところもあるいっぽう、「車中泊はお断りしています」と即答するところもありました。\n\n なお一部の道の駅では、車中泊専用駐車場を設けて無料で提供しているところがあり、さらに有料で電源を備えた車中泊向けの専用施設「RVパーク」を併設しているところがあります。\n車中泊可能な場合でも「火気厳禁」などの基本ルールは厳守すべし\nNEXCO中日本にも、道の駅と同じように「SA・PAでの車中泊はできるのか」を尋ねてみたところ、次のような回答でした。\n\n「クルマの中で寝ていただいても構わないが、混雑時などは早めに退出していただきたい。クルマを離れて（SA・PAとは）別の場所へ行くことは禁止している」\n「道の駅」に隣接して車中泊専用の有料駐車場「RVパーク」が設置されているケースも［画像は道の駅「オライはすぬま」に隣接する「RVパークはすぬま」（千葉県山武市）］\nなお、SA・PAも「火気厳禁」「車外でのBBQ等は禁止」は、基本的な利用上の注意です。\n\n これらのことから、道の駅、SA・PAで車中泊するときには「駐車枠内に駐める」「アイドリングストップ」「静かにする」「混雑時には速やかに退去する」といったことが、基本的なマナーとして挙げられます。\n\n さらに、条例でアイドリングストップが定められているところもあるほか、係員からクルマの移動、退去を指示されながらも居座り続けると、刑法130条「不退去罪」に抵触し通報、検挙される恐れがあります。\n\n※ ※ ※\n\n これまで道の駅、SAでの車中泊利用が、限りなく黒に近いグレーゾーンというイメージが筆者にはありましたが、今回の調査ではその傾向も幾分か緩和されてきたような印象を受けました。\n\n また場所によっては、さらに柔軟な運営がおこなわれているところもあるようです。\n\n ただしこれもひとえに利用者の心がけ次第ともいえ、もし重大な迷惑行為が続くようであれば、今はOKな場所であっても、ある日突然に「車中泊禁止」となる可能性も十分にあります。\n\n 車中泊旅を検討しているなら、利用予定施設の公式ウェブサイトなどを通じて、事前に可否の確認をオススメします。\n佐藤 亨,"['https://newsatcl-pctr.c.yimg.jp/t/amd-img/20241026-00831322-kurumans-000-3-view.jpg?pri=l&w=640&h=426&exp=10800', 'https://newsatcl-pctr.c.yimg.jp/t/amd-img/20241026-00831322-kurumans-001-3-view.jpg?pri=l&w=640&h=426&exp=10800', 'https://newsatcl-pctr.c.yimg.jp/t/amd-img/20241026-00831322-kurumans-002-3-view.jpg?pri=l&w=640&h=426&exp=10800']","['https://kuruma-news.jp/photo/831322', 'https://news.yahoo.co.jp/articles/9a5e81cdd8ca6f0fb2a2d14fa8d6d66eecbf7549/images/000', 'https://news.yahoo.co.jp/articles/9a5e81cdd8ca6f0fb2a2d14fa8d6d66eecbf7549/images/001', 'https://news.yahoo.co.jp/articles/9a5e81cdd8ca6f0fb2a2d14fa8d6d66eecbf7549/images/002']"
ホンダ「“2階建て”ミニバン!?」に反響多数！ 「大人4人」寝られる“めちゃ広い”「ステップWGN」に興味津々！ ホワイトハウスキャンパー「DECK ONE」実車展示（くるまのニュース）,https://news.yahoo.co.jp/articles/9bd27354fe84f95a02cb283bb6f20cdb60049800,https://newsatcl-pctr.c.yimg.jp/t/amd-img/20241026-00831379-kurumans-000-3-view.jpg?exp=10800,2024-10-26T13:10:00+09:00,2024-10-26T19:31:31+09:00,くるまのニュース,kurumans,くるまのニュース,1471,\n普段は通常のミニバンとして使えるのがイイ！\nキャンピングカーの製造・販売を行うホワイトハウスキャンパー（愛知県東郷町）は、パシフィコ横浜（横浜市西区）で2024年9月14日から15日まで開催された「横浜キャンピングカーショー 2024」に、ホンダ「ステップワゴン」のキャンピングカー「DECK ONE」を出展しました。\n \n 身近なミニバンをベースにした車中泊モデルに対し、SNSなどに多くの声が集まっています。\n【画像】めちゃカッコいい！ ホンダ「“2階建て”ミニバン!?」を画像で見る（30枚以上）\n「“2階建て”ミニバン!?」に反響多数！\nホワイトハウスキャンパーは、1988年にキャンピングカーのビルダーとして設立。トヨタ「ハイエース」をはじめ、「ノア／ヴォクシー」、ホンダ「N-BOX」「N-VAN」など、幅広いニーズに対応したさまざまなキャンピングカーを展開しています。\n\n そんなラインナップのなかでも長く人気を維持しているのが、ミドルクラスミニバンのステップワゴンをベースとしたキャンパー仕様「DECK ONE（デッキワン）」です。\n\n 現在販売されているモデルは、2022年5月にモデルチェンジした最新の6代目がベースとなっています。\n\n ルーフにはポップアップルーフを備え、展開すると全高は2045-2055mmとなります。\n\n ホワイトハウスキャンパーオリジナルのポップアップルーフは、ガスダンパーにより簡単な操作で上下させることが可能で、ルーフベッドのサイズは、長さ2350mm×幅1060mm×高さ1060mmと、大人2名が就寝可能。\n\n フルフラットにできる客室部（ベッドサイズ：1800mm×1200mm）とあわせ、最大で大人4名が寝ることができます。\n\n DECK ONEは、通常の「POP」をはじめ、「HOT Package」「WEEKENDER」「JOY」の4種類がラインナップ。\n\n なかでもWEEKENDERグレードでは、フロント回転シート（運転席＆助手席）、セカンドベンチシート（フラットベッド）3人用、簡易フラットクッションサードシートなどが標準装備されます。\n\n さらにJOYグレードを選ぶと、室内ギャレー（シンク＆フォーセット）、電子レンジ、冷蔵庫18L、給排水タンクなど、レジャーを本格的に楽しめる機能が備わるなど、用途に応じた選択ができるのもDECK ONEの魅力といえます。\n\n ベース車はガソリン（2WD／4WD）、ハイブリッド（2WD）から選択可能で、価格（消費税込）は標準ルーフ仕様が382万9100円から、ポップアップルーフ仕様は428万100円から用意されます。\n\n※ ※ ※\n\n そんなにDECK ONEに対し、SNSなどではさまざまな反響が寄せられています。\n\n 多かったのは「気になる」「屋根が広がるだけでめちゃ楽しそう」などと興味を示す声でした。\n\n またキャンピングカーのベース車としては珍しい車種選択についても「（一般的にキャンピングカーのベース車として起用される）ハイエースだといかにも商用車って感じ」「パッと見は普通のクルマなのがイイ」など、おおむね好評なようです。\n\n 横浜キャンピングカーショー 2024の会場担当者も「普段は通常のステップワゴンとして違和感なく使える点も推しポイントです」と話しており、今後市場が広がる可能性を秘めたカテゴリーとなりそうです。\nくるまのニュース編集部,['https://newsatcl-pctr.c.yimg.jp/t/amd-img/20241026-00831379-kurumans-000-3-view.jpg?pri=l&w=640&h=426&exp=10800'],"['https://kuruma-news.jp/photo/831379', 'https://news.yahoo.co.jp/articles/9bd27354fe84f95a02cb283bb6f20cdb60049800/images/000']"
運転中に「ガンッ！」うっかりやりがち「縁石の乗り上げ」でタイヤが傷む！ 最悪パンクも!? タイヤへのダメージってどんなもの？（くるまのニュース）,https://news.yahoo.co.jp/articles/626e413975973ad0386cbad577c532343f02fbd0,https://newsatcl-pctr.c.yimg.jp/t/amd-img/20241026-00834764-kurumans-000-1-view.jpg?exp=10800,2024-10-26T12:10:00+09:00,2024-10-26T12:10:00+09:00,くるまのニュース,kurumans,くるまのニュース,1646,\nうっかり縁石に乗り上げた！\n市街地でも、ちょっとした段差や縁石に乗り上げたり、車高の高いSUVだからと過信し、アウトドアで未舗装の荒れた路面を走行するなどして、誤ってタイヤのサイドウォール（側面）に傷をつけてしまうことがあります。\n \n そのまま放置していると亀裂が広がったり、最悪の場合パンクしてしまう可能性も否定できません。\n【画像】「これはアウトーー！」 これが交換すべき「危険なタイヤ」です！（18枚）\n縁石に乗り上げちゃうことあるよねー\n一見、ゴムを成型しただけのように見えるタイヤですが、実際は内側に金属や特殊繊維のケーブルとベルト（帯）によって形状が支えられています。\n\n これは建物でいうところの「鉄筋」や「鉄骨」のようなもので、「カーカス」または「カーカスコード」と呼ばれ、タイヤの種類によってポリエステルやナイロン、レーヨンコードなどで構成され、タイヤ全体の骨格を作っています。\n\n この表面にコンパウンドなどを練り込んだゴムを主成分とする外皮でカバーしています。\n\n タイヤを部分別にすると、路面と接する部分を「トレッド」、操舵などで変形しやすい「ショルダー」、側面部分は「サイドウォール」、ホイールと接触しタイヤを固定する「ビード」に分別できます。\n\n そして、最も路面と接触し荷重がかかるトレッドの下には、スチールコードなどを使用して補強する「ベルト」と呼ばれる帯が配置されているのですが、サイドウォール部分にはベルトのような補強材が入っていません。\n\n その理由を、都内のタイヤ専門店スタッフS氏に聞いてみました。\n\n「サイドウォールに補強材が入っていないのは、路面からの衝撃を（サスペンションと協力して）たわませて吸収する役割を担うために、ある程度の柔らかさが必要だからです。\n\n 一方でトレッド部分は常に大きな荷重や路面との摩擦が生じるため、形状を崩れにくくする必要があるので補強材が入っています。\n\n 構造上、サイドウォールには（横からの）衝撃に対する防御が強くありません。サイドをぶつけてしまうと表面に亀裂が入ったり、劣化でヒビが生じやすいだけでなく、内側のカーカスを傷めてしまうこともあります」\n\n 段差の乗り越えや縁石にタイヤをヒットさせるなどしてサイドの内側にあるカーカスを破損してしまうと、一部が盛り上がったように変形してしまうこともあります。このコブのような症状を「ピンチカット」と呼びます。\n\n「サイドウォールにできたピンチカットは、たいてい内部のカーカスが断裂してしまった状態です。\n\n そのまま走行を続けるとバーストする危険性が高いので、見つけたらすぐにタイヤを交換してください」\n\n ピンチカットだけでなく、サイドウォールはその構造上、接触などがなくても経年劣化だけでもヒビや亀裂が入りやすい部分。古いタイヤを履いている場合、チェックしてヒビがないか確認してみてください。\n\n では、どうすればタイヤを傷めずに段差を乗り越えることができるのでしょうか。\n\n「状況にもよりますが、段差は避けるのが一番。どうしても段差を乗り越える必要がある場合は、側面からアプローチするのではなく、できる限りトレッド面から段差に乗るようにします。\n\n また速度を極低速まで落として乗り越えるなど、衝撃を最小限に抑える工夫することで、タイヤを長持ちさせることができると思います」（タイヤ専門店スタッフS氏）\n\n※ ※ ※\n\n 縁石ヒットはタイヤのサイドウォールだけでなく、ホイールを傷つけたり、割れを招くだけでなく、タイヤの向きや角度といったアライメントを狂わせ、衝撃が強ければ変形してしまうこともあります。\n\n この変形がサスペンションやボディにも悪影響を及ぼしてしまうこともあるので、縁石へ接触しないように十分注意しましょう。\nくるまのニュースライター 金田ケイスケ,['https://newsatcl-pctr.c.yimg.jp/t/amd-img/20241026-00834764-kurumans-000-1-view.jpg?pri=l&w=640&h=426&exp=10800'],"['https://kuruma-news.jp/photo/834764', 'https://news.yahoo.co.jp/articles/626e413975973ad0386cbad577c532343f02fbd0/images/000']"
「もう…セダンはオワコンなの？」 街中で見る機会は減った…なぜ？ 「スカイライン」は次期型登場か 今後「生き残るために重要」なコトとは（くるまのニュース）,https://news.yahoo.co.jp/articles/b8b5484759f03239064a9e262252fcd385504195,https://newsatcl-pctr.c.yimg.jp/t/amd-img/20241026-00833624-kurumans-000-4-view.jpg?exp=10800,2024-10-26T14:10:00+09:00,2024-10-27T01:51:33+09:00,くるまのニュース,kurumans,くるまのニュース,2485,\nクロスオーバーSUVの世界的な人気の一方でセダンはかなり厳しいビジネスを強いられています。\n【画像】超カッコいい！ これが「次期スカイライン」です（45枚）（30枚以上）\nかつては「乗用車の基本」と呼ばれ、各メーカーには大中小と数多くのモデルが用意されていましたが、現在の状況はどうなっているのでしょうか。\n「セダンはオワコンなのか」 そんな中日産は「スカイラインを諦めない？」\n現在の日本車はこのような状況です。\n\n トヨタはセンチュリー、クラウン、カローラ（アクシオ含む）、MIRAIなどがありますが、MIRAI以外は他のボディラインアップを持っており、セダンは法人ユースが主の印象です。\n\n レクサスはLS／ES／ISと一見頑張っているように見えますが、LSは全く売れず生産終了の噂が流れている状況、ISは2020年に大幅改良されたものの古さは隠せません。\n\n 日産はスカイラインのみ。現行モデルは2019年に大幅改良され、ハンズフリー可能なプロパイロット2.0を搭載しましたが、現在はそのグレードは生産終了。\n\n 日産自身は「スカイラインを諦めていません」と公言するも、その後日産としての正式なアナウンスはありません。\n\n しかしながら海外では、インフィニティ「Q50（日本名：スカイライン）」に関して、現行型は2024年モデルで終了することが明かされています。\n\n それに対してインフィニティは「Q50は24年モデル以降、アメリカ、およびカナダでは販売されません。Q50のスピリットは、2023年10月にデビューしたセダン『ヴィジョンQeコンセプト』が予告する未来のスポーツセダンEVにも確実に受け継がれていきます」とコメントするなど、グローバルでは今後、次期型が登場することが示唆されました。\n\n ホンダはアコードのみです。走りの実力は相当高いレベルにあるものの、地味な見た目なのは否めません。\n\n なおシビックは海外向けにはセダンが用意されていますが、日本向けはハッチバックのみです。\n\n スバルはWRX S4のみです。ちなみにレガシィは6代目、インプレッサも5代目までセダンが用意されていましたが、現行モデルは共に用意されていません。\n\n マツダはマツダ3セダンのみです。登場時は多彩なモデルバリエーションを持っていましたが、現在はパワートレイン／グレード共にファストバックよりも集約されています。\n\n 参考までにフラッグシップのマツダ6のセダンは2024年4月に生産終了、後継モデルは存在しません。\n\n そして、三菱、スズキ、ダイハツは何とゼロ。\nトヨタ「クラウン」は従来のセダン1本からボディラインナップを拡充した\nなぜ、セダンはここまで減ってしまったのでしょうか。\n\n それは単純明快で他の車型のモデルのほうが魅力を持っているからです。\n\n 利便性の面で言えば、セダンは居住性／ラゲッジ性能の高さ、高いアイポイントよる運転のしやすさなどは、クロスオーバーSUVやミニバンには到底叶いません。\n\n 走りの面ではかつては低全高／低重心、そして剛性面でも有利なセダンに強みがありましたが、現在は技術／制御の進化によりクロスオーバーSUVやミニバンでも常用域ならば、そのネガを感じさせない走りが実現できています。\nいま「あえてセダンを選ぶ理由があるか？」 唯一残ると思える要素とは\nそんな中、「あえてセダンを選ぶ理由があるか？」と問われると、悩ましいのも事実です。\n\n では、このままセダンは本当にオワコンになってしまうのでしょうか。\n\n 筆者（山本シンヤ）は“普通”のセダンは淘汰される可能性が高いと思っていますが、“普通ではない”セダン、つまり「スポーツセダン」のようなモデルは残ると信じています。\n\n その根拠は「基本素性」の高さです。\n\n 確かに最新のクロスオーバーSUVやミニバンはロールを上手にコントロールして常用域では十分な走りを見せますが、そこから先の領域となると、話が変わってきます。\n\n と言っても、最近では高性能なパワートレイン搭載のクロスオーバーSUVが各社から次々と登場、そのパフォーマンスには正直驚かされます。\n\n 恐らくサーキット“も”走れると思いますが、サーキット“が”走れるかどうかと言われると、どうでしょう。\n\n 残念ながら、その領域になると「物理の法則」に逆らう事はできず、基本素性の優れるセダンの強みが出てきます。\n\n 要するにスポーツセダンの魅力はスポーツカーの「性能」とセダンの「実用性」を高い次元で両立でしょう。\n\n 居住性はクロスオーバーSUVやミニバンと比べれば劣るものの、リアルなスポーツカーと比べると十分以上の広さで、逆に実用性は高いと言えます。\n\n 複数のクルマを所有できれば、用途に合わせて特化したモデルを選べばOKですが、現実ではそれができる人は限られています。\n\n それを踏まえると「一粒で二度おいしい」マルチな性能を持ったモデルが必要であり、その選択肢の1つがスポーツセダンなのです。\n「一粒で二度おいしい」マルチな性能を持ったモデルのひとつがスバル「WRX S4」\nちなみに上記の日本車セダンの中だと、レクサスIS500、日産スカイライン400R、スバルWRX S4がそれにあたります。\n\n ただ、スポーツセダンはベースとなるセダンが無いと成り立ちません。\n\n つまり魅力あるセダンの登場こそが、未来のスポーツセダンの重要なカギだと思っています。\n\n ちなみに海外に目を向けると、ジャーマン3をはじめとする主要自動車メーカーは、このご時世でもセダンをシッカリとラインアップ、当然それをベースにしたスポーツセダンが用意されています。\n\n なぜ、海外メーカーはできて日本のメーカーはできないのか。その辺りも考えていく必要がありそうです。\n山本シンヤ,"['https://newsatcl-pctr.c.yimg.jp/t/amd-img/20241026-00833624-kurumans-000-4-view.jpg?pri=l&w=640&h=426&exp=10800', 'https://newsatcl-pctr.c.yimg.jp/t/amd-img/20241026-00833624-kurumans-001-4-view.jpg?pri=l&w=640&h=426&exp=10800', 'https://newsatcl-pctr.c.yimg.jp/t/amd-img/20241026-00833624-kurumans-002-4-view.jpg?pri=l&w=640&h=426&exp=10800']","['https://kuruma-news.jp/photo/833624', 'https://news.yahoo.co.jp/articles/b8b5484759f03239064a9e262252fcd385504195/images/000', 'https://news.yahoo.co.jp/articles/b8b5484759f03239064a9e262252fcd385504195/images/001', 'https://news.yahoo.co.jp/articles/b8b5484759f03239064a9e262252fcd385504195/images/002']"
クルマのガラスに「ギラギラ加工」は車検OK？ 街中で見る「オーロラフィルム」とは？ 種類多いカーフィルムのメリット・デメリットは？（くるまのニュース）,https://news.yahoo.co.jp/articles/532a279b5fcf20e7effb49e805b2a9e90ddd758a,https://newsatcl-pctr.c.yimg.jp/t/amd-img/20241026-00832590-kurumans-000-3-view.jpg?exp=10800,2024-10-26T09:10:00+09:00,2024-10-26T11:51:39+09:00,くるまのニュース,kurumans,くるまのニュース,1907,\nカーフィルムを施工する際の条件とは？\nユーザーの中には、クルマの窓ガラスにカーフィルムを施工している人がいます。\n\n では、このカーフィルムには一体どのようなメリット・デメリットがあるのでしょうか。\n【画像】「えぇぇぇぇ！」 これが「ギラギラするフィルム」です！（12枚）\n街中で見かけるギラギラとしたウインドウ、「オーロラフィルム」というものだけど、どのようなメリットがあるの？（画像提供：株式会社ウエラ名古屋）\n一口にカーフィルムと言ってもその種類はさまざまで、黒色の「スモークフィルム」や、色の付いていない「透明フィルム」。\n\n 見る角度によって色味がオーロラのように変化する「オーロラフィルム」などの製品がよく知られています。\n\n このようなカーフィルムを窓ガラスに施工するメリットとして、紫外線や赤外線をカットできるという点が挙げられます。\n\n 製品によっては紫外線を100％カットしたり、赤外線の波長を広く遮断したりするものもあり、日焼け防止や日差しのジリジリ感を軽減することができます。\n\n またスモークフィルムは紫外線カットや遮熱効果に加え、車内を外から見えにくくすることによりプライバシーの保護も期待できます。\n\n そしてオーロラフィルムについても同様に紫外線カット・遮熱効果があるほか、そのキラキラした見た目から多くのユーザーがクルマのドレスアップとして利用しています。\n\n SNS上においては、実際にカーフィルムを施工しているユーザーから「赤外線カット率の高いものを選べば、ジリジリ感を大幅に低減できてオススメ」「暑い日でもクルマのエアコンがすぐ効くようになった」などの声が寄せられています。\n\n その一方で、カーフィルムの施工には一定の制限もあります。\n\n 実は法令によりクルマの前面ガラスと運転席・助手席ガラスの3面は、窓ガラスの可視光線透過率（光を通す割合）を70％以上にすることが義務付けられており、カーフィルムを施工することによって可視光線透過率が70％未満になってしまう場合は施工ができません。\n\n さらに色の付いたカーフィルム（着色フィルム）を施工していると、可視光線透過率の条件を満たしていても車検時にディーラーから入庫を拒否されてしまうケースがあります。\n\n 一部のディーラーでは前面ガラスと運転席・助手席ガラスの3面に着色フィルムを施工した車両について、「経年劣化などによって当初の性能を維持できないことが想定される」、「保安基準に適合していることを前提とした車両としての入庫受付ができない」として入庫を断ることを表明しています。\n\n クルマの窓ガラスにカーフィルムを施工する際は、上記の点に留意しておく必要があるといえるでしょう。\n\n なお、愛知県日進市でカーフィルムの施工やカーコーティングなどを手がける株式会社ウエラ名古屋の担当者は、カーフィルムの施工状況について次のように話しています。\n\n「弊社におけるカーフィルムの施工割合は、後部ガラスに取り付けるスモークフィルムが6割、透明フィルムが3割、オーロラフィルムが1割程度という状況です。\n\n 透明フィルムは国産車の紫外線カット機能をより強化する場合や、紫外線カット機能の付いていない輸入車などに施工することがあります。\n\n またヴィンテージカーのユーザーが、クルマの雰囲気を変えずに窓ガラスの遮熱効果を高めたり内装を保護したりする際に透明フィルムを全面施工する事例もあります。\n\n 加えて、オーロラフィルムは窓ガラスに色味を入れたい、ドレスアップをしたいという方が多く利用しています」\n\n また担当者は、着色フィルムを施工したクルマがディーラーに入庫を拒否される件に関して次のように話しています。\n\n「入庫拒否の影響により、弊社に着色フィルムを剥がして欲しいという依頼が以前から続いています。\n\n ただしディーラーに入庫を拒否された場合であっても、車検を請け負ってくれる民間の整備工場があるほか、ユーザー自身が陸運局にクルマを持ち込んで検査を受けるユーザー車検をおこなうことは可能です」\n\n※ ※ ※\n\n クルマの窓に取り付けるカーフィルムは紫外線や赤外線カットなどさまざまな効果がある一方、着色フィルムが施工された車両はディーラーへの入庫を拒否されるケースがあります。\n\n そのため、カーフィルムの施工に際しては事前に施工業者や担当の自動車整備業者などに相談した上で検討することが大切です。\n元警察官はる,['https://newsatcl-pctr.c.yimg.jp/t/amd-img/20241026-00832590-kurumans-000-3-view.jpg?pri=l&w=640&h=426&exp=10800'],"['https://kuruma-news.jp/photo/832590', 'https://news.yahoo.co.jp/articles/532a279b5fcf20e7effb49e805b2a9e90ddd758a/images/000']"
スズキ本格「軽スポーツクーペ」が凄い！ まさかの「ガルウィング×ミッドシップ」採用モデル!? パワフルな「ターボエンジン」搭載した、まさにな「軽スーパーカー」とは（くるまのニュース）,https://news.yahoo.co.jp/articles/787e145e364c1633a770bbbfc1a3ad61edc244ff,https://newsatcl-pctr.c.yimg.jp/t/amd-img/20241026-00832800-kurumans-000-6-view.jpg?exp=10800,2024-10-26T10:10:00+09:00,2024-10-26T20:11:36+09:00,くるまのニュース,kurumans,くるまのニュース,1949,\nスズキで買えるガルウイング「軽スポーツカー」\nスズキは、かつてガルウイング式ドアを装備した「軽スポーツクーペ」を販売していました。\n \n クルマ好きでも知らない人が少なくない同車について、概要を紹介します。\n【画像】「カッコいい！」これがスズキの「ミッドシップ軽スポーツ」です！（47枚）\nスズキで買えるガルウイング「軽スポーツカー」！\nそのクルマとは、スズキが1993年から1995年まで販売していた「CARA（キャラ）」というモデルです。\n\n 同車は軽自動車でありながらミッドシップレイアウトを採用する、本格的なスポーツカーでした。\n\n また、先述のようにスポーツカーらしさを強調したガルウイング式ドアを備えるだけでなく、ハンドルのロックトゥロック（ハンドルを左右どちらかに目いっぱい切ったあと、反対側に目いっぱい切るときに何回転必要かという数値）は2.2回と、機敏な操作性を発揮。\n\n さらに720kgという軽量なボディも相まって、「究極のハンドリングマシーン」という触れ込みでした。\n\n ちなみに一般的なクルマのロックトゥロックは3回程度なので、2.2回というとかなり少ないことが分かります。\n\n しかし足回りの設計上、コーナーを曲がる際にスピンや横転が起こりやすく、さらにリア部分に重さが集中していたためフロントタイヤの接地面積が足りないなど、直進安定性が低いという課題も抱えていました。\n\n くわえて価格が151万3000円からと、当時の軽自動車にしては高く、発売時期がバブル崩壊の最中であったこと、またトランスミッションにATが用意されていないなど様々な理由から、キャラの販売台数は低迷。約3年で販売終了となりました。\n\n そんなキャラですが、その中身はマツダが製造・販売していた「AZ-1」とほぼまったく同じクルマで、マツダから供給されてスズキブランドで発売したOEM車です。\n\n キャラとAZ-1の違いは、エンブレムがマツダからスズキになっていることや、屋根部分の“AZ-1”のロゴを“SUZUKI”に変更していること。\n\n また、リア部分のロゴも“AZ-1”から“CARA”に変更されているほか、フロントバンパーにビルトインされたフォグランプが標準化されていることが挙げられます。\n\n キャラのボディサイズは、全長3295mm×全幅1395mm×全高1150mm、ホイールベースは2235mm。\n\n 極めて低いエクステリアに、先述のガルウイングドアが特徴として備わった、非常にスポーツカーらしいデザインです。\n\n なにより日本車で乗降ドアにガルウイングドアを採用したのは、このキャラとAZ-1が初めてでした。\n\n そのほかボディはスケルトンモノコックという特殊なフレームを採用しており、理論上は上部のボディを外した状態でも走行できるという、珍しい構造のクルマでもありました（ただしその状態では公道走行は不可）。\n\n インテリアは、ルーフ部分のガラスに光の透過率を30%に抑えたセラミック処理を施すことにより、車内の快適性をアップ。\n\n メーターパネルの中心に、スピードメーターではなくタコメーターを配置したデザインも、同車のレーシーな特徴です。\n\n またインテリア上でのAZ-1との違いとして、フォグランプ用のスイッチが搭載されています。\n\n シートは本格的なバケットシートを採用。背もたれの左右の“ヘリ”を高くすることでドライバーの体を包み込み、ハードなコーナリングでも体が左右に揺すられない構造で、究極のハンドリングマシーンにふさわしいシートです。\n\n 面白いのはパワーユニットで、最高出力64馬力・最大トルク85Nmを発揮する、657ccの直列3気筒DOHCターボエンジンをミッドシップに搭載していましたが、OEMモデルながらエンジンだけはスズキ製のものが採用されていたのです。これはAZ-1も同様でした。\n\n トランスミッションは5速MTのみを用意し、後輪を駆動します。\n\n ボディカラーは、「クラシックレッド」と「サイベリアブルー」の2色を展開していました。\n\n※ ※ ※\n\n マツダの技術力を借り、スズキの軽スポーツクーペとして登場したキャラ。\n\n 発売した時代が向かい風となってしまったため販売台数が伸びず、また現代の基準で考えれば安全性に難点があったとも言えますが、その稀少価値から中古車市場では新車価格以上のプライスが付けられている例も珍しくありません。\n\n 30年経った現在では、マニアックな需要を抱えた貴重なクルマとなっています。\nパワーボム,['https://newsatcl-pctr.c.yimg.jp/t/amd-img/20241026-00832800-kurumans-000-6-view.jpg?pri=l&w=640&h=426&exp=10800'],"['https://kuruma-news.jp/photo/832800', 'https://news.yahoo.co.jp/articles/787e145e364c1633a770bbbfc1a3ad61edc244ff/images/000']"
トヨタ「“2階建て”ハイエース!?」公開！ 超ワイドで「6人寝られる」！ オシャな「ウッド内装」もシブいセキソーボディ「TOM200 PLUS」名古屋で実車展示（くるまのニュース）,https://news.yahoo.co.jp/articles/fcde9d24becdd9d3ffb30289c3f259b838719af2,https://newsatcl-pctr.c.yimg.jp/t/amd-img/20241026-00832118-kurumans-000-3-view.jpg?exp=10800,2024-10-26T08:10:00+09:00,2024-10-26T10:31:39+09:00,くるまのニュース,kurumans,くるまのニュース,1473,\n「ハイエース」をカスタムした豪勢なキャンピングカーに注目！\n2024年9月28日から29日に「ポートメッセなごや」（名古屋市港区）で開催された「名古屋キャンピングカーフェア 2024」では、さまざまなビルダーによる多くのキャンピングカーが展示されていました。\n【画像】めちゃカッコいい！ トヨタ「“2階建て”ハイエース!?」を画像で見る（30枚以上）\n今回注目するのは、セキソーボディが展示していたキャンピングカー「TOM200 PLUS」です。ベースはトヨタ「ハイエース」ですが、見た目からして少し様子が異なるようです。\n前部はトヨタ「ハイエースバン 」のままだけど… ボディ後部の仕掛けとは!?\nセキソーボディは1974年に創業し、1986年に日本で初めてハイエーストラックをベースにしたキャブコンバージョンを制作したカスタムカーメーカー。本社を埼玉県に置き、キャンピングカー製造を行っています。\n\n TOM200 PLUSのベースになっているのは、トヨタの人気ワンボックスバン「ハイエース DX」の標準ボディです。\n\n ボディサイズは全長4980mm×全幅1920mm×全高2670mm。乗車定員は7人で、就寝定員は6人です。\n\n 外観に目を向けると、フロント部分こそ通常のハイエースですが、リア部分には大きなキャビンが備わる独自のキャブコンスタイルを特徴とします。\n\n 同社独自の製法「ハイドロバックパネル」によって「強い・軽い・広い」を実現化させたといいます。\n\n 会場に並ぶキャブコンタイプのキャンピングカーの多くは、キャブオーバートラックの荷台に架装をしてしますが、これらと比べると明らかに背が低く、見た目にも安定感があります。\n\n シート配置は、オリジナルの前席に加え、後部のキャビン部に2列のオリジナルシートが備わります。\n\n 走行時は前方に向けて使用し、宿泊先などで2列目を後ろ向きに転換することで、リビング空間となる仕掛けです。\n\n 内装にはシブいウッド調の収納棚や家具を採用し、オシャレな雰囲気。\n\n 座席は上質なブラウン、壁はレンガ調のデザインやクリーム色のデザインを施しており、全体に上質な仕立てとなっています。\n\n 就寝スペースは、車体後部にダブルサイズのベッドを常設するほか、運転席上に引き出し式のバックベッド、さらに後席をフラットにアレンジすることで生まれるベッドの3つがあります。\n\n 主要装備としては、トヨタ純正のリアクーラー・リアヒーター、12リットルの排水・給水タンク、カセットコンロや冷蔵庫、リチウムイオンのサブバッテリーなどを備えています。\n\n またベース車の先進安全機能「トヨタセーフティセンス」もそのまま備わります。\n\n 展示車のパワートレインは、最大136馬力を発揮する2リッターガソリンエンジンと6速ATを組み合わせ、駆動方式は2WDです。\n\n このほか2.8リッターディーゼルターボエンジン車（2WD／4WD）の選択も可能です。\n\n TOM200 PLUSの車両本体価格（消費税込み）は813万5000円から。オプション付きの展示車は1003万1600円と表示されていました。\n\n※ ※ ※\n\n 独自の内外装デザインに加え、トヨタの先進安全機能も備えたTOM200 PLUS。\n\n 会場スタッフの「ナチュラルな形状とデザインが魅力」という言葉通り、多くの来場者が興味を持っているようでした。\n鈴木伊玖馬,['https://newsatcl-pctr.c.yimg.jp/t/amd-img/20241026-00832118-kurumans-000-3-view.jpg?pri=l&w=640&h=426&exp=10800'],"['https://kuruma-news.jp/photo/832118', 'https://news.yahoo.co.jp/articles/fcde9d24becdd9d3ffb30289c3f259b838719af2/images/000']"
トヨタ「新型ハイラックス」はいつ登場？ 10年ぶり全面刷新の可能性は？ 鍵は「電動化」か ライバル勢にどう対抗？（くるまのニュース）,https://news.yahoo.co.jp/articles/64675c46e31fb632e3e3e59dc4ae719d9629aa72,https://newsatcl-pctr.c.yimg.jp/t/amd-img/20241026-00831264-kurumans-000-2-view.jpg?exp=10800,2024-10-26T11:10:00+09:00,2024-10-26T12:51:48+09:00,くるまのニュース,kurumans,くるまのニュース,2935,\n果たして次期型ハイラックスは出るのか？ もしくは現行型を大幅改良？\n2017年に日本に導入され（タイでは2015年にデビュー）、久しぶりにピックアップトラックの市場を活性化させた、トヨタ「8代目ハイラックス」。\n【画像】超カッコイイ！ これがトヨタ「新ハイラックス」です（79枚）\n巷では9代目となる次期型も噂されていますが、どのような姿で登場するのでしょうか。\n果たして次期型ハイラックスは出るのか？ もしくは現行型を大幅改良？\nラゲッジスペースがオープンエアになっていることから、日本ではプロユース以外では需要が低かった同カテゴリーですが、キャンプブームなどが追い風となって従来とは違うユーザー層を獲得し、歴代モデルの中ではトップの販売台数を記録しています。\n\n これまで、日本の市場を独占してきたハイラックスですが、2023年12月に三菱「トライントン」という強力なライバルが登場したことで、最近ではその影が若干薄くなっていました。\n\n またタイでもいすゞ「D-MAX」が好調な販売を見せており、ハイラックスとしても手を打ちたい状況です。\n\n そうした中で最近になって、ハイラックスが大幅なテコ入れを図るという情報が巷で流れ始めています。\n\n 日本市場においてハイラックスは、2019年6月に安全装備を充実化させたのを筆頭に、2020年8月には現在のフロントマスクの意匠に変更するマイナーチェンジを実施。\n\n その後も特別仕様車の発売や、一部の仕様変更を行うことで、商品力の強化を図ってきました。\n\n 2020年のマイナーチェンジではリアサスペンションを変更して乗り心地を改善しましたが、その後もユーザーからは「脚が硬い」という不満が上がっていたようです。\n\n 加えて、三菱「トライトン」という新時代を象徴するピックアップトラックが登場したことにより、日本やアジア市場などで再びテコ入れを余儀なくされています。2025年早々には、後退時車両直後確認装置の義務化に対応するための仕様変更が行われるようですが、あくまでもマイナーチェンジであり、ユーザーのイメージを変えるほどではないようです。\n\n 一方で、ハイラックスのモデルサイクルを考えると、フルモデルチェンジも近いと見られています。\n\n 新型は間違いなく、現行型とは違うイメージにすることは自明の理。特にフロントマスクは、日本でも人気の高い北米専用モデル「タコマ」に近い意匠になるのではないかと海外でも言われており、立体的かつ現代的なデザインになることが予想されます。\n\n パワーユニットは、現在搭載されている2.4Lディーゼルターボエンジンから、150系「ランドクルーザープラド」に使われていた2.8L直噴ディーゼルターボに変更し、トライトンに対して動力性能においてもアドバンテージを持ちたいようです。\n\n また欧州では、現行型に2.8リッターディーゼルターボエンジンとモーターを組み合わせたマイルドハイブリッド仕様が用意されています。さらに、すでにタイなどで現行型に試験されている燃料電池車（FCEV）や電気自動車（BEV）、そしてHVの採用もあるかもしれません。これらは、トヨタが世界で進めているカーボンニュートラル戦略には不可欠と言えそうです。\n\n 4WDシステムもそろそろ進化を必要としており、伝統的なパートタイム4WDをそのまま踏襲するとしても、ランドクルーザーに使われているようなマルチテレインセレクトのような電子デバイスの採用が予想されます。\n\n なぜならトライトンは、フルタイム4WDモードを有した「スーパーセレクト4WD-II」や7つモードを設定できるテレインコントロールを持っているからです。\nすでにディーゼルハイブリッドは現行型に導入ずみ！ では電気自動車・燃料電池車などは現行型？ 次期型？\nそうした中で巷では次期型ハイラックスの噂も出始めています。\n\n まず外見では、フロントマスク、およびリアテールランプのデザインを一新。\n\n フロントマスクは、日本でも人気の高い北米専用モデル「タコマ」に近い意匠になると言われおり、より立体的かつ現代的なものになることが予想されます。\n\n パワーユニットは、現在搭載されている2.4Lディーゼルターボエンジンから、150系「ランドクルーザープラド」に使われていた2.8L直噴ディーゼルターボに変更されるとも言われてます。\n\n さらに、前述の電動パワートレインもそれぞれの市場動向に合わせて投入される可能性は高いと言えます。\n\n 4WDシステムもそろそろ進化を必要としており、伝統的なパートタイム4WDをそのまま踏襲するとしても、ランドクルーザーに使われているようなマルチテレインセレクトのような電子デバイスの採用が予想されます。\n\n すでにトライトンは、フルタイム4WDモードを有した「スーパーセレクト4WD-II」や7つモードを設定できるテレインコントロールを持っているからです。\n日本には「ハイラックスワイド」が追加される？\nハイラックスのリニューアルについての情報で注目すべきなのが、この変更で「ハイラックスワイド」が追加されるのではないかということ。\n\n 乗り心地について何かと言われている現行型ですが、現状のサスペンションレイアウトでは改善にも限りがあります。\n\n そこで、思い切ってワイドトレッド化をすることでフロントサスを中心にジオメトリーを変更。\n\n コイルとダンパーの容量アップ、アーム類などの延長により乗り心地やハンドリングを進化させ、同時にリアサスもテコ入れすることで、従来モデルよりも快適性を向上せるという狙いがあるようです。\nBEV仕様にヒントあり？\nちなみに前述のBEV仕様は、リアサスにド・ディオン式を採用。ド・ディオン式はリジッドアクスル式と独立懸架式のメリットを両立させた形式で、ハイラックスの乗り心地改善の大きな一手となるかもしれません。\n\n ハイラックスのワイド化は6代目モデル（1997～2004年）でも行われていることから、あながち驚くようなことではありません。\n\n むしろワイドフェンダーが付いたモデルは日本で人気が高まる可能性が高く、再びトライントンを上回るシェアを獲得する可能性も。よくサイズの大型化が日本市場で影響すると言われますが、実際のハイラックスユーザーを見ていると、あまり関係ないという見方もできます。\n\n※ ※ ※\n\n 今回の変更がどの規模で行われるか分かりませんが、2025年はデビューから10年目。本来であれば、9代目にフルモデルチェンジしてもいい時期とも言えます。\n\n 2025年1月にマイチェンを控えているという情報から考えれば、新型のローンチは2026年以降になるかもしれません。現在はトライトンがやや優勢な状況ですが、ハイラックスは人気の高いモデル。大幅なテコ入れが実施されれば、再びヒット車になるのは必至なのではないでしょうか。\n友季遙,"['https://newsatcl-pctr.c.yimg.jp/t/amd-img/20241026-00831264-kurumans-000-2-view.jpg?pri=l&w=640&h=426&exp=10800', 'https://newsatcl-pctr.c.yimg.jp/t/amd-img/20241026-00831264-kurumans-001-2-view.jpg?pri=l&w=640&h=426&exp=10800', 'https://newsatcl-pctr.c.yimg.jp/t/amd-img/20241026-00831264-kurumans-002-2-view.jpg?pri=l&w=640&h=426&exp=10800']","['https://kuruma-news.jp/photo/831264', 'https://news.yahoo.co.jp/articles/64675c46e31fb632e3e3e59dc4ae719d9629aa72/images/000', 'https://news.yahoo.co.jp/articles/64675c46e31fb632e3e3e59dc4ae719d9629aa72/images/001', 'https://news.yahoo.co.jp/articles/64675c46e31fb632e3e3e59dc4ae719d9629aa72/images/002']"
レクサス斬新「小さな高級車」がスゴイ！ “全長4.2m”ボディ＆「300馬力超え」モデルも！ 選べる豪華内装もステキな「LBX」とは？（くるまのニュース）,https://news.yahoo.co.jp/articles/0d992b1a8324c9ea7c0e7c064b86740aeb3cf555,https://newsatcl-pctr.c.yimg.jp/t/amd-img/20241026-00833264-kurumans-000-2-view.jpg?exp=10800,2024-10-26T07:40:00+09:00,2024-10-26T09:11:37+09:00,くるまのニュース,kurumans,くるまのニュース,2176,\nコンセプトは、「プレミアムカジュアル」\nレクサス「LBX」は、2023年6月にイタリア・ミラノで世界公開され、同年11月に日本で販売が開始されました。\n \n「これまでの高級車の概念を変える、コンパクトサイズながらも走りやデザインも上質であるサイズのヒエラルキーを超えたクルマをつくりたい」と同社のブランドホルダーである豊田章男氏の想いをもとに開発されました。\n【画像】超カッコイイ！ これが「小さな高級車」です！ 画像で見る（30枚以上）\nレクサス「LBX リラックス」\n車名は、「Lexus Breakthrough X（Cross）-over」を意味しており、これまでの高級車の概念を変え、「本物を知る人が、素の自分に戻り気負いなく乗れるクルマ」を目指したとしています。\n\n そんなLBXは、どのような特徴があるでしょうか。\n\n ボディサイズは、全長4190mm×全幅1825mm×全高1545mm、ホイールベースは2580mm。\n\n エクステリアは、レクサス最小のクロスオーバーでありながらダイナミックなプロポーションに仕上がっており、“鏡餅”からインスパイアされた膨らみとくびれが織りなす流線形デザインを用いています。\n\n レクサスの新たな「ユニファイドスピンドル」が採用し、空力・操作安定性などの向上を実現。スピンドルは上下に圧縮され、フードとバンパー間のスリットが左右ヘッドランプとつながることで毅然とした表情に仕上がっています。\n\n ボディカラーは、陰影感を追求した「ソニッククロム」や「ソニックカッパー」など、プレミアムな質感と鮮やかな有彩色でコンパクトSUVらしいカジュアルさをあわせ持った全9色のラインナップを設定します。\n\n さらにルーフ部をブラックとしたバイトーン（2トーン）カラーも用意。ブラックキャビンとベース色とのコントラストで、車体下部の塊感を強調することで、モダンさとスポーティさが表現されています。\n\n インテリアは、運転操作に集中できるレクサス独自の「Tazuna Concept」を室内に採用しており、スペースを有効活用した空間設計を実現。\n\n 12.3インチ大型フル液晶メーターや9.8インチセンターディスプレイオーディオ、カラーヘッドアップディスプレイ（一部メーカーオプション）を装備したシンプルかつ先進的なコクピットになっています。\n\n またラゲージルームは凹凸を減らす事でコンパクトなボディでありながら、2WDモデルでは330リッター＋2リッター（デッキ下収納容量分、以下同）、AWDモデルでは、253リッター＋2リッターを確保しています。\n\n パワートレインは、1.5リッター直列3気筒エンジンにフロントモーターを組み合わせる2WDモデルと、1.5リッター直列3気筒エンジンに加え、モーターを前後に搭載するAWDモデル（E-four）の2種類です。\n\n 燃費は、2WDモデルで27.7km／L、AWD（E-Four）モデルで26.2km／Lとなっています。（WLTCモード）\n\n 先進機能面では、最新の予防安全パッケージ「Lexus Safety System＋」と先進の駐車支援パッケージ「Lexus Teammate」を搭載し、快適性と安全性を高めています。\n\n LBXは、ユーザーの多様なライフスタイルに合わせ、「Cool（クール）」「Relax（リラックス）」にくわえ、オーダーメイドシステム「Bespoke Build（ビスポーク・ビルド）」の3つの世界観からグレードを選択できます。\n\n クールは、セミアニリン本革×ウルトラスエード素材を用いたコンビシートと、スエード調素材を採用したドアトリムやコンソールなどを備えています。内装色はブラック＆ダークグレーの落ち着いたカラーを基調としますが、シート中央やサイドにタンカラーのステッチをあしらうなど、名称の通りクールでスタイリッシュな仕立てです。\n\n 一方でRelaxは、セミアニリンのフルレザーシートを装備し、アームレストやセンターコンソールなどにもレザー素材を採用。インテリアはサドルタンとブラックの2色が用意され、シックな装いです。\n\n そしてBespoke Build（ビスポーク・ビルド）では、内装のシート表皮からシートベルト、ステッチの色変え、配色の変更、トリム加飾の拡大など、専用アイテムを含め約33万通りのオリジナルコーディネートが可能となっています。\n\n さらに2024年7月にはハイパフォーマンスモデルとして「LBX MORIZO RR」を追加。\n\n トヨタ「GRヤリス」と同一の最高出力304馬力・最大トルク400Nmを発揮する1.6リッター直列3気筒インタークーラーターボエンジン「G16E-GTS」型を搭載するほか、専用のエアロパーツや足回り、特別なインテリアの意匠が施され、よりアグレッシブなデザインとパフォーマンスが特徴です。\n\n 通常のLBXからさらに走行性能とラグジュアリー性を昇華させた特別な1台となっています。\n\n なお、LBXの車両価格（消費税込）は460万円から650万円です。\nくるまのニュース編集部,['https://newsatcl-pctr.c.yimg.jp/t/amd-img/20241026-00833264-kurumans-000-2-view.jpg?pri=l&w=640&h=400&exp=10800'],"['https://kuruma-news.jp/photo/833264', 'https://news.yahoo.co.jp/articles/0d992b1a8324c9ea7c0e7c064b86740aeb3cf555/images/000']"
小田原～熱海～沼津に高速整備へ!? 「伊豆湘南道路」計画に反響多数「楽しみ」「熱海遠いよね」ついに概略ルート決定間近 「大渋滞区間」にようやく変化？（くるまのニュース）,https://news.yahoo.co.jp/articles/0e606974cd20efd9e439f83e88d97395a8949881,https://newsatcl-pctr.c.yimg.jp/t/amd-img/20241026-00834871-kurumans-000-4-view.jpg?exp=10800,2024-10-26T07:10:00+09:00,2024-10-26T18:11:48+09:00,くるまのニュース,kurumans,くるまのニュース,1132,\n神奈川～静岡の新ルートに反響\n神奈川・静岡県境で計画されている新たな高規格道路「伊豆湘南道路」が話題になっています。\n \n いったいどのようなルートで、どのような声が上がっているのでしょうか。\n【画像】超便利!? これが「伊豆湘南道路」の計画ルートです（18枚）\n伊豆方面へ新ルートが!?（画像：写真AC）\n伊豆湘南道路は、小田原～熱海～三島をつなぐ構想となっています。\n\n 小田原から熱海までの海岸線は国道135号が通っていますが、「真鶴道路」「熱海ビーチライン」などをのぞき、狭い2車線道路。観光シーズンは大渋滞が課題になり、高潮や津波のリスクにも晒されています。\n\n 熱海から三島・沼津方面も峠道を越える必要があり、どこに行っても高速道路が遠いことが、バス移動をはじめとする観光面でデメリットとなっています。\n\n そもそも関東～中部の海側ネットワークは、東名・新東名が一手に担っている状況。広域迂回路を確保する役割も、この伊豆湘南道路へ求められています。\n\n 完成すれば、東名・圏央道方面から小田原厚木道路を経て、さらに熱海方面まで、信号ゼロでワープすることが可能になります。現状に比べ、熱海・伊東方面への距離感が大幅に短縮されることが期待されます。\n\n 気になる進捗ですが、概略ルートを決定する「計画段階評価」の真っ最中。2021年9月の1回目の地域アンケートを経て、ルート案を3つ程度に絞る検討が行われています。きたる2回目の地域アンケートを経て、いよいよ最終ルート案が決まることとなります。\n\n 概略ルートが決まれば、あとは都市計画決定と環境アセスメントの手続きが完了すれば、事業化を待つだけとなります。\n\n ※ ※ ※\n\n 熱海直結の高速道路「伊豆湘南道路」計画に対し、ネット上では「小田原～熱海って微妙に距離あるのよね」「箱根新道もその先の1号線もカーブだらけなんだよな」「箱根峠でスリップして以来怖くて行けてない」「伊豆観光客が海側に流れてくれれば、東名の交通がだいぶ減ることに期待」「いつも起きる渋滞考えたら東京から伊豆は車で行こうと思わない。鉄道一択。この道路ができたら、車で行きやすくなるので楽しみ！」と、期待する声があります。\n\n また「季節によっては平日も渋滞がひどく、もう少し早く事業化できなかったのか…と残念です」「すごく欲しいけど、完成する頃に自分は生きてるかな」という声もありました。\n\n いっぽう「ここに道路ができたら、電車も本数が減るんだろうな。すでに小田原～熱海はかなり減ってるし」など、並行するJR東海道線の行方を心配する声もありました。\nくるまのニュース編集部,['https://newsatcl-pctr.c.yimg.jp/t/amd-img/20241026-00834871-kurumans-000-4-view.jpg?pri=l&w=640&h=426&exp=10800'],"['https://kuruma-news.jp/photo/834871', 'https://news.yahoo.co.jp/articles/0e606974cd20efd9e439f83e88d97395a8949881/images/000']"
日産の新型「“ラージ”ミニバン」登場！ 後席は“取り外せる”「7人乗り仕様」！ MTアリ＆押し出し感“控えめ”な墺国の「エヴァリア ステーションワゴン」はボディカラーもオシャレ！（くるまのニュース）,https://news.yahoo.co.jp/articles/75992e2f37af2ab7a77ea8a350bd3dbfee43d6d3,https://newsatcl-pctr.c.yimg.jp/t/amd-img/20241026-00833985-kurumans-000-3-view.jpg?exp=10800,2024-10-26T06:10:00+09:00,2024-10-26T10:51:40+09:00,くるまのニュース,kurumans,くるまのニュース,1737,\n「タウンスター エヴァリア ステーションワゴン」どんなモデル？\n日産の新型ラージミニバン「タウンスター エヴァリア ステーションワゴン」は、欧州で発表後、日本でも話題を集めています。\n【画像】超カッコイイ！ 日産「新型“ラージ”ミニバン」を画像で見る（77枚）\n日本未導入モデルではありますが、一体どういったクルマなのでしょうか。今回はボディカラーのバリエーションを中心に見ていきます。\n日産の新たな「”ラージ”ミニバン」はカラーもイケてる！\n「タウンスター」は、日産が欧州で展開するハイトワゴン・ミニバン及び商用バンのシリーズです。\n\n 世界初公開されたのは2021年9月で、通常のエンジンモデルに加えBEV（バッテリーEV：電気自動車）モデルがの2種類がラインナップ。EVモデルは日産唯一の7人乗りEV車となっています。\n\n なお、タウンスターはルノー日産三菱アライアンスによるCMF-Cプラットフォームをベースに開発された「カングー」（3代目モデル）をベースに、OEM供給されるモデルです。\n\n 当初はショートホイールベース（SWB）版「L1」のみの設定でしたが、2023年にはロングホイールベース（LWB）版「L2」も追加されました。\n\n 2024年8月5日には、日産のオーストリア法人がタウンスター エヴァリア ステーションワゴンを発表。\n\n このタウンスター エヴァリア ステーションワゴンは、ロングボディをベースに最大7人乗りとした、乗用ミニバン仕様です。\n\n ボディサイズは全長4911mm×全幅1859mm×全高1869mm、ホイールベースは3100mm。\n\n 日本の車種でいうと、日産のラージミニバン「エルグランド」が全長4975mm×全幅1850mm×全高1815mm、ホイールベース3000mmなので、ほぼ同等のサイズ感といえます。\n\n 今回投入された“エヴァリア”は、ファミリーや広い荷室を求める個人ユーザー向けのワゴンモデルで、L2をベースに3列シート仕様と2列シート仕様を設定。\n\n シート配置はフロントシートに2人、リアシートに3人乗れる5人乗り仕様と、2・3・2の順に3列シートで7人乗れる仕様の2種類が用意されています。\n\n 広々とした室内空間で、質感高い雰囲気をまとうエヴァリアのボディカラーは計6色のラインナップ。\n\n メタリックカラーにはハイランドグレー、グレー、ブラック、鮮やかでスポーティなカーマインレッドが設定されています。\n\n 単一色で仕上げられたソリッドカラーには、シンプルで上品なミネラルホワイト、都会的でやや青みがかったアーバングレーの2色の設定です。\n\n シンプルなカラー展開となっているものの、スポーティなレッドカラーや都会でも映えるアーバングレーなど、個性の出せるカラーが揃っています。\n\n ほかにも、エヴァリアは荷室の積載性の高さもポイントで、座席の2列目および3列目は独立しており、個別のスライドや取り外しが可能。\n\n これにより、荷室空間は通常時で500リットル、最大積載量は3750リットル、奥行き3.5mと広々とした荷室スペースを作り出すことができます。\n\n パワートレインには最高出力130ps、最大トルク240Nmの1.3リッター直列4気筒「DIG-T」直噴ガソリンターボエンジンを設定。\n\n 当初は6速MT仕様のみですが、2024年秋より7速DCT（デュアルクラッチトランスミッション）仕様も追加されます。\n\n さらに今後、最高出力122ps、最大トルク245Nmの「EV エヴァリア」が追加される予定です。\n\n※ ※ ※\n\n 今回のエヴァリアの発表はあくまで欧州向けであり、日本での導入は明らかとなっていないものの、日本ユーザーからは「日本で売ってくれたら買い替えるのにな」「日本でも出してほしい」とさまざまな反響が集まるなど、注目度の高い様子がうかがえました。\n\n なお、価格は5人乗り仕様が3万8750ユーロ（約604万円）、7人乗り仕様が3万9570ユーロ（約617万円）です。\n青田 海,['https://newsatcl-pctr.c.yimg.jp/t/amd-img/20241026-00833985-kurumans-000-3-view.jpg?pri=l&w=640&h=426&exp=10800'],"['https://kuruma-news.jp/photo/833985', 'https://news.yahoo.co.jp/articles/75992e2f37af2ab7a77ea8a350bd3dbfee43d6d3/images/000']"
スズキが新型「“軽”SUV」登場！ めちゃ「“スゴイ”後席」採用！ 王者「N-BOX」に肉薄する「スペーシア」シリーズ 人気の理由とは（くるまのニュース）,https://news.yahoo.co.jp/articles/f8364bf8a3fbc17a6148a157bea157ebd3db6643,https://newsatcl-pctr.c.yimg.jp/t/amd-img/20241026-00834502-kurumans-000-7-view.jpg?exp=10800,2024-10-26T06:40:00+09:00,2024-10-26T18:11:47+09:00,くるまのニュース,kurumans,くるまのニュース,2170,\n後席が「めちゃスゴイ」！\nスズキの軽スーパーハイトワゴン「スペーシア」の人気が高まっているなか、2024年9月20日には新型「スペーシア ギア」が追加され、ラインナップを拡大したことでますます注目されています。\n \n そんなスペーシアが支持を集める理由について探りました。\n【画像】めちゃカッコいい！ スズキ「“スゴイ”後席の軽」を画像で見る（30枚以上）\nスズキの大人気シリーズに新ラインナップが追加された！\nスペーシアはスズキが販売する「軽スーパーハイトワゴン」というタイプの軽自動車で、2023年11月にフルモデルチェンジされ3代目となりました。\n\n 軽自動車の中でも近年はスーパーハイトワゴンタイプの人気が高く、スペーシア以外にもホンダの「N-BOX」やダイハツの「タント」など競合の多いジャンルです。\n\n 全国軽自動車協会連合会（全軽自協）の発表する販売台数によると、2024年年度上半期（4月から9月）にスペーシアは8万179台を販売。1位のN-BOX（10万2226台）には及びませんが、第2位に位置しています。\n\n また単月では2024年5月に1万5160台を記録し、同月のN-BOX（1万4582台）を上回り1位となった月もあり、好調な売れ行きを示していることがわかります。\n\n 3代目スペーシアが人気を集める理由のひとつが内装・インテリアの充実です。\n\n 9インチの大型ナビのほか、メーターパネルには4.2インチのカラーディスプレイが採用され、走行速度など運転中に必要な情報がわかりやすく表示されています。\n\n 助手席ではインパネ部分にスマホもフラットに置けるビッグオープントレーが設けられており、その下にはボックスティッシュも収納できるインパネボックスなど、収納が充実しています。\n\n なかでも特筆すべきは、後部座席の足元に設けられた「マルチユースフラップ」です。\n\n 休憩時のリラックスに使えるオットマンモードのほか、走行中の姿勢をサポートするレッグサポートモード、座席に置いた荷物の落下を防止する荷物ストッパーモードなど、活用方法は多様です。\n\n 他にも、後部座席までエアコンの風を送ることができる「スリムサーキュレーター」や、上位グレードで採用されている「本革巻ステアリングホイール」や「本革巻シフトノブ」など、充実した装備が搭載されています。\n\n 関西圏郊外のスズキディーラーの営業マンは、次のように説明します。\n\n「スズキでは軽自動車を多くラインナップしていますが、背が高くスライドドアのスペーシアはファミリーのお客さまから特に人気があります。\n\n N-BOXと比較されることが多く、先にホンダでN-BOXを見てきた、あるいはこれから見に行くというお客様も多くおられます。\n\n 他メーカーの競合車種と比較した上でスペーシアを購入されたお客様からは、内装が気に入ったというコメントをいただくことが多いです。\n\n 特に（上級仕様の）スペーシア カスタムは『顔がかっこいい』『内装が豪華』という声も多くいただきます」\n新型「ギア」の追加でスペーシア人気をさらに盤石にする!?\n3代目スペーシアのパワートレインは、新しい自然吸気エンジンとCVTをマイルドハイブリッドと組み合わせることで、燃費や動力性能を改善しました。\n\n 標準タイプの「HYBRID G」（2WD）でカタログ燃費25.1km／h（WLTCモード）と低燃費なのも魅力のひとつといえるでしょう。\n\n このほか、出力に余裕のあるターボエンジン仕様も用意されます。\nスズキ新型「スペーシア ギア」の後席はどう「変身」する!?\n衝突被害軽減ブレーキの進化など安全装備も充実しており、交差点での検知にも対応した最新の「デュアルセンサーブレーキサポートII」がスズキ車として初めて採用されました。\n\n また運転席のダッシュボード上の「ヘッドアップディスプレイ」にはスピードやシフト位置、警告などの情報が表示され、運転中にメーターパネルに視線を動かす回数が少なくなり、安全運転に繋がります。\n\n※ ※ ※\n\n このように全方位にわたって改良が図られたことで人気を集める3代目スペーシアですが、その人気をさらに高めることになりそうなニューモデルが、前述の新型スペーシア ギアです。\n\n 先代（2代目）のデビュー1年後に追加されたスペーシア ギアは、内外装にアクティブなイメージを加えたほか、アウトドアでの用途に対応したタフな内装としたSUVテイストのモデルですが、新型もこのテイストを継承しました。\n\n 外観は、スズキの本格四輪駆動車「ジムニー」を思わせる丸目ライトやタフな印象のグリル、そしてSUVらしいタフな加飾などが施され、専用ボディカラーの2トーン色とともにイメージを一新しています。\n\n 内装も、標準のスペーシアとは異なるアウトドアテイストのコーディネートが施されました。\n\n 新型スペーシア ギアの追加によって、10月以降の軽販売ランキングの推移がどう変化していくのか、ますます楽しみなところです。\nくるまのニュースライター 市川ミナミ,"['https://newsatcl-pctr.c.yimg.jp/t/amd-img/20241026-00834502-kurumans-000-7-view.jpg?pri=l&w=640&h=426&exp=10800', 'https://newsatcl-pctr.c.yimg.jp/t/amd-img/20241026-00834502-kurumans-001-7-view.jpg?pri=l&w=640&h=426&exp=10800']","['https://kuruma-news.jp/photo/834502', 'https://news.yahoo.co.jp/articles/f8364bf8a3fbc17a6148a157bea157ebd3db6643/images/000', 'https://news.yahoo.co.jp/articles/f8364bf8a3fbc17a6148a157bea157ebd3db6643/images/001']"
