headline,mainEntityOfPage,image,datePublished,dateModified,author,media_en,media_jp,str_count,body,images,external_links
雛形あきこ歌手時代の貴重ミュージックビデオ、本日配信スタート（音楽ナタリー）,https://news.yahoo.co.jp/articles/66164e3708043669c3438f2204ada7ee91194988,https://newsatcl-pctr.c.yimg.jp/t/amd-img/20260318-00000168-natalien-000-1-view.jpg?exp=10800,2026-03-18T23:02:10+09:00,2026-03-18T23:02:10+09:00,音楽ナタリー,natalien,音楽ナタリー,566,雛形あきこ「ゴールデン☆ベスト」ジャケット 雛形あきこが歌手として活動していた1990年代半ばに発表したシングル曲のミュージックビデオの配信が、本日3月18日にスタートした。 【30年前】雛形あきこ「Kitty Day」のMVカットはこちら 1992年に女優としてデビューし、90年代半ばにはグラビアで一世を風靡した雛形。バラエティ番組「めちゃ×2イケてるッ！」のメンバーとしても人気を博した彼女だが、実は1995年から約1年間、歌手としても活動していた。この間、雛形はビクターからシングル6枚、アルバム2枚、映像作品2本を発表。浅倉大介の全面プロデュースによる、ほかのアイドルとは一線を画すデジタルサウンドで新たなファン層を獲得したが、多忙な活動の影響もあり、音楽活動はわずか1年で幕を閉じることとなった。 今回配信されたMVは、「笑顔の予感」「Wonder Girl」「揺れる恋 乙女色」「Kitty Day ～仔猫になった日～」「SIX COLORS BOY」「Dream-self」「DESTINATION」の全7タイトル。いずれも、1996年にVHSで発売され、その後2008年にDVD化した「V-hina」「V-hina2」に収録されていた映像だが、映像作品自体が入手困難となっていたこともあり、ファン待望の配信となる。,[],[]
SUPER EIGHTの「EIGHT-JAM FES」今年はノエビアスタジアム神戸で2DAYS！メンバー喜び「自分たちとしても初」（音楽ナタリー）,https://news.yahoo.co.jp/articles/4c8d1385c8357a7181e141f9f509a7206e768ecc,https://newsatcl-pctr.c.yimg.jp/t/amd-img/20260318-00000167-natalien-000-1-view.jpg?exp=10800,2026-03-18T22:47:10+09:00,2026-03-18T22:47:10+09:00,音楽ナタリー,natalien,音楽ナタリー,591,「EIGHT-JAM FES2026」告知画像 テレビ朝日系でオンエアされているSUPER EIGHTの冠番組「EIGHT-JAM」のライブイベント「EIGHT-JAM FES2026」が、7月11、12日に兵庫・ノエビアスタジアム神戸で開催されることが決定した。 【前回はコラボも】あ〜ちゃん、かしゆか、む～たん、のっち、ま～たん。5人合わせて“SUPER Perfume” 2024年6月、埼玉・さいたまスーパーアリーナでの初開催に続き、2度目の開催となる「EIGHT-JAM FES」。今回はSUPER EIGHTの故郷である関西エリアで実施される。開催決定に、メンバーは「2年ぶりに今度は関西・神戸で開催させていただくことになりました！ 関西のフェスでパフォーマンスするのは自分たちとしても初です。コンサートとは違った雰囲気をゲストの皆さんとつくっていけたらと思います！ 是非、お越しいただけたらと思います！」とコメントを発表した。 SUPER EIGHTのほかの出演アーティストは後日発表される。 ■ 「EIGHT-JAM FES2026」 2026年7月11日（土）兵庫県 ノエビアスタジアム神戸 ＜出演者＞ SUPER EIGHT / and more 2026年7月12日（日）兵庫県 ノエビアスタジアム神戸 ＜出演者＞ SUPER EIGHT / and more,[],[]
miwa「THE FIRST TAKE」で「片想い」披露、そして令和版MVが公開決定（音楽ナタリー）,https://news.yahoo.co.jp/articles/b22d85c03294f1057f6a484e6dfb4c9a984879c9,https://newsatcl-pctr.c.yimg.jp/t/amd-img/20260318-00000165-natalien-000-1-view.jpg?exp=10800,2026-03-18T22:15:11+09:00,2026-03-18T22:15:11+09:00,音楽ナタリー,natalien,音楽ナタリー,548,miwaが出演した「THE FIRST TAKE」第648回のサムネイル。 本日3月18日、miwaがYouTubeチャンネル「THE FIRST TAKE」に出演し、2012年リリースの人気曲「片想い」を披露。あわせて、同楽曲の“令和版ミュージックビデオ”が3月19日19:00に公開されることが発表された。 【動画】「片想い」｜「THE FIRST TAKE」より 「THE FIRST TAKE」で披露された「片想い」は「アコースティックギターで弾き語る」という当時の彼女のイメージを一新させたピアノバラード。「THE FIRST TAKE」では、miwaはピアノ、チェロ、バイオリンの編成によるアレンジに乗せてまっすぐな歌声を響かせている。 3月19日に公開されるMVは、3月8日リリースの新曲「桜みたいな恋なんだ」と連動したストーリーを展開。MVについて、監督を務めたAimiは「今回は、『片想い』のMVが『桜みたいな恋なんだ』と連動しているということで、この恋がこの先どうなっていくのか、私自身も想像しながら撮影しました。同じような瞬間でも、あの頃と今では違う捉え方になってしまう。そんな違いも発見しながら、2作を通して自分の記憶と重ねて観てもらえたら嬉しいです」とコメントしている。,[],[]
OCTPATHメンバーから直接買える！チケット手売り会を緊急開催（音楽ナタリー）,https://news.yahoo.co.jp/articles/870dabc5624b170c111a41f415a641fd1e88a343,https://newsatcl-pctr.c.yimg.jp/t/amd-img/20260318-00000164-natalien-000-1-view.jpg?exp=10800,2026-03-18T22:14:10+09:00,2026-03-18T22:14:10+09:00,音楽ナタリー,natalien,音楽ナタリー,704,OCTPATH OCTPATHが、3月21日に東京・Kanadevia Hallで開催される単独公演「OCTPATH LIVE 2026 -PATH to Dream-」のチケット手売り会を、明日3月19日に千葉・イオンモール幕張新都心にて実施する。 【写真】「顔と名前だけでも覚えてください！」 当日は16:45から17:45の間に会場で代金を支払い「当日引換券お渡し券」を購入すると、18:00からの第1部または19:15からの第2部にて、メンバーから直接「当日引換券」を受け取ることができる。メンバーから手渡された当日引換券は、公演当日に会場の引換窓口にてライブの指定席券と交換することができる。 手売り会に参加するメンバーは部ごとに異なり、第1部には栗田航兵、海帆、高橋わたる、第2部には太田駿静、小堀柊、西島蓮汰、四谷真佑が登場する。お渡し券の購入は現金のみで、各部につき1人1回、最大2枚まで。2枚購入した場合は、1回のお渡し会でメンバー2名から1枚ずつ当日引換券を受け取ることができる。チケットは予定枚数に達し次第販売終了となる。 ■ 「OCTPATH LIVE 2026 -PATH to Dream-」チケット手売り会 2026年3月19日（木）千葉県 イオンモール幕張新都心 グランドモール1F グランドコート ［1部］18:00～（参加メンバー：栗田航兵、海帆、高橋わたる） ［2部］19:15～（参加メンバー：太田駿静、小堀柊、西島蓮汰、四谷真佑） ■ OCTPATH LIVE 2026 -PATH to Dream- 2026年3月21日（土）東京都 Kanadevia Hall,[],[]
JUJUの洋楽カバーアルバムにプロデューサー松任谷正隆がコメント「過去いち楽しく作らせてもらいました」（音楽ナタリー）,https://news.yahoo.co.jp/articles/1a6bc0c6cd6c8eb55ef41b019cc046c92c150424,https://newsatcl-pctr.c.yimg.jp/t/amd-img/20260318-00000163-natalien-000-1-view.jpg?exp=10800,2026-03-18T22:05:27+09:00,2026-03-18T22:05:27+09:00,音楽ナタリー,natalien,音楽ナタリー,878,JUJU JUJUが本日3月18日に洋楽カバーアルバム「昭和洋楽 純喫茶JUJU『時間旅行』」をリリース。これに合わせ、本作のプロデュースを手がけた松任谷正隆のテキストコメントが公開された。 【写真】松任谷正隆も絶賛「JUJUは素晴らしいですね」 「昭和洋楽 純喫茶JUJU『時間旅行』」はJUJUの人気カバーシリーズ「Request」の最新作。「Your Song」「Honesty」「If We Hold On Together」「Alone Again（Naturally）」など、昭和の時代に日本でも広く愛された洋楽の名曲10曲をカバーしている。 プロデューサーの松任谷は「過去いち楽しく作らせてもらいました」とレコーディングを振り返りつつ「JUJUは素晴らしいですね。カバーというより、今のものにしてしまうのですから。神を恐れずに言えば、どれもオリジナルより好きです」と、JUJUの表現力について語っている。アルバムの特設サイトではJUJU本人によるセルフライナーノーツも公開された。 収録曲のうち「Love Me Tender」は、阪急交通社のCM「すべての旅を、たった一つの旅へ。」編のCMソングとしてオンエア中。阪急交通社の公式サイトではこの曲をスタジオで歌唱するJUJUの映像と、CMの未公開映像で構成されたスペシャルムービーが公開されている。 ■ 松任谷正隆 コメント 僕はこのアルバムを過去いち楽しく作らせてもらいました。年齢からも想像出来ると思いますが、知っている曲ばかりで、だから記憶と対峙するのも楽しかった。JUJUは素晴らしいですね。カバーというより、今のものにしてしまうのですから。神を恐れずに言えば、どれもオリジナルより好きです。今はツアーのことを考える毎日。JUJUママが失踪してしまったらしいので、考えなきゃならないことはたくさんあります。バンドが勝手にスナックを改装しようとしているところにJUJUが入ってきてびっくりするところから始めようかな、なんていうのはどうでしょうか？ というわけでまだまだ楽しみは続きます。,[],[]
ONE N' ONLY「BE FRESH」パフォーマンス映像公開（音楽ナタリー）,https://news.yahoo.co.jp/articles/4cd5f28667421ec85f22e2fa71b28540b7709955,https://newsatcl-pctr.c.yimg.jp/t/amd-img/20260318-00000162-natalien-000-1-view.jpg?exp=10800,2026-03-18T22:05:19+09:00,2026-03-18T22:05:19+09:00,音楽ナタリー,natalien,音楽ナタリー,298,ONE N' ONLY「BE FRESH」パフォーマンス映像のサムネイル。 ONE N' ONLYの楽曲「BE FRESH」のパフォーマンス映像がYouTubeにて公開された。 【動画はこちら】ONE N' ONLY「BE FRESH」パフォーマンス映像 「BE FRESH」は、グルーヴィーなハウスミュージックをベースとしつつ、ファンクの要素も感じさせるダンスチューン。昨年11月にリリースされたメジャー1stアルバム「AMAZONIA」に収録されている。今回公開された映像では、EIKUによる「こっちに来なよ」というセリフパートをはじめ、メンバーたちの煽情的な表情がしっかりと捉えられている。,[],[]
yosugalaの新曲「No Border」MV公開、萩森じあによるメンバーイラストも登場（音楽ナタリー）,https://news.yahoo.co.jp/articles/1e4f7e9534535e28211f7cd88b4e9572bb9a62bd,https://newsatcl-pctr.c.yimg.jp/t/amd-img/20260318-00000161-natalien-000-1-view.jpg?exp=10800,2026-03-18T22:05:14+09:00,2026-03-18T22:05:14+09:00,音楽ナタリー,natalien,音楽ナタリー,212,yosugala「No Border」MVのサムネイル。 yosugalaの新曲「No Border」のミュージックビデオがYouTubeで公開された。 【動画】yosugalaの最新MV、メンバーのイラストも登場 「No Border」は本日3月18日にリリースされたメジャー1st EPのリードトラックで、竹縄航太が作詞作曲および編曲を担当した。中田みのりが監督したMVには、萩森じあによるメンバーのイラストが登場する。,[],[]
KiSS KiSS、カラフルドレス姿でエレガントに（音楽ナタリー）,https://news.yahoo.co.jp/articles/b6867b23c8815bc3c6813d39446271152a7a081f,https://newsatcl-pctr.c.yimg.jp/t/amd-img/20260318-00000160-natalien-000-1-view.jpg?exp=10800,2026-03-18T22:05:10+09:00,2026-03-18T22:05:10+09:00,音楽ナタリー,natalien,音楽ナタリー,702,KiSS KiSS 音楽事務所WACK所属アイドルグループ・KiSS KiSSの新たなアーティスト写真が公開された。 【写真】「スキトリップ」ジャケット 洋館の広間で撮影されたエレガントな雰囲気の新アー写は、5人それぞれがメンバーカラーのドレス風衣装をまとったもの。衣装制作、ディレクション、撮影は外林健太が担当した。明日3月19日より毎日22:00にメンバー1人ずつの個人アー写が発表される予定。KiSS KiSSのSNS公式アカウントでは、個人アー写の公開を前にしたスペシャルムービーが公開されている。 KiSS KiSSは去る3月14日に最新曲「スキトリップ」を配信リリース。今作のリリースに併せて、TikTokでの投稿数に応じてオリジナルの壁紙や限定ムービーなどの特典を獲得できるキャンペーンが展開されている。 また4月4日には東京・BLAZE Gotandaでワンマンツアー「KiSS KiSS Dream Trip Tour」のファイナルが行われる。チケットはTicket Diveにて販売中。ツアーと平行してインストアイベント「KiSS KiSS Dream Trip TikTok 撮影会」も開催されており、4月5日には東京・タワーレコード渋谷店で実施される。 ■ KiSS KiSS Dream Trip Tour（※終了分は割愛） 2026年4月4日（土）東京都 BLAZE Gotanda ■ KiSS KiSS Dream Trip TikTok 撮影会 2026年4月5日（日）東京都 タワーレコード渋谷店 5Fイベントスペース OPEN 12:45 / START 13:00,[],[]
Aooo約1年半ぶりアルバムは「Rooom」、初回盤Blu-rayに2本のライブ映像収録（音楽ナタリー）,https://news.yahoo.co.jp/articles/39bad2f78ee61fdf039ee242bfb35370628045cd,https://newsatcl-pctr.c.yimg.jp/t/amd-img/20260318-00000158-natalien-000-1-view.jpg?exp=10800,2026-03-18T21:58:10+09:00,2026-03-18T21:58:10+09:00,音楽ナタリー,natalien,音楽ナタリー,831,"Aooo「Rooom」ジャケット Aoooが6月3日にリリースする2ndアルバムのタイトルが「Rooom」に決定。合わせて、ジャケット写真および収録内容が公開された。 【画像】実力派4人組バンド・Aoooの新アー写はこちら 「Rooom」は2024年発売の「Aooo」以来、約1年半ぶりとなるアルバム。テレビアニメ「ウィッチウォッチ」のエンディングテーマ「魔法はスパイス」、昨夏3カ月連続で配信リリースされた「Yankeee」「Geeek」「CRAZZZY」、メンバー全員で初めて作詞作曲を手がけた「スターサイン」のほか、未発表の新曲も収録される。アルバム発売に先駆けて、収録曲「クエスチョン」の先行配信が3月25日にスタートする。同楽曲は、すりぃ（G）が作詞作曲を手がけたポップなラブソングとなっている。 アルバムの仕様は、Blu-ray付きの初回生産限定盤A、B、CDのみの通常盤の3形態。初回生産限定盤AのBlu-rayには、昨年12月開催の「Aooo Special Live 2025 ""Bazoooka""」のライブ映像、初回生産限定盤BのBlu-rayには「Aooo Live Tour ""BAKUBAKU""」Zepp Shinjuku（TOKYO）公演の模様が収録される。 これらの情報に合わせて、Aoooの新しいアーティスト写真も公開された。 ■ Aooo「Rooom」収録内容 □ CD（※全形態共通） ・魔法はスパイス ・Yankeee ・Geeek ・CRAZZZY ・スターサイン ・クエスチョン など □ 初回生産限定盤A付属Blu-ray ・2025年12月6日（土）開催「Aooo Special Live 2025 ""Bazoooka""」@東京ガーデンシアター □ 初回生産限定盤B付属Blu-ray ・2025年9月16日（火）開催「Aooo Live Tour ""BAKUBAKU""」@Zepp Shinjuku（TOKYO）",[],[]
DUSTCELLキャリア初のアリーナ公演決定、場所はぴあアリーナMM（音楽ナタリー）,https://news.yahoo.co.jp/articles/f3792c77d3b248eeddf7d845bc7f7bbd6f1601d8,https://newsatcl-pctr.c.yimg.jp/t/amd-img/20260318-00000156-natalien-000-1-view.jpg?exp=10800,2026-03-18T21:35:10+09:00,2026-03-18T21:35:10+09:00,音楽ナタリー,natalien,音楽ナタリー,456,"DUSTCELLアリーナ公演「DUSTCELL LIVE 2026 ―道―」キービジュアル DUSTCELLが11月23日に神奈川・ぴあアリーナMMでワンマンライブ「DUSTCELL LIVE 2026 ―道―」を行う。 【写真】DUSTCELLのアー写。顔の周りには煙。 「DUSTCELL LIVE 2026 ―道―」はDUSTCELLにとってキャリア初のアリーナ公演。EMAとMisumiはサポートメンバーにShoma Ito（G, Bandmaster）、Takuto Unigame（B）、camacho（Dr）、Sosuke Oikawa（Key）、Takayasu Nagai（Syn）を迎え、大舞台に挑む。 DUSTCELLのファンクラブでは、4月5日23:59までチケットの先行予約を受付中。イープラスでは4月10日12:00から4月26日23:59まで先行予約申し込みを受け付ける。 ■ DUSTCELL LIVE 2026 ―道― 2026年11月23日（月・祝）神奈川県 ぴあアリーナMM",[],[]
日向坂46のスマートフォンケースが登場、描き下ろしイラスト使用した全27種（音楽ナタリー）,https://news.yahoo.co.jp/articles/4e77bf4b1ff02b5d65bb98806cfafba568178dee,https://newsatcl-pctr.c.yimg.jp/t/amd-img/20260318-00000153-natalien-000-1-view.jpg?exp=10800,2026-03-18T21:13:09+09:00,2026-03-18T21:13:09+09:00,音楽ナタリー,natalien,音楽ナタリー,279,日向坂46×caseplayキービジュアル 日向坂46とスマホアクセサリーショップ・caseplayがコラボしたスリムプロテクションケースが3月18日より販売される。 【新世代】日向坂46最新シングルのセンター大野愛実 スリムプロテクションケースは、環境に配慮した素材を採用したスマートフォンケース。コーナー部分にエアーポケット構造を備え、高い衝撃保護性能を実現している。 コラボ商品の価格は4980円。全メンバーによる描き下ろしイラストを使用した全27種がラインナップされ、iPhone、Xperia、Pixel、Galaxyなど160機種以上に対応する。,[],[]
にしな新曲「グローリー」MV完成、本人やファンの歌唱映像で構成（音楽ナタリー）,https://news.yahoo.co.jp/articles/c94695714200fcaba65f74d3196060da8247f9cc,https://newsatcl-pctr.c.yimg.jp/t/amd-img/20260318-00000152-natalien-000-1-view.jpg?exp=10800,2026-03-18T21:05:36+09:00,2026-03-18T21:05:36+09:00,音楽ナタリー,natalien,音楽ナタリー,676,にしな「グローリー」ミュージックビデオのサムネイル。 にしなの新曲「グローリー」のミュージックビデオがYouTubeで公開された。 「グローリー」はにしなが本日3月18日にリリースした3rdアルバム「日々散漫」のリード曲で、トオミヨウがアレンジを担当した開放感たっぷりのポップチューン。MVは「みんなで歌える1曲になれば」という思いから、にしなや彼女の友人、スタッフに加え、ファンから募集した歌唱映像を組み合わせた作品となっている。監督はGROUPNが務めた。 【動画】にしな新曲「グローリー」MVはコチラ にしなはニューアルバムを携えて、3月29日からワンマンツアーを開催する。ツアーファイナルは6月20日に熊本・熊本B.9 V1で行われる。 ■ にしな ツアー2026「日々散漫」 2026年3月29日（日）福岡県 Zepp Fukuoka 2026年4月4日（土）大阪府 Zepp Namba（OSAKA） 2026年4月5日（日）愛知県 Zepp Nagoya 2026年4月12日（日）北海道 Zepp Sapporo 2026年4月18日（土）東京都 Zepp DiverCity（TOKYO） 2026年5月14日（木）東京都 Spotify O-EAST（※追加公演） 2026年5月23日（土）宮城県 Rensa 2026年5月30日（土）岡山県 CRAZYMAMA KINGDOM 2026年6月6日（土）石川県 REDSUN 2026年6月13日（土）香川県 高松オリーブホール 2026年6月20日（土）熊本県 熊本B.9 V1,[],[]
【イベントレポート】Lienelメジャーデビュー決定！しかし契約書はシンガポール？リョウガと綾小路翔が愛の激励（音楽ナタリー）,https://news.yahoo.co.jp/articles/3651bacfdfe76067eb62fd4754e3b882e97bb041,https://newsatcl-pctr.c.yimg.jp/t/amd-img/20260318-00000151-natalien-000-1-view.jpg?exp=10800,2026-03-18T21:05:31+09:00,2026-03-18T21:05:31+09:00,音楽ナタリー,natalien,音楽ナタリー,2048,「祝メジャーデビュー」のパネル裏で思い思いのポーズをとるLienel。 Lienelの1st EP「Osyan」のリリース記念イベントが、発売日である本日3月18日に東京・新宿の三角広場で開催された。 【写真】大好きなリョウガ（超特急）の肩を抱き、うれしそうにウィンクする高岡ミロ（Lienel） 「Osyan」は綾小路翔（氣志團）が提供したリード曲「羅武が如く～恋の風林火山～」など幅広い音楽性の楽曲を収めた作品。三角広場では約2000人のLien（Lienelファンの呼称）がリリースを祝福した。イベント後半では綾小路がサプライズ登場。さらに、メンバーへの朗報や驚きのサプライズも用意されていた。 イベントではまず「羅武が如く～恋の風林火山～」のミュージックビデオが初公開され、Lienのテンションが急上昇。“ネオヤンキー”の衣装に身を包んだLienelが大歓声を浴びながら登場し、パワフルなビートの他己紹介ナンバー「We are Lienel!!!!!!」を皮切りにバラエティ豊かな楽曲を畳みかけた。EP収録曲のスタイリッシュなダンスナンバー「Mirror」に続き、メンバーに担がれた近藤駿太が“愛車”のエンジンをブンブン！とふかすと、「羅武が如く～恋の風林火山～」のパフォーマンスへ。氣志團「One Night Carnival」へのリスペクトがあふれる歌とダンスを彼ららしく全身全霊で“オラつきながら”披露した。 続いてリョウガ（超特急）がMCを務めるトークパートへ。「Osyan」をどんなときに聴いてほしい？という質問に、近藤は「ツッパリたいとき」と答え、高岡ミロは「いろんなジャンルの曲が収録されているので、どんな気分にも合うと思います」と作品をアピールした。好きな曲を問われた武田創世は年下組の3人で歌った「シンデレラ・ナイト」と回答。さらに、「Osyan」がオリコンのデイリーランキングで1位に輝いたことがリョウガから発表され、会場が祝福で包まれた。 そしてリード曲「羅武が如く～恋の風林火山～」に話題が及ぶと、綾小路が“デコチャリ”に乗ってステージにサプライズ登場してトークに参加。プロデュースするにあたって意識したことは？と聞かれ、綾小路は「一番重きを置いたのは、氣志團の“後継者”です」と答えLienelメンバーを驚かせる。Lienelがライブの衣装で特攻服を着ていたのを見て「見つけちゃった！」と思ったことを伝え「デビューから25年で培ってきたことを、Lienelから『欲しい』と言われたら、あげようと思う」と表明した。またLienelを「バランスのいいチーム」と評した綾小路は、「小さくまとまらずに行ってほしいです。失敗を恐れずに立ち向かう姿がみんなに勇気を与えるので。これからも健康で、今の気持ちを忘れることなく仲良しでいてくださいね」とエールを送った。 ここで綾小路が「サプライズがある」と切り出し、Lienelがユニバーサルミュージックより6月3日にメジャーデビューすることが発表され、会場が大歓声に包まれる。初耳だったLienelは肩を組んで喜びを爆発させるも、高岡がリョウガへ「レーベルメイト……ってことです……？」とつぶやくなど、突然の出来事に呆気に取られた様子。そんな6人へ、綾小路は「メジャーナメんなよ？ 今まで以上にやらかしちゃってください！」と愛のある激励を送った。 しかし、これだけでは終わらないのがLienel。ユニバーサルミュージックのスタッフがシンガポールに契約書を忘れてしまったため、まだ契約が済んでいないという“バッドサプライズ”が待っていた。綾小路から「“デコチャリ”貸すから、シンガポールまで契約書を取りに行ってくれない？」とムチャブリされ、リョウガからも「このミッションがクリアできないとメジャーデビューできません。みんなでがんばって、目指してください！」と言われてしまった6人。無事に契約書を手にすることができるのか、今後のLienelの挑戦にも注目だ。 ■ メジャーデビュー発表を受けて Lienelコメント □ 高岡ミロ 本当に今以上にがんばらなければいけないですし、Lienの皆さん1人ひとりを大切にして一緒に進んでいければと思います。これからもよろしくお願いします！ □ 近藤駿太 今まで支えてくださった皆さんのおかげです。これをきっかけに、Lienel売れるぞ！ □ 武田創世 Lienの皆さんのおかげです。ありがとうございます。これからも絆をさらに深めて壁を超えられるように全力でがんばります！ □ 森田璃空 ここからスタートとして、Lienel一丸となって皆さんと絆を深めていけたらと思います！ □ 高桑真之 すべてに感謝して健康第一でがんばります！ よろしくお願いします！ □ 芳賀柊斗 本当に皆さんのおかげだと思っています。皆さんと一緒にたくさんいろんなところを回ったり、駿太が言った通り、売れてやりましょう！,[],[]
結成12周年KOTORIが12都市を巡る単独ツアー、ポニーキャニオン移籍も発表（音楽ナタリー）,https://news.yahoo.co.jp/articles/87f5934cda78991b63aae312a6cf00adbe1f30fa,https://newsatcl-pctr.c.yimg.jp/t/amd-img/20260318-00000150-natalien-000-1-view.jpg?exp=10800,2026-03-18T21:05:22+09:00,2026-03-18T21:05:22+09:00,音楽ナタリー,natalien,音楽ナタリー,761,"KOTORI KOTORIが8月から10月にかけてワンマンツアー「KOTORI pre. ""12"" Tour」を行うことが決定した。 【スケジュールはこちら】KOTORIワンマンツアー「KOTORI pre. ""12"" Tour」フライヤー KOTORIはこのツアーで全国12都市のライブハウスを巡る。ツアータイトルにある「12」の数字は、彼らがバンド結成12周年を迎え、12都市を回ることに由来する。チケットぴあでは4月2日23:59までチケットの先行予約を受付中。 KOTORIは本日3月18日に2026年初の新曲「RIOT」を配信リリース。さらに神奈川・CLUB CITTA'でワンマンライブ「KOTORI & small indies table pre. ""RIOT""」を行い、small indies tableを卒業し、ポニーキャニオンへ移籍することを発表した。 ■ KOTORI pre. ""12"" Tour 2026年8月7日（金）東京都 Zepp DiverCity（TOKYO） 2026年9月3日（木）栃木県 宇都宮HELLO DOLLY 2026年9月5日（土）石川県 vanvanV4 2026年9月11日（金）愛知県 DIAMOND HALL 2026年9月13日（日）香川県 DIME 2026年9月19日（土）北海道 札幌PENNY LANE24 2026年9月23日（水・祝）宮城県 darwin 2026年9月27日（日）広島県 HIROSHIMA 4.14 2026年10月12日（月・祝）福岡県 BEAT STATION 2026年10月14日（水）宮崎県 LAZARUS 2026年10月16日（金）大阪府 BIGCAT 2026年10月21日（水）埼玉県 EASYGOINGS",[],[]
Homecomingsツアーの追加公演が決定（音楽ナタリー）,https://news.yahoo.co.jp/articles/4af156e0d9683f67c4ecd0368f843b7fb61f4c8c,https://newsatcl-pctr.c.yimg.jp/t/amd-img/20260318-00000148-natalien-000-1-view.jpg?exp=10800,2026-03-18T21:05:10+09:00,2026-03-18T21:05:10+09:00,音楽ナタリー,natalien,音楽ナタリー,579,Homecomings Homecomingsのワンマンライブツアー「I'm not ok. you're not ok. and that's ok.」の追加公演が5月14日に東京・新代田FEVERで開催される。 【5月】追加公演の詳細はこちら 「I'm not ok. you're not ok. and that's ok.」は、Homecomingsが2月から3月にかけて全9カ所で行ったツアー。本日3月18日に東京・LIQUIDROOMでファイナルを迎え、ライブ内で追加公演の開催が発表された。追加公演のサポートメンバーはツアーに続いてYUNA（Dr）と関根史織（B / Base Ball Bear）が務める。チケットぴあではチケットの先行抽選予約を受け付けている。 なお、昨年12月に開催された元メンバーの福田穂那美（B）の卒業公演「the aquarium of illumination and night glare」のライブ音源は本日3月18日より配信中。代表曲の「HURTS」「US / アス」のほか、昨年7月リリースの「every breath」など計15曲が収められている。 ■ I'm not ok. you're not ok. and that's ok. □ 追加公演 2026年5月14日（木）東京都 新代田FEVER,[],[]
日向坂46正源司陽子、アニメ「スノウボールアース」宣伝大使に就任（音楽ナタリー）,https://news.yahoo.co.jp/articles/c745061c0f8230e364094e3e9cb072591682478f,https://newsatcl-pctr.c.yimg.jp/t/amd-img/20260318-00000145-natalien-000-1-view.jpg?exp=10800,2026-03-18T20:31:10+09:00,2026-03-18T20:31:10+09:00,音楽ナタリー,natalien,音楽ナタリー,513,「スノウボールアース」宣伝大使に就任した正源司陽子（日向坂46）。 日向坂46の正源司陽子が、テレビアニメ「スノウボールアース」の宣伝大使に就任した。 【作品愛爆発】正源司陽子が「スノウボールアース」の魅力をアピール 「スノウボールアース」は、辻次夕日郎による人気マンガを原作とするアニメ作品。雪と氷に覆われた地球を舞台に、友情と冒険の物語が描かれる。大のアニメ・マンガ好きとして知られる正源司は、原作コミックス第10巻の帯コメントを担当したことをきっかけに本作と出会い、読者として作品への愛を深めてきた。こうした経緯から、今回の宣伝大使就任に至った。彼女は今後、日本テレビの番組へのVTR出演や、SNS上での企画動画を通じて本作の魅力を発信していく。 宣伝大使就任に際し、正源司は「この度『スノウボールアース』の宣伝大使に就任いたしました！ この『スノウボールアース』という作品は、めちゃくちゃ面白いです!! キャラクターそれぞれに守りたいものがあったり、愛があったり、もう泣けるし笑えるし、コミカルなシーンとバトルの戦闘シーンの緩急のつけ方が最高なので、ぜひ皆さんも楽しみにしてくださると嬉しいです！」とコメントしている。,[],[]
CLAN QUEENメジャー第1弾シングルは「Secret Empire」収録曲の先行配信も決定（音楽ナタリー）,https://news.yahoo.co.jp/articles/490373fe2f2efea6e71775d789b9e9f4f6c3334b,https://newsatcl-pctr.c.yimg.jp/t/amd-img/20260318-00000142-natalien-000-1-view.jpg?exp=10800,2026-03-18T20:16:09+09:00,2026-03-18T20:16:09+09:00,音楽ナタリー,natalien,音楽ナタリー,760,CLAN QUEEN CLAN QUEENが4月15日にソニー・ミュージックレーベルズからメジャー第1弾作品としてリリースするトリプルA面シングルの詳細が発表された。 【写真】メジャー移籍は歌舞伎町フリーライブで発表 シングルのタイトルは「Secret Empire」。「秘密の帝国」を表すこのタイトルには、2022年の結成以降少しずつファンダムを拡大してきたバンドの歩みを振り返りつつ、原点回帰も目論むような意味も込められている。 このシングルにはyowa（Vo）とAOi（G）がそれぞれ単独で歌唱する楽曲も含む全3曲を収録。このうちの1曲「無花果」は初めてストリングスを生でレコーディングして制作された楽曲で、シングルリリースに先駆け4月1日に先行配信がスタートする。 また「Secret Empire」のジャケットも公開された。本作のジャケットはTHE ORAL CIGARETTES、Creepy Nuts、LiSAなどの作品も手がけたアートディレクターの河島遼太郎によるもので、シングルのテーマや世界観を表したコラージュアートとなっている。 シングルの詳細発表とあわせて、12月18日に東京・東京ガーデンシアターで行われるワンマンライブのタイトルが「ONEMAN LIVE 2026『Secret Empire』」となることも明らかに。ローソンチケットでは4月5日までチケットのオフィシャル先行予約を受け付けている。 ■ CLAN QUEEN「Secret Empire」収録曲 01. 無花果 02. Eden 03. Dirty Little Secrets ■ CLAN QUEEN ONEMAN LIVE 2026「Secret Empire」 2026年12月18日（金）東京都 東京ガーデンシアター,[],[]
BE:FIRST新曲「BE:FIRST ALL DAY」パフォーマンス映像公開、SOTA＆Rhymeがコレオ共作（音楽ナタリー）,https://news.yahoo.co.jp/articles/1f52721ddda6b8ef7f6114f93a3be894c4bbb003,https://newsatcl-pctr.c.yimg.jp/t/amd-img/20260318-00000141-natalien-000-1-view.jpg?exp=10800,2026-03-18T20:10:09+09:00,2026-03-18T20:10:09+09:00,音楽ナタリー,natalien,音楽ナタリー,288,BE:FIRST「BE:FIRST ALL DAY」パフォーマンス映像のサムネイル。 BE:FIRSTの新曲「BE:FIRST ALL DAY」のパフォーマンス映像が公開された。 【ここから見る】「BE:FIRST ALL DAY」パフォーマンス映像 5月6日にCDリリースされる「BE:FIRST ALL DAY」は、デビュー5周年の幕開けを飾る同名シングルの表題曲であり、「生涯BE:FIRSTであること」を高らかに宣言するヒップホップナンバー。今回公開された映像では、メンバーのSOTAとダンサー・Rhyme（RHT.）が共作したコレオグラフを全編にわたって堪能できる。,[],[]
海外渡航前のSnow Man目黒蓮が本音を語る特別映像、全国5都市で1日限定上映（音楽ナタリー）,https://news.yahoo.co.jp/articles/2c593909fbdcb7ae7ea0747d6d65ea0863c7cd5e,https://newsatcl-pctr.c.yimg.jp/t/amd-img/20260318-00000140-natalien-000-1-view.jpg?exp=10800,2026-03-18T20:05:10+09:00,2026-03-18T20:05:10+09:00,音楽ナタリー,natalien,音楽ナタリー,741,目黒蓮（Snow Man）。キリンビール「晴れ風」特別ムービー「新しくなる」編より。 目黒蓮（Snow Man）が出演するキリンビール「晴れ風」の特別ムービー「新しくなる」編が、3月22日に全国5都市の屋外ビジョンにて1日限定で先行上映される。 【寄り添い】目黒蓮＆黒柳徹子のツーショット 60秒にわたる映像で目黒は、この春にブランド初のフルリニューアルが行われる「晴れ風」に自身の状況を重ね、台本なしで「新しくなること」をテーマに本音を吐露。新たなチャレンジに対する不安や決意を口にしつつ、ラストには「新しくなる！」と未来へ向けて宣言している。海外生活を控える中この撮影に臨んだ目黒が何を語るのか、映像にて確認を。 屋外広告は、北海道、東京、愛知、大阪、福岡の全国5都市にて、18:00から20:00までの間に1時間あたり4回のペースで上映される。さらに同日の20:00には、キリンビールの公式YouTubeチャンネルでもこの特別映像が公開される。 ■ 「晴れ風」特別ムービー「新しくなる」編 屋外広告上映 ※1時間に4回の上映 2026年3月22日（日）北海道 さっぽろ地下街「オーロラタウン」内 AUMIRU ［放映時間］18:00～20:00 2026年3月22日（日）東京都 ユニカビル壁面 新宿ユニカビジョン ［放映時間］18:00～21:00 2026年3月22日（日）愛知県 NAGY ［放映時間］18:00～21:00 2026年3月22日（日）大阪府 ツタヤエビスバシヒットビジョン ［放映時間］18:00～21:00 2026年3月22日（日）福岡県 西鉄福岡（天神）駅ソラリアステージビル SOLARIA DAIGAMEN ［放映時間］18:00～21:00,[],[]
ふみの出演の特番を3カ月連続オンエア、ふみのを知る60分（音楽ナタリー）,https://news.yahoo.co.jp/articles/d7cf21718f4d00d7218053709129240f5f052751,https://newsatcl-pctr.c.yimg.jp/t/amd-img/20260318-00000138-natalien-000-1-view.jpg?exp=10800,2026-03-18T19:44:09+09:00,2026-03-18T19:44:09+09:00,音楽ナタリー,natalien,音楽ナタリー,478,ふみの出演の「シンガーソングライター“ふみの” ～My Book～＜#1＞」告知ビジュアル。 ふみのが出演する特番が、MUSIC ON! TVで3月28日から3カ月連続で放送される。 【写真】ふみのの自撮り 第1回の放送となる「シンガーソングライター“ふみの” ～My Book～＜ #1 ＞」では、トークやゲーム企画を通してふみのの素顔やデビューまでの歩み、音楽への思いなどを深掘り。デビュー曲「favorite song」の制作エピソードやシンガーソングライターとして大切にしていることなど、彼女の本音に迫る。さらに、番組はふみのが自ら作詞作曲を手がけた2ndシングル「ホットライン」のミュージックビデオ撮影にも密着。舞台裏の彼女の姿を通して、楽曲に込めた思いや表現へのこだわりなどを映し出す。 ■ 「シンガーソングライター“ふみの” ～My Book～＜ #1 ＞」の番組情報 □ 放送日時 MUSIC ON! TV 2026年3月28日（土）20:00～21:00 MUSIC ON! TV 2026年4月9日（木）23:00～24:00（再放送）,[],[]
【ライブレポート】「超いきものがかりフェス」ゆず、鈴木雅之ら豪華ゲスト出演のDAY2公演　最後は“路上ライブ”で締めくくり（音楽ナタリー）,https://news.yahoo.co.jp/articles/1cee055455ffe9e26f45df86ba28cb67d58b04eb,https://newsatcl-pctr.c.yimg.jp/t/amd-img/20260318-00000137-natalien-000-1-view.jpg?exp=10800,2026-03-18T19:41:14+09:00,2026-03-18T19:41:14+09:00,音楽ナタリー,natalien,音楽ナタリー,4307,「超いきものがかりフェス デビュー20周年だよ!! ～ありがとうって伝えたくて～」DAY2に撮影された集合写真。（撮影：谷本将典） いきものがかり主催のライブイベント「超いきものがかりフェス デビュー20周年だよ!! ～ありがとうって伝えたくて～」が、3月14、15日に千葉・LaLa arena TOKYO-BAYで開催された。 【計21枚】「超いきものがかりフェス」DAY2全出演者の写真 2006年3月15日にシングル「SAKURA」でメジャーデビューを果たしたいきものがかり。「超いきものがかりフェス」は、デビュー20周年を記念して開催されたユニット初の主催フェスだ。初日の14日公演には上白石萌音、アイナ・ジ・エンド、スキマスイッチ、JUJU、槇原敬之が、2日目の15日公演にはTOMOO、wacci、秦基博、鈴木雅之、ゆずが出演。またサプライズゲストも多数登場し、祝福ムードを盛り上げた。この記事では2日目公演の模様をレポートする。 ■ オープニング 会場周辺エリアにはビフテキ丼やケバブを販売する多数のキッチンカーが並び、開場直後から青空の下で“フェス飯”に舌鼓を打つファンが黒山の人だかりを形成。イベントタイトル通りのフェス然としたムードが会場周辺に漂っていた。時を同じくして、ステージではDJダイノジがオープニングDJとしてパフォーマンスを開始し、ダンサーチームとともに客入れの時間を陽気に彩る。コール＆レスポンスなどを通じて卓越した前説スキルを遺憾なく発揮し、会場を存分に温めた。 やがて定刻を迎えると、8ビット風のオープニングムービーに導かれてアリーナ後方の扉から吉岡聖恵（Vo）と水野良樹（G）が自転車に乗って登場。ざわつく客席内を軽快に駆け巡ってステージまでたどり着くと、水野は「WBCやってるにもかかわらず、大谷翔平よりいきものがかり、ありがとうございます！」と同時刻開催の世界大会を引き合いに出して感謝の言葉を述べた。続いて2人がイベントの開幕を宣言しかけた瞬間、舞台袖からサプライズゲストのロバート秋山が乱入。景気づけとばかりに持ちネタの“変梅”を披露して喝采を浴びたのち、3人で息を合わせて「超いきものがかりフェス、スタート！」と高らかに祝祭の幕開けを告げた。 ■ TOMOO トップバッターを務めたTOMOOは、「ベーコンエピ」「Super Ball」など7曲を披露。中学校に上がる春休みにいきものがかりのアルバムを延々リピートしながらトランポリンを跳び、不安を紛らわしていたというハートフルな思い出話なども交えながら、強靱なソウルビートとメランコリックなメロディライン、芯の通ったボーカルで聴衆を魅了した。 ステージ転換時には、吉岡、水野、wacci、TOMOOによるトークセッションが実施された。コーナーMCとして村上信五がサプライズで登場し、「いきものがかりのココが好き」などのテーマで和やかなトークを展開。TOMOOがいきものがかりをカレーライスに例えて称賛したくだりでは、吉岡による「白米みたいなボーカリストになりたい」という意思表明も飛び出した。 ■ wacci 2番手を務めたwacciは、かつて同じ事務所に所属していたいきものがかりを“唯一の直属の先輩”と慕う後輩バンド。ヒットナンバー「別の人の彼女になったよ」など全5曲を披露した。「最上級」では、会場を低音パートと高音パートに二分しての2声ハーモニーシンガロングを促してバンドとの一大セッションを繰り広げ、「大丈夫」では両手で大きなマルを作るアクションを要求。LaLa arenaの広大な空間をひとつにまとめあげるビッグスケールなステージを展開した。ラストにはサブステージに現れた水野から「橋口くんだけ残って、ちょっとこっち来て！」との指令が。橋口のギター弾き語りと水野の電子ピアノ弾き語りによるアコースティックデュオ形式で「笑顔」が歌われ、万雷の拍手を呼び込んだ。 ■ 秦基博 いきものがかりと同期にあたる秦基博は、デビュー当初からイベントでの競演が多く、そのたびに会場を盛大に盛り上げるいきものがかりのステージを「歯ぎしりしながら観ていた」とユーモラスな語り口で振り返る。彼はアコースティックギター1本の弾き語りスタイルで「在る」「鱗」など5曲をプレイ。繊細なアルペジオからパワフルなカッティングまで、多彩な表現で聴衆を魅了した。そしてラストナンバーとして披露されたアッパーチューン「キミ、メグル、ボク」では「いきものがかりを歯ぎしりさせましょう！」と煽り、会場を笑顔と狂熱で満たした。 その後の転換時には、各界の著名人から寄せられたビデオメッセージが上映された。松任谷正隆や長屋晴子（緑黄色社会）といったアーティストをはじめ、アスリートやマンガ家など幅広い分野から祝福の言葉が届けられる中、タレントの滝沢カレンから「“いきものがかり”なのに生き物を扱っていない」という根源的な疑問が投げかけられ、観客をうならせた。 ■ 鈴木雅之 テレビアニメ「かぐや様は告らせたい」シリーズの主題歌などで水野とタッグを組んできた“ラブソングの王様”こと鈴木雅之は、コーラス隊を含むソウル編成のバンドを引き連れて登場。「恋人」「違う、そうじゃない」「め組のひと」「夢で逢えたら」など、国民全員がもれなく口ずさめるヒットナンバー群を惜しみなく連発する。MCでは「ランナウェイ」などの一節をアカペラで披露するひと幕もあり、旺盛なサービス精神と百戦錬磨のパフォーマーぶりを余すことなく見せつけた。 さらに水野をステージに呼び込み、「Canaria」「DADDY! DADDY! DO!」の2曲をコラボ。いずれも水野が作曲を手がけた、鈴木の男女デュエット曲だ。オリジナルのボーカルを担当した篠原涼子や鈴木愛理の歌唱にも負けない、熱いパフォーマンスでオーディエンスを圧倒した。 ■ 秋山竜次（ロバート） 鈴木のゴージャスでアダルトなステージを受け、「こういう時間も必要ですよ。高級なものばかり観てたらバカになっちゃいますよ」というメッセージとともにアリーナに姿を現したのはロバート秋山だ。彼は神々しいオルガンサウンドに乗せて勧誘行為の正当性を主張するミディアムバラード「あやしくないから」、施設の運営母体が都か区かを探究するディスコポップナンバー「TOKAKUKA」の2曲をパフォーマンス。楽曲とトークの力でイベント全体の空気感をがらりと塗り替えると、「ちゃんとしたプロにお戻しします」と言い残してそそくさと姿を消した。 ■ ゆず アマチュア時代のいきものがかりが路上ライブなどで頻繁に「夏色」などの楽曲をカバーしていた、憧れであり目標でもあり原点とも言える存在・ゆず。そんな彼らのステージは、愛すべき後輩への思いがあふれ出さんばかりの内容で届けられた。かつて吉岡が自身のカバーアルバムで取り上げた「少年」や、コラボレーションアルバム「いきものがかり meets」で共演が実現した「YELL」など、2組の浅からぬ関係性を存分に反映させた選曲がファンを感涙させる。もちろん「夏色」もセットリストに。この曲で長時間にわたって展開されるコール＆レスポンスは、水野曰く「じょいふる」のライブパフォーマンスに直接的な影響を及ぼしているという。そしてゆずは「栄光の架橋」で1万人の大合唱を巻き起こし、国民的人気アーティストの先輩としてこれ以上ないお手本を示してみせた。 ■ いきものがかり 満を持してトリを務めたいきものがかりは、TOMOOとの「茜色の約束」、鈴木との「帰りたくなったよ」といったコラボパフォーマンスも交えながら、「気まぐれロマンティック」「ブルーバード」「じょいふる」など他アクトに勝るとも劣らないヒットパレード選曲を繰り出してオーディエンスを熱狂させる。MCでは水野がこの2日間を振り返り、感慨深げに「こんな日が来るんだね……」と目を潤ませるシーンや、吉岡が「20年のその先に行くので、皆さんついて来てくれますかー？」と叫んで喝采を起こすシーンも。感傷的なムードが場内に充満する中、2人は追い打ちをかけるように「ありがとう」を客席の1人ひとりの胸に届けたのち、バラードナンバー「タユムコトナキナガレノナカデ」でステージを大団円に導いた。 ■ エンディング すべての演目を終え、水野が改めてバンドメンバーならびにこの日の出演アーティストを紹介。そこへロバート秋山がケーキを持って再登場し、ほがらかなムードで写真撮影などが行われた。そして最後に2人だけ舞台に残った水野と吉岡は、「20年ありがとう」と固く握手。「最後に路上ライブしましょう」と水野がアコースティックギターを構えた。2人はギターと歌のみのミニマルな編成でメジャーデビュー曲「SAKURA」を朗々と響かせ、メモリアルな2日間にしめやかに幕を引いた。 ■ セットリスト □ 「超いきものがかりフェス デビュー20周年だよ!! ～ありがとうって伝えたくて～」2026年3月15日 LaLa arena TOKYO-BAY TOMOO 01. ソナーレ 02. あわいに 03. ベーコンエピ 04. オセロ 05. Super Ball 06. Ginger 07. Present wacci 01. 感情 02. 恋だろ 03. 別の人の彼女になったよ 04. 最上級 05. 大丈夫 06. 笑顔（橋口洋平×水野良樹） 秦基博 01. 在る 02. やわらかな午後に遅い朝食を 03. 鱗 04. シンクロ 05. キミ、メグル、ボク 鈴木雅之 01. 恋人 02. 違う、そうじゃない 03. Canaria（with 水野良樹） 04. DADDY! DADDY! DO!（with 水野良樹） 04. め組のひと 05. 夢で逢えたら 秋山竜次（ロバート） 01. あやしくないから 02. TOKAKUKA ゆず 00. ラジオ体操 01. サヨナラバス 02. 少年 03. 虹 04. YELL 05. 夏色 06. 栄光の架橋 いきものがかり 01. コイスルオトメ 02. うるわしきひと 03. 茜色の約束（w/ TOMOO） 04. 帰りたくなったよ（w/ 鈴木雅之） 05. 気まぐれロマンティック 06. ブルーバード 07. キミがいる 08. じょいふる 09. ありがとう 10. タユムコトナキナガレノナカデ 11. SAKURA,[],[]
【ライブレポート】「超いきものがかりフェス」アイナや槇原敬之が登場した初日公演「こんな幸せな日あっていいのかな」（音楽ナタリー）,https://news.yahoo.co.jp/articles/42299f719e11f70291186d4c8bc819fa8ca4248c,https://newsatcl-pctr.c.yimg.jp/t/amd-img/20260318-00000135-natalien-000-1-view.jpg?exp=10800,2026-03-18T19:39:10+09:00,2026-03-18T19:39:10+09:00,音楽ナタリー,natalien,音楽ナタリー,4094,"「超いきものがかりフェス デビュー20周年だよ!! ～ありがとうって伝えたくて～」DAY1に撮影された集合写真。（撮影：堤瑛史） いきものがかり主催のライブイベント「超いきものがかりフェス デビュー20周年だよ!! ～ありがとうって伝えたくて～」が、3月14、15日に千葉・LaLa arena TOKYO-BAYで開催された。 【計21枚】「超いきものがかりフェス」DAY1全出演者の写真 2006年3月15日にシングル「SAKURA」でメジャーデビューを果たしたいきものがかり。「超いきものがかりフェス」は、デビュー20周年を記念して開催されたユニット初の主催フェスだ。初日の14日公演には上白石萌音、アイナ・ジ・エンド、スキマスイッチ、JUJU、槇原敬之が、2日目の15日公演にはTOMOO、wacci、秦基博、鈴木雅之、ゆずが出演。またサプライズゲストも多数登場し、祝福ムードを盛り上げた。この記事では初日公演の模様をレポートする。 ■ オープニング 大勢の観客でにぎわいを見せた「超いきものがかりフェス」初日。入場する観客をDJダイノジの大谷ノブ彦がオープニングパフォーマンスで出迎える。ラジオ体操やJ-POPヒットメドレーで会場に熱気をもたらしたのち、「今日1日、最高に盛り上がってください！」と呼びかけ、オープニングアクトを見事に務め上げた。 会場が暗転し、スクリーンに流れたのは8ビットのアニメーションで構成されたオープニングVTR。その上映が終わると、いきものがかりの2人が自転車に乗って登場した。そしてステージに到着した吉岡聖恵（Vo）と水野良樹（G）が声をそろえて開会宣言をしようとすると「ちょっと待った！」との声が。小さい三輪車に乗った岡村隆史（ナインティナイン）がサプライズ登場し、会場に笑いを起こした。3人はトークで会場を沸かせたあと、改めて「超いきものがかりフェス スタート！」と開会宣言した。 ■ 上白石萌音 1日目のトップバッターを飾ったのは上白石萌音。水野が提供した「まぶしい」を1曲目に披露し、「いきものがかりファン歴17年です。私は最も幸運に恵まれたファンの1人と言えます。今日は大好きな2人に愛と感謝を込めて一生懸命歌います！」と語った。さらに、上白石のライブでの演出をきっかけにいきものがかりのコンサートにも取り入れられた”消灯式”を再演することに。上白石が「消灯」という掛け声のあとに、ろうそくの火を消すように息を吹きかけると客席のペンライトの光が徐々に消えていく。彼女は暗くなった会場に「奇跡のようなこと」などを響かせた。 その後、サプライズMCとしてベッキーが登場。上白石、アイナ・ジ・エンド、JUJU、吉岡を呼び込みトークを展開した。「聖恵ちゃんのここが好き」というトークテーマでは、アイナが「ダンスパフォーマンスがないのにリハーサルでも動きやすい服装なところが好き」、上白石が「歌っているときのえくぼが好き」と発表する中で、JUJUが「歌っているときの声が好きだけど、様子のおかしいところも好き」とコメント。客席の笑いを誘った。 ■ アイナ・ジ・エンド 次に出番を迎えたのはアイナ・ジ・エンド。彼女はヒット曲「革命道中」をパフォーマンスし、その唯一無二の歌声で歓声を誘う。「ZOKINGDOG」の曲中MCでは「品があってパワフルないきものがかりの2人。今日を迎えるために気合い入れてセルフジェルネイルしてきました！」と笑顔を浮かべた。さらにアイナはコラボレーションアルバム「いきものがかり meets」でいきものがかりと共演した「じょいふる」も披露するなど、多彩なパフォーマンスを繰り広げた。 ■ スキマスイッチ 代表曲「ガラナ」をパフォーマンスしながらステージに登場したスキマスイッチは、堂々たる歌声と演奏で観客を魅了。「『スキマフェス』に出てもらった恩返しで今日は来ました。同じように長く活動している同志のような気持ちです」といきものがかりに対する思いを語った。続いて2人はいきものがかりのデビューと重なる2006年3月にリリースした「ボクノート」や、今年3月11日にリリースされたばかりのコラボレーションアルバム「いきものがかり meets 2」より「じょいふる」をパフォーマンス。会場の熱気を引き上げた。 再びベッキーが登場し、槇原敬之、スキマスイッチ、水野によるトークコーナーへ。「水野くんのココが好き」というトークテーマに対し、スキマスイッチの大橋卓弥（Vo, G）は「まとめるのが上手で、僕らのほうが精神年齢が下な気がするくらい落ち着いてるんですよ。そこが嫌いなところです」と回答して笑いを起こした。また「水野くんに今後やってほしいこと」というトークテーマでは、槇原が「LINEを交換してほしい」と答えるも、すでに交換済みであったことが判明。各アーティストとの親交の深さがうかがえるトークが展開された。 ■ JUJU JUJUは「やさしさであふれるように」を情感たっぷりに歌い上げ、一気に観客の心をつかむ。さらに“JUJUメドレー”として「ラストシーン」「この夜を止めてよ」「明日がくるなら」などをノンストップでパフォーマンス。MCでは「オリジナル楽曲と同じくらいカバーというものを大事にしていて」と、「SAKURA」でいきものがかりとコラボした「いきものがかり meets 2」について触れつつ、カバーへの思いを語った。次に歌唱した「Superstar」は3月18日にリリースされるカバーアルバムの収録曲で、JUJUらしいムーディな歌声が観客を魅了した。 ■ バカリズム 幕間の時間、休憩のために出口へ向かう観客の足を止めたのは「輝く！日本歌謡レコードゴールデン音楽ポップスミュージック大賞受賞作を発表します」というナレーション。水野が作曲、バカリズムが作詞を手がけた楽曲「多目的スペースのバラード」が架空の賞の受賞作として紹介され、荘厳なBGMがかかる中、水野とともにバカリズムがステージに登場した。バカリズムらしいコメントで笑いを生み出したあと、2人は「多目的スペースのバラード」を歌唱。ユーモアあふれるコラボステージを届けた。 ■ 槇原敬之 続いて登場した槇原敬之は代表曲「もう恋なんてしない」や、3月25日に配信リリースされる新曲「夢でよかった」などを披露した。MCでは「20年間、音楽をやっていくって並大抵のことではないんです。20年も素敵な音楽を届け続けたいきものがかりに、もう一度おめでとうって言おうじゃないですか」と観客とともにいきものがかりのデビュー20周年を祝福。いきものがかり、本間昭光、トオミヨウを交えて「YELL」をコラボレーションするひと幕もあり、贅沢なステージで会場を盛り上げた。 ■ いきものがかり トリとしてステージに登場したいきものがかりは、「こんな幸せな日あっていいのかな」としみじみと1日を振り返る。コラボパートでは、アイナ・ジ・エンドと「コイスルオトメ」、JUJUと「SAKURA」、上白石萌音と「帰りたくなったよ」、スキマスイッチと「風が吹いている」をパフォーマンスした。その後、2人は「気まぐれロマンティック」「ブルーバード」「うるわしきひと」「じょいふる」を立て続けに披露。観客のボルテージを最高潮に引き上げると、続いて「タユムコトナキナガレノナカデ」を演奏しパフォーマンスを終えた。 ■ エンディング 最後に改めてこの日の出演アーティストがステージへ。いきものがかりは客席をバックに記念撮影したのち、全員で挨拶。「本当に今日は幸せでした。3月15日でメジャーデビュー20周年を迎えますが、やること変わらないので、1つひとつ曲を作って、ライブをして続けていきたいと思っています。本当に今日はありがとうございました！」と感謝の思いを伝え、「超いきものがかりフェス」初日を終えた。 ■ セットリスト □ 「超いきものがかりフェス デビュー20周年だよ!! ～ありがとうって伝えたくて～」2026年3月14日 LaLa arena TOKYO-BAY 上白石萌音 01. まぶしい 02. perfect scene 03. なんでもないや（movie ver.） 04. 奇跡のようなこと 05. hiker 06. 夜明けをくちずさめたら アイナ・ジ・エンド 01. 革命道中 02. ZOKINGDOG 03. Sweet Boogie 04. Red:birthmark SE 05. Red:birthmark 06. アイコトバ 07. じょいふる 08. サボテンガール スキマスイッチ 01. ガラナ 02. 逆転トリガー 03. ボクノート 04. 奏（かなで） 05. じょいふる 06. Ah Yeah!! 07. 全力少年 JUJU 01. やさしさで溢れるように 02. Medley（ラストシーン / この夜を止めてよ / 明日がくるなら / いいわけ / STAYIN' ALIVE / PLAYBACK） 03. Superstar 04. 奇跡を望むなら… バカリズム＆水野良樹 01. 多目的スペースのバラード 槇原敬之 01. もう恋なんてしない 02. 夢でよかった 03. YELL（with いきものがかり、本間昭光、トオミヨウ） 04. Sakura Melody 05. 遠く遠く 06. 僕が一番欲しかったもの いきものがかり 01. ありがとう 02. キミがいる 03. コイスルオトメ（with アイナ・ジ・エンド） 04. SAKURA（with JUJU） 05. 帰りたくなったよ（with 上白石萌音） 06. 風が吹いている（with スキマスイッチ） 07. 気まぐれロマンティック 08. ブルーバード 09. うるわしきひと 10. じょいふる 11. タユムコトナキナガレノナカデ 12. SAKURA",[],[]
【ライブレポート】ハク。と満員の観客が作り上げた梅田クアトロでの熱い夜「なんだか今日、私ちょっと明るくなれた」（音楽ナタリー）,https://news.yahoo.co.jp/articles/44fbc1eb4e5a1b4d9adba83b745e5ce6679b2ed7,https://newsatcl-pctr.c.yimg.jp/t/amd-img/20260318-00000134-natalien-000-1-view.jpg?exp=10800,2026-03-18T19:35:10+09:00,2026-03-18T19:35:10+09:00,音楽ナタリー,natalien,音楽ナタリー,2602,"あい（Photo by toya） ハク。の東名阪ワンマンツアー「GO -クアトロツアー編」が、3月13日に地元である大阪の梅田CLUB QUATTROにてファイナルを迎えた。彼女たちの注目度を証明するように、この日はチケットがソールドアウトして会場は満員に。さらにYouTubeでの生配信を通じて、数多くの視聴者が彼女たちのステージを目撃した。 【写真10枚】満員の観客の前でステージに立つハク。の4人 ■ 「眠たくなったら寝ちゃっても、叫びたくなったら叫んでもいいです」 開演時刻を迎えメンバーがステージに姿を現すと、フロアからは一斉に温かいハンドクラップが巻き起こる。ライブは軽快なアンサンブルが弾む「頭の中の宇宙」で開幕。4人は音を合わせる喜びを噛み締めるように、時折笑顔を交わしながら演奏し、会場にポジティブな空気を広げていく。 「南新町」でオーディエンスがリズムに合わせて一斉に腕を振り上げると、続く「あいっ！」ではメンバーの掛け声に呼応して客席からクラップが鳴り響く。「夢中猫」では猫の鳴き声のようなキュートなコーラスで、会場は笑顔でいっぱいに。切れ味の鋭いバンドサウンドとは対称的な、この4人ならではの愛らしく温かな空気が混ざり合って、独自の心地よい空間が生み出された。 「ナイーブ女の子」ではミラーボールの光が揺れ、ロマンチックなムードに。なずな（G）が奏でるクリーントーン主体の浮遊感あるギター、表情豊かなカノ（B）の心躍るベースライン、まゆ（Dr）が叩き出すヘビーでありながら軽やかに前進するようなドラム、その上でまっすぐに感情を届けるあい（Vo, G）のボーカル、そしてメンバーによる透明感のあるコーラスが渾然一体となり、楽曲は勢いよく駆け抜けていく。 ミラーボールの光がロマンチックなムードを演出した「ナイーブ女の子」を経て、あいはMCで「今日はたっぷり時間があるので、皆さんも自分の好きなように、眠たくなったら寝ちゃってもいいし、叫びたくなったら叫んでもいいです。そんな自由な楽しみ方で最後までいてくれたらいいなって思います」と語りかけ、観客にそれぞれの楽しみ方を委ねる。その言葉を体現するように、「無題」からはテンポを落とし、言葉をしっかり届けるセクションへ。丁寧に紡がれる歌が、会場の空気を静かに引き締めていく。 ■ 「なんだか今日、私ちょっと明るくなれた気がします」 「第六感」であいがアコースティックギターに持ち替えると、フォーキーなサウンドでそれまでとは違ったバンドの一面を提示。かと思えば「直感 way」では、メンバーの演奏と観客のクラップで、会場はまるでセッションしているかのような一体感に包まれる。「自由のショート」では、空間系エフェクトの効いたなずなのギターソロが、切なさを帯びた心地よい余韻を残した。 初めての梅田CLUB QUATTROでのワンマンについて、あいは「いろんなバンドを観に来たことがあって、すごく好きな人ばっかり出てたから、自分がここにいることがすごく光栄です。震えてるけどね（笑）」と素直な胸の内を明かす。そして満員のフロアを見渡して「目に見えて実感することってあるじゃないですか。今日は目に見えて実感できてるので、とってもうれしいです」と来場者に感謝し、「なんだか今日、私ちょっと明るくなれた気がします」と笑みを浮かべた。 ライブは「なつ」から後半戦へ。透き通ったギターソロがどこまでも伸びていくかと思いきや、ポップな雰囲気のあったそれまでから一転、激しく明滅するライトとともに爆音が鳴り響き、そのまま「dedede」へとなだれ込む。スピード感のあるスリリングな演奏にフロアの熱量はどんどん上昇。さらに「回転してから考える」へとノンストップでつなぐと、イントロが鳴った瞬間に歓声が上がり、サビでは観客が楽しそうにタオルを振り回す光景が広がった。 ■ 「初めての感覚を大事にしようと決めてたんです」 そしてメジャー1stシングル「それしか言えない」へ。シューゲイザー的な分厚いギターノイズの轟音の中で、埋もれずに存在感を放つあいの力強いボーカル。それに観客も力強く腕を振り上げて応え、ライブはクライマックスへと突き進んでいく。本編のラストを飾ったのは、3月4日にリリースされたばかりの新作EPのタイトルトラック「世界」。聴く者の胸を打つ切ないバラードで、ライブ本編は美しく締めくくられた。 アンコールの声に応えて4人がステージに戻ると、まずカノが中心となってツアーグッズを紹介。軽妙なトークで観客の購買意欲をくすぐりながら、和やかな空気を作り出す。まゆは「数年前はQUATTROでツアーができるようになるなんて思ってなかったから、こんなにたくさんの人が来てくれてソールドアウトになって、ホンマにうれしいです」と目の前にいるたくさんのオーディエンスに感謝。普段は口数少ないなずなも「QUATTROは初めて立つ場所だから、初めての感覚を大事にしようと決めて東名阪を回ってたんです。今日も終わったあとに考えることがいっぱいあると思うけど、それが自分の曲になってみんなに伝わっていったらいいなって、みんなの日々のパワーに少しでもなれたらうれしいなって思ってます」と語り、それぞれがツアーを通じて得た実感を言葉にした。 アンコール1曲目は「BLUE GIRL」。カノとなずなによる透明感のあるコーラスがはっきりと輪郭を持ち、あいのボーカルと一体になって美しいハーモニーを生み出していく。そして最後に届けられたのは「僕らじゃなきゃだめになって」。ステージとフロアが互いの存在を確かめ合うような、深く胸に染み入る演奏で、東名阪ツアーは大団円を迎えた。 ■ セットリスト □ ハク。「GO -クアトロツアー編」2026年3月13日 梅田CLUB QUATTRO 01. 頭の中の宇宙 02. 南新町 03. あいっ！ 04. 夢中猫 05. ナイーブ女の子 06. 奥二重で見る 07. ふわ輪 08. 無題 09. 第六感 10. 直感 way 11. 自由のショート 12. なつ 13. dedede 14. 回転してから考える 15. それしか言えない 16. 世界 ＜アンコール＞ 17. BLUE GIRL 18. 僕らじゃなきゃだめになって",[],[]
PSYCHIC FEVERが4年ぶりアルバム発表、リリイベも開催（音楽ナタリー）,https://news.yahoo.co.jp/articles/bebfaca81eac8793606479029f7ed9cc0d3e2db4,https://newsatcl-pctr.c.yimg.jp/t/amd-img/20260318-00000132-natalien-000-1-view.jpg?exp=10800,2026-03-18T19:05:24+09:00,2026-03-18T19:05:24+09:00,音楽ナタリー,natalien,音楽ナタリー,1300,"PSYCHIC FEVER PSYCHIC FEVERの2ndアルバム「DIFFERENT」が7月10日にリリースされる。 【動画】PSYCHIC FEVERのファーストテイク動画を観る 「DIFFERENT」は、2022年7月に発表された1stアルバム「P.C.F」以来、4年ぶりとなるアルバム。「DIFFERENT」というタイトル通り、タイプの異なる計10曲が収められる。構想および制作に約2年を要した本アルバムの収録曲などの詳細は、後日アナウンスされる。なお、先行シングルは5月にミュージックビデオと併せて発表される。 アルバムはデジタルリリースのほかに初回限定盤A、BとLDHオフィシャルSHOP限定盤2種、通常盤の計5種類が用意される。初回限定盤Aに付属するBlu-rayには昨年開催されたライブツアー「PSYCHIC FEVER LIVE TOUR 2025 ""EVOLVE"" in JAPAN」より6月に行われた東京公演の模様が収められ、初回限定盤Bには100ページの撮り下ろしカラーフォトブックが付属する。LDHオフィシャルSHOP限定盤は初回限定盤A、Bに限定グッズが加えられたもので、ファンクラブ会員のみに限定で販売される。なお、リリースに先駆けて4月10日からユニット撮影会やお見送り会といったリリースイベントが開催される。イベントの詳細はオフィシャルサイトでチェックしよう。 また、4月からinterfmにてラジオ番組「PSYCHIC FEVER No Border Boundaries」が放送される。JIMMYとWEESAがDJとしてレギュラー出演し、さまざまな楽曲をセレクトしてオンエアする。 ■ PSYCHIC FEVER「DIFFERENT」収録内容 □ CD 全10曲収録予定 □ 初回限定盤A / LDHオフィシャルSHOP限定盤A付属Blu-ray ・「PSYCHIC FEVER LIVE TOUR 2025 ""EVOLVE"" in JAPAN@Zepp DiverCity（TOKYO）」 ■ PSYCHIC FEVER「DIFFERENT」リリースイベント 2026年4月10日（金）大阪府 あべのキューズモール 3F スカイコート 2026年4月16日（木）東京都 アーバンドックららぽーと豊洲 シーサイドデッキメインステージ 2026年4月23日（木）愛知県 イオンモール大高 1F グリーンコート 2026年4月25日（土）福岡県 ららぽーと福岡 1階 中央 メディアパーク 2026年4月30日（木）宮城県 イオンモール新利府店 南館 1階 ライブスクエア 2026年5月2日（土）神奈川県 横浜ワールドポーターズ 7F ルーフ・トップ・ワールド 2026年5月3日（日・祝）東京都 タワーレコード渋谷店 9F イベントスペース 2026年5月4日（月・祝）埼玉県 ステラタウン大宮 1F メローペ広場 2026年5月5日（火・祝）埼玉県 イオンレイクタウンkaze 光の広場 2026年5月6日（水・振休）愛知県 アスナル金山 and more",[],[]
乃木坂46川﨑桜から漂うニースの海風、青空に白ビキニが眩しい（音楽ナタリー）,https://news.yahoo.co.jp/articles/1d108e8f9f9c35806cb8e654895e09079243d1c5,https://newsatcl-pctr.c.yimg.jp/t/amd-img/20260318-00000131-natalien-000-1-view.jpg?exp=10800,2026-03-18T19:05:23+09:00,2026-03-18T19:05:23+09:00,音楽ナタリー,natalien,音楽ナタリー,333,川﨑桜（乃木坂46）1stソロ写真集「エチュード」通常版の表紙。（撮影：須江隆治） 4月14日に発売される川﨑桜（乃木坂46）の1st写真集「エチュード」の先行カット第12弾が公開された。 【これが南仏の風】ニースの海岸で白ビキニ姿の川﨑桜（乃木坂46）。 川﨑がかねてより憧れていたフランスのニースとパリの2都市で撮影が行われた「エチュード」。川﨑は5種類の水着に加え、4種類のランジェリーでの撮影にも挑戦。彼女の私服を含め、約30着におよぶ多彩な衣装を着こなしている。 このたび公開されたのは、ニースの海岸で撮影されたカット。青空と地中海を背に、川﨑が湿ったTシャツを脱ぐ瞬間の姿を捉えている。太陽の光のもとで白いビキニが映える、ニースの海風を感じさせる1枚だ。,[],[]
クリープハイプが新EPリリース、タイトルは「仮のまま定着したような愛情で」（音楽ナタリー）,https://news.yahoo.co.jp/articles/c147e4746d2fab5e19ab630916aafdbca9324470,https://newsatcl-pctr.c.yimg.jp/t/amd-img/20260318-00000130-natalien-000-1-view.jpg?exp=10800,2026-03-18T19:05:21+09:00,2026-03-18T19:05:21+09:00,音楽ナタリー,natalien,音楽ナタリー,975,"クリープハイプ「仮のまま定着したような愛情で」ジャケット クリープハイプが5月27日に新作EP「仮のまま定着したような愛情で」をリリースする。 【写真】左から2番目が尾崎世界観 EPの発売は前作「だからそれは真実」から約3年2カ月ぶり、新譜としてはアルバム「こんなところに居たのかやっと見つけたよ」から約1年半ぶりとなる。「仮のまま定着したような愛情で」には、バンドらしい制作スタイルで作り上げたという新曲5曲を収録予定で、トラックリストは後日発表される。ジャケットはクリープハイプ作品を多数手がけるアートディレクター・寄藤文平が担当。尾崎世界観（Vo, G）が撮影した写真をもとに網点を用い、儚くも繊細な表現で構築された。 今作の初回限定盤、通常盤には特典DVDが付属。初回限定盤にはメンバー自らがカメラを回したドキュメンタリー映像、通常盤には本EPの制作期間におけるレコーディングやライブのメイキング映像がそれぞれ収められる。また予約購入者限定で、ライブハウスツアー「あのころ一番熱いのは君の口の中だった」のチケット先行抽選申し込みができるシリアルナンバーが付与される。ツアーは5月から6月にかけて行われる。 ■ クリープハイプ ライブハウスツアー2026「あのころ一番熱いのは君の口の中だった」 2026年5月11日（月）神奈川県 KT Zepp Yokohama 2026年5月12日（火）神奈川県 KT Zepp Yokohama 2026年5月18日（月）福岡県 Zepp Fukuoka 2026年5月19日（火）福岡県 Zepp Fukuoka 2026年5月22日（金）大阪府 Zepp Osaka Bayside 2026年5月23日（土）大阪府 Zepp Osaka Bayside 2026年5月29日（金）北海道 Zepp Sapporo 2026年5月31日（日）宮城県 SENDAI GIGS 2026年6月3日（水）愛知県 Zepp Nagoya 2026年6月4日（木）愛知県 Zepp Nagoya 2026年6月6日（土）広島県 BLUE LIVE HIROSHIMA 2026年6月10日（水）東京都 Zepp Haneda（TOKYO） 2026年6月11日（木）東京都 Zepp Haneda（TOKYO）",[],[]
JUMANJIがニューアルバム「SUP」リリース、JJJ＆STUTSプロデュース曲MV公開（音楽ナタリー）,https://news.yahoo.co.jp/articles/463f919473f0b00b6b05b0212fd7109abf49933d,https://newsatcl-pctr.c.yimg.jp/t/amd-img/20260318-00000129-natalien-000-1-view.jpg?exp=10800,2026-03-18T19:05:11+09:00,2026-03-18T19:05:11+09:00,音楽ナタリー,natalien,音楽ナタリー,862,JUMANJI 東京と川越を拠点に活動するラップグループJUMANJIがニューアルバム「SUP」を本日3月18日にリリースした。 【動画】JJJ＆STUTSプロデュース曲ミュージックビデオ 本作には、キャリア初期から現場をともにしてきたJJJ & STUTSをはじめ、SCRATCH NICE、Gradis Nice、クルーのメンバーのDJ YAB、NAGMATIC、MASS-HOLE、Cedar Law$、METといったビートメイカーが参加した全10曲を収録。JUMANJIらしいオーセンティックなヒップホップへの変わらぬ愛情や自分たちのキャリアのこれまでとこれからを描いた作品となっている。YouTubeではJJJ & STUTSプロデュースによる楽曲「views」のミュージックビデオも公開中。MVのディレクションは新進気鋭の映像作家SHOPPEが担当した。 また6月6日にはアルバムのリリースイベントが東京・ORD.で開催される。 ■ JUMANJI「SUP」収録曲 1. MOONY（Prod. YAB） 2. views（Prod. JJJ & STUTS） 3. TESORO（Prod. SCRATCH NICE） 4. GDT（Prod. NAGMATIC） 5. SHEETS（Prod. Gradis Nice） 6. GASS（Prod. MASS-HOLE） 7. EVER（Prod. Cedar Law$） 8. 21∞（Prod. MET） 9. PRICE（Prod. Gradis Nice） 10. SUP（Prod. YAB） ■ JUMANJI「SUP」Release Party 2026年6月6日（土）東京都 ORD. OPEN 23:00 Release Live：JUMANJI DJ：FUNKTION CREW / Gradis Nice / MASS-HOLE / MET / SCRATCH NICE Live：Flat Line Classics and more,[],[]
plentyのベストアルバム「inside」本日発売、アナログ盤に再び謎のシリアルカードが（音楽ナタリー）,https://news.yahoo.co.jp/articles/c5829abf2703beb680730b9360da8bb86a4ff798,https://newsatcl-pctr.c.yimg.jp/t/amd-img/20260318-00000128-natalien-000-1-view.jpg?exp=10800,2026-03-18T19:02:10+09:00,2026-03-18T19:02:10+09:00,音楽ナタリー,natalien,音楽ナタリー,398,"plenty「inside」ジャケット plentyのベストアルバム「inside」が、本日3月18日にアナログ盤と配信でリリースされた。 【画像】再始動を発表したplenty、新ドラマー迎え新体制に 今年はCDデビュー15周年を記念し、さまざまな施策を展開しているplenty。今月3日には「plenty re:birth」と銘打った再始動プロジェクトを発表し、大きな注目を浴びた。「inside」は、江沼郁弥（Vo, G）が選曲および曲順を手がけたベストアルバム第2弾。1月21日には第1弾「outside」が発売されている。 「inside」の発売に合わせて、本作のアナログ盤に前作同様、シリアルナンバー入りカードが封入されていることも明らかに。今回のカードには「2026.05.11」と記されているが、この日付が何を意味するのかは不明だ。ファンは5月11日に何が起こるのか楽しみに待とう。",[],[]
DYGLが3カ月連続で新曲発表、第1弾は躊躇なく攻め抜くアティテュード表現（音楽ナタリー）,https://news.yahoo.co.jp/articles/31f60c988e191cb2361c9235096265221c7af08b,https://newsatcl-pctr.c.yimg.jp/t/amd-img/20260318-00000111-natalien-000-1-view.jpg?exp=10800,2026-03-18T18:05:47+09:00,2026-03-18T18:05:47+09:00,音楽ナタリー,natalien,音楽ナタリー,744,"DYGL DYGLが3カ月連続で新曲をリリースすることを発表。その第1弾となる楽曲「All Tomorrows」が本日3月18日に配信された。 【企画】4月開催「Crossing」にはkanekoayano、ZAZEN BOYSらが出演 4月に4都市を巡る自主企画「Crossing 2026」を開催し、5月5日には東京・下北沢 BASEMENTBARと下北沢THREEでツアーのアフターパーティも行うDYGL。「All Tomorrows」はアメリカのオルタナティブロックやガレージパンクならではの激しさを前面に押し出しつつ、躊躇なく攻め抜くアティテュードを表現した1曲だ。 ■ DYGL presents ""Crossing 2026"" 2026年4月13日（月）沖縄県 桜坂セントラル ＜出演者＞ DYGL / Texas 3000 2026年4月17日（金）大阪府 梅田CLUB QUATTRO ＜出演者＞ DYGL / テレビ大陸音頭 2026年4月18日（土）愛知県 名古屋CLUB QUATTRO ＜出演者＞ DYGL / ZAZEN BOYS 2026年4月23日（木）東京都 渋谷CLUB QUATTRO（※ソールドアウト） ＜出演者＞ DYGL / kanekoayano ■ DYGL presents ""Crossing 2026 After Party"" 2026年5月5日（火・祝）東京都 下北沢 BASEMENTBAR / 下北沢THREE OPEN 15:30 / START 16:00 ＜出演者＞ DYGL / DOGO / Luby Sparks / Modern Jazz War / Nag Ar Juna / Tocago / and more",[],[]
LE SSERAFIMを至近距離で体感、VRコンサート上映　こちらの動きに反応してくれるかも（音楽ナタリー）,https://news.yahoo.co.jp/articles/0a1993ea178286658e5f85a465bba7fb0b06930a,https://newsatcl-pctr.c.yimg.jp/t/amd-img/20260318-00000110-natalien-000-1-view.jpg?exp=10800,2026-03-18T18:05:39+09:00,2026-03-18T18:05:39+09:00,音楽ナタリー,natalien,音楽ナタリー,873,LE SSERAFIM「LE SSERAFIM VR CONCERT：INVITATION」キービジュアル (P)&(C) SOURCE MUSIC LE SSERAFIMの上映企画「LE SSERAFIM VR CONCERT：INVITATION」が開催される。 【HKT48から】11年ぶりの東京ドームとなったSAKURA（LE SSERAFIM）。 「LE SSERAFIM VR CONCERT：INVITATION」は、HYBEの女性アーティストとしては初となるVRコンサート企画。8Kで撮影した映像に独自のVFXやAI処理を施した12K相当の映像と7.1chサラウンド音響を組み合わせ、観客が至近距離でパフォーマンスを体感できる演出が特徴だ。観客の動きに反応するインタラクション要素や、特定のメンバーを選択して楽しむことができるシーンなど、VRならではの体験も盛り込まれる。演出は、VRコンサート制作会社のAMAZEが担当した。 上映は4月15日に日本、韓国、アメリカ、台湾でスタート。日本では東京・109シネマズプレミアム新宿と大阪・T・ジョイ梅田の2会場で実施される。観客はVRヘッドセットを装着して鑑賞する。 上映期間は東京会場が5月14日まで、大阪会場が5月7日まで。来場者には第1弾、第2弾に分けて2会場共通の特典が配布される。通常チケットは東京会場が税込5000円、大阪会場が4400円で、本日3月18日18:00に販売がスタートした。 またローソンチケットでは、購入者特典が付いた「FEARNOTチケット」を販売中。「FEARNOTチケット」は4月15日から19日までの上映回限定のチケットで、予定枚数に達し次第、販売終了となる。 ■ LE SSERAFIM「LE SSERAFIM VR CONCERT：INVITATION」 2026年4月15日（水）～5月14日（木）東京都 109シネマズプレミアム新宿 2026年4月15日（水）～5月7日（木）大阪府 T・ジョイ梅田 (P)&(C) SOURCE MUSIC,[],[]
ヨルシカがアニメ「LIAR GAME」OPテーマ担当、EDはLucky Kilimanjaro（音楽ナタリー）,https://news.yahoo.co.jp/articles/fee406551467e6463f597f733ffd4d533d171e09,https://newsatcl-pctr.c.yimg.jp/t/amd-img/20260318-00000108-natalien-000-1-view.jpg?exp=10800,2026-03-18T18:05:26+09:00,2026-03-18T18:05:26+09:00,音楽ナタリー,natalien,音楽ナタリー,2035,アニメ「LIAR GAME」の主題歌を担当するヨルシカとLucky Kilimanjaro。 4月6日深夜からテレ東系で放送されるアニメ「LIAR GAME」のオープニングテーマをヨルシカが、エンディングテーマをLucky Kilimanjaroが担当することが決定した。 【サイン当たる】キャンペーンの詳細 「LIAR GAME」は、雑誌「週刊ヤングジャンプ」で連載された同名マンガを原作としたアニメ。バカ正直な女子大生・カンザキナオが、嘘と駆け引きで巨額の金を奪い合う“ライアーゲーム”に巻き込まれていく。 オープニングテーマはヨルシカの新曲「あぶく」。同じ言葉の繰り返しを意味する“トートロジー”を題材に制作された。n-bunaはOPテーマを担当するにあたって「眼前の目の前のモチーフもしくは題材を様々で多様な角度から覗き込み、あるいは覗き込んだり、幾度も同じものを描き、描写し、手を替え品を替えアウトプットし、かつ出力することがこの日常的な活動、つまり生活の全てです。これはそういった自分の中の火と、炎と、熱と光の放出、つまり火を表した歌詞であり詩です。そして同時に、ただ愚直に、同様の同じことを繰り返す誠実さこそを愛しています。その繰り返しの愚直さこそがLIAR GAMEの彼女、そして彼に重なること、つまり合致することを祈り、願い、そして祈っています」と語っている。YouTubeで公開されているアニメのMVでは、「あぶく」の一部をいち早く聴くことができる。 一方のエンディングテーマはLucky Kilimanjaroの新曲「朝日」。カンザキの持つ“信じる心”から着想を得て制作された。Lucky Kilimanjaroは楽曲について「高度な頭脳戦でオーバーヒートした頭を和らげてくれる曲だと思います。ぜひ楽しんでください！」とコメントしている。 また主題歌の決定を記念して、現在アーティスト直筆のサイン入りポスターが当たるキャンペーンが実施されている。「LIAR GAME」のX公式アカウント（@liargame_anime）をフォローして対象の投稿をリポストすると、抽選でヨルシカとLucky Kilimanjaroのサイン入りポスターが1名ずつに当たるキャンペーンに応募することができる。またアカウントをフォロー後、アカウントに投稿される謎解き問題に参加して指定のハッシュタグ（ #100嘘カウントダウン ）を付けてポストすることで、サイン入りポスター第2弾が当たるキャンペーンにも応募できる。 ■ n-buna（ヨルシカ）コメント あぶくという楽曲はトートロジー、つまり同語反復、同義反復を題材として書きつつ制作し作りました。僕たち私たちもしくは僕たちの生きている生活の活動のこと、または生活の活動、つまり生活のことです。生活の活動とも言えるかもしれません。それは繰り返し、再三と行い、あるいはリピートすることそのもので、モチーフを変えないデッサンやデッサンであって、何度も、もしくは何度も浮かび浮上し、そして消失し消え失せるあぶくで、また、泡だと言えることに言及させてください。 つまり僕たちの生きている生活の内部のその中の内側、もしくは内側の内部に何かを生じさせ、それを発生させ、生み出すこと。いや、内側の内部でした。その内部の内側に生まれるそれが、何で何物なのか、もしくは何物で何なのかをずっと探しています。いや、探しているとも言えるかもしれません。探しているとも言えます。探すにあたって、探しているということです。探しています。新しいことは新しいことではなく、ただ初めての反復があるだけなのです。眼前の目の前のモチーフもしくは題材を様々で多様な角度から覗き込み、あるいは覗き込んだり、幾度も同じものを描き、描写し、手を替え品を替えアウトプットし、かつ出力することがこの日常的な活動、つまり生活の全てです。これはそういった自分の中の火と、炎と、熱と光の放出、つまり火を表した歌詞であり詩です。そして同時に、ただ愚直に、同様の同じことを繰り返す誠実さこそを愛しています。その繰り返しの愚直さこそがLIAR GAMEの彼女、そして彼に重なること、つまり合致することを祈り、願い、そして祈っています。 ■ Lucky Kilimanjaro コメント 私たちはときに、迷い落胆し暗がりの中へ隠れようとしてしまいます。 神崎直の持つ信じる心に、暗がりを照らしてもう一度明るい場所へ連れ出してくれる光のようなものを感じ、楽曲として表現しました。 高度な頭脳戦でオーバーヒートした頭を和らげてくれる曲だと思います。ぜひ楽しんでください！ ■ アニメ「LIAR GAME」初回の番組情報 □ 放送日時 テレ東系 2026年4月6日（月）24:00～ ※毎週月曜24:00～放送 BSテレ東 2026年4月11日（土）24:00～ ※毎週土曜24:00～放送,[],[]
kZm、2026年初の楽曲「Blue×3（prod. Chaki Zulu）」リリース（音楽ナタリー）,https://news.yahoo.co.jp/articles/6c7f842a9af543875772121126b50a5f18bd0119,https://newsatcl-pctr.c.yimg.jp/t/amd-img/20260318-00000106-natalien-000-1-view.jpg?exp=10800,2026-03-18T18:05:15+09:00,2026-03-18T18:05:15+09:00,音楽ナタリー,natalien,音楽ナタリー,201,"kZm「Blue×3 （prod. Chaki Zulu）」配信ジャケット ラッパーkZmが2026年初となる楽曲「Blue×3（prod. Chaki Zulu）」を本日3月18日に配信リリースした。 【写真】AwichらとともにYENTOWNに所属するラッパーkZm 「Blue×3」はkZmを取り巻くさまざまな「青」をモチーフにした楽曲。""晴れの青""と""心のブルー""のコントラストが描かれている。",[],[]
茨城出身・石崎ひゅーいの上京物語～東京ウブストーリー～（音楽ナタリー）,https://news.yahoo.co.jp/articles/89eeffddac7f94801fbcff0643a96f418d0bf962,https://newsatcl-pctr.c.yimg.jp/t/amd-img/20260318-00000104-natalien-000-1-view.jpg?exp=10800,2026-03-18T18:05:10+09:00,2026-03-18T18:05:10+09:00,音楽ナタリー,natalien,音楽ナタリー,2368,バンド時代、20歳の頃に友人の結婚式で「ガールフレンド」を歌う石崎ひゅーい。 来たる新生活に向けて住み慣れた街を離れ、期待と不安を胸に東京での暮らしを始める人も多いこの季節。本連載では地方出身のアーティストに「上京」をテーマにエッセイを依頼し、東京に“ウブ”だった頃の思い出をつづってもらいます。 【動画】石崎ひゅーい「Tokyo City Lights」を全曲試し聴き 今回は、茨城出身で、東京を題材にした最新アルバム「Tokyo City Lights」を本日3月18日にリリースした石崎ひゅーいさんが登場。オフィスビルや住宅マンション、車のヘッドライト……東京の街に灯る無数の光の向こうには、日々を懸命に生きる人たちの営みがあります。石崎さんはそんな東京の風景に自身の暮らしを重ねながら、この街で夢を追いかける人たちに「ともにがんばろう」とエールを送る文章を寄稿してくれました。これから上京する人はもちろん、かつて上京を経験した人もそうでない人も、石崎さんが紡ぐ上京物語をお楽しみください。 ■ 僕はこれまでの人生の中で一番大きな決断をした 「表現しなさい」 幼い頃、感情表現が不得意な僕に母がよく掛けていた言葉だ。きっと母は僕のことを表現者にしたいと考えていたんだと思う。デヴィッド・ボウイやトム・ウェイツを教えられ、地元の劇団に入団させられ、ダンスやバンドもやり始めた。とにかく目まぐるしかった。コンサートや舞台を観に東京まで連れて行かれた時もあった。田舎街じゃ見れない特別な何かが東京にはある。幼いながらにそう感じ、ぼんやりと頭の中で「この場所で自分も何かを目指していくのかもしれないな」、そんな表現欲求が芽生え始めた時期だった。 僕は18で上京した。とは言っても実家まで電車で2時間くらいの距離だったから正直そこまで上京感は無かった。今思えばぬるっとしていた。その頃僕はバンドで活動をしていたが、何か漠然としていた。お客さんはなかなか増えず、バイト代は酒とパチンコに吸い込まれていった。だが不思議と焦りは無く、むしろ心地良かった。東京という街は夢や理想を生かしも殺しもする。立ち向かうことも甘えることも出来てしまう。どうしようもなさを美化することも、成功の向こうにはまた壁があることも、全部東京で勉強した。 26の頃、まだバンドを続けていた。活動に対して不満はなかったけれど、不安を感じるようになってきた。歴もだいぶ長くなってきたが音楽だけで生きていくのには程遠い、薄いもやの中にずっといるような感覚でいた。そんな中、音楽プロデューサーの須藤晃さんと出会い、一人で歌うことを提案された。迷った。メンバーとも深く話をした。そこで僕はこれまでの人生の中で一番大きな決断をした。僕はバンドを解散し、一人で歌う道を選んだ。 夜の東京を歩いているとふと立ち止まりたくなる瞬間がある。ビルの窓、マンションのベランダ、信号待ちの車のヘッドライト。無数の光が街のあちこちに浮かんでいて、それぞれが小さな星みたいに瞬いている。遠くから見ればただの灯りだけれど、その一つひとつの向こう側には誰かの生活がある。今日という一日をやり過ごして帰ってきた人。まだ机に向かって夢を追い続けている人。誰かのことを想いながら、眠れない夜を過ごしている人。東京の夜は、そんな無数の物語で出来ている。そう思うようになったのはこの街で長く暮らすようになってからかもしれない。気が付けば人生の半分以上を東京で過ごしていた。“安心”という名の故郷から離れて、歌を作りながらこの街で生きてきた。うまくいったことより、うまくいかなかったことの方が多い気もする。思い描いていた夢や理想は、時間と一緒に少しずつ形を変えていった。「これでいいや」と自分に言い聞かせる日もあるし、「いや、これじゃなきゃだめだ」と言い張る日もある。そんな自分を、もう一人の自分がどこか高い場所から眺めているような感覚になることもある。それでも、この街で諦めようと思ったことはない。東京には、諦めきれない人がたくさんいるからだと思う。大人になっても夢を追い続けている人。報われない夜を何度も越えている人。うまく笑えない日でも、また朝を迎えて街へ出ていく人。そんな人たちの灯りが、この街にはずっと灯っている。 人生は交差点みたいなもので、誰かと出会ったり、すれ違ったりしながら進んでいく。交わった時間もあれば、ほんの一瞬だけ隣を歩いた人もいる。でも、どこかで見たその灯りが、知らないうちに誰かを照らしていることもきっとある。街はそういう光で出来ているのかもしれない。そんな景色を思い浮かべながら、最近「Tokyo City Lights」という歌を書いた。 この街のどこかで、同じ灯りを見上げている誰かに届いたらいいなと思っている。 ■ 石崎ひゅーい 1984年3月7日生まれ、茨城県水戸市出身。高校卒業後、大学で結成したバンドにてオリジナル曲でのライブ活動を本格化させる。その後は音楽プロデューサー須藤晃との出会いをきっかけにソロシンガーに転向し、精力的なライブ活動を展開。2012年7月、ミニアルバム「第三惑星交響曲」でメジャーデビューを果たす。2013年6月にテレビ東京系ドラマ「みんな！エスパーだよ！」のエンディング曲「夜間飛行」を、7月に1stフルアルバム「独立前夜」をリリース。2020年11月、菅田将暉へ提供した映画「STAND BY ME ドラえもん 2」の主題歌「虹」が大ヒットを記録する。2026年3月、6thアルバム「Tokyo City Lights」をリリース。7月に東阪でホール公演を開催する。 石崎ひゅーい 石崎ひゅーい (@huwie0307) / Posts / X,[],[]
大友良英が全編生演奏、ダンサー・小暮香帆の3年ぶり新作公演「霧と斜面の隙間風 / inner silence」開催（音楽ナタリー）,https://news.yahoo.co.jp/articles/e99d1a09fdb49183733c251671a7b24359995a73,https://newsatcl-pctr.c.yimg.jp/t/amd-img/20260318-00000103-natalien-000-1-view.jpg?exp=10800,2026-03-18T18:03:10+09:00,2026-03-18T18:03:10+09:00,音楽ナタリー,natalien,音楽ナタリー,721,小暮香帆「霧と斜面の隙間風 / inner silence」キービジュアル 大友良英が音楽を担当する、小暮香帆の新作公演「霧と斜面の隙間風 / inner silence」が3月20～22日に東京・吉祥寺シアターで開催される。 【写真】小暮香帆の新作公演に生演奏を添える大友良英。 小暮は、国内外のアートシーンで独自の存在感を放つダンサー・振付家。昨年6月に東京・立川ステージガーデンで行われたライブイベント「FESTIVAL FRUEZINHO 2025」では、ドラマーのビリー・マーティンとのコラボステージを披露した。 彼女にとって3年ぶりの新作公演となる「霧と斜面の隙間風 / inner silence」は、グループ作品「霧と斜面の隙間風」と短編ソロ「inner silence」の2本立てのダンス作品。大友はその全編に、生演奏で音楽を添える。なお「霧と斜面の隙間風」には小暮のほかに、石川朝日、倉田翠、黒田健太、モテギミユといった面々も出演する。 チケットはPeatixにて販売中。すでに完売の回もあるので、気になる人は早めにチェックしよう。 ■ 小暮香帆 新作公演「霧と斜面の隙間風 / inner silence」 2026年3月20日（金）東京都 吉祥寺シアター OPEN 18:15 / START 19:00 2026年3月21日（土）東京都 吉祥寺シアター ［第1部］OPEN 12:15 / START 13:00 ※未就学児童の入場可 ［第2部］OPEN 17:15 / START 18:00 ※アフタートークあり 2026年3月22日（日）東京都 吉祥寺シアター OPEN 14:15 / START 15:00,[],[]
muzik will新曲に森田美勇人参加、共演ライブで初披露された曲（音楽ナタリー）,https://news.yahoo.co.jp/articles/71eda9562a28044192d2d1d781de06ffa303548e,https://newsatcl-pctr.c.yimg.jp/t/amd-img/20260318-00000095-natalien-000-1-view.jpg?exp=10800,2026-03-18T17:08:09+09:00,2026-03-18T17:08:09+09:00,音楽ナタリー,natalien,音楽ナタリー,938,muzik will「Sober feat. 森田美勇人」ジャケット muzik willが本日3月18日に新曲「Sober feat. 森田美勇人」をリリースした。 【画像】森田美勇人が敬愛する師匠 muzik willは香川・高松から東京に拠点を移したアーティスト。ラップを軸に、R&Bやハウス、オルタナティブを取り入れたジャンルレスな楽曲を制作している。控えめなビートと奥行きのあるグルーヴ、都会的な空気感の中にどこかナイーブな揺らぎを漂わせるサウンドが特徴だ。言葉にならない感情や夜の静けさを、空間的なアレンジと繊細なリズムで描写し、ダンサブルでありながら内省的な音像を提示している。近年は東京・サンリオピューロランドのオールナイトイベント「SPOOKY PUMPKIN 2024 ～PURO ALL NIGHT HALLOWEEN PARTY～」や東京・LIQUIDROOMの年越しライブ「liquidroom presents NEW YEAR PARTY 2025」に出演するなど、ライブシーンでも存在感を示している。 楽曲では、酔ってはいないはずなのに足元が揺らぐような感覚とともに「I'm sober」というフレーズが響き、孤独を静かに浮かび上がらせる。重く沈み込むビートの上で、散っていくもののはかなさや過去への皮肉、拭いきれない倦怠感が淡々と描写され、喧騒の中で摩耗していく現実が映し出されている。 新曲「Sober」は“午前2時の東京”を舞台にした楽曲で、プロデュースはyuya saito（yonawo、TRIPPYHOUSING）が担当。森田美勇人が客演として参加している。この曲では、酔ってはいないはずなのに足元が揺らぐような感覚とともに「I'm sober」というフレーズが響き、孤独が静かに浮上。重く沈み込むビートの上で、散っていくもののはかなさや過去への皮肉、拭いきれない倦怠感が淡々と描写され、喧騒の中で摩耗していく現実が映し出されている。なおこの曲は、1月16日に東京・Time Out Cafe & Dinerで行われmuzik willがゲスト出演した森田のライブ企画「FLATLAND SESSION Vol.3」で初披露された。,[],[]
多次元制御機構よだか初のアニメタイアップ、新曲は「またころ」オープニングテーマ（音楽ナタリー）,https://news.yahoo.co.jp/articles/c50ec59e03cb920c3cdb4384196028719c1d448c,https://newsatcl-pctr.c.yimg.jp/t/amd-img/20260318-00000094-natalien-000-1-view.jpg?exp=10800,2026-03-18T17:06:09+09:00,2026-03-18T17:06:09+09:00,音楽ナタリー,natalien,音楽ナタリー,771,「また殺されてしまったのですね、探偵様」キービジュアル ©2026/てにをは/KADOKAWA/またころ製作委員会 多次元制御機構よだかの新曲「スターダスト・エウレカ」が、4月よりTBSとBS11で放送されるテレビアニメ「また殺されてしまったのですね、探偵様」のオープニングテーマであることが発表された。 【動画】「またころ」オープニングテーマが聴けるPVはこちら 「また殺されてしまったのですね、探偵様」はボカロPとして「ヴィラン」「ギラギラ」などの楽曲を手がけ、「女学生探偵シリーズ」などの小説家としての顔も持つ、てにをはが執筆した小説が原作のアニメ。探偵である主人公が事件の行く先々で殺人事件に巻き込まれてしまうが、特殊体質により生き返り、探偵として、被害者として、命懸けで数々の難事件を解決するミステリー作品だ。原作のイラストはライトノベル「ひきこまり吸血姫の悶々」の挿絵などで人気を博す、りいちゅが担当している。 オープニングテーマの「スターダスト・エウレカ」はアニメのために書き下ろされた、多次元制御機構よだかにとって初のアニメタイアップ曲。アニメの重要ポイントである「謎」をモチーフにした歌詞が、ブラスが映えた疾走感のあるサウンドに乗せて歌われている。 YouTubeでは「スターダスト・エウレカ」を用いたアニメのメインPVを公開中。この曲は4月8日に配信リリースされる。 ■ 林直大（多次元制御機構よだか）コメント 真相を突き止めるために、生死の境を文字通り跨ぐ主人公。この奇譚を空から見守る恒星のような歌にしたく筆を奮いました。ところが！ 仕上がったのは赤く妖しい探照灯ではありませんか！ 照らした先にいるのは犯人ですか。主人公ですか。それとも“あなた”ですか？ シーッ、静かに。これから種明かしが始まるところなのですから…,[],[]
注目ラッパーRama Pantera初のEPリリース、Daichi YamamotoやSCRATCH NICEら参加（音楽ナタリー）,https://news.yahoo.co.jp/articles/644d3a22aa5efbce8d17b1cbcee6ee67360d04af,https://newsatcl-pctr.c.yimg.jp/t/amd-img/20260318-00000092-natalien-000-1-view.jpg?exp=10800,2026-03-18T17:05:10+09:00,2026-03-18T17:05:10+09:00,音楽ナタリー,natalien,音楽ナタリー,1318,"Rama Pantera「SHARNGA : Before the Arrow Flies」配信ジャケット ラッパーのRama Panteraによる初のEP「SHARNGA : Before the Arrow Flies」が本日3月18日に配信リリースされた。 【写真】2004年生まれのラッパーRama Pantera Daichi Yamamotoが代表を務めるレーベル・Andlessからのリリースとなる本作には、先行シングル「On & On」を含む全6曲を収録。客演としてDaichi Yamamoto、プロデューサーとしてDJ Mitsu The Beats（GAGLE）、DJ SCRATCH NICE、METらが参加している。 幅広いビートを自在に乗りこなす確かなラップスキルと、力強さと等身大の遊び心を併せ持つリリックがRama Panteraの特徴。今この瞬間にしか歌えない心境や小さな葛藤を、背伸びすることなく率直な言葉で描き出し、情緒的で耳に残るフレーズとして響かせている。 また3月22日には大阪・梅田CLUB QUATTROでAndless初となるショーケースイベント「Andless PRE-RELEASE PARTY」が開催され、Rama Panteraのほか、トークボックスプレイヤー・Kzyboost、プロデューサー / ビートメーカー・4LONらが出演。イベントでは本日リリースされたEPの収録曲も披露される予定だ。今回のイベントでは、23歳以下を対象にしたU-23チケットを2000円にて販売。より多くの人にライブ体験を開く形での開催となる。 ■ Rama Pantera「SHARNGA : Before the Arrow Flies」収録曲 01. TwentyWhat ［Produced by MET, moonjam! / Written by Rama Pantera］ 02. Angry ［Produced by TheSkyBeats / Written by Rama Pantera］ 03. 赤ペン ［Produced by DJ Mitsu The Beats / Written by Rama Pantera］ 04. Game Over ［Produced by DJ Mitsu The Beats / Written by Rama Pantera］ 05. On My Way ［Produced by DJ SCRATCH NICE / Written by Rama Pantera / Daichi Yamamoto］ 06. On & On ［Produced by WICSTONE / Written by Rama Pantera / Arranged by sauce81 / Additional Synth Lead by Kzyboost］ ■ Andless PRE-RELEASE PARTY 2026年3月22日（日）大阪府 梅田CLUB QUATTRO ＜出演者＞ Kzyboost / Rama Pantera / 4LON",[],[]
【ライブレポート】Penthouse、初の日本武道館公演でバンドの軌跡を振り返る「一緒に夢を叶えてくれてありがとう」（音楽ナタリー）,https://news.yahoo.co.jp/articles/e70a9cb47254a7a1b36f628ac8efb0c2fc4971db,https://newsatcl-pctr.c.yimg.jp/t/amd-img/20260318-00000084-natalien-000-1-view.jpg?exp=10800,2026-03-18T15:52:10+09:00,2026-03-18T15:52:10+09:00,音楽ナタリー,natalien,音楽ナタリー,3705,"Penthouse「Penthouse ONE MANLIVE in 日本武道館 ""By The Fireplace""」の様子。（撮影：田中聖太郎） Penthouseのワンマンライブ「Penthouse ONE MAN LIVE in 日本武道館 ""By The Fireplace""」が3月16日に東京・日本武道館で開催された。追加販売されたステージサイド席を含めた全席がソールドアウトとなった本公演。Penthouse初の武道館公演を見届けるべく、会場には約1万人の観客が足を運んだ。 【写真】6人で向かい合って演奏するバンドの始まりの曲 ■ 初武道館公演の幕開けと祝福 暗転するとメンバーのインタビュー映像が流れ、6人それぞれが武道館公演への思いを語る姿が映し出される。その後ステージにメンバーとパーカッション、ホーンセクション3人、コーラス2人、ゴスペル5人の計17人が登場。セッションを始めると自然とクラップが発生し、浪岡真太郎（Vo, G）の「こんばんは、Penthouseです！ 来たぜ、武道館！」という言葉に会場全体から大きな声援が上がる。そしてオープニングの定番曲「Welcome to the Penthouse」からそのまま「Planetary」へ。大島真帆（Vo）のリードによってウェーブとコール＆レスポンスが起きると、会場は温かな一体感に包まれていく。そしてミラーボールのまばゆい光が独創的な雰囲気を生み出す中、続けて披露されたのは、浪岡と大島によるツインボーカルが炸裂する「ナンセンス」。華やかなホーンのハイノートとともにライブのオープニングパートが締めくくられると、観客は初の武道館公演の幕開けを祝福するかのように、目一杯の拍手と声援を送った。 ■ 史上最高のPenthouseを 「今日に向けてたくさん準備してきました。史上最高のPenthouseを見せられるライブにしたいと思います！」という浪岡の力強い宣言に続いた「Stargazer」では、角野隼斗（Piano）と平井辰典（Dr）のスリリングなプレイとホーンセクションの情熱的なソロ回しがオーディエンスを妖艶な空気で包み込む。かと思えば「青く在れ」では清涼感と勢いのあるロックサウンドに乗せて客席中でタオルが回り、角野の軽やかなピアノのイントロで始まった「Minute by Minute」では上品で華やかなグルーヴ感が生み出される。続く「Live in This Way」では大原拓真（B）と矢野慎太郎（G）が向かい合って繰り広げる重厚なプレイに会場が沸き立ち、Penthouseの音楽スタイルの幅広さと確かな演奏技術が立て続けに示された。 ここでピアノとソロボーカルだけで届けられるPenthouseのライブの定番コーナー“Cateen's Time”へ突入。浪岡はDeep Purpleの日本武道館公演の音源が収められたライブアルバムを聴いた際に初めて武道館という場所を認識したと語り、そのアルバムに収録されている楽曲「Smoke on the Water」のカバーを披露。有名なイントロのリフに浪岡の音楽的ルーツを感じさせるエッジの効いたボーカルが続くと、客席から大きな拍手が巻き起こった。続いて大島が登場し、この日はカバー曲ではなくPenthouseの楽曲を披露したかったと前置きして、親から子供への愛を歌った楽曲「花束のような人生を君に」を歌唱。自分を育ててくれた両親への思いをパワフルかつスムースな歌声で届け、エモーショナルな空気に会場を浸した。 ■ 6人で歩んできた軌跡 そして再びメンバー全員がステージにそろい、MCパートへ。浪岡はリハーサルで歯が欠けてしまったという衝撃のエピソードを明かし、平井は「節目の舞台なので根に持っている事件を」と、自身の“渾身の変顔”の写真が長年バンドのGoogleアカウントのアイコンに使用されているというエピソードを披露し笑いを誘った。今回バンドの中心となってライブの演出を担当した大原は、ライブ前日の夜にステージの寸法を間違えてドラムとピアノが舞台に乗らないという悪夢を見たと告白。会社員として働く矢野は午前中にオフィスで働いてから午後休を取って武道館に来たこと、そしてライブ翌日も朝から出社を控えていることを明かし「皆さんも一緒に強く生きましょう」と客席に語りかけた。角野は楽屋で武道館と同じ“八角形”のゴミ箱と鏡を見つけたというエピソードを披露し、大島は「Penthouseは頭の回転が早くて器用なメンバーが多いけど私はそうではないので、つらいなと思うことがある」と告白しながら「だけど、ライブという場では私の価値を還元できるのではないかと思ってます！」と力強く言い放った。 6人の個性あふれるMCに続いて披露されたのは、これまでのPenthouseの軌跡をたどる“武道館スペシャルメドレー”。「Change the world」から「夏に願いを」まで、これまで彼らが生み出してきた楽曲たちがミュージックビデオの映像とともに届けられた。そしてメドレーのあと、Penthouseはテレビアニメ「魔入りました！入間くん」第4シリーズのオープニングテーマである新曲「一二三」を初披露。曲中では「満員御礼」というこの日の武道館の光景にぴったりなフレーズが繰り返され、ピアノとホーンセクションのふくよかな音色が華やかな空気感を演出した。このあと彼らはライブのクライマックスに向けて「フライデーズハイ」「一難」とパワフルな楽曲を重ね、「我愛你」では武道館中にシンガロングを巻き起こす。そして最後に代表曲の「…恋に落ちたら」が披露されると、オーディエンスはライブの終わりを惜しむように手を左右に振りながら歌声を響き渡らせた。 ■ 一緒に夢を叶えてくれてありがとう 鳴り止まない拍手の中で開始したアンコールでは、バンドの始まりの曲であり本ライブのタイトルの由来にもなった「Fireplace」を、6人で円になりながら向かい合って披露。歌い終えた大島が「この6人で、そして仲間を増やして、武道館まで来ることができて本当にうれしいです」と話すと、角野が続けて「10年以上、学生のときと同じように音楽ができる。こんなに幸せなことは世界のどこにもないですよ」と語る。さらにPenthouseは、夏に3rdアルバム「Neon Garden」をリリースすること、それに伴い12月に東名阪ホールツアー「Penthouse ONE MAN LIVE TOUR 2026 ""Neon Garden""」を行うことを発表し、場内は大きな拍手に包まれた。そして浪岡が、これまでミュージシャンになることが夢だと思ったことはなかったという自身の過去を振り返りながら「叶わないとわからないこともあって。僕はずっと、ミュージシャンになりたかったんだなと思います」と素直な思いを吐露。彼がメンバー1人ひとりの名前を呼んで「一緒に夢を叶えてくれてありがとうございます」と感謝を伝えると、6人で武道館公演というひとつの目標を成し遂げたことの幸福感が会場全体に広がった。最後は「Taxi to the Moon」で盛り上がり、大島がサポートメンバーやスタッフをステージ上で紹介。何度も感謝の言葉を繰り返しながら、6人全員でステージをあとにした。 なお本公演の模様はU-NEXTで生配信され、3月20日18:00から4月3日23:59まで見逃し配信が実施される。 ■ セットリスト □ 「Penthouse ONE MANLIVE in 日本武道館 ""By The Fireplace""」2026年3月16日 日本武道館 01. Welcome to the Penthouse 02. Planetary 03. ナンセンス 04. Stargazer 05. 青く在れ 06. Minute by Minute 07. Live in This Way 08. Smoke on the Water（Deep Purple） 09. 花束のような人生を君に 10. 武道館スペシャルメドレー ・Change the world ・Take Me Maybe ・Jukebox Driver ・流星群 ・26時10分 ・Raise Your Hands Up ・隣の恋は青 ・夏に願いを 11. 一二三 12. フライデーズハイ 13. 一難 14. 我愛你 15. …恋に落ちたら ＜アンコール＞ 16. Fireplace 17. Taxi to the Moon ■ 公演情報 □ Penthouse ONE MAN LIVE TOUR 2026 ""Neon Garden"" 2026年12月14日（月）大阪府 グランキューブ大阪（大阪府立国際会議場）メインホール 2026年12月15日（火）愛知県 Niterra日本特殊陶業市民会館 フォレストホール 2026年12月17日（木）東京都 東京ガーデンシアター",[],[]
【イベントレポート】GACKTが“カメラのいらないテレビ電話”「POPOPO」の可能性をアーティスト目線で語る（音楽ナタリー）,https://news.yahoo.co.jp/articles/d7b72870ec7ebd7577e5da4d463abd24aaea8bf4,https://newsatcl-pctr.c.yimg.jp/t/amd-img/20260318-00000082-natalien-000-1-view.jpg?exp=10800,2026-03-18T15:23:10+09:00,2026-03-18T15:23:10+09:00,音楽ナタリー,natalien,音楽ナタリー,1632,GACKT GACKTがPOPOPO株式会社の取締役に就任。本日3月18日に行われた、新規スマートフォンアプリ・POPOPOの詳細を初公開する「POPOPO サービス発表会」に登壇した。 【写真】GACKT、POPOPOで着てみたいスーツは大トロ POPOPOは“カメラのいらないテレビ電話”という新しいコミュニケーション体験を提案するサービス。アバターを使うことで、顔出しせずとも対面で会話をしているような体験ができる通話アプリだ。「普通の会話をエンタメに」をコンセプトに掲げており、笑い声を検知するとアバターが笑顔になり、通話画面では映画のようにカット割りが自動的に切り替わる。通話には30人まで参加でき、会話の様子を生配信することも可能。ユーザーがまとうスーツは400種類以上で、会話のシチュエーションは5つ用意されている。アプリBGMはアソビシステム協力のもと、同社所属アーティストの楽曲を一部使用できる。 GACKTは同じく取締役に就任した実業家の西村博之、映画監督・プロデューサーの庵野秀明、ドワンゴ創業者の川上量生、POPOPO代表取締役社長の矢倉純之介氏とともに登壇した。庵野、GACKT、西村という業界がバラバラの3人は、本アプリに出資する川上から声をかけられ、プロジェクトに携わることに。庵野はキャラクターやビジュアルの監修を務めた。川上は自身がニコニコ動画を立ち上げた頃を振り返り「ニコニコ動画は画面にコメントが出るなんてありえないと思ったけど、使ってみるとだんだん気持ちよくなった。POPOPOも同じ要素があるんです。テレビ電話って、あまり使いたくないじゃないですか。生理的に気持ちよくなってくる要素、そこに賭けてみようと思って始めたプロジェクトです」と説明した。 GACKTはアプリ制作段階で、ファンクラブを持つアーティストとしての立場から見たSNSの在り方や課題についての意見を提供したと言い、「POPOPOはボクらみたいなアーティストやクリエイターが表現をするのにいいコミュニティが作れる場所になると思います」とコメント。そんな役員陣は取締役会をこの日初めて行ったそうだが、盛り上がったのはアプリについてではなくほとんど雑談だったという。「ご覧の通り、まとまらない」と記者陣の笑いを誘ったGACKTは、「でも、それぞれ好き勝手なコトを言っているから面白いコトができると思う」と所感を語った。 発表会後、GACKTは囲み取材に対応した。アーティストやアイドルには、ファンクラブを持ちながらSNSを更新することへのジレンマが常にあるという見解を示し、「これからたくさんのアーティストがいろんな使い方を発見していくと思います」とアプリの可能性に言及。ファンとの交流が可能な機能もあることから、「自身がPOPOPOで話してみたい憧れの人は？」と聞かれると、「声優さんの中に入って話してみたいですね。ガンダムフリークなので」と答えた。また種類豊富なアバターのスーツに話題が及ぶと、コスチューム好きのGACKTは「大トロを着てしゃべってみたい」とコメント。最後に「今までにないSNSなので、ぜひ一度試してみてほしい。使ってみたら『なるほど』と感じるはずですし、『もっとこうしたら』という意見も反映されやすいと思います」とアピールした。 また発表会には佐藤健がゲスト出演。普段からSNSのライブ配信を活用している佐藤は「定点でなくカメラワークが加わるだけで会話に引き込まれるなと思いました」とアプリの新しさを強調した。カット割りを監修したのはビジュアリストの手塚眞。彼は発表会にて「カメラワークの法則にのっとりながら、会話の邪魔をしないような流れを作ることに苦心しました」とそのこだわりを明かした。POPOPOは本日3月18日15:00にサービススタート。なお、この発表会の模様はYouTubeやXで生配信された。現在アーカイブを観ることができる。,[],[]
伊藤萌々香が約6年ぶり音楽活動再開、新曲リリース＆ライブ開催（音楽ナタリー）,https://news.yahoo.co.jp/articles/826b603d7656aa923431b3f70d660d60e95f4b40,https://newsatcl-pctr.c.yimg.jp/t/amd-img/20260318-00000076-natalien-000-1-view.jpg?exp=10800,2026-03-18T14:35:10+09:00,2026-03-18T14:35:10+09:00,音楽ナタリー,natalien,音楽ナタリー,1098,伊藤萌々香 伊藤萌々香が約6年ぶりに音楽活動を再開。新曲3曲を本日3月18日に配信リリースした。 【13歳】2011年の伊藤萌々香 伊藤は2011年にダンスボーカルグループのメンバーとしてデビューし、2020年にグループでの活動を終了。以降、女優業をメインに活動してきた。このたび伊藤が発表したのは「Mirror In The Mirror」「雨のち」「Hello Hello」の3曲。「雨のち」は伊藤が初めて作曲に携わり、作詞を手がけた。伊藤はリリースに際して「グループ時代の私を知ってる人にも、これから知って下さる方にもアーティストとして認めてもらえるよう頑張ります。よろしくお願いします」とコメントしている。 また、リリースを記念したライブ「Momoka Ito – Page One」が4月4日に東京・GOTANDA G＋で開催される。ライブは昼夜2部制で行われ、特典会も催される。オフィシャルファンクラブでは3月21日23:59までチケットの先行抽選販売を実施中。 ■ 伊藤萌々香 コメント 約6年ぶりに音楽活動を再開します。 今回リリースさせてもらう3曲はどれもタイプの違う曲になっています。 当時の姿はもちろんステージ上での新しい姿を見てもらいたく、 歌って踊る曲、歌で届ける曲など幅広いジャンルで作りました。 その中で一曲初めてメロディを考え、作詞をさせてもらった 「雨のち」という曲があります。いろんな想いが詰まっているんですが、 まずはそれぞれの受け取り方で聴いてもらえたら嬉しいです。 今日まで沢山悩んで考えて準備して来たので、届けられる日が来て凄く嬉しいです。 グループ時代の私を知ってる人にも、これから知って下さる方にも アーティストとして認めてもらえるよう頑張ります。 よろしくお願いします。 □ 新曲について 「Mirror In The Mirror」 歌って踊れる曲、踊りだけのパートも作ってもらい自分らしいというか、みんなが思う 私っぽいイメージの曲かなと思っています。ダンスも合わせてぜひ見て欲しい一曲です。 「雨のち」 メロディ、歌詞を初めて自分で作った曲です。自分の思いを込めながら、 物語や情景が浮かんでくる歌詞になったらいいなと思いながら作りしました。 「Hello Hello」 ミディアムバラードで初めて振り付けのない歌だけで見せる曲です。 ギターが気持ちよくて、前向きになれる曲になっています。 ■ Momoka Ito – Page One 2026年4月4日（土）東京都 GOTANDA G＋ ［第1部］15:00～ ［第2部］19:00～,[],[]
TuneCore Japan主催、インディーによるインディーのための投票企画スタート（音楽ナタリー）,https://news.yahoo.co.jp/articles/3a97609c5631c3b60089f7fa9e5a621768ba2ecf,https://newsatcl-pctr.c.yimg.jp/t/amd-img/20260318-00000075-natalien-000-1-view.jpg?exp=10800,2026-03-18T14:29:09+09:00,2026-03-18T14:29:09+09:00,音楽ナタリー,natalien,音楽ナタリー,2651,「TuneCore Japan INDEPENDENT ARTIST 100 - 2026」キービジュアル 「TuneCore Japan INDEPENDENT ARTIST 100 - 2026」のノミネートアーティスト200組が発表された。 【画像】ノミネートアーティストを見る（3枚中1枚目） 「TuneCore Japan INDEPENDENT ARTIST 100 - 2026」は、TuneCore Japanが新たに未来へカルチャーをつなぐプロジェクトとして始動させたもの。最もシーンの前進に「実感（Impact）」または「予感（Potential）」をもたらしたインディペンデントアーティストを、インディペンデントアーティストによる投票により100組選出するのが特徴で、2月から行われていた推薦フェーズを経て、Awich、Kvi Baba、KEIJU、GEZAN、こっちのけんと、サニーデイ・サービス、SKRYU、Tani Yuuki、千葉雄喜、舐達麻、ラッキーオールドサン、ROTH BART BARON、Worldwide Skippaら200組のアーティストが選出された。 本日3月18日より最終選出となる100組を決定するための本投票がスタート。投票できるのはTuneCore Japan利用アーティストもしくは音楽業界関係者で、4月14日に締め切られたあと、4月下旬に特設サイトにて最終発表が行われる。全ノミネートアーティストは以下の通り。またノミネートアーティストの楽曲をまとめたプレイリストがSpotifyにて公開されている。 ■ ノミネートアーティスト一覧 11 / Ámina / Äura / 15MUS / 2時だとか / 5Leaf / aimi / AIRIE / AK-69 / ANORAK! / ARuM / Awich / AWOL CARTEL / Billy Laurent / BRON-K / brooks / C.O.S.A. / C6ix / cambelle / cephalo / CFN Malik / Charisma.com / CIVILIAN / coco. / cono / CRAZY VODKA TONIC / Daichi Yamamoto / DJ KANJI / DJ SCRATCH NICE / dodo / DOGO / E.O.U / eminata / FANI / farmhouse / Friday Night Plans / Fried Banana Shop / FUGA / GeTO / GEZAN / Gottz / H.Takahashi / Hanemii / HIMI / HoneyWorks / HUGEN / I'm / Ichika Nito / icn_oO / IFE / IO / IRIS MONDO / ISLND / JAKEN / JaysicK / Jinmenusagi / Julia Takada / Kaneee / keigo / KEIJU / ki-you / killwiz / Kingo / Kohjiya / Kojoe / Kommune / KOTA / krynX / Kvi Baba / Kyiku / Linen Frisco / Lunv Loyal / M3R / maco marets / Manda / Masato Hayashi / maya ongaku / MIKADO / Mili / MIMI / Miyu Ogawa / MNNK BRO. / Mom / Moment Joon / Moral & Pureness / MUD / Neetz / NELKE / NENE / nikiie / Nozomi Kitay / NTsKi / OKOJO / OZworld / PM Kenobi / POLTA / PompadollS / Popal Daoud Akira / r-906 / Rama Pantera / RAY / redraw / reina / Roka / ROTH BART BARON / ryo (supercell) / Sad Kid Yaz / Sadie / SEEDA / sh1t / Show Chick Boy / SHOW-GO / Showy / sidenerds / Siero / Skaai / SKRYU / SKYTOPIA / Som / SPARTA / SUKISHA / SUSHIBOYS / SUTEZENI / SWEE / T-STONE / tamanaramen / Tani Yuuki / Tete / the BL00M / Tohji / Tokimeki Records / tokki / TOSHIKI HAYASHI（%C） / TRIPPYHOUSING / Tylan Willetcrass / valknee / VERRY SMoL / VIBI / Watson / WILYWNKA / Worldwide Skippa / YOHLU / YOWLL / Yvng Patra / YZERR / ZIN / ZOT on the WAVE / カフェインジャンキー / カフネ / かめりあ / カンザキイオリ / こっちのけんと / ゴリラ祭ーズ / サニーデイ・サービス / スーパー登山部 / トップシークレットマン / なきそ / ひとひら / ピノキオピー / ラッキーオールドサン / 安月名莉子 / 安次嶺希和子 / 影ぼう / 加賀美ハヤト / 稀羽すう / 鬼の右腕 / 月野恵 / 厚揚げろが / 江﨑文武 / 高瀬統也 / 座布団忍者 / 秋山璃月 / 春野 / 新目鳥 / 水いらず / 星導ショウ / 雪国 / 千葉雄喜 / 超☆ヤンキース / 超右腕 / 田山ショーゴ / 田島ハルコ / 徒然書簡 / 徳利 / 乃紫 / 馬場俊英 / 梅井美咲 / 白神真志朗 / 百足 / 浜野はるき / 浮 / 楓 / 平葵 / 邦KUNI＆ジェロニモR.E / 暴飲暴食P / 未来電波基地 / 有田咲花 / 来島エル / 舐達麻 / 苺りなはむ,[],[]
「MUSIC AWARDS JAPAN」ラジオ関係者が“次世代を担う存在”を選出する部門創設（音楽ナタリー）,https://news.yahoo.co.jp/articles/6013993a8d43ae0543440e55c53408d40f9cc66e,https://newsatcl-pctr.c.yimg.jp/t/amd-img/20260318-00000071-natalien-000-1-view.jpg?exp=10800,2026-03-18T13:58:09+09:00,2026-03-18T13:58:09+09:00,音楽ナタリー,natalien,音楽ナタリー,1215,「MUSIC AWARDS JAPAN 2026」ロゴ 国内最大規模の国際音楽賞「MUSIC AWARDS JAPAN」に、「ラジオ特別賞 Radio Rising Artist of the Year」が創設されることが決定した。 【写真】昨年の「MUSIC AWARDS JAPAN」で最優秀アーティスト賞に輝いたMrs. GREEN APPLE 「MUSIC AWARDS JAPAN」、通称MAJは音楽業界の主要5団体（日本レコード協会、日本音楽事業者協会、日本音楽制作者連盟、日本音楽出版社協会、コンサートプロモーターズ協会）が垣根を越えて設立した、一般社団法⼈カルチャー アンド エンタテインメント産業振興会（CEIPA）による音楽アワード。「世界とつながり、音楽の未来を灯す。」というコンセプトのもと、2025年5月に初回の授賞式が行われた。MAJ2026の授賞式は6月13日に東京・TOYOTA ARENA TOKYOにて開催される。 MAJ2026では昨年の66部門からパワーアップし、70部門以上の部門が用意される。「ラジオ特別賞 Radio Rising Artist of the Year」では、ミュージックシーンやリスナーと最前線で向き合っているラジオのDJ / パーソナリティ、ディレクター、プロデューサーが“次世代を担う存在”として支持し、ラジオを通じて広くリスナーに届けてきたアーティストを表彰。radikoのオンエアデータを基盤に、現場で音楽と向き合うラジオ関係者の視点を重ね合わせることで、データと現場の双方から受賞後にさらなるブレイクが期待できる国内アーティストを選出する。 radikoのオンエア集計データの対象期間は2025年1月27日～2026年2月22日。上位500曲にランクインした楽曲の中から、エントリー対象作品規定に該当する曲とそのアーティストを抽出する。さらにその中から、2022年1月1日以降に初めて公的サービスにおいてオフィシャル音源および画源をデジタル配信、もしくはフィジカル発売したアーティストをエントリーアーティストとする。 その後、全国の民放ラジオのDJ / パーソナリティ、ディレクター、プロデューサーからなるラジオ特別賞投票メンバー全員が、エントリーアーティストの中から3アーティストに投票する。1次投票においてはノミネートアーティスト以外であっても、合計3アーティスト内であれば“次世代を担う存在”として支持するアーティストへの自由投票も可能。ただし、その対象も2022年1月1日以降に初めて公的サービスにおいてオフィシャル音源および画源をデジタル配信、もしくはフィジカル発売したアーティストとなる。 そして最終審査対象5アーティストに対し、全局のラジオ関係者投票メンバーによる最終投票が実施される予定。最多得票アーティストが「ラジオ特別賞」受賞者になる。,[],[]
超ときめき♡宣伝部「ときめき♡春の晴れ舞台2026」2日目公演の生配信が決定（音楽ナタリー）,https://news.yahoo.co.jp/articles/3633c5661eb9d26b9fb96cc5f280e959a7c6657c,https://newsatcl-pctr.c.yimg.jp/t/amd-img/20260318-00000067-natalien-000-1-view.jpg?exp=10800,2026-03-18T13:11:10+09:00,2026-03-18T13:11:10+09:00,音楽ナタリー,natalien,音楽ナタリー,370,超ときめき♡宣伝部 超ときめき♡宣伝部が3月28、29日に神奈川・ぴあアリーナMMで開催するワンマンライブ「ときめき♡春の晴れ舞台2026」のうち、2日目公演の模様がTELASAで生配信される。 【動画】「ときめき♡春の晴れ舞台2026」生配信決定に伴うメンバーのコメント 「ときめき♡春の晴れ舞台」は、超とき宣が毎年開催している春の恒例ライブ。今年は2日間ともにチケットが完売している。なお、メンバーの杏ジュリアは「ときめき♡春の晴れ舞台2026」をもってグループを卒業する。 TELASAは、テレビ朝日とKDDIが共同で運営する動画配信サービス。ドラマ、バラエティ番組、アニメ、映画など幅広いジャンルの動画を月額税込990円の定額見放題で楽しむことができる。「ときめき♡春の晴れ舞台2026」の生配信後にはアーカイブ配信が行われる予定。,[],[]
Yvng PatraがOddy lozyとのコラボEP配信、Zepp Shinjukuでワンマンライブ開催（音楽ナタリー）,https://news.yahoo.co.jp/articles/a1907e44c88d85e89070ca25a26d7c70413eab7c,https://newsatcl-pctr.c.yimg.jp/t/amd-img/20260318-00000063-natalien-000-1-view.jpg?exp=10800,2026-03-18T12:48:10+09:00,2026-03-18T12:48:10+09:00,音楽ナタリー,natalien,音楽ナタリー,546,"Yvng Patra & Oddy lozy「Batlogue」配信ジャケット ラッパーのYvng PatraとプロデューサーのOddy lozyがコラボEP「Batlogue」を本日3月18日に配信リリースした。 【動画】Yvng Patra & Oddy lozy「Batlogue」ミュージックビデオ 「Batlogue」は、Yvng Patra自身の信念とスタンスを叩き付けたリリックと、Oddy lozyによるビートが組み合わさった全6曲入りの作品。YouTubeではリード曲「Batlogue」のミュージックビデオが公開されている。 またYvng Patraは5月15日に東京・Zepp Shinjuku（TOKYO）でワンマンライブ「Batlogue」を開催。チケットはイープラスで販売されている。 ■ Yvng Patra & Oddy lozy「Batlogue」収録曲 01. Batlogue 02. Dirt Boyz 03. やめな 04. オセロ 05. Gotham freestyle 06. Still in TYO ■ Yvng Patra ONEMAN LIVE ""Batlog 2026年5月15日（金）東京都 Zepp Shinjuku（TOKYO）",[],[]
HANAがツアー舞台裏で最新iPhone活用、BGMには未発表曲「Bad Girl」使用（音楽ナタリー）,https://news.yahoo.co.jp/articles/044a75cd9d71a79f3802d72872b9efd504263dd5,https://newsatcl-pctr.c.yimg.jp/t/amd-img/20260318-00000052-natalien-000-1-view.jpg?exp=10800,2026-03-18T12:27:10+09:00,2026-03-18T12:27:10+09:00,音楽ナタリー,natalien,音楽ナタリー,440,HANA×「iPhone 17 Pro」コラボビジュアル HANAとAppleのスマートフォン「iPhone 17 Pro」のコラボレーション映像がYouTubeにて公開された。 【コラボ動画】ツアーの舞台裏でiPhoneの最新機能を使いこなすHANA このコラボ映像では、HANAが全国ツアー中に「iPhone 17 Pro」を活用する様子を紹介。ズームと回転ができる新しい正方形センサーを搭載した「センターフレームフロントカメラ」、 2つのカメラで同時にビデオが撮影できる「デュアルキャプチャビデオ」といった機能を駆使する姿を通し、ステージに立つ前の興奮、メンバー同士の深い絆が感じられる映像になっている。BGMには未発表の楽曲「Bad Girl」が使用されている。 現在Apple MusicではHANAのメンバーが入れ替わりで登場し、オープンに語り合うラジオ番組「The Blooming Hour with HANA」を配信中。最新回は明日3月19日に配信される予定だ。,[],[]
SPYAIRの新体制初アルバム本日発売！CDとBlu-rayの内容まとめたトレイラー公開（音楽ナタリー）,https://news.yahoo.co.jp/articles/6c50f7715897e3c355205b36d5385a15eeb0d929,https://newsatcl-pctr.c.yimg.jp/t/amd-img/20260318-00000050-natalien-000-1-view.jpg?exp=10800,2026-03-18T12:05:56+09:00,2026-03-18T12:05:56+09:00,音楽ナタリー,natalien,音楽ナタリー,387,SPYAIR SPYAIRが本日3月18日にリリースしたニューアルバム「RE-BIRTH」のトレイラー映像がYouTubeにて公開された。 【動画】トライラーで「RE-BIRTH」収録内容を総ざらい 2023年にYOSUKE（Vo）が加入してから初のフルアルバムになる「RE-BIRTH」には、新体制初の楽曲となった表題曲をはじめ、テレビアニメ「勇者刑に処す 懲罰勇者9004隊刑務記録」の主題歌「Kill the Noise」など10曲を収録。初回生産限定盤には今年1月に東京・Zepp Haneda（TOKYO）で行われた「SPYAIR TOUR 2025 -BUDDY-」ツアーファイナル公演のライブ映像、新体制での3年間に発表したミュージックビデオなどを収めたBlu-rayが付属する。トレイラー映像は2種類で、CD、Blu-rayそれぞれの内容がまとめられている。,[],[]
群馬「TAKASAKI CITY ROCK FES.」にCENT / セントチヒロ・チッチ、TETORA、NEE追加（音楽ナタリー）,https://news.yahoo.co.jp/articles/8ab5e33bb1c4dc95f7185eff42a56ed8564ddd52,https://newsatcl-pctr.c.yimg.jp/t/amd-img/20260318-00000048-natalien-000-1-view.jpg?exp=10800,2026-03-18T12:05:40+09:00,2026-03-18T12:05:40+09:00,音楽ナタリー,natalien,音楽ナタリー,646,「TAKASAKI CITY ROCK FES.2026」ロゴ 6月27日と28日に群馬・高崎にて開催されるロックフェス「TAKASAKI CITY ROCK FES.2026」の追加出演アーティストが発表された。 【一覧】「タカサキロック」各日の出演アーティストはこちら 多くのロックバンドを輩出してきた“ROCKの街 高崎”を盛り上げるために市民、行政、企業が力を合わせて開催する「TAKASAKI CITY ROCK FES.」。このたび6月27日にセントチヒロ・チッチ（ex. BiSH）の音楽プロジェクト・CENT、28日にTETORAとNEEが出演することが決まった。チケットは各プレイガイドにて4月2日23:59まで先行販売中。 ■ TAKASAKI CITY ROCK FES.2026 2026年6月27日（土）群馬県 Gメッセ群馬 展示ホール / 高崎芸術劇場 スタジオシアター ＜出演者＞ 秋山黄色 / 打首獄門同好会 / CENT / セントチヒロ・チッチ / プッシュプルポット / moon drop / yama / ヤングスキニー / and more 2026年6月28日（日）群馬県 Gメッセ群馬 展示ホール / 高崎芸術劇場 スタジオシアター ＜出演者＞ Wienners / キュウソネコカミ / シンガーズハイ / 超能力戦士ドリアン / TETORA / NEE / ハンブレッダーズ / Blue Mash / レトロリロン / and more,[],[]
【ライブレポート】Hi-STANDARDが3.11仙台で熱狂のライブ、まさかの「AIR JAM」開催発表も（音楽ナタリー）,https://news.yahoo.co.jp/articles/f045d684bacb931c1ce4ee9048869d0dd0b04e1e,https://newsatcl-pctr.c.yimg.jp/t/amd-img/20260318-00000046-natalien-000-2-view.jpg?exp=10800,2026-03-18T12:05:29+09:00,2026-03-18T18:48:09+09:00,音楽ナタリー,natalien,音楽ナタリー,3808,"Hi-STANDARD（撮影：半田安政） Hi-STANDARDが3月11日に全国ツアー「Screaming Newborn Baby Tour」の宮城・仙台GIGS公演を開催した。 【ライブ写真】3.11 仙台で熱狂を生み出したHi-STANDARD ■ ライブはPIZZA若手バンド・HONESTから 「Screaming Newborn Baby Tour」は、難波章浩（Vo, B）、横山健（G, Vo）、正式メンバーにZAX（Dr / The BONEZ、Pay money To my Pain）を迎えた新体制ハイスタにとって初のツアー。彼らは、2023年2月にこの世を去った恒岡章（Dr）を含むハイスタとしての生き様を示す最新ミニアルバム「Screaming Newborn Baby」を携え、4月まで全国各地で熱狂を生み出している。仙台公演にはゲストとしてPIZZA OF DEATH RECORDSの若手筆頭である名古屋のバンド・HONESTが出演した。 2003年と2005年生まれのメンバーからなるHONESTは、フロアを埋め尽くす“お兄さん、お姉さん”を相手にエネルギッシュなライブを展開。樋口浩太郎（G, Vo）はMCのたびに「HONESTです！」と繰り返しアピールし、「僕らは『かかってこいよ！』とか言わないです。Hi-STANDARDと一緒に歴史を作ってきた皆さんのことが大好きです」「（横山）健さんに憧れて、ハイスタに憧れてバンドを始めたから、こういう日にこういう場所でライブができたことを誇りに思います！」と思いを伝えた。 なおHONESTは5月27日に1stミニアルバム「Never Wanna Come Back Home」をリリースする。 ■ 3.11 Hi-STANDARDが仙台のステージに 2011年3月11日に発生した東日本大震災からちょうど15年。Hi-STANDARDが東北にやってきた。仙台GIGSのステージには、ほかの会場とは違い「AIR JAM2012」でも掲げられた、フロアにいる観客の写し鏡のような、ハートフルなイラストのバックドロップが掲げられた。難波、横山、ZAXは準備万端。難波の「よし！ 今日を始めよう！」という言葉を合図に、「Start Today」でライブが始まった。その瞬間から堰を切ったかのように観客の波がうねり、ダイバーが続出。次々に楽曲が演奏され、その熱狂は加速するばかり。横山が「クソハードコアな曲でも喰らえよ！」と言い放ってから、超キャッチーな「My First Kiss」につなげるなど、遊び心もたっぷり詰まったステージが展開される。「Fighting Fists, Angry Soul」では、冒頭よりもさらに多くのクラウドサーファーが押し寄せ、ダイバーをキャッチするセキュリティも大忙しだ。 ハイスタは2000年に活動休止後、東日本大震災の被災者、被災地への思いがきっかけとなり2011年に再始動。この日のライブでは、2016年に約16年ぶりの新曲としてゲリラリリースした「Another Starting Line」を演奏した。横山は「言うつもりはなかったけど、今日でちょうどあれから15年でしょ」と口を開き、「3月11日にこの場所で『Another Starting Line』を鳴らせるっていうのが……『うれしい』って言うのとは違うんだよ。これが言葉の限界なのかな……みんなの前で一緒に歌えて、すごく特別な気分になったよ。歌ってやっぱりすごいな！」と感激。難波は「みんなの歌に気持ちを持ってかれちゃった……」と声を詰まらせ、横山が「ナンちゃんが非常に危うい状態になりました（笑）。いざここで演奏すると、特別な意味があるって気付いちゃうんだ」とフォローする。難波は「気持ちは目に見えないものだけど、目に見える感じがしたね。って、またスピってんのこれ？ 音楽ってスピリチュアルだよね？ なんで健くんツッコんでくれないの？」と横山に助け舟を求めた。横山はここまでの難波の話に理解を示し、「気持ちは目に見えないけど、モノより大事だと思う」と同調した。 ■ Hi-STANDARDは“ど真ん中” 1月に始まったこのツアーでは、サッカー日本代表のチャントをオーディエンスが合唱する場面がある。仙台公演でも「Teenagers Are All Assholes」の演奏に入る前に盛大な“ニッポン”コールが巻き起こり、日本国旗を掲げる者もいた。横山は「今の日本は右とか左に分かれててさ。“愛国心”なんてのは言葉がキツいし、解釈がそれぞれ違うと思う。でも“郷土愛”は一緒じゃないのかな？ “ニッポン”って言うことに抵抗がある人、日の丸を見ると首相官邸とか政府のことが気になっちゃうこともあるだろうけど、それもおかしいことじゃないんだ。Hi-STANDARDはわかってます」と話し、難波が「日本の主役は政府ではなく、俺たちだから。右とか左とかそういう二極化じゃないの。みんな気付いたでしょ？ 俺たちは分断させられて、ぶつかり合ってる場合じゃないの。日本が大好きなのは当たり前。差別反対もそう、戦争が嫌なのも当たり前。日本は戦争に加担してほしくない」と続けた。 政治思想の受け止め方は人によりさまざま。政治的発言が誤解や曲解などのリスクを伴うこと、冷笑的な批判などを伴うことを承知で、Hi-STANDARDは昨今の国際情勢を受けて、平和への思いを訴えた。横山は「俺たちは右でも左でもない。ど真ん中のHi-STANDARDです」と宣言。難波も「思想は自由」が前提にあることを伝えつつ、「ただ、ぶつかり合うのはやめよう。やっぱり音楽だよ、やっぱりハイスタだよ！」と語った。 ■ 「AIR JAM 2026」開催を発表 インストナンバー「Tinkerbell Hates Goatees」で、“氷の妖精”クリオネのような動きをしてみせるなど、自由にライブを楽しむハイスタ。ギタープレイがこの日特に冴えていた横山をはじめ、三位一体の演奏の迫力はすさまじく、会場全体の興奮はうなぎのぼり。終盤には「Stay Gold」などキラーチューンが投下され、フロアは一段と激しい盛り上がりを見せた。 アンコールでハイスタは、2018年以来8年ぶりとなる主催ロックフェス「AIR JAM」を、11月7日に千葉・ZOZOマリンスタジアムで開催することを発表。「東北のみんなに一番に伝えたかった」と難波は語り、横山は「楽しみだね！」と笑顔を見せた。そんな発表もあった中、3人はアンコールで5曲を演奏。「Starry Night」から「Turning Back」になだれ込むという衝撃のラストとなった。 ■ セットリスト □ 「Screaming Newborn Baby Tour」2026年3月11日 仙台GIGS HONEST 01. I Like You 02. Honestly 03. One More Chance 04. Daisy 05. Echo 06. Lonely Boy 07. Overslept 08. Home 09. Be Myself 10. Going Growing 11. Decide 12. Fortune Favors The Bold Hi-STANDARD 01. Start Today 02. The Gift 03. All Generations 04. Endless Trip 05. California Dreamin' 06. My First Kiss 07. Song About Fat Mike 08. Fighting Fists, Angry Soul 09. The Pink Panther Theme 10. A Ha Ha 11. My Sweet Dog 12. Another Starting Line 13. Brand New Sunset 14. Stop The Time 15. Teenagers Are All Assholes 16. Free 17. Moon 18. Tinkerbell Hates Goatees 19. Stay Gold 20. Our Song 21. Maximum Overdrive ＜アンコール＞ 22. Pacific Sun 23. I'm A Rat 24. Dear My Friend 25. Starry Night 26. Turning Back ■ 公演情報 □ Hi-STANDARD「Screaming Newborn Baby Tour」（※終了分は割愛） 2026年3月30日（月）沖縄県 ミュージックタウン音市場（※追加公演） ＜出演者＞ Hi-STANDARD 2026年4月8日（水）東京都 Spotify O-EAST ＜出演者＞ Hi-STANDARD / KUZIRA 2026年4月19日（日）神奈川県 Kアリーナ横浜 ＜出演者＞ Hi-STANDARD □ AIR JAM 2026年11月7日（土）千葉県 ZOZOマリンスタジアム ※記事初出時より、一部表現を変更しました。",[],[]
BARBEE BOYSが新体制初ワンマン、4PEACEでZeppのステージへ（音楽ナタリー）,https://news.yahoo.co.jp/articles/bce3dd4fe41bd35d3db26373dff166af5750fc3e,https://newsatcl-pctr.c.yimg.jp/t/amd-img/20260318-00000045-natalien-000-1-view.jpg?exp=10800,2026-03-18T12:05:21+09:00,2026-03-18T12:05:21+09:00,音楽ナタリー,natalien,音楽ナタリー,437,"BARBEE BOYS 4PEACEのロゴ。 BARBEE BOYS 4PEACEが6月15日に東京・Zepp Haneda（TOKYO）で単独公演「BB4P SHOW（ビービーフォーピーショウ）」を開催することが決定した。 【画像】新体制＆KONTA四肢麻痺公表後初のステージとなったのは… BARBEE BOYSは昨年12月、小沼俊明（Dr）の勇退と、KONTA（Vo, Sax）が不慮の事故の影響で四肢が完全麻痺の状態となったことを報告。あわせて、KONTA、杏子（Vo）、いまみちともたか（G）、ENRIQUE（B）からなる4人編成のBARBEE BOYS 4PEACEとして再始動することをアナウンスした。「BB4P SHOW」は新体制初のワンマン公演となる。ローソンチケットでは3月20日12:00にチケットの先行予約受付がスタートする。 ■ BB4P SHOW（ビービーフォーピーショウ） 2026年6月15日（月）東京都 Zepp Haneda（TOKYO）",[],[]
大橋トリオ ビッグバンド編成ライブのダイジェスト公開、本日発売アルバム初回盤に収録（音楽ナタリー）,https://news.yahoo.co.jp/articles/6032f27073761ac27699934317069c44878774f8,https://newsatcl-pctr.c.yimg.jp/t/amd-img/20260318-00000044-natalien-000-1-view.jpg?exp=10800,2026-03-18T12:05:14+09:00,2026-03-18T12:05:14+09:00,音楽ナタリー,natalien,音楽ナタリー,1005,「ohashiTrio & THE PRETAPORTERS 2025 ～new year party～」ダイジェストのサムネイル。 大橋トリオが本日3月18日に17枚目のオリジナルフルアルバム「A BAND」をリリース。本作の初回生産限定盤Blu-ray / DVD付き商品に収められるライブ映像のダイジェストがYouTubeで公開された。 【動画はこちら】音楽家・大橋トリオのビッグバンド編成ライブをダイジェストで 「A BAND」は2013年発売のアルバム「plugged」以来の“ロック”をテーマに据えたオリジナルフルアルバム。Blu-ray / DVDには2025年1月に東京・NHKホールで開催されたビッグバンド編成のワンマンライブ「ohashiTrio & THE PRETAPORTERS 2025 ～new year party～」の模様が収録されている。ダイジェストを観てフルバージョンが気になった人は、アルバム初回生産限定盤を入手しよう。 「A BAND」は先行配信曲「水中のメトロ」をはじめ、スーパー登山部のボーカルHinaを迎えた「スタンダード feat. Hina（スーパー登山部）」や、2010年に発表された代表曲「HONEY」の再録音源を含む全9曲を収録。進化と原点回帰を同時に体現するような1枚となっている。初回生産限定でオリジナルTシャツとBlu-rayが付属する商品も用意されている。なお、YouTubeでは「A BAND」全曲試聴トレイラーも公開中。 大橋トリオは6月から7月にかけて全国ホールツアー「ohashiTrio HALL TOUR 2026 -A BAND-」を実施。ローソンチケットでは3月19日12:00～29日23:59に先行抽選予約を受け付ける。 ■ ohashiTrio HALL TOUR 2026 -A BAND- 2026年6月11日（木）宮城県 若林区文化センター 2026年6月13日（土）北海道 札幌市教育文化会館 大ホール 2026年6月19日（金）大阪府 NHK大阪ホール 2026年7月9日（木）岡山県 岡山芸術創造劇場ハレノワ 中劇場 2026年7月11日（土）福岡県 福岡市民ホール 大ホール 2026年7月24日（金）愛知県 Niterra日本特殊陶業市民会館 ビレッジホール 2026年7月31日（金）東京都 NHKホール,[],[]
Meg Bonusニューアルバムより「LOVE」初オンエア、野本慶が高校時代に作った曲（音楽ナタリー）,https://news.yahoo.co.jp/articles/c40c9af7f4679ede9f4fa49fc0f46a580caf4de3,https://newsatcl-pctr.c.yimg.jp/t/amd-img/20260318-00000043-natalien-000-1-view.jpg?exp=10800,2026-03-18T12:05:11+09:00,2026-03-18T12:05:11+09:00,音楽ナタリー,natalien,音楽ナタリー,593,Meg Bonusの新アーティスト写真。 野本慶によるソロプロジェクト・Meg Bonusの2ndアルバム「TO THE YOU（ME） I MET BEFORE」より、新曲「LOVE」が明日3月19日放送のFM802「UPBEAT!」内でラジオ初オンエアされる。 【動画】気鋭アーティスト・Meg Bonusの最新MV 「LOVE」は野本が高校時代に作った楽曲。ストリングスとピアノのアレンジが印象的な美しい旋律に乗せて、はかない歌詞をハイトーンボーカルで歌い上げるナンバーだ。明日の「UPBEAT!」には、12:00台に野本が生出演することも決定している。 2ndアルバム「TO THE YOU（ME） I MET BEFORE」は4月8日にリリースされる。当日19:00より、東京・タワーレコード渋谷店の6Fにてミニライブとサイン会が行われることが決定した。 また本日、Meg Bonusの新アーティスト写真と公式サイトが公開された。 ■ 「UPBEAT!」3月19日の番組情報 □ 放送日時 FM802 2026年3月19日（木）11:00～14:00 □ 出演者 DJ：加藤真樹子 ゲスト：野本慶（Meg Bonus） ■ Meg Bonus「TO THE YOU（ME） I MET BEFORE」リリース記念インストアイベント 2026年4月8日（水）タワーレコード渋谷店,[],[]
m-flo＆トップシークレットマンしのだ「GateWay」ライブ映像公開、Diggy-MO'は金色に輝くロボットに（音楽ナタリー）,https://news.yahoo.co.jp/articles/03f9b8842103737653dc2e1fcc3ff9bb26cfec39,https://newsatcl-pctr.c.yimg.jp/t/amd-img/20260318-00000042-natalien-000-1-view.jpg?exp=10800,2026-03-18T12:04:10+09:00,2026-03-18T12:04:10+09:00,音楽ナタリー,natalien,音楽ナタリー,612,"「m-flo 25th ANNIVERSARY LIVE “SUPERLIMINAL”」の様子。左からLISA、VERBAL、しのだりょうすけ（トップシークレットマン）。（Photo by TOMOYA ""TANY"" TANIGUCHI, HIROYA TAKADA, YUSUKE KITAMURA, YUKITAKA AMEMIYA） 2月19日に東京・東京ガーデンシアターで開催されたm-floのワンマンライブ「m-flo 25th ANNIVERSARY LIVE “SUPERLIMINAL”」より、m-flo loves Diggy-MO' & しのだりょうすけ「GateWay」の映像がYouTubeで公開された。 【動画はこちら】金色に輝くDiggy-MO'ロボットを観る m-floがデビュー25周年イヤーを締めくくる集大成として、約6年ぶりの単独公演として行われたこのライブ。前日の2月18日にリリースされた10枚目のオリジナルアルバム「SUPERLIMINAL」の収録曲を中心としつつ、13組の歴代の“loves”ゲストを迎えてパフォーマンスが繰り広げられた。 「GateWay」ではしのだりょうすけ（トップシークレットマン）がステージに登場し、パンキッシュに熱唱。もう1人の“loves”であるDiggy-MO'はライブには欠席だったが、金色に輝くロボットとしてスクリーンに登場し存在感を放っていた。",[],[]
MON7A「僕のかわい子ちゃん」ライブ映像公開、初のファンミーティングより（音楽ナタリー）,https://news.yahoo.co.jp/articles/f05818c1fb45927a87ce712973c26ddfa36429d8,https://newsatcl-pctr.c.yimg.jp/t/amd-img/20260318-00000039-natalien-000-1-view.jpg?exp=10800,2026-03-18T11:36:10+09:00,2026-03-18T11:36:10+09:00,音楽ナタリー,natalien,音楽ナタリー,435,"「【MON7A】僕のかわい子ちゃん（MON7A 1st FAN MEETING ""ON!""）」サムネイル MON7Aが3月7日に配信リリースした2ndシングル「僕のかわい子ちゃん」のライブ映像がYouTubeで公開された。 【今日好きで話題】MON7A「僕のかわい子ちゃん」ライブ映像を観る 「僕のかわい子ちゃん」は昨年MON7AがABEMAの恋愛リアリティーショー「今日、好きになりました。ハロン編」に参加した際、思いを寄せる“おひなさま”こと長浜広奈へアピールする際に弾き語りで披露した楽曲。ミュージックビデオは公開から10日間で240万再生を超えるなど、ファンの間で話題を呼んでいる。今回公開されたライブ映像は、昨年12月に開催された初のファンミーティング「MON7A 1st FAN MEETING ""ON!""」で撮影されたもの。当時は弾き語り動画のみが公開されていた中、フルサイズかつバンドサウンドにアレンジされた本作が初披露され、会場は大きな歓声に包まれた。",[],[]
BLACKPINKジェニ、YOASOBI、Ado、aespa、i-dleが「Lollapalooza」出演（音楽ナタリー）,https://news.yahoo.co.jp/articles/224498147d8e004ff7ad5d6f5a3e7758aacf9027,https://newsatcl-pctr.c.yimg.jp/t/amd-img/20260318-00000034-natalien-000-1-view.jpg?exp=10800,2026-03-18T11:09:10+09:00,2026-03-18T11:09:10+09:00,音楽ナタリー,natalien,音楽ナタリー,319,JENNIE（BLACKPINK） JENNIE（BLACKPINK）、YOASOBI、Ado、aespa、i-dleがアメリカ・シカゴで7月30日から8月2日まで開催される世界的な音楽フェス「Lollapalooza 2026」に出演する。 【一覧】今回の「Lollapalooza」に出演するアーティストたち 「Lollapalooza」はアメリカをはじめチリ、ブラジル、アルゼンチン、ベルリン、パリなど世界各地で実施されている音楽フェス。JENNIEはチャーリー・XCX、オリヴィア・ディーン、The Smashing Pumpkins、The xxらとともにヘッドライナーとして出演する。各アクトの出演日は追ってアナウンスされる。,[],[]
サンリオキャラクター×アーティストによるスペシャルライブツアー開催　WATWING、WILD BLUE、s**t kingzら参加（音楽ナタリー）,https://news.yahoo.co.jp/articles/47e9fc76ae6d6dc818460a99ad9117e254925282,https://newsatcl-pctr.c.yimg.jp/t/amd-img/20260318-00000029-natalien-000-1-view.jpg?exp=10800,2026-03-18T10:51:10+09:00,2026-03-18T10:51:10+09:00,音楽ナタリー,natalien,音楽ナタリー,1695,「Hello Journey 2026」ロゴ サンリオキャラクター×アーティストによるスペシャルライブツアー「Hello Journey 2026」が4月から6月にかけて大阪、大分、東京の3都市で行われ、本ツアーにWATWING、Shuta Sueyoshi、VOKSY DAYS、WILD BLUE、s**t kingz、EBiDAN OSAKAが参加することが発表された。 【写真】大阪＆大分公演でオープニングDJを務めるDJクロミ 「Hello Journey 2026」はサンリオの人気キャラクターとアーティストが共演するライブツアー。アーティストによるライブパフォーマンスに加え、各アーティストとキャラクターたちによるスペシャルコラボレーションも披露される。 ツアーは、4月26日に大阪・GORILLA HALL OSAKA、5月23日に大分・サンリオキャラクターパーク ハーモニーランド、6月7、14、21日に東京・サンリオピューロランドにて開催。大阪公演にWATWING、Shuta Sueyoshi、VOKSY DAYS、オープニングアクトのEBiDAN OSAKA、大分公演にWATWING、WILD BLUE、s**t kingz、東京公演のうち6月7日にWILD BLUE、14日にShuta Sueyoshi、21日にs**t kingzが出演し、各回にサンリオキャラクターも登場する。大阪、大分公演では、DJクロミがオープニングDJを務める。 なお東京、大分公演のチケットには、各テーマパークのパスポートが付属。イープラスでは3月25日23:59までチケットの先行抽選予約を受け付けている。 ■ Hello Journey 2026 □ Hello Journey 2026 at GORILLA HALL OSAKA 2026年4月26日（日）大阪府 GORILLA HALL OSAKA 第1部 OPEN 13:30 / START 14:10 第2部 OPEN 17:30 / START 18:10 ＜出演者＞ WATWING / Shuta Sueyoshi / VOKSY DAYS / ハローキティ / シナモロール / マイメロディ / クロミ オープニングアクト：EBiDAN OSAKA オープニングDJ：DJクロミ □ Hello Journey 2026 at ハーモニーランド 2026年5月23日（土）大分県 ハーモニーランド内フェスティバルステージ 第1部 OPEN 11:00 / START 11:30 第2部 OPEN 14:15 / START 14:45 ＜出演者＞ WATWING / WILD BLUE / s**t kingz / シナモロール / クロミ / マイメロディ / ポムポムプリン / マイスウィートピアノ / バッドばつ丸 / ハンギョドン オープニングDJ：DJクロミ □ Hello Journey 2026 at サンリオピューロランド 2026年6月7日（日）東京都 ピューロランド内エンターテイメントホール 第1部 OPEN 12:00 / START 12:45 第2部 OPEN 16:00 / START 16:45 ＜出演者＞ WILD BLUE / クロミ / ポムポムプリン / マイスウィートピアノ 2026年6月14日（日）東京都 ピューロランド内エンターテイメントホール 第1部 OPEN 12:00 / START 12:45 第2部 OPEN 16:00 / START 16:45 ＜出演者＞ Shuta Sueyoshi / ハローキティ / シナモロール / ポムポムプリン / クロミ 2026年6月21日（日）東京都 ピューロランド内エンターテイメントホール 第1部 OPEN 12:00 / START 12:45 第2部 OPEN 16:00 / START 16:45 ＜出演者＞ s**t kingz / シナモロール / バッドばつ丸 / ポチャッコ,[],[]
アップアップガールズ（仮）が写真集リリース、フレッシュでエネルギッシュなグラビア（音楽ナタリー）,https://news.yahoo.co.jp/articles/4d3e29180a520480a45f28f7ace21908922eac93,https://newsatcl-pctr.c.yimg.jp/t/amd-img/20260318-00000022-natalien-000-1-view.jpg?exp=10800,2026-03-18T10:05:09+09:00,2026-03-18T10:05:09+09:00,音楽ナタリー,natalien,音楽ナタリー,915,アップアップガールズ（仮）「Let's party up！」書影（撮影：西村康） アップアップガールズ（仮）のデジタル写真集「Let's party up！」が本日3月18日にワニブックスよりリリースされた。 【チラ見せ】アップアップガールズ（仮）の水着姿 アップアップガールズ（仮）は、昨年5月に前体制を終えたあと、グループ活動を継続する青柳佑芽を中心に、UP UP NEW AGE ネオアゲから昇格した北川未奈と石川万鈴、9月にオーディションを経て加入した小野田あやさと松永ちとせの5人で現在活動している。 「Let's party up！」はメンバー全員が登場する写真集。撮影は西村康が担当した。アプガらしくエネルギッシュで笑顔あふれる作品となっている。このたびアプガは水着グラビアに挑戦。慣れない撮影に緊張しながらも彼女たちのフレッシュでかわいらしい姿を楽しむことができる。 今後の公演情報としては3月28日に「アップアップガールズ（仮）From ZERO ～ここは原宿だ～」、4月25日に「アプガフェス（ミニ）」、5月3日に「アップアップガールズ（仮）単独ライブ」を控えており、いずれも東京・原宿RUIDOで開催される。 ■ アップアップガールズ（仮）From ZERO ～ここは原宿だ～ 2026年3月28日（土）東京都 原宿RUIDO ［1st］OPEN 13:00 / START 13:30 ［2nd］OPEN 17:30/ START 18:00 ＜出演者＞ アップアップガールズ（仮） ■ アプガフェス（ミニ） 2026年4月25日（土）東京都 原宿RUIDO OPEN 12:30 / START 13:00 ＜出演者＞ アップアップガールズ（仮）/ アップアップガールズ（２）/ アップアップガールズ（プロレス）/ UP UP NEW AGE ネオアゲ ■ アップアップガールズ（仮）単独ライブ 2026年5月3日（日・祝）東京都 原宿RUIDO ［1st］OPEN 13:00 / START 13:30 ［2nd］OPEN 17:30/ START 18:00 ＜出演者＞ アップアップガールズ（仮）,[],[]
MCが岩田剛典から八木勇征へ、NHK Eテレ「超越ハピネス」リニューアル（音楽ナタリー）,https://news.yahoo.co.jp/articles/4412ed2dc63a8412721b9b335c9cd864a1a710b2,https://newsatcl-pctr.c.yimg.jp/t/amd-img/20260318-00000018-natalien-000-1-view.jpg?exp=10800,2026-03-18T07:05:20+09:00,2026-03-18T07:05:20+09:00,音楽ナタリー,natalien,音楽ナタリー,2296,「超越ハピネス」新MCの八木勇征（左）、平子祐希（右）。（写真提供：NHK） 岩田剛典（三代目 J SOUL BROTHERS）がNHK Eテレ「超越ハピネス」のMCを卒業。2026年度から八木勇征（FANTASTICS）が新たに就任する。 【自撮り写真】平子祐希と八木勇征 「超越ハピネス」は同性カップルや養子縁組をした親子など、互いの人生を認め合う1組の“超ハピメイト”を招いて、世間の固定観念を超越した幸せの形を語り合う番組。毎週金曜日22:30よりオンエアされてきたが、4月からは毎月最終土曜日21:30より放送され、八木と平子祐希（アルコ＆ピース）がMCを務める。 岩田は「今の社会に必要な多様性の大切さを伝えることができる番組だと思います。自分自身、MCとして携わらせていただき、人生について深く考えるきっかけをくれた番組でした。多くの学びがあり、己の人生に照らし合わせて鼓舞させてもらえる番組と出会えて本当に幸せでした」とコメント。八木は「先輩の岩田さんからしっかりバトンを受け取り、平子さんにも支えていただきながら、MCを務めさせていただきます」「視聴者のみなさんが、『一人じゃない』『乗り越えられる』『明るく生きよう』と思えるような番組をお届けしていきたいです」と語っている。 リニューアルを前に、3月28日21:15からは特番「超越ハピネス リセットは前進！ハラミちゃんでもハラミちゃんじゃなくても」を放送。新MCの八木と平子がハラミちゃんを迎え、彼女の人生に迫る。音楽大学時代に、周囲とのレベルの差を痛感してピアニストになることをあきらめ、IT企業に就職したハラミちゃん。仕事で行き詰まり、ひきこもりを経験するが、ストリートピアノに出会ったことで、ハラミちゃんとして活動を始めた。彼女は急に知名度が上がったことで精神的に不安定になった頃を振り返り、その時期を支えたのが、親友のゆきだったと明かす。なお特番にはゲストのYOUも出演する。 ■ 岩田剛典（三代目 J SOUL BROTHERS）コメント 超越ハピネスのMCを卒業することになりました。自分にとって初めてバラエティー番組のMCを務めさせていただいた番組でもあり、本当に素敵な番組に参加させていただけたこと、いま感謝で胸がいっぱいです。毎回ゲストの皆様からその人生をお聞かせいただく度に、新しい発見やたくさんの勇気をいただきました。この番組は、今の社会に必要な多様性の大切さを伝えることができる番組だと思います。自分自身、MCとして携わらせていただき、人生について深く考えるきっかけをくれた番組でした。多くの学びがあり、己の人生に照らし合わせて鼓舞させてもらえる番組と出会えて本当に幸せでした。視聴者の皆様、MCとして務めさせていただき、本当にありがとうございました。心から感謝申し上げます！ 変わらず番組は続いて参りますので、どうか引き続き超越ハピネスをよろしくお願い申し上げます。 ■ 八木勇征（FANTASTICS）コメント 先輩の岩田さんからしっかりバトンを受け取り、平子さんにも支えていただきながら、MCを務めさせていただきます。今回の特番では、「挫折って決して無駄じゃないんだな」と、あらためて気づかされました。実は僕自身もそう感じてきた人生だったので、ハラミちゃんのお話を聞いて、「ピンチは最大のチャンス」という言葉が胸にすごく響きました。収録を通して学ぶことが本当に多くて、終わったあとも、番組で得たマインドが自分の中にずっと残っていて…。おかげで毎回、新鮮な気持ちでお仕事に向き合えています。これからも、さまざまなテーマで“超ハピメイト”のみなさんが、つらい時期をどう乗り越えてきたのか、前向きな言葉でたくさん語ってくださると思います。視聴者のみなさんが、「一人じゃない」「乗り越えられる」「明るく生きよう」と思えるような番組をお届けしていきたいです。ぜひご覧ください！ ■ 平子祐希（アルコ＆ピース）コメント ハラミちゃんって、元気で明るくて、いつも楽しいイメージがあるじゃないですか。でもその裏に、どんな紆余曲折があって、どうやって今のハラミちゃんになったのか…。自分も身近な人に支えられていること、「自分も誰かを支えられる人でありたい」と、あらためて思わされた回でした。 この番組に登場してくださる“超ハピメイト”のみなさんは、全員先生みたいな存在で、人間教科書のような番組だなと感じています。生き方は本当に十人十色だけれど、自分の人生に役立つヒントが必ず見つかると思うので、視聴者のみなさんにも、この番組を通して、より豊かな人生をつくるヒントを受け取っていただけたらうれしいです。 そして、一緒にMCを務める八木くん。28歳の落ち着きじゃないんですよ。どっしりとした安定感があるのに、包み込むような優しさもあって、「ずるい男だな～」って思いますね。いや、もう、嫌いなタイプですね。許せない！（笑） ■ 「超越ハピネス リセットは前進！ハラミちゃんでもハラミちゃんじゃなくても」番組情報 □ 放送日時 NHK Eテレ 2026年3月28日（土）21:15～21:45 NHK Eテレ 2026年4月22日（水）23:20～23:50（※再放送） ■ 「超越ハピネス」番組情報（※4月からのレギュラー放送） □ 放送日時 NHK Eテレ 2026年4月25日（土）21:30～22:00 ※以降毎月最終土曜日放送 NHK Eテレ 2026年4月29日（水）23:20～23:50（※再放送）,[],[]
超特急ユーキとシューヤが「ヒルナンデス！」ロケ初参加、はとバスツアーでグルメ満喫（音楽ナタリー）,https://news.yahoo.co.jp/articles/60ac494ea94c58044bcdb5c05dd4cdc0aecec4d1,https://newsatcl-pctr.c.yimg.jp/t/amd-img/20260318-00000017-natalien-000-1-view.jpg?exp=10800,2026-03-18T07:05:11+09:00,2026-03-18T07:05:11+09:00,音楽ナタリー,natalien,音楽ナタリー,525,「ヒルナンデス！」で「日帰りはとバスツアー」を体験する野田クリスタル（マヂカルラブリー）、浅香唯、シューヤ（超特急）、ユーキ（超特急）、村上（マヂカルラブリー）。©︎日本テレビ 超特急のユーキとシューヤが、本日3月18日放送の日本テレビ系「ヒルナンデス！」に出演する。 【写真】ソラカラちゃんとの1枚 ユーキとシューヤは「ヒルナンデス」のロケに初めて参加。マヂカルラブリー、浅香唯とともに“江戸の味覚”を堪能する「日帰りはとバスツアー」を体験する。シューヤは昼食の豪華な寿司や夕食の老舗の鰻重といった贅沢な食事の数々に「ツアーのクオリティーが高すぎる！」と驚く様子を見せる。一方、ユーキは築地場外市場でキャビア、ウニ、イクラという豪華な肉寿司のトッピングをかけて村上（マヂカルラブリー）とじゃんけんで対決し、“勝負師の一面”をのぞかせる。 さらに道中では、人生初のバスツアーにはしゃぐ浅香を2人がエスコートするひと幕も。また、東京スカイツリーの展望デッキで2人が超特急としての今後の活動への思いなどを語る様子も放送される。 ■ 「ヒルナンデス！」3月18日放送回の番組情報 □ 放送日時 日本テレビ系 2026年3月18日（水）11:55～13:55,[],[]
岡村靖幸と中島健人が初コラボ！アニメ「ガンバレ！中村くん!!」OPテーマで（音楽ナタリー）,https://news.yahoo.co.jp/articles/e7e854c830cda76a180a2277c350d1609ce8d4bc,https://newsatcl-pctr.c.yimg.jp/t/amd-img/20260318-00000011-natalien-000-1-view.jpg?exp=10800,2026-03-18T04:05:21+09:00,2026-03-18T04:05:21+09:00,音楽ナタリー,natalien,音楽ナタリー,1402,岡村靖幸・中島健人「瞬発的に恋しよう」配信ジャケット ©2026 Sony Music Labels Inc. 岡村靖幸と中島健人による初のコラボレーションが実現。テレビアニメ「ガンバレ！中村くん!!」のオープニングテーマとなる新曲「瞬発的に恋しよう」の音源とミュージックビデオが4月2日に同時配信される。 【さっそく聴いてみる】岡村靖幸と中島健人のコラボ曲流れるアニメPV 「ガンバレ！中村くん!!」は、春泥によるBLコメディマンガを原作としたアニメ。内気な男子高校生・中村男久斗が抱く、クラスメイトの広瀬愛貴への片思いをめぐる“妄想と暴走”を80～90'sタッチでコミカルに表現する作品で、4月1日24:30にTOKYO MX、とちぎテレビ、群馬テレビ、BS11ほかで放送スタートする。 「瞬発的に恋しよう」は作詞・作曲・編曲を担当した岡村の直感によって中島にオファーがかかり、2人のボーカル共演が実現した1曲。さわやかさと悩ましさが同居する楽曲となっている。MVは「ガンバレ！中村くん!!」原作者の春泥が描き下ろした2人のビジュアルが登場する全編オリジナルアニメ作品となっている。 2025年5月に行われた授賞式「MUSIC AWARDS JAPAN 2025」などでかねてより面識があった2人。コラボの感想を、中島は「歌詞の通りに歌うという概念が岡村さんとコラボしたことによって、歌い方のアレンジの妙・究極のオシャレな歌い上げ方のようなものを岡村さんに教わった気がします」とコメントしている。また岡村は「夢で聴いたメロディや、現実の出会いが、あとからひとつにつながっていくような感覚があって。そういう巡り合わせの中で生まれた作品です」と制作エピソードを明かしている。 リリースに先がけて、YouTubeでは「瞬発的に恋しよう」の音源一部を使用した「ガンバレ！中村くん!!」のPVが公開された。 ■ 岡村靖幸 コメント オファーをいただいて原作を読みながら、どんな音楽がふさわしいんだろうと考えていました。 そうしたらある朝、目覚めた時にそのメロディがはっきり残っていて、「あ、これなんじゃないか」と思いました。そこから一気に曲の全体像が見えてきて、作曲を始めました。 最初は僕のソロでしたが、すぐにコラボという話になって、プロジェクトの皆さんと話し合って、中島健人さんとのコラボレーションが実現しました。「MUSIC AWARDS JAPAN 2025」でご一緒したり、ソロのライヴを観たり、不思議な結びつきを感じました。 夢で聴いたメロディや、現実の出会いが、あとからひとつにつながっていくような感覚があって。 そういう巡り合わせの中で生まれた作品ですね。 ■ 中島健人 コメント 昨年行われた「MUSIC AWARDS JAPAN 2025」にて、岡村さんとご一緒した直後に聞いたお話でとても驚きました。これまでになかった音楽的な刺激を受けられると思いとても光栄でした。 いただいたデモも、僕が歌番組でお見掛けした時の軽やかなパフォーマンスをする岡村さんを思い出すような、踊り出したくなるメロディで、レコーディングもすごく楽しめました。 歌詞の通りに歌うという概念が岡村さんとコラボしたことによって、歌い方のアレンジの妙・究極のオシャレな歌い上げ方のようなものを岡村さんに教わった気がします。,[],[]
Snow Man目黒蓮の箸が止まらない、キッコーマン「しぼりたて生しょうゆ」新CM（音楽ナタリー）,https://news.yahoo.co.jp/articles/54baf941f8efa70e4c2b980f10024750dec1d8c7,https://newsatcl-pctr.c.yimg.jp/t/amd-img/20260318-00000009-natalien-000-1-view.jpg?exp=10800,2026-03-18T04:05:10+09:00,2026-03-18T04:05:10+09:00,音楽ナタリー,natalien,音楽ナタリー,2102,キッコーマン「しぼりたて生しょうゆ」新CM「しぼ生でだけ旨顔 春夏」編より。 目黒蓮（Snow Man）が出演するキッコーマン「いつでも新鮮 しぼりたて生しょうゆ」の新テレビCM「しぼ生でだけ旨顔 春夏」編の放送が本日3月18日にスタートした。 【動画】CM撮影の裏側 「しぼ生でだけ旨顔 春夏」編では目黒が“しぼ生”だけで味付けした「ズッキーニのしぼ生ステーキ」「とうもろこしのしぼ生ステーキ」「豚バラキャベツのしぼ生炒め」を夢中で頬張り、「一緒にいい顔しようゆ」と“しぼ生”をオススメしている。 監督から「上品に……というよりは勢いよく食べてほしい」というオーダーを受け、にっこり笑って快諾した目黒。できたての料理から立ち上る湯気と食欲をそそる“しぼ生”の匂いに、彼は「いい香り！」とリアクションした。「豚バラキャベツのしぼ生炒め」のシーンでは、食べる予定ではなかったお茶碗のごはんも口に入れ、「思わず米が欲しくなって……。勝手に食べてすみません」と笑顔を見せた。 撮影を振り返って、目黒は「特に『豚バラキャベツのしぼ生炒め』は思わずごはんが欲しくなるような味わいで、すごいおいしい料理になっていて…しかも“しぼ生”1本だけで味付けされていたんです。僕も普段から使わせていただいていますけど、あらためて『こんなにおいしくなるんだな』と。ほかにもズッキーニだったりとうもろこしだったり、いくつかの料理をいただいたんですけど、“しぼ生”1本でここまで味とか感じ方が変わるんだなとか、いろんな楽しみ方ができるなと実感できて、すごい楽しいCM撮影でした」とコメント。“しぼ生”を一番にオススメしたいSnow Manメンバーについて「渡辺翔太君です」「あんまり料理をつくったりしないと思うので、そんなしょっぴーにオススメして、チャレンジしてほしいなって思います」と明かした。YouTubeではCM本編とメイキング映像を公開中。 ■ 目黒蓮（Snow Man）コメント □ CM撮影を振り返って いくつもの“しぼ生”を使った料理を食べさせていただいたんですけど、特に「豚バラキャベツのしぼ生炒め」は思わずごはんが欲しくなるような味わいで、すごいおいしい料理になっていて…しかも“しぼ生”1本だけで味付けされていたんです。僕も普段から使わせていただいていますけど、あらためて「こんなにおいしくなるんだな」と。ほかにもズッキーニだったりとうもろこしだったり、いくつかの料理をいただいたんですけど、“しぼ生”1本でここまで味と か感じ方が変わるんだなとか、いろんな楽しみ方ができるなと実感できて、すごい楽しいCM撮影でした。 □ 新生活にもオススメの「しぼ生」だけで味付けしたレシピ 僕は皆さんに「これいいですよ」って言えるほどたくさん料理をできているわけではないんですけど、（“しぼ生”は）どの食材に合わせても間違いない味になるし、肉でも魚でも野菜でもなんでも合うので、とにかく“しぼ生”1本を使って、いろんな料理にチャレンジしてもらえたらうれしいなって思いますし、僕もチャレンジしたいなって思いました。 □ 1本だけで味が決まる“しぼ生”を一番にオススメしたいSnow Manメンバー 渡辺翔太君です。けっこう前に渡辺君の家に行ったことがあるんですけど…そのときキッチンが、引っ越してきてからそのままなんじゃないか？っていうくらいキレイだったんですよ。本当に何もなくて、最低限のものしかなかったので（笑）。あんまり料理をつくったりしないと思うので、そんなしょっぴーにオススメして、チャレンジしてほしいなって思います。僕自身もチャレンジしたいなって思ったのは「豚バラキャベツのしぼ生炒め」。あれ1品あるだけですごい大満足できる味とボリュームだし、ごはんにもめちゃくちゃ合うので“しぼ生”1本でチャレンジしたいなって思いましたし、キッチンがキレイなしょっぴーにもチャレンジしてほしいなって思いました。一緒にチャレンジします（笑）。 □ 海外へ渡航する際に欠かせないアイテム（インタビューは2025年12月実施） ちょうど海外に行く予定があるので…しかもそれが長期だとなおさら、まさに“しぼ生”を欠かせないなって思っていて、必ず持っていこうと思っているんです。普段食べている（和食の）味が恋しくなると思うので、海外へ行った時に欲しくなる味だなって思います。調味料をたくさん揃えなくても“しぼ生”だけでおいしくなっちゃうので、普段の自分が好きな味、香りを感じられると落ち着くと思います。忙しい生活の中でも、（“しぼ生”なら）無理なく料 理ができそうだと思うので、海外でもかなり重宝すると思います。 □ 新生活が始まる人たちにメッセージ 新生活は慣れない環境で疲れてしまうこともたくさんあると思います。そんな時でも“しぼ生”1本あれば、これだけでいろんな料理を楽しめると思うので、忙しい日々の中でもパパッと1品つくれたりすると思います。ぜひお供に使っていただいて、しっかり食べて、ぐっすり寝て、少しずつ一緒に頑張りましょう。,[],[]
HYDE「SMILING」ミュージックビデオに百田夏菜子が出演、舞台は新潟の雪原（音楽ナタリー）,https://news.yahoo.co.jp/articles/1624d82661c65169b0d62aa747bf4af61ffb4448,https://newsatcl-pctr.c.yimg.jp/t/amd-img/20260318-00000008-natalien-000-1-view.jpg?exp=10800,2026-03-18T00:05:50+09:00,2026-03-18T00:05:50+09:00,音楽ナタリー,natalien,音楽ナタリー,261,HYDE HYDEの楽曲「SMILING」のミュージックビデオが本日3月18日に公開され、百田夏菜子（ももいろクローバーZ）が出演していることが明らかになった。 【百田夏菜子が出演】「SMILING」ミュージックビデオ 「SMILING」は3月11日に配信リリースされたHYDEのニューアルバム「JEKYLL」の収録曲。5月13日にはアルバムのCD盤がリリースされる。 この曲の世界観を表現するため、MVではHYDEサイドが親交の深い百田にオファー。MVの舞台は新潟県小千谷市の雪原で、美しく叙情的な映像に仕上がっている。,[],[]
LANAとElle Teresaの「POP YOURS」オリジナル曲配信、STUTS on the WAVEプロデュース（音楽ナタリー）,https://news.yahoo.co.jp/articles/5b97002ea2f8fc32cf6ffe59f058619264e647b1,https://newsatcl-pctr.c.yimg.jp/t/amd-img/20260318-00000006-natalien-000-1-view.jpg?exp=10800,2026-03-18T00:05:33+09:00,2026-03-18T00:05:33+09:00,音楽ナタリー,natalien,音楽ナタリー,546,左から Elle Teresa、LANA。 LANAとElle Teresaによるコラボ曲「こんな日は」が本日3月18日に配信リリースされた。本楽曲は4月に開催されるヒップホップフェス「POP YOURS 2026」のオリジナル曲。LANAはフェスの初日公演でヘッドライナー、Elle Teresaは2ndヘッドライナーを務める。 【写真】LANAと Elle Teresaのツーショット ボーダレスかつジャンルレスな才能を感じさせるメロディセンスを武器に、新時代のDIVA像を提示しているLANAと、等身大のキャラクターから生まれる大胆かつ繊細なリリックで、シーンにおいて独自の地位を確立しているElle Teresa。コラボ曲は、LEX & LANAの「明るい部屋」も手がけたSTUTS on the WAVEがプロデュースしており、華やかさとエモーショナルさを兼ね備えたトラックの上で、2人の個性が咲き誇る1曲となっている。 なお「POP YOURS 2026」のオリジナル楽曲として、Kianna、HARKA、AOTO、Sieroによる「STARLIGHT」、Daichi Yamamoto、MIKADO、NENEによる「違う」もリリースされており、フェスでの初披露が期待されている。,[],[]
東京4人組バンド・ผ้าอ้อม99999が1stアルバム「JUNK POP」リリース（音楽ナタリー）,https://news.yahoo.co.jp/articles/f5021cd433c56ee64c034c8e2bf44b82c405df18,https://newsatcl-pctr.c.yimg.jp/t/amd-img/20260318-00000005-natalien-000-1-view.jpg?exp=10800,2026-03-18T00:05:32+09:00,2026-03-18T00:05:32+09:00,音楽ナタリー,natalien,音楽ナタリー,918,ผ้าอ้อม99999「JUNK POP」配信ジャケット 東京を拠点に活動する4人組バンド・ผ้าอ้อม99999（パーオームキュウキュウキュウキュウキュウ）の1stアルバム「JUNK POP」が本日3月18日に配信リリースされた。 【動画】「忙忙忙ー忙・忙ー忙忙」MV 2023年に結成されたผ้าอ้อม99999は、インターネットに散らばる無数の断片やミームを肯定的に飲み込み、ポップスとして出力する音楽ジャンル“Junk Pop”を掲げて活動中。1stアルバムはそのJunk Popを真正面から志向した作品で、「忙忙忙ー忙・忙ー忙忙」をはじめとした先行シングルや、Sitissy luvitを迎えたグライムナンバー「刹那の見切り feat.Sitissy luvit」、“ゲートボーラー”の熱闘を描く「GATE」、ゴムミュージックのビートに乗せたチャーシュー賛歌「Chunky Char Siu」など、歪で雑多ながらどこかポップな全12曲が収められている。ミックスおよびマスタリングはThe Anticipation Illicit Tsuboiが担当。アートワークは暗渠Networkが手がけた。 ผ้าอ้อม99999は4月17日に東京・Spotify O-nestでcomputer fight、It's US!!!!、music fmを迎えたリリースパーティ「MOLD Extra」を実施する。 ■ ผ้าอ้อม99999「JUNK POP」収録曲 01. .jkp 02. ド縫う 03. CAPTCHA 04. 窓際族 05. 刹那の見斬り feat. Sitissy luvit 06. ゲラハリ!! feat.狺-TARØET 07. Chunky Char Siu 08. männer 09. GATE 10. 忙忙忙ー忙・忙ー忙忙 11. interlude 12. Junk Pop ■ MOLD Extra 2026年4月17日（金）東京都 Spotify O-nest ＜出演者＞ ผ้าอ้อม99999 / computer fight / It's US!!︎!! / music fm,[],[]
killwiz、実父ディス曲含む6曲入りEP「GEN0ME」リリース（音楽ナタリー）,https://news.yahoo.co.jp/articles/20af7a367aa0b2568f1ccab46ca7fe4c46808a27,https://newsatcl-pctr.c.yimg.jp/t/amd-img/20260318-00000004-natalien-000-1-view.jpg?exp=10800,2026-03-18T00:05:30+09:00,2026-03-18T00:05:30+09:00,音楽ナタリー,natalien,音楽ナタリー,657,"killwiz「GEN0ME」配信ジャケット killwizがレイジにフォーカスしたEP「GEN0ME」を本日3月18日に配信リリースした。 【動画】killwizが実父を名指ししたディス曲 「YMGMFXXK」 「GEN0ME」は、実父を名指ししたディス曲 「YMGMFXXK」を含む全6曲が、ビートスイッチによってシームレスに接続されたコンセプトEP。全楽曲のビートメイクはプロデューサーのNGAが担当しており、歪んだ808、実験的な展開、静と動のコントラストが連続し、EP全体で1つのストーリーが構築されている。 YouTubeでは本日20:00にリードトラック 「TEKUTEKU WALK」 のミュージックビデオがプレミア公開される。また3月25日には、EP全編をシームレスにつないだ映像作品「GEN0ME Full Music Video」が公開される予定だ。 ■ killwiz コメント こんばんは！ 僕です。 2nd EP GEN0MEは”Generation 0,That’s me”でGEN0ME（ゲノム）になってます。 今回の作品は本当のお父さん、YMGMさんに1番聴いて欲しいです。 直接的な表現で自分のことを歌ったのははじめてなので、自分という人間がどう見えるのかとても楽しみです。 ■ killwiz「GEN0ME」収録曲 01. intro 02. GOLDSHIP 03. YMGMFUCK 04. TEKUTEKU WALK 05. UP B skit 06. RARATATA",[],[]
go!go!vanillas「SCARY MONSTERS EP」をアナログ化、ツアーは“アリーナ編”へ（音楽ナタリー）,https://news.yahoo.co.jp/articles/2c52ef036a1faea501525bf1010fa445823820e1,https://newsatcl-pctr.c.yimg.jp/t/amd-img/20260318-00000003-natalien-000-1-view.jpg?exp=10800,2026-03-18T00:05:22+09:00,2026-03-18T00:05:22+09:00,音楽ナタリー,natalien,音楽ナタリー,936,go!go!vanillas go!go!vanillasのEP「SCARY MONSTERS EP」のアナログレコードが本日3月18日に発売された。 【画像】アナログ盤はこんな感じ 「SCARY MONSTERS EP」はgo!go!vanillasが昨年9月にリリースしたEP。テレビアニメ「SAKAMOTO DAYS」第2クールのエンディングテーマ「ダンデライオン」やタイトルトラック「SCARY MONSTER」、柳沢進太郎（G）が手がけた楽曲「正体」などを含む計5曲が収められている。 また、go!go!vanillasは本EPのリリースを記念したバンド史上最大規模のホール＆アリーナツアー「SCARY MONSTERS TOUR 2025-2026」を開催中。全公演がソールドアウトとなった“ホール編”を終え、3月22日の兵庫・GLION ARENA KOBE公演を皮切りに“アリーナ編”を3公演行う。アリーナ公演では、キーボードでホール公演に参加した井上惇志（showmore）とTakumadropsに、山田丈造（Tp）、曽我部泰紀（Sax）、大渕愛子（Fid）が加わった過去最大の編成・バニラズ9でのパフォーマンスが披露される。プレイガイドではチケットの先着販売を実施中。なおライブ会場では、「SCARY MONSTERS EP」のアナログ盤を含む対象商品の購入者全員へのオリジナルクリアファイルのプレゼントや、会場限定の“グラフィックTシャツ半袖ver.（古着風ボディ）”が当たる抽選会が行われる。 ■ go!go!vanillas「SCARY MONSTERS EP」アナログレコード盤 収録曲 □ SIDE A 01. SCARY MONSTER 02. 正体 03. ダンデライオン □ SIDE B 01. ヒトカゲ 02. 生きもの ■ go!go!vanillas SCARY MONSTERS TOUR 2025-2026 □ アリーナツアー 2026年3月22日（日）兵庫県 GLION ARENA KOBE 2026年4月19日（日）東京都 TOYOTA ARENA TOKYO 2026年4月29日（水・祝）愛知県 日本ガイシホール,[],[]
S.A.R.がSkaai迎えたコラボ曲「Tell me」本日配信、MVの監督はShun Takeda（音楽ナタリー）,https://news.yahoo.co.jp/articles/3feb44ecc7df3a0b373339d173443338cbf28f40,https://newsatcl-pctr.c.yimg.jp/t/amd-img/20260318-00000002-natalien-000-1-view.jpg?exp=10800,2026-03-18T00:05:19+09:00,2026-03-18T00:05:19+09:00,音楽ナタリー,natalien,音楽ナタリー,804,S.A.R.「Tell me（feat. Skaai）」MVより。 S.A.R.が本日3月18日に配信リリースした新曲「Tell me（feat. Skaai）」のミュージックビデオがYouTubeで公開された。 【動画】S.A.R. - Tell me (feat. Skaai)【Official Music Video】（他4件） 「Tell me」は、S.A.R.がライブやセッション企画などを通じて交流を重ねてきたSkaaiをゲストに迎えた1曲。バンドサウンドとヒップホップの感覚が自然に溶け合う仕上がりとなっている。MVは無機質で広がりのある室内空間を舞台に、デスクワークに没頭するS.A.R.のメンバーとSkaaiの姿を淡々と映し出した作品。監督は、結成当初からS.A.R.の映像作品を手がけてきたShun Takedaが務めた。 S.A.R.は5月から全国5都市を巡るツアーを開催する。チケットぴあでは4月1日23:59まで、チケットの3次プレオーダーを受付中。 ■ Skaai コメント まじで尊敬しているバンドと一緒に曲を作ることができて、とても嬉しいです。メンバーのみんなとは頻繁に顔を合わせているけれど、それぞれの性格を知れば知るほど面白い音楽作ってんなあと感じます。ただ真っ直ぐ深いんじゃなくて、深すぎて無重力みたいなノリがあって、そこがすごい好きです。この曲では、そのノリを存分に堪能させてもらいました。お腹いっぱいです。今後ライブで歌えると思うとすごく楽しみです。 ■ S.A.R. ライブツアー 2026年5月30日（土）北海道 SPiCE 2026年6月6日（土）福岡県 INSA 2026年6月13日（土）大阪府 梅田CLUB QUATTRO 2026年6月14日（日）愛知県 LUB UPSET 2026年6月28日（日）東京都 Zepp Shinjuku（TOKYO）,[],[]
PIGGS新体制初アルバムより「FANCY 2 FANCY」先行配信（音楽ナタリー）,https://news.yahoo.co.jp/articles/784f8fb3debf5a846646a3da3ff05b622fc4f5d7,https://newsatcl-pctr.c.yimg.jp/t/amd-img/20260318-00000001-natalien-000-1-view.jpg?exp=10800,2026-03-18T00:05:09+09:00,2026-03-18T00:05:09+09:00,音楽ナタリー,natalien,音楽ナタリー,234,PIGGS PIGGSの新曲「FANCY 2 FANCY」の配信が、本日3月18日にスタートした。 【宇宙人？】PIGGS新体制初アルバムのアートワーク 「FANCY 2 FANCY」は、4月1日にリリースされる新体制初のアルバム「ピグス・リベリオン」に収録される楽曲。ニューウェーブ / ニューロマンティックの要素を現代的に再構築したダンスナンバーとなっている。シンセサウンドと疾走感あふれるビートに乗せて、破滅の予感と明日への希望を描くアルバムの核心となる1曲だ。,[],[]
