headline,mainEntityOfPage,image,datePublished,dateModified,author,media_en,media_jp,str_count,body,images,external_links
結婚発表のロングコートダディ堂前透　お相手はイラストレーター・田中かえさんと公表…どんな人？乃木坂４６などとコラボ、大阪・関西万博では壁画担当（スポーツ報知）,https://news.yahoo.co.jp/articles/dd30d46a7ddc954e84e746c0827fa9ec3eaed315,https://newsatcl-pctr.c.yimg.jp/t/amd-img/20260601-06011331-sph-000-16-view.jpg?exp=10800,2026-06-01T23:07:29+09:00,2026-06-02T00:02:24+09:00,スポーツ報知,sph,スポーツ報知,721,"ロングコートダディの堂前透
生配信で結婚を発表したお笑いコンビ「ロングコートダディ」の堂前透（３６）が１日に自身のインスタグラムを更新し、お相手はイラストレーターの田中かえさんと明かした。２人はそれぞれのＳＮＳでイラストを投稿。田中さんは一体どんな女性なのか―。
【写真】お相手の田中かえさん「結婚しました」
堂前はこの日、コンビの公式ＹｏｕＴｕｂｅチャンネル「ロングコートダディ和尚のゲーム念仏」の生配信内で結婚を発表。配信冒頭、相方・兎が好きな曜日や食べ物などを５文字で言うくだりの最中に、突然堂前が「結婚しました」とサプライズ報告。時期については「１０日ほど前に入籍しました」と明かし、お相手は「イラストレーター」としていた。

　生配信後、堂前は自身のインスタグラムでも結婚を報告し「イラストレーターの田中かえちゃんと結婚しました」とお相手を公表した。「結婚報告マン」と題したイラストを掲載。青いズボンを履いたゆるキャラの口からは「結婚をしたぜ」の吹き出しが出ている。

　田中さんも自身のインスタグラムを更新し、女性を描いたイラストをアップして「ロングコートダディの堂前透さんと結婚しました」と伝えた。

　田中さんは公式サイトによると、神奈川県横浜市の出身。多摩美術大学を卒業。手塚治虫さんや、吾妻ひでおさんから影響を受け、イラストを描き始める。乃木坂４６、「オニツカタイガー」、「ビームス」、新日本プロレス「エル・デスペラード」、ファッションブランドでは「ＮＥＥＤＬＥＳ」、「ＫＩＤＩＬＬ」などさまざまなジャンルとのコラボレーションで注目を集めている気鋭のイラストレーター。大阪・関西万博２０２５では壁画を担当した。
報知新聞社",[],[]
櫻井翔、嵐のラストライブ後はステージで５人で「飲んでました」…一夜明け「ｎｅｗｓ　ｚｅｒｏ」生出演（スポーツ報知）,https://news.yahoo.co.jp/articles/fd422161d90022489ac0fb8e90dd600319642e9f,https://newsatcl-pctr.c.yimg.jp/t/amd-img/20260601-06011328-sph-000-8-view.jpg?exp=10800,2026-06-01T23:00:36+09:00,2026-06-01T23:53:43+09:00,スポーツ報知,sph,スポーツ報知,1034,"東京・汐留の日本テレビ
活動を終了した「嵐」の櫻井翔が１日、キャスターを務める日本テレビ系「ｎｅｗｓ　ｚｅｒｏ」（月～木曜・後１１時、金曜・後１１時５９分）に生出演した。
【写真】嵐が９７５６日の活動に幕　５９５公演目のラストステージ
櫻井は前夜の５月３１日に、約４９万人を動員した嵐のラストツアー「Ｗｅ　ａｒｅ　ＡＲＡＳＨＩ」（５都市１５公演）の最終公演に出演。メンバー５人で有終の美を飾った。

　スーツ姿の櫻井は番組冒頭で、共演の藤井貴彦アナウンサーから「嵐のラストライブ、お疲れさまでした」と振られ「ありがとうございました」と返答した。

　番組では「あなたにとって、嵐とは？」と題してファンの声を集めた。息子を「櫻井翔」と名付けた母親の声も紹介された。

　櫻井はラストライブで「僕たちが嵐でした。いや、僕たちが嵐です」とファンに語りかけたＶＴＲを見て、「恥ずかしいなあ」と一言。藤井アナから言葉の意味を問われ「自分の口から出た『でした』という言葉にちょっとビックリしちゃって、『です』なのかなと瞬間的に思った」と心情を吐露した。

　「２６年半たって、誇りを持って欠けることなく『僕たちが嵐です』と言える日が来たのは、胸がいっぱいになる瞬間でした」と回想。５人の中で最後のあいさつだったことに「それぞれの表情を見ながらしゃべっていた。嵐のファンであり、それぞれのファンの方の集合体なので、それぞれの表情を見てもらいたいなと思った」と語った。

　ライブ後は４人やスタッフと「飲んでました」と驚きの発言も。無人のステージの上で車座になって内側を向いて乾杯し、次にいつ会うかを話したという。昔から一緒のスタッフともツアーＴシャツを引っ張り出して歴史を一緒に味わい、５人だけの時間も過ごした。１時間弱の“バー・東京ドーム”を楽しんだ。

　そして「僕たちはテレビというメディアに成長させてもらい、たくさんの方に成長させてもらった。この場を借りて嵐を応援して知ってくださった方にお礼を申し上げたいと思います」と感謝した。

　４人に対しては「これからもよろしく、というところかなと思ってます。きっと会うでしょうし飲むでしょうし、中学生の頃から一緒にやってきた幼なじみに近い仲間」と、変わらぬ友情を約束した。

　今後の活動について「いただいたお話を精いっぱい務めたい。嵐みたいに、というのは難しいけど、嵐の背中を追うように。嵐を目指します」と宣言した。
報知新聞社",[],[]
ロングコートダディ・堂前透　生配信で結婚を発表「結婚しました」に相方、「びっくりだ」「まさかだな」（スポーツ報知）,https://news.yahoo.co.jp/articles/4ba04a495a27f03b1bfa4d34b4e5e08118f7d025,https://newsatcl-pctr.c.yimg.jp/t/amd-img/20260601-06011329-sph-000-3-view.jpg?exp=10800,2026-06-01T22:51:01+09:00,2026-06-01T22:55:30+09:00,スポーツ報知,sph,スポーツ報知,468,"ロングコートダディの堂前透
お笑いコンビ「ロングコートダディ」の堂前透が１日、コンビの公式ＹｏｕＴｕｂｅチャンネル「ロングコートダディ和尚のゲーム念仏」の生配信内で結婚を発表した。
【写真】キングオブコントで優勝したときの記念ショット
配信冒頭、相方・兎が好きな曜日や食べ物などを５文字で言うくだりの最中に、突然堂前が「結婚しました」とサプライズ報告。これには兎もドッキリを疑いつつ「おめでとね」と手放しに祝福した。

　入籍時期を問われると、堂前は「１０日ほど前に入籍しました」と説明。事前に報告されていなかった兎は信じられない様子で「びっくりだ」「まさかだな」と引き続き５文字でリアクションを取り続けていた。

　お相手については、イラストレーターと明かした。

　ロングコートダディはＮＳＣ大阪校３１期生の同期２人で２００９年に結成。１２年９月に一度解散するも、１３年に再結成。２３年に東京進出を果たし、２５年には、第１回「ダブルインパクト」で準優勝、キングオブコントでは王者に輝くなど実力派として人気の高いコンビだ。
報知新聞社",[],[]
高校３年生の寺田心、現在の姿に満島真之介＆兼近大樹も驚き！ベンチプレス１２０キロ＆体重１５キロ増で高校生フィジーク大会「本気で勝つ」（スポーツ報知）,https://news.yahoo.co.jp/articles/51de272c966238bb3a1d88e6c745eba8b8ed405b,https://newsatcl-pctr.c.yimg.jp/t/amd-img/20260601-06011281-sph-000-2-view.jpg?exp=10800,2026-06-01T22:47:12+09:00,2026-06-01T23:25:48+09:00,スポーツ報知,sph,スポーツ報知,686,"メシドラ~兼近&真之介のグルメドライブ~ 【日テレ公式】のインスタグラム(@meshidora_ntv)より
俳優の寺田心（１７）が５月３１日に放送された日本テレビ系「メシドラ～兼近＆真之介のグルメドライブ～」（日曜・午後０時４５分）に出演。番組公式インスタグラムにも登場した。
【写真】別カット、ＳＬの前でポーズ
ゲスト出演した寺田は高校３年生になった最新姿で、レギュラーの俳優・満島真之介と、お笑いコンビ「ＥＸＩＴ」の兼近大樹を驚かせた。

　番組では３人が栃木・真岡市を回りグルメを堪能。その中で、８月の高校生フィジーク大会に出場することを明かした。筋トレを始め約１年半ながら、体重は６２キロから７７キロに増量、ベンチプレスは５５キロから１２０キロを上げるまでになったという。「僕は胸がチャーム筋肉。あとは（上腕）三頭筋」とアピールし、子どもを背負って腕立て伏せするなど筋トレの成果を披露した。

　また、「僕、料理が好きで。料理教室に通ってて、教室で講師ができる資格をスイーツと料理で２つ持っている」と意外な一面を告白。さらに、「将来は保護犬の活動をしたくて獣医と思っていたけど、６年間大学に行く必要がある。活動自体をメディアを通して６年間出せないのはもどかしいなと。だから、獣看護か、経済学部か商学部でお金の利回りについて勉強して今後のために、という感じです」と高校卒業後の姿も思い描いた。

　番組終盤には、「大学受験とフィジーク日本一、本気で勝つ気でいる」と力強く宣言。これには満島も「大人たち、怠けているわけにはいかん。マジすごい」とたたえた。
報知新聞社",[],[]
佐野ひなこ、胸元ざっくりカーディガン姿にファンくぎ付け！「可愛すぎる！美しすぎる！」「爽やか系美人」（スポーツ報知）,https://news.yahoo.co.jp/articles/6d0775d77b649196e0178760858907b657102e35,https://newsatcl-pctr.c.yimg.jp/t/amd-img/20260601-06011177-sph-000-1-view.jpg?exp=10800,2026-06-01T22:42:29+09:00,2026-06-01T22:42:29+09:00,スポーツ報知,sph,スポーツ報知,229,"佐野ひなこのインスタグラム（＠ｈｉｎａｋｏ＿ｓａｎｏ）より
モデルで女優の佐野ひなこの近影に、ファンはくぎ付けだ。

　佐野は１日に自身のインスタグラムを更新。胸元がざっくりと開いたカーディガンに白のロングスカートを合わせたコーデショットをアップした。
【写真】別人のような最新姿「違う人！？」「ぱっと見わからん」「誰かと思ったら」
この投稿にファンからは「可愛すぎる！美しすぎる！」「おしゃれ」「すっごく爽やか系美人」などの声が寄せられている。
報知新聞社",[],[]
４０歳になった小池徹平「イケメンすぎてやべえな」　杉浦太陽も絶賛の“理想のパパ”姿に反響「なんていい男なんだ」（スポーツ報知）,https://news.yahoo.co.jp/articles/c7c829dd3390ff599cd4c997a0b3a6f6862a6508,https://newsatcl-pctr.c.yimg.jp/t/amd-img/20260601-06011257-sph-000-1-view.jpg?exp=10800,2026-06-01T22:39:09+09:00,2026-06-01T22:39:09+09:00,スポーツ報知,sph,スポーツ報知,592,"小池徹平
俳優の小池徹平（４０）が５月３１日放送の日本テレビ系「おしゃれクリップ」（日曜・午後１０時）に出演。“理想のパパ”の姿が話題になっている。
【写真】小池徹平、長男と２ショット写真公開「素敵なパパ」
小池は２０１８年１１月に女優の永夏子（はる・なつこ）と結婚。１９年９月に長男、２１年に次男が誕生し、２児の父として「パパの顔」が印象的だ。

　元モーニング娘。辻希美の夫で、俳優の杉浦太陽がビデオメッセージで登場。小池を「育児に対してむっちゃ熱意高い。一緒に飲んでも『将来の進路、こう考えてる』とか『父としてできることを探してる』とか。役作りしてる時の集中力くらい、熱量をそのまま育児に持ってきてる」と絶賛した。

　これに対し「レジェンドに褒めていただけるなんて。（杉浦は）パパ界のレジェンドですから」と嬉しさをあらわにした。

　番組では育児に積極的で、子どもを溺愛している姿を見せた小池。この小池の姿にネット上では「てっちゃんみたいなパパ最高だよね」「あれだけのビジュであの人間性で情も 深くて…家族を大切にして子供にも甘いだけじゃなく愛情たっぷりで…」「理想的な夫すぎて羨ましくなっちゃった」「なんていい男なんだ」「イケメンすぎてやべえな　これで４０才...」「小池徹平っていつ老けるの？」「絶対いいパパだよね　あと４０歳にみえないよ」などの声があがった。
報知新聞社",[],[]
嵐の活動終了から一夜…事務所退所報告相次ぐ　榊原郁恵の長男・渡辺裕太や元ＡＫＢ４８の女優ら（スポーツ報知）,https://news.yahoo.co.jp/articles/017c8230ce3b07b9439d9a9bad83482d0be34055,https://newsatcl-pctr.c.yimg.jp/t/amd-img/20260601-06011310-sph-000-1-view.jpg?exp=10800,2026-06-01T22:30:03+09:00,2026-06-01T22:30:03+09:00,スポーツ報知,sph,スポーツ報知,581,"渡辺裕太
「嵐」の活動終了から一夜明けた１日、タレントや俳優による芸能事務所退所の報告が相次いだ。

　タレント・榊原郁恵と渡辺徹さん（２０２２年死去）の長男・渡辺裕太は、自身のインスタグラムで事務所「オンリーユー」を退所し、この日から新しくホリプロに所属したことを報告。「１４年ほど在籍したオンリーユーではたくさんのご縁に恵まれ、多くの素晴らしい経験をさせて頂きました。心から感謝の気持ちでいっぱいです。常に挑戦する気持ちでお仕事に取り組んでまいりましたが、新しい環境でもこれまでのご縁を大切にしながら、より精進してまいります」とつづった。

　元ＡＫＢ４８で女優の相馬結衣は、自身のＸで所属していた「株式会社　充ｓ（ジュース）」の退所を報告。「今後も表現者としてより一層精進してまいりますので、何卒よろしくお願いいたします」と呼びかけた。

　Ａｂｅｍａ　ＴＶの恋愛リアリティーショー「今日、好きになりました。」で注目された俳優・植村颯太は、契約満了に伴い「つばさレコーズ」の退所を発表。「芸能のことを何も分からないところから、たくさんのことを教えていただき、多くの経験をさせていただきました」と感謝した。

　前日の５月３１日には黒谷友香、勝地涼、市川由衣らが所属事務所から離れることを発表。芸能界でも「季節の変わり目」を思わせる動きとなった。
報知新聞社",[],[]
【ボートレース】岡本大が逃げ切って勝負駆け成功「加藤翔馬選手の追い上げ怖かった」～住之江一般戦（スポーツ報知）,https://news.yahoo.co.jp/articles/b7b213c3cccf6e7362c436f41c9e8fd533e6537a,https://newsatcl-pctr.c.yimg.jp/t/amd-img/20260601-06011314-sph-000-1-view.jpg?exp=10800,2026-06-01T22:10:04+09:00,2026-06-01T22:10:04+09:00,スポーツ報知,sph,スポーツ報知,294,"勝負駆けに成功した岡本大
◆守口市制８０周年記念競走（１日、ボートレース住之江・３日目）

　予選最終日の６Ｒで、岡本大（４４）＝長崎＝が絶好枠を生かして１Ｍを先取り。差してきた加藤翔馬、桐本康臣を寄せ付けることなく逃げ切りに成功。今節初白星を挙げて、準優勝戦の切符を奪い取ることができた。

　「スタート（コンマ１８）はしっかり行きました。加藤選手が追い上げてきて怖かった」と言うが、日増しに良くなっている乗り心地が武器だろう。４日目の準優勝戦は９Ｒの６号艇だが、通算１３回目の優出が狙える状態にある。「しっかり合わせたい」。さらなる上積みを図って、ファイナル進出を目指す。
報知新聞社",[],[]
【ボートレース】藤原仙二が師匠・丸野一樹のＳＧ初Ｖに刺激「一緒にあの舞台で走りたい」～三国ルーキーシリーズ（スポーツ報知）,https://news.yahoo.co.jp/articles/16ab2adfd20cb6bf1fc49e53d0abe2042a105894,https://newsatcl-pctr.c.yimg.jp/t/amd-img/20260601-06011307-sph-000-1-view.jpg?exp=10800,2026-06-01T21:55:03+09:00,2026-06-01T21:55:03+09:00,スポーツ報知,sph,スポーツ報知,667,"丸野一樹のＳＧ初Ｖに発奮した藤原仙二
◆スカパー！ＪＬＣ杯ルーキーシリーズ第１２戦　三国プリンスカップ（１日、ボートレース三国・前検日）

　藤原仙二（２２）＝滋賀＝が、師匠である丸野一樹に大いに刺激を受けた。５月３１日、ボートレース浜名湖でのＳＧボートレースオールスターで丸野が悲願のＳＧ初制覇を果たした。

　藤原が今節引いた１９号機は複勝率２５・９％の低調機だが、特訓では「ペラはがっつり叩きましたよ。悪くなかったです。みんなと一緒くらいだったし、むしろ直線だけならちょっと分が良かったかな。まだレースしていないので、乗り心地、出足に関しては何とも言えないですけど」と思いの外の手応えに、表情は明るい。

　２６年後期適用勝率はキャリアハイの６・７４。２２年５月にびわこでデビューして５年目、７月から師匠と同じＡ１級に昇格する。「（オールスター優勝戦を）見ましたよ。すごかったあ。もう祝勝会をしました。最初は焼き肉から始まったようだけど、僕はその後から参加しました。行きつけの店で合流して、丸野さんを見た時、すごく疲れてましたね。やっぱりそれだけ激闘だったんだなって。本当にすごいです」。改めて師匠の偉大さを実感した。

　興奮冷めやらぬ状態で今節に臨む。「僕はまだＳＧとかＧ１に出場したことがないけど、あの舞台に行ってみたいって思いました。まだ追い越すとか無理だけど、ちょっとでも近付けるように、そして、いつか一緒にあの舞台（ＳＧ）で走りたい」と高い目標を掲げた。そのためにもルーキーシリーズでは好結果を残したい。
報知新聞社",[],[]
【競輪】和田健太郎が意地の決勝入り！連覇かけ、単騎で挑む～松戸Ｆ１ナイター（スポーツ報知）,https://news.yahoo.co.jp/articles/7cbd949a72dc5868498dd0f158e12e9199dfa3d3,https://newsatcl-pctr.c.yimg.jp/t/amd-img/20260601-06011306-sph-000-1-view.jpg?exp=10800,2026-06-01T21:53:55+09:00,2026-06-01T21:53:55+09:00,スポーツ報知,sph,スポーツ報知,267,"和田健太郎
◆吉井秀仁杯（Ｆ１、２日目・１日、松戸競輪場）

　１１ＲのＳ級準決勝は地元の和田健太郎（４５）＝千葉・８７期＝ が執念の２着。地元、そして南関からただひとり決勝に進んだ。準決勝は、目標の酒井雄多が茨城コンビに叩かれ３番手。最終バックから巻き返そうとしたが不発。和田は直線で茨城コンビの中を割った。

　決勝は、茨城勢の後ろの選択肢もあったが単騎を選択。「松崎（広太）君とは松戸で練習したこともある。他場なら３番手でもよかったけど。単騎なら前々に攻められる」と説明。昨年も吉井秀仁杯で優勝。連覇へ総力戦で挑む。
報知新聞社",[],[]
【大学野球】リーグＶの慶大がパレードと祝賀会を開催　全日本に向け今津主将「背中とプレーで引っ張って…」（スポーツ報知）,https://news.yahoo.co.jp/articles/92bd46941d54ba572b517a31e90c2e5d25e3fc93,https://newsatcl-pctr.c.yimg.jp/t/amd-img/20260601-06011302-sph-000-2-view.jpg?exp=10800,2026-06-01T21:45:42+09:00,2026-06-01T21:59:55+09:00,スポーツ報知,sph,スポーツ報知,576,"慶大の優勝祝賀会（カメラ・渋谷　拓人）
◆東京六大学野球春季リーグ戦最終週第３日▽慶大３―０早大（１日・神宮）

　慶大が１日の早慶戦第３戦で勝利し、５季ぶり４１度目の優勝を決めた。試合終了から約２時間半後、神宮球場から優勝パレードを開催し、三田キャンパスの西校舎ホールにて優勝祝賀会が行われた。
【写真】立大のマネジャーだったサンデー晋吾の美人娘　卒業後は“日本ハム”入団
午後５時４５分、堀井哲也監督（６４）、伊藤公平塾長（６０）、今津慶介主将（４年＝旭川東）を乗せた車を先頭にパレードは神宮球場三塁側出口を出発。観客と共に行進し、慶大の三田キャンパスへと凱旋した。

　優勝祝賀会は会場全体で「若き血」を合唱して始まった。監督あいさつでは堀井監督の「選手が本気になって優勝しようと意気込んだ結果です。選手たちに拍手を」というねぎらいの声に、会場全体が大きな歓声と拍手に包まれた。また、ここまでチームをまとめた今津主将は「全日本に向けて最高の準備をしたい。キャプテンとして背中とプレーで（チームを）引っ張って日本一を目指します」と力強く意気込み、２０２１年以来５年ぶりの日本一をファンに誓った。

　全日本大学野球選手権は８日に開幕。慶大の初戦は１０日、関甲新学生連盟代表の上武大と北海道学生連盟代表の函館大の勝者と神宮球場で対戦する。
報知新聞社",[],[]
「好きでやってるんですよ、本当に」理想のパパ・小池徹平が６年間の子育てを振り返る「まだ子どもに負けたくないし、関わりたい」（スポーツ報知）,https://news.yahoo.co.jp/articles/ebd4f26e5ef34c958315bcbebe444bfed51c314e,https://newsatcl-pctr.c.yimg.jp/t/amd-img/20260601-06011268-sph-000-2-view.jpg?exp=10800,2026-06-01T21:21:52+09:00,2026-06-01T22:01:48+09:00,スポーツ報知,sph,スポーツ報知,735,"小池徹平
俳優の小池徹平が５月３１日放送の日本テレビ系「おしゃれクリップ」（日曜・午後１０時）に出演。“理想のパパ”の姿が話題になっている。
【写真】小池徹平の妻・永夏子、親子３ショット公開
小池は２０１８年１１月に女優の永夏子（はる・なつこ）と結婚し、１９年９月に長男、２１年に次男が誕生。６年間の子育てを振り返った。

　番組内では小池の愛妻家ぶりや、子育てに積極的な姿勢が赤裸々に公開された。小池は「好きでやってるんですよ、本当に。僕は１５歳で上京してきたんで、親とずっと一緒にいたのは高校１年生まで。（だから）こそ、子どものうちにいろいろ連れてってもらったり遊んでもらった記憶がすごく大事になっていて。それをやっぱ子供に与えてあげたいなて思いがすごくあるんでしょうね、根本的なものに」と説明した。

　「そこからずっと仕事一筋で。２０…３０前半くらいまでずっと一人で仕事大好きでやってきて。で、今の家族、奥さんと出会って。さらにそれ（仕事）より大事なものっていうか、妻ができたってことが大きかったと思います。家族の時間もしっかりとって、バランスをとりたいって思うようにもなったし。それがつながってるかもしれないですね」と続けた。

　さらに、子育てをしてきた６年間を振り返ってみてどうかと聞かれると「本当に６年って、みなさんもおっしゃると思いますけど『あっという間』って言うじゃないですか、子どもってあっという間に自立して大きくなるまで。実際こうやってしゃべってみて、昔の映像とか見ると本当に『わぁもう小学生だ』って今の現実見るとそう思うし、まだでも諦めたくない。まだ子どもに負けたくないし、関わりたいし。そういう思いがより強くなったかな」と語った。
報知新聞社",[],[]
小池徹平は“超愛妻家”！奥さんへの言葉に「こんなパパいたらさ、めちゃくちゃハードル上がるよ」「全国のパパを敵に回した」（スポーツ報知）,https://news.yahoo.co.jp/articles/d9193fa6c652adaaddaf9eb198d6fee082f324e3,https://newsatcl-pctr.c.yimg.jp/t/amd-img/20260601-06011264-sph-000-1-view.jpg?exp=10800,2026-06-01T21:18:09+09:00,2026-06-01T21:18:09+09:00,スポーツ報知,sph,スポーツ報知,716,"小池徹平
俳優の小池徹平が５月３１日放送の日本テレビ系「おしゃれクリップ」（日曜・午後１０時）に出演。愛妻家ぶりが反響を呼んでいる。
【写真】小池徹平の妻・永夏子、親子３ショット公開
小池は２０１８年１１月に女優の永夏子（はる・なつこ）と結婚。１９年９月に長男、２１年に次男が誕生し、２児の父として「パパの顔」が話題になっている。

　番組内で「超愛妻家パパ」と紹介された小池。小池をよく知る親友は「徹平と奥さんはたまに見てて恥ずかしくなるくらい仲良い。徹平もなっちゃん（妻）も本当にすごいのが、『ありがとう』と『ごめんね』をサラっと言える。なっちゃんはお家でお仕事をして、ご飯の準備してくれてて、（小池が）『全部やらせちゃっててごめんね。今日もおいしい、ありがとう』って言う」と話し「あの夫婦可愛い」とも明かした。

　これに対し小池は「恥ずかしいでしょこんなん」と笑顔をみせ「妻には本当に感謝していて。こういうお仕事してるから不規則な時もあるじゃないですか。やっぱ１人で２人を見なきゃいけないワンオペ状態なわけだし、自分も全力で子どもたちと向き合ってるからこそ、すごく大変さがわかるから。常日頃絶対に（ありがとうと）思っている」と語り、「すごい感謝ですね。奥さんなしでは今の子供たちに１００％育ってない」と断言。

　小池の言葉を受け、ＭＣの山崎育三郎は「こんなパパいたらさ、めちゃくちゃハードル上がるよ、世の中のパパ。『えっ！やばい！』ってみんな思ってる。全国のママたちが横目で旦那さん見てる。『聞いた！？今これあなた！』って」と反応。小池は「ってことは逆に、全国のパパを敵に回したって言い方できますね」と笑った。
報知新聞社",[],[]
ＴＢＳ「音楽の日」７月１８日に決定　司会は１６回目の安住紳一郎アナ×３回目の江藤愛アナ（スポーツ報知）,https://news.yahoo.co.jp/articles/82ca96de86dcd104aa6ee35c48ad597e21c2f0c9,https://newsatcl-pctr.c.yimg.jp/t/amd-img/20260601-06011279-sph-000-1-view.jpg?exp=10800,2026-06-01T21:00:05+09:00,2026-06-01T21:00:05+09:00,スポーツ報知,sph,スポーツ報知,202,"７月１８日に放送が決まった「音楽の日」
ＴＢＳは１日、７月１８日午後８時から大型音楽番組「音楽の日２０２６」を放送すると発表した。
【写真】美人メダリストとのツーショット
同番組は東日本大震災が発生した２０１１年にスタート。放送１６回目となる今回のテーマは「こえる。きこえる。」で、総合司会は第１回から１６回連続となる安住紳一郎アナウンサーと、今回が３回目の江藤愛アナウンサーの２人が務める。
報知新聞社",[],[]
「視聴率のグラフが出る」「吉本が給料振り込まない」まちゃまちゃがブレイク当時の苦労を語る「１番苦しかったかも」（スポーツ報知）,https://news.yahoo.co.jp/articles/ba2585d1f12e23b04d515da09b2186abfc1ebdbe,https://newsatcl-pctr.c.yimg.jp/t/amd-img/20260601-06011248-sph-000-1-view.jpg?exp=10800,2026-06-01T20:59:49+09:00,2026-06-01T20:59:49+09:00,スポーツ報知,sph,スポーツ報知,943,"まちゃまちゃ
お笑い芸人のまちゃまちゃがテレビ朝日公式ＹｏｕＴｕｂｅチャンネル「動画、はじめてみました」の「納言幸のやさぐれ酒場」に出演。ブレイクのきっかけとなった「エンタの神様」（日本テレビ系、２００３年～１０年）の裏話について語った。
【写真】まちゃまちゃ　モヒカン→サラサラヘアにした姿
「エンタの神様」の話題になり「結構シビアな番組で、１組１組ごとに視聴率のグラフが出る」と始めた。これに対し納言の薄幸は「つらい…しんどいですね。いや、その時間にもよるでしょと思いますけど」と反応した。

　まちゃまちゃは「『摩邪』としてエンタの神様出させてもらって。だから、この『摩邪』ではほかの番組出れないのよ。エンタでしかあのネタを（披露できない）。もともとずっと１年かけて作り上げたエンタの神様だけのキャラクターになったから。他の局はもちろんだけど、なんなら日テレ内でもダメだった」と告白。「でも私はそれを厳しいというよりも、やっぱりやっと世に出さしてくれたところだから、『もうそれは左様でございますね』『そりゃそうですよ！』って」と語った。

　さらに「自分も毎週ネタ書くけど、作家さんも総動員でやってくれてて。でも、毎週何かを作らなきゃいけないってなって。それでも収録にたどり着かない、頭パンッパンになるっていうか。最後は本当に日テレの近く、新橋の駅まで行ってベンチに座って、ヘマするサラリーマンとか現れないかな、お願い誰かなんかやってみたいなね」と当時を振り返った。「だから（エンタに）出るまでが１番苦しかったかもしれない。バイトもできなかったりとか。あと出てからもバイトできない、吉本が給料振り込まない。１年ちょっと（給料）入らなかったんだから」とも回想。

　「エンタの神様」のスペシャルに出演した際に、ＣＭに行く前の一言を収録したという。そのギャラが「レギュラーの時よりちょっと良くて、その一言が。『ん？』ってなって」「１００何回（レギュラーで）出てるわけですよ。１万円の誤差だとしたら１００万円。だから『ちょっと調べてもらってもいいですか？』って吉本にお尋ねをしたんですけど『昔のことすぎてわからない』って政治家みたいな言い訳された」とも明かし、笑いを誘った。
報知新聞社",[],[]
映画「愚か者の身分」が日本映画批評家大賞で４冠に輝く　主演・北村匠海は「作品の旅路のゴールとしてふさわしい賞」（スポーツ報知）,https://news.yahoo.co.jp/articles/8bcf3f3f77ea6c40be1fcd3ba4d7f72a96deaac1,https://newsatcl-pctr.c.yimg.jp/t/amd-img/20260601-06011294-sph-000-3-view.jpg?exp=10800,2026-06-01T20:51:00+09:00,2026-06-01T21:55:30+09:00,スポーツ報知,sph,スポーツ報知,549,"映画「愚か者の身分」が作品賞など４冠に輝いた（左から）北村匠海、林裕太、永田琴監督（カメラ・小泉　洋樹）
「第３５回日本映画批評家大賞」の授賞式が１日、都内で行われ、映画「愚か者の身分」が作品賞、主演俳優賞など４冠を受賞。主演の北村匠海や林裕太、永田琴監督らが登壇した。
北村匠海　日本映画批評家大賞で主演男優賞を受賞「自分を褒めることができた」
最も優れた映画作品に贈られる作品賞を受賞した永田監督は「作品賞は、みんなでもらった賞。ここにいないスタッフも自分の賞だと思ってもらいたい。本当にありがとうございます」と感謝。北村に背中を押されてマイクの前に立った林は「作品が評価される機会があればなというふうに思っていた。作品賞を取ったということが一番うれしい」と喜びを分かち合った。

　また、主演の北村は「作品の旅路のゴールとしては、本当にふさわしすぎる賞をいただいたなと思っている」と喜んだ。「『国宝』という作品がある中で『愚か者の身分』を選んでいただいた。そこに愛情を感じましたし、（自分の中で）日本映画を広げていける力になります」とかみ締めるように語った。

　同イベントでは、北村が主演男優賞、林が新人男優賞を受賞。永田監督も監督賞に輝いており、作品賞と合わせて４冠となった。
報知新聞社",[],[]
【競輪】児玉碧衣がパールカップに弾み付けるＶ「踏み上げられてよかった」～函館Ｆ２ナイター（スポーツ報知）,https://news.yahoo.co.jp/articles/3fdecb6f51df78743012466f8ddc6b31e228e175,https://newsatcl-pctr.c.yimg.jp/t/amd-img/20260601-06011291-sph-000-1-view.jpg?exp=10800,2026-06-01T20:49:11+09:00,2026-06-01T20:49:11+09:00,スポーツ報知,sph,スポーツ報知,474,"児玉碧衣
函館競輪のガールズ決勝は最終日の１日、予選を突破した７選手によって第１０Ｒで争われた。児玉碧衣（３１）＝福岡・１０８期＝が６番手の位置で、最終ホームから踏み上げ、逃げる岡田優歩をバックでパス。前回の大宮に続き今年１０度目、通算１９２度目の優勝を飾った。
【写真】【競輪】シリーズリーダーの児玉碧衣が貫禄の白星発進「まだペースでうまく上げられていないので修正は必要」～松阪Ｇ３ナイター
２着には児玉に続いた吉村早耶香をさばいた石井貴子（千葉〕が流れ込み、３着は吉村。児玉の次回出走予定は１６日から岸和田競輪で開催されるＧ１パールカップ（１８日、決勝）。

　

　児玉碧衣「行けるところから、というのは考えてはいました。早耶香（吉村）か（石井〕貴子さんがついてるかどうかはわからなかったが、ゴールまで踏み上げられて良かったです。次ＧＩ控えているので、またパールに向けてそこの練習をする、自信というより、どこまで自分が残れるか、という感じでした。函館はトークショーもやらせていただいたり、好きなバンク。これからも応援お願いします」
報知新聞社",[],[]
【Ｊ２磐田】痛恨…グスタボシルバの退団が決定的に　今季１８戦５発、４月度月間ＭＶＰに輝いた主力と契約更新ならず（スポーツ報知）,https://news.yahoo.co.jp/articles/cfbfe16ae931333ddc40206957fdf0f65baaf0dd,https://newsatcl-pctr.c.yimg.jp/t/amd-img/20260601-06011293-sph-000-2-view.jpg?exp=10800,2026-06-01T20:49:10+09:00,2026-06-01T21:23:28+09:00,スポーツ報知,sph,スポーツ報知,277,"磐田・グスタボシルバ
Ｊ２磐田のＭＦグスタボシルバ（２８）の退団が決定的となったことが１日、分かった。関係者によると、契約満了日だった５月３１日までに条件面で合意に至らなかったという。
【写真】サッカー元日本代表「世界のスーパーモデル」と「同級生」
シルバは昨年７月に磐田へ加入。今季は明治安田Ｊ２・Ｊ３百年構想リーグで１８試合に出場し、５得点をマークした。４月には５試合で３得点を挙げる活躍を見せ「明治安田ＪリーグＫＯＮＡＭＩ月間ＭＶＰ」に選出されていた。一方で、プレーオフ第１戦だった５月３０日の栃木C戦ではベンチメンバーから外れていた。
報知新聞社",[],[]
まちゃまちゃ「実はいまだにずっと守ってる」　細木数子さんから「運気が上がるわよ」と言われ続けていること（スポーツ報知）,https://news.yahoo.co.jp/articles/8d90971b042ba84e318ac4d42f765733df28ae15,https://newsatcl-pctr.c.yimg.jp/t/amd-img/20260601-06011241-sph-000-2-view.jpg?exp=10800,2026-06-01T20:48:33+09:00,2026-06-01T20:51:19+09:00,スポーツ報知,sph,スポーツ報知,622,"まちゃまちゃ
お笑い芸人のまちゃまちゃがテレビ朝日公式ＹｏｕＴｕｂｅチャンネル「動画、はじめてみました」の「納言幸のやさぐれ酒場」に出演。２０２１年１１月８日に呼吸不全のため死去した人気占い師・細木数子さんに言われた“あること”をいまだに守っていると明かした。
【写真】細木数子さん、若かりし頃の姿が衝撃「とっても綺麗でしょ」
細木さんの生涯を描いたＮｅｔｆｌｉｘのドラマ「地獄に堕ちるわよ」の話題になり、細木さんと共演したこともあると語ったまちゃまちゃ。細木さんに言われたことで「実はいまだにずっと守ってることがある」と始めた。

　「トイレでペーパーあるじゃない、手を拭くペーパータオル。女子トイレって、結構（ゴミ箱が）山盛りになってたりしてない？」「私それはずっと昔から気になってて、で、本当に自分が拭いたそのペーパータオルで洗面台拭いたりとかしてたの」と話し、「細木さんの番組出た時に『ペーパータオルばっさり（山盛りに）なってるでしょ。女性のところは』って。それをグって押してあげると、全然下がるから。やっぱ初詮（しょせん）紙だからさ。『それをすると運気が上がるわよ』って言われて。『私なんか今までやってきたこと間違いじゃなかった』って思ったプラス、未だにどこ行っても（ゴミ箱が）わっさりしてるから私はそれ絶対やり続けてんの」と告白。

　「運気が上がるかどうかはわからないけど、自分に磨きはかかってるなとは思う」と続けた。
報知新聞社",[],[]
まちゃまちゃ、細木数子さんの全盛期について語る「もう女帝なわけですよ。本当に」「周りがビビり散らかしてる感じ」（スポーツ報知）,https://news.yahoo.co.jp/articles/3dcc6b3b0008aebdf2ac818e5951b5a311b240b8,https://newsatcl-pctr.c.yimg.jp/t/amd-img/20260601-06011229-sph-000-1-view.jpg?exp=10800,2026-06-01T20:46:25+09:00,2026-06-01T20:46:25+09:00,スポーツ報知,sph,スポーツ報知,742,"まちゃまちゃ
お笑い芸人のまちゃまちゃがテレビ朝日公式ＹｏｕＴｕｂｅチャンネル「動画、はじめてみました」の「納言幸のやさぐれ酒場」に出演。２０２１年１１月８日に呼吸不全のため死去した人気占い師・細木数子さんについて語った。
【写真】まちゃまちゃ　モヒカン→サラサラヘアにした姿
細木さんの生涯を描いたＮｅｔｆｌｉｘの主演ドラマ「地獄に堕ちるわよ」の話題になり、「ちゃんとお会いしたことあるんで。『ズバり言うわよ』も出させていただいたし、あと、特番とかでもご一緒させていただいて、もうちの母ちゃんとかめっちゃ喜んでたよ」と始めたまちゃまちゃ。

　納言の薄幸に「何を言われました？」と聞かれると、「『ズバリ言うわよ』の時は、緑のモヒカン、オレンジのもみあげだから『黒にして、女優をやればいい』って言われて。『嫌です！』って言っちゃって」と答え、笑いを誘った。

　「あとすっごい覚えてるのは、もう女帝なわけですよ。本当に。お気遣いのもとスタジオにやってくるっていう。ここになるまで、もう何があったらこうなれるんだろうと思いながら」とも振り返った。

　さらに「何回かご一緒させていただいたけど、違うじゃない、芸能人ではないわけじゃん。細木さんって。なんだけど、なんだろうその大御所のラインを超えてるというかさ。すごかったよ、もう大先生」としみじみ。「すごかったのよ。本当にすごかったんだって。あの時代。オーラっていうより、“圧”みたいな。なんか言ってるわけじゃない、もう来ただけで『はぁ』って。なんかその時代にご一緒できてたことは本当に奇跡というか。周りがビビり散らかしてる感じ。なんでそんなビビっちゃうのって。だから逆に（細木さんが）かわいそうではあったかも」とも続けた。
報知新聞社",[],[]
北村匠海　映画で共演した綾野剛は「みるみる体が大きくなっていく…」ストイックな一面に「僕の中では化け物じみてきた印象」（スポーツ報知）,https://news.yahoo.co.jp/articles/0196cbf9f58be779eddcaf84b1178135b9b5d301,https://newsatcl-pctr.c.yimg.jp/t/amd-img/20260601-06011292-sph-000-1-view.jpg?exp=10800,2026-06-01T20:43:25+09:00,2026-06-01T20:43:25+09:00,スポーツ報知,sph,スポーツ報知,552,"授賞式に登壇した主演男優賞・北村匠海（カメラ・小泉　洋樹）
俳優の北村匠海が１日、都内で行われた「第３５回日本映画批評家大賞」授賞式に出席し、映画「愚か者の身分」（永田琴監督）で主演男優賞を受賞。同作で共演した綾野剛について語った。
北村匠海　主演男優賞を受賞に「僕は間違っていなかったと自分を褒めることができた」
劇中で闇ビジネスの世界に身を置く若者たちのひとり・タクヤを演じた北村。主演男優賞を受賞し「今後も映画のために何ができるのか、考えてチャレンジして、出会いを大切にできる役者に（なれるよう）精進していきたい」と高みを見据えた。

　共演した綾野については「綾野さんはみるみる体が大きくなっていく役者でして…。（綾野の所属事務所の）トライストーンってみんな体が大きい印象がある」とおどけながらも「剛さんは役に対して一番ストイックで、僕の中では化け物じみてきた印象がある。役者の魂が血として流れていて、芝居のことを常に考えている。そこに恐ろしさを感じつつも、尊敬もあるし必ずまた共演したい」と真っすぐなまなざしで語った。

　１９９１年に始動した同イベントは、映画批評家たちによって設立された「映画人が映画人に贈る賞」。この日は２０２５年に公開された作品の中から１７作品が表彰された。
報知新聞社",[],[]
Ｗ杯代表・中村敬斗の“報告”に「ＪＡＬしか乗りません」「イケメン過ぎる」パートナーシップ契約は大谷翔平、久保建英らも（スポーツ報知）,https://news.yahoo.co.jp/articles/289fce3f19c8ba3a4b3fb8ab366f5e5c2aca0f41,https://newsatcl-pctr.c.yimg.jp/t/amd-img/20260601-06011125-sph-000-2-view.jpg?exp=10800,2026-06-01T20:39:17+09:00,2026-06-01T20:39:39+09:00,スポーツ報知,sph,スポーツ報知,418,"中村敬斗のインスタグラム（＠ｎａｋａｍｕｒａ．ｋｅｉｔｏ）より
北中米Ｗ杯に臨むサッカー日本代表のＭＦ中村敬斗（Ｓランス）の報告に数多くの反響が寄せられている。
【写真】「気絶するほどカッコいい」中村敬斗のスーツショット！
１日に自身のインスタグラムで「このたび、日本航空（ＪＡＬ）とパートナーシップ契約を締結しました」とつづり、飛行機の模型とサッカーボールを持った写真を投稿。「今後は、ＪＡＬと一緒に若い世代の挑戦を後押しできるような活動にも取り組んでいく予定です」などと意気込みを記している。

　サッカーでは久保建英（Ｒソシエダード）、野球では大谷翔平（ドジャース）らが同社とパートナーシップ契約をしており、選ばれしアスリート選手の中に中村も加わった。フォロワーからは「ＪＡＬしか乗りません」「ＪＡＬ乗ります」「眩しい」「爽やかなイケメン」「カッコいいです」「いつ見てもイケメン過ぎる」などのコメントが寄せられている。
報知新聞社",[],[]
北村匠海　日本映画批評家大賞で主演男優賞を受賞に「僕は間違っていなかったと自分を褒めることができた」（スポーツ報知）,https://news.yahoo.co.jp/articles/c08b26dead205761a8aca442d4165eeb70a44f42,https://newsatcl-pctr.c.yimg.jp/t/amd-img/20260601-06011290-sph-000-1-view.jpg?exp=10800,2026-06-01T20:36:43+09:00,2026-06-01T20:36:43+09:00,スポーツ報知,sph,スポーツ報知,397,"授賞式に登壇した主演男優賞・北村匠海（カメラ・小泉　洋樹）
俳優の北村匠海が１日、都内で行われた「第３５回日本映画批評家大賞」授賞式に出席し、映画「愚か者の身分」（永田琴監督）で主演男優賞を受賞した。

　作中で闇ビジネスの世界に身を置く若者たちのひとり・タクヤを演じた北村は「『なぜ自分なのか』というのが率直な感想だった」と本音を吐露。「選考理由を読んだところ、自分が歩んできた役者人生を全肯定してくれる言葉たちが並んでいて。『僕は間違っていなかった』と自分を少し褒めることができた。今後も映画のために何ができるのか、考えてチャレンジして、出会いを大切にできる役者に（なれるよう）精進していきたい」と高みを見据えた。

　１９９１年に始動した同イベントは、映画批評家たちによって設立された「映画人が映画人に贈る賞」。この日は２０２５年に公開された作品の中から１７作品が表彰された。
報知新聞社",[],[]
見取り図リリーと結婚発表の今川菜緒アナ　「感謝の気持ちが溢れるばかりです」心境を告白（スポーツ報知）,https://news.yahoo.co.jp/articles/a6fe3a9dfdbfeee685d6083e613feb2961dcb1a6,https://newsatcl-pctr.c.yimg.jp/t/amd-img/20260601-06011100-sph-000-1-view.jpg?exp=10800,2026-06-01T20:33:29+09:00,2026-06-01T20:33:29+09:00,スポーツ報知,sph,スポーツ報知,372,"今川菜緒の公式インスタグラム（ｎａｏ＿＿＿ｉｍａｇａｗａ）より
先月２８日にお笑いコンビ「見取り図」リリー（４１）との結婚を発表したフリーアナウンサーの今川菜緒（２９）が、発表後初めて自身のインスタグラムを更新した。
【写真】結婚発表の今川菜緒アナ「お笑い大好き」で「ミス同志社」準ＧＰ
今川は１日までに「たくさんの温かいお言葉を本当に本当にありがとうございます」と感謝をつづり、「Ｈａｐｐｙ　Ｗｅｄｄｉｎｇ」と記されたバルーンで飾られた花の写真をアップ。「改めて周りに恵まれすぎているなと感謝の気持ちが溢れるばかりです。仕事を益々頑張りたいと思っていますので引き続きよろしくお願いいたします」と心境を明かした。

　この投稿には「菜緒ちゃん！心からおめでとう」「末長くお幸せに」「幸せを祈ってます」など、祝福の声が寄せられている。
報知新聞社",[],[]
【大学野球】慶大・今津主将が天皇陛下と愛子さまから賜ったお言葉…天覧試合後のやりとり「もう人生で二度とない」（スポーツ報知）,https://news.yahoo.co.jp/articles/b4dfcd1e5b5b2d0dc2377bfc9a77bf1e11b6238b,https://newsatcl-pctr.c.yimg.jp/t/amd-img/20260601-06011285-sph-000-2-view.jpg?exp=10800,2026-06-01T20:25:01+09:00,2026-06-01T21:00:12+09:00,スポーツ報知,sph,スポーツ報知,588,"優勝パレードに参加した（左から）慶大・伊藤公平塾長、堀井哲也監督、今津慶介主将（カメラ・渋谷　拓人）
◆東京六大学野球春季リーグ戦最終週最終日▽慶大３―０早大（１日・神宮）

　慶大が早大を下し、５季ぶり４１度目の優勝を決めた。慶大は８日開幕の全日本大学野球選手権（神宮、東京ドーム＝報知新聞社後援）に５年ぶり１３度目の出場が決定。５年ぶり５度目の大学日本一を目指す。
【写真】立大のマネジャーだったサンデー晋吾の美人娘　卒業後は“日本ハム”入団
慶大は５月３１日の２回戦でサヨナラ負け。同戦は天皇陛下と長女の愛子さまがご来場された天覧試合でもあった。勝てば５季ぶりのリーグＶが決まる一戦での逆転負けとあって、チームに与えたダメージも大きかった。試合後、慶大・今津慶介主将（４年＝旭川東）は東京六大学野球リーグのほか５校の主将や関係者とともに天皇陛下、愛子さまにお会いする機会に恵まれた。

　２０分ほどの時間は、「もう人生で二度とないと思いますし、日本人として生まれた以上、この上ない素晴らしい時間を過ごさせていただいた」と今津。終盤には「明日の早慶戦も頑張ってください」と、励ましのお言葉もあったという。気持ちを切り替えて臨んだこの日、４番に入って３安打の活躍でリーグＶに貢献した主将は「何かしらの形で、優勝の一報が届いたらいいなと思っています」と願っていた。
報知新聞社",[],[]
新婚の４６歳女優、最新姿「ちょっとスッキリした？」「子役の頃からファンです」伊藤歩…お相手は１４歳年下俳優（スポーツ報知）,https://news.yahoo.co.jp/articles/20ad41f96a3d0def7b0eb6825f3d627ae369f8b9,https://newsatcl-pctr.c.yimg.jp/t/amd-img/20260601-06011106-sph-000-2-view.jpg?exp=10800,2026-06-01T20:24:47+09:00,2026-06-01T20:29:10+09:00,スポーツ報知,sph,スポーツ報知,292,"伊藤歩のインスタグラム（＠ａｙｕｍｉ＿＿ｉｔｏ）より
今年１月に結婚を発表した女優の伊藤歩（４６）が近影を公開した。

　１日までにインスタグラムを更新し、「いつかの東京の夜」とつづってデニムジャケットを羽織ったショットを載せた伊藤。
【写真】キレイな横顔ショットも
この投稿にフォロワーからは「子役の頃からファンです」「凄くお綺麗ですね」「素敵です」「ちょっとスッキリした？ヘアスタイルかなぁ」「美しいです」などのコメントが寄せられている。

　伊藤は今年１月に、１４歳年下の俳優・細谷祐介との結婚を発表。「約二年間の交際を経て、入籍いたしました」と交際期間も明かした。
報知新聞社",[],[]
【競輪】南部翔大、２戦連続２着で２場所連続決勝入り！「久徳さんの安心感すごい」～松戸Ｆ１ナイター（スポーツ報知）,https://news.yahoo.co.jp/articles/be7eb86cb3da12df1c023b1a139ecf8472f15602,https://newsatcl-pctr.c.yimg.jp/t/amd-img/20260601-06011283-sph-000-1-view.jpg?exp=10800,2026-06-01T20:23:02+09:00,2026-06-01T20:23:02+09:00,スポーツ報知,sph,スポーツ報知,284,"山田久徳の１着インタビューを見つめる南部翔大
◆吉井秀仁杯（Ｆ１、２日目・１日、松戸競輪場〕

　９ＲのＳ級準決勝は、山田久徳が１着。２着は山田に前を任された南部翔大（２５）＝大阪・１２５期＝ が２着に逃げ粘り、２場所連続で決勝進出を決めた。

　中団で小川真太郎と野口裕史が並走と、展開が向いたのは確かだが、山田と近畿ワンツーフィニッシュ。「後ろが久徳さんで来ても止めてくれるという安心感があった。ちゃんとやらないと、って緊張した」とホッとした表情で振り返った。テレビで場内インタビューを受ける山田久徳の姿が映し出されると、尊敬のまなざしで見つめていた。
報知新聞社",[],[]
尾碕真花の退所報告に、所属のオスカープロモーションが声明「一方的に退所の意思が通知されていた。現在も契約期間中」と主張、今後は「法的措置を検討」（スポーツ報知）,https://news.yahoo.co.jp/articles/f8657cb27100ad575f4c6e323804936a5141a356,https://newsatcl-pctr.c.yimg.jp/t/amd-img/20260601-06011267-sph-000-3-view.jpg?exp=10800,2026-06-01T20:22:54+09:00,2026-06-01T20:52:47+09:00,スポーツ報知,sph,スポーツ報知,482,"尾碕真花
女優の尾碕真花（いちか）が５月３１日、インスタグラムを更新し、所属するオスカープロモーションからの退所を報告した。この件に関して、オスカープロモーションは１日、声明を発表した。
【写真】プリン頭の金髪に変身した激変姿
同社はこの日、スポーツ報知の取材に「尾碕真花の代理人であるＳＡＫＵＲＡ法律事務所の弁護士より、当社へ一方的に退所の意思が通知されていたことは事実ですが、当社と尾碕真花の専属マネジメント契約は現在も契約期間中であり、また、当社と尾碕真花が専属マネジメント契約の解除に合意した事実もございません」と主張。「尾碕真花が当社の了承なく、退所を発表したことについて極めて遺憾であり、現在、尾碕真花に対して法的措置をとることを検討しております」とした。

　尾碕は５月３０日にインスタグラムのストーリーズで「私のＸについてですが、昨日からログインができない状態となっていて、何者かに乗っ取られたっぽいです」と投稿。翌３１日に「この度、尾碕真花は２０２６年５月３１日をもちまして、オスカープロモーションを退所いたしました」と投稿している。
報知新聞社",[],[]
ウエストランド井口、日本ダービー３連単的中も…太田光代社長のひと言に「当てた後に聞きたくない言葉第一位」（スポーツ報知）,https://news.yahoo.co.jp/articles/2ada6d9e00f313640a4578672c576beb6e8a348c,https://newsatcl-pctr.c.yimg.jp/t/amd-img/20260601-06011174-sph-000-1-view.jpg?exp=10800,2026-06-01T20:20:46+09:00,2026-06-01T20:20:46+09:00,スポーツ報知,sph,スポーツ報知,422,"井口浩之
「ウエストランド」井口浩之の「Ｇ１日本ダービー」をめぐる投稿が話題になっている。
【写真】ウエストランド井口似のタレント　歯列矯正で「めっちゃ変わった！」
井口は１日までにニコニコの顔文字を５個つづり、照会結果一覧の写真をＸ（旧Ｔｗｉｔｔｅｒ）に投稿。３連単が当たった画面になっており、購入金額９６００円に対し、払戻金額は４万７０５０円となっている。

　「
＃日本ダービー
」のハッシュタグがつけられたこの投稿に、お笑いコンビ「爆笑問題」の太田光の妻で、井口が所属する芸能事務所「タイタン」の太田光代社長が反応。「競馬の嗜みを身につけた様子。会社に納税用の記録用紙あるので、忘れないうちに詳細に記入してね。出来れば写メもホルダーに入れて保存して。細やかな楽しみ出来て良かったね。しっかり納税してね」とコメントした。

　これに対し「当てた後に聞きたくない言葉第一位『納税』笑」「これは凄腕の経営者」などの声が寄せられた。
報知新聞社",[],[]
「えっ！すご！」「おめでとう！」カジサックの長女・梶原叶渚、ドラマ「ＧＴＯ」への出演を報告！「一生懸命頑張ります！」（スポーツ報知）,https://news.yahoo.co.jp/articles/ee2588dce7f935626292d61c1508e00c326bd7ec,https://newsatcl-pctr.c.yimg.jp/t/amd-img/20260601-06011090-sph-000-2-view.jpg?exp=10800,2026-06-01T20:14:06+09:00,2026-06-01T20:15:37+09:00,スポーツ報知,sph,スポーツ報知,474,"梶原叶渚のインスタグラム（＠ｋａｎｎａ＿ｍａｍｅ）より
「カジサック」ことお笑いコンビ「キングコング」の梶原雄太の長女で、モデルの梶原叶渚（かんな）が、ドラマ出演を報告した。
【写真】ＧＴＯで“在籍”する１年Ｂ組の座席表　梶原はどこに？
梶原は１日までに自身のインスタグラムを更新。「カンテレ・フジテレビ系　７月期月１０ドラマ『ＧＴＯ』に若槻琴音役で出演させていただきます」と、俳優の反町隆史が主演を務める７月期のカンテレ・フジテレビ系連続ドラマ「ＧＴＯ」（７月２０日スタート、月曜・後１０時）への出演を報告。

　「たくさんの方に愛されている作品に参加させていただけることを、とても嬉しく思います。素敵なキャスト、スタッフの皆さんとご一緒できることに感謝しながら、たくさんのことを学び、一生懸命頑張ります！」と意気込み、制服姿を公開した。

　この投稿にファンからは「えっ！すご！」「かんちゃんおめでとう！！」「凄い！！たのしみ！」「まじで？やば」「あるんじゃないかと予想してました！」「可愛い。似合ってる」などの声が寄せられている。
報知新聞社",[],[]
南野拓実「僕も米国に行って…チームのために精いっぱい何か貢献できるように」 メンター役で帯同、北中米Ｗ杯へ心境…ＳＮＳ動画投稿（スポーツ報知）,https://news.yahoo.co.jp/articles/f617d17ee688e3c7cd353e6c98eca793141704fe,https://newsatcl-pctr.c.yimg.jp/t/amd-img/20260601-06011278-sph-000-1-view.jpg?exp=10800,2026-06-01T20:11:53+09:00,2026-06-01T20:11:53+09:00,スポーツ報知,sph,スポーツ報知,500,"南野拓実
北中米Ｗ杯メンバーから選外となったＭＦ南野拓実（モナコ）が１日までに、このほど開設した自身の公式ＴｉｋＴｏｋを通じて、メンター役として代表チームに帯同する役割に向けて思いを語った。
【動画】１０選手が合流！Ｗ杯壮行試合に向け２６人が揃った日本代表
南野は約４０秒の動画を投稿し、「ファンサポーターの皆様、いつも応援ありがとうございます。僕は今、毎日リハビリに取り組んでいて、一日でも早く復帰して活躍しているところを皆さんにお届けできればなと思っています。そして、報道でご存知の方もいると思いますが、僕も米国に行ってチームに帯同することになりました。僕自身できることは少ないかもしれませんが、チームのために精いっぱい何か貢献できるように頑張りたいと思います。応援よろしくお願いします」と心境を明かした。

　昨年１２月、所属クラブでの試合中に左膝前十字靱帯（じんたい）を断裂。懸命なリハビリを続けてきたが、本大会までの実戦復帰は困難と判断され、５月１５日に発表となった２６人のメンバーからは外れた。一方で森保監督の要望により、南野は大会期間中もチームとともに行動することになった。
報知新聞社",[],[]
岡副麻希アナ、２歳娘を抱っこした姿「すっかりママ」「水着すてき」レーシングドライバー夫との家族写真も公開（スポーツ報知）,https://news.yahoo.co.jp/articles/796ef2f47fa11103d41f340a87cfa6643e5e37b6,https://newsatcl-pctr.c.yimg.jp/t/amd-img/20260601-06011088-sph-000-2-view.jpg?exp=10800,2026-06-01T20:07:10+09:00,2026-06-01T20:08:05+09:00,スポーツ報知,sph,スポーツ報知,384,"岡副麻希アナのインスタグラム（＠ｍａｋｉ＿ｏｋａｚｏｅ＿ｏｆｆｉｃｉａｌ）より
フリーの岡副麻希アナウンサーが、１日までに自身のＳＮＳを更新。家族ショットを公開した。
【写真】親子３人のほのぼのショット！
インスタグラムに「５月さいごの土日　金曜日の２３時過ぎに蒲生さんが帰宅してから　急遽（きょ）宿を探して決めた鴨川行き」と千葉の鴨川シーワールドに行ったときの様子を載せた岡副アナ。娘を抱っこしたツーショットやプールでの写真、夫でレーシングドライバーの蒲生尚弥との家族写真を公開している。

　この投稿にフォロワーからは「すっかりママですね～　大きくなられて」「水着素敵」「お子さんに癒やされました」「麻希さんとても素敵です」などのコメントが寄せられている。

　岡副アナは、２０２２年４月に蒲生との結婚を公表し、２４年５月に第１子となる長女を出産した。
報知新聞社",[],[]
「とんでもない家に住んでいた」“お嬢様”大島由香里アナ　マツコ「その後、何倍も苦労してますので。許して」（スポーツ報知）,https://news.yahoo.co.jp/articles/70ab33ea1ea030978c148ddc458621a562cc3208,https://newsatcl-pctr.c.yimg.jp/t/amd-img/20260601-06011273-sph-000-1-view.jpg?exp=10800,2026-06-01T20:00:50+09:00,2026-06-01T20:00:50+09:00,スポーツ報知,sph,スポーツ報知,875,"大島由香里アナウンサー
元フジテレビでフリーの大島由香里アナウンサーが１日放送のＴＯＫＹＯ　ＭＸ「５時に夢中！」（月～金曜・午後５時）にＭＣとして生出演。裕福な家に育った子ども時代について語った。
【写真】超レア！グレージュのショートカット姿の大島由香里アナ
曜日コメンテーターで出演の株式トレーダーの若林史江氏が、９歳の息子の話として語った「『あなたたちが自立したら、ママはこの家売っぱらってマンション住むから。お前らの住む家はないと』って言ったら、すごく落胆していた」というエピソードから、子どもなりに周りの家と自分の家の経済状況を比べるという話題に発展。

　ここでマツコが、大島アナに「大島さんの家みたいなところに生まれたら、周りのことなんて気にしないでしょうけど」と話を振った。大島アナは、祖父が建設関係の会社を経営し、神奈川・平塚市の実家が敷地が４００坪、建物が１５０坪の豪邸だったと話題になったことがあった。

　マツコのフリに大島アナは「私の小さい頃の…ね。はい、幻のような家ね」と否定せず認め、「生まれ育ったのがそこだったので、子どもの頃は気づいてなかったんですよ」と話した。

　マツコに「いくつぐらいでわかったの？」と問われると、「結構、大人になってからかもしれないです。とんでもない家に住んでいたんだなっていうのは、大学くらいになってから気づきましたね」と返答。

　さらに「みんなこういう家住んでると思ってたの？」の質問には、「人の家がどうとか気にしたことなかった」と答えた。

　ドラマなどに出てくる“普通の家”を見てどう思うかについては「逆にうらやましいなって。（家族の）距離が近い感じとか、掃除が楽そうだなとか、これぐらいがいいなって。大きさじゃないなって」と話した。

　これを聞いたマツコは「これだけ聞くと、感じ悪い女だなって思うかもしれないけど、その後、人の何倍も苦労してますので。すいません、許してくださいね」と、フィギュアスケーターの小塚崇彦との結婚、出産、離婚を経験した大島アナをフォローした。
報知新聞社",[],[]
吉沢亮「どの撮影現場に行っても国宝の話」日本映画批評家大賞で２年連続主演男優賞を受賞（スポーツ報知）,https://news.yahoo.co.jp/articles/49f7501c39b89aa4a2b5fa39a4a1d772f8a06985,https://newsatcl-pctr.c.yimg.jp/t/amd-img/20260601-06011274-sph-000-2-view.jpg?exp=10800,2026-06-01T20:00:01+09:00,2026-06-01T20:01:54+09:00,スポーツ報知,sph,スポーツ報知,576,"授賞式に登壇した主演男優賞の吉沢亮（カメラ・小泉　洋樹）
俳優の吉沢亮が、「第３５回日本映画批評家大賞」で主演男優賞を受賞し１日、都内で行われた「第３５回日本映画批評家大賞」授賞式に出席した。昨年の「ぼくが生きてる、ふたつの世界」（呉美保監督）に続き、映画「国宝」（李相日監督）で２年連続での同賞獲得となった。
【写真】１５年ぶり復刊の雑誌で表紙イラストに登場
２年連続の受賞に吉沢は「まさか、今年もいただけると思っていなかったので、非常にうれしい」と笑顔。助演男優賞を受賞した横浜流星や友人の北村匠海も祝福に駆け付け登壇し、「素晴らしいおふたりとこの場に立てて、非常にうれしい。これからもいろんな作品に参加できるように日々、勝負して参ります」と力を込めた。

　「国宝」は公開から約１年がたったが、現在も上映されるなど、大反響となっている。役名の喜久雄で呼ばれることはあるかと問われると「特には無いですね…」と苦笑いしながらも、「どの（撮影）現場に行っても『国宝』の話をしてくださる。こんな経験は無かったので、すごい現象が起きているなと、日々実感しています」としみじみ語った。

　１９９１年から始まった同賞は、映画批評家たちによって設立された「映画人が映画人に贈る賞」。この日は、２０２５年に公開された作品の中から１７作品が表彰された。
報知新聞社",[],[]
純烈・酒井一圭　「ガオレンジャー」で共演の人気俳優と「久々連名」２ショットに「何だか感動」「すご～い」（スポーツ報知）,https://news.yahoo.co.jp/articles/e4eaa72e9433de0e116fa470b971ffe906be04f3,https://newsatcl-pctr.c.yimg.jp/t/amd-img/20260601-06011080-sph-000-1-view.jpg?exp=10800,2026-06-01T19:57:37+09:00,2026-06-01T19:57:37+09:00,スポーツ報知,sph,スポーツ報知,460,"酒井一圭のインスタグラム（＠ｓａｋａｉｋａｚｕｙｏｓｈｉ）より
歌謡コーラスグループ「純烈」の酒井一圭が１日までに自身のＳＮＳを更新。スーパー戦隊シリーズで共演した人気俳優との２ショットを投稿した。
【写真】金子昇、５０代になった姿が「衝撃」「信じられへん」「おったまげてる」
自身のインスタグラムで「相模大野の焼肉八起」と書き出し、「久々に連名でガオレンジャーのサイン書いたじゃん！」と俳優の金子昇との写真をアップ。

　酒井は２００１年から放送されたテレビ朝日系のスーパー戦隊シリーズ「百獣戦隊ガオレンジャー」に牛込草太郎（ガオブラック）役として出演。ガオレッド役の金子との２ショットに「２００１年だからさ、ガオレンジャーは（遠い目）」と振り返り、「２５年間お友達でいてくれてありがとう」と感謝の言葉をつづった。

　この投稿には「ガオブラックとガオレッドだ　すご～い」「ずっと続いている友情が素敵」「お二人の笑顔に胸一杯になってしまうわ」「いつまでも私のヒーローです！」などのコメントが寄せられている。
報知新聞社",[],[]
元男闘呼組・前田耕陽、嵐をねぎらう「ファンのためにけじめ。僕らもそうだった」ベスト・ファーザー賞受賞（スポーツ報知）,https://news.yahoo.co.jp/articles/6bf116232a3fbca3d081a3c805af99bf497e87da,https://newsatcl-pctr.c.yimg.jp/t/amd-img/20260601-06011269-sph-000-3-view.jpg?exp=10800,2026-06-01T19:49:38+09:00,2026-06-01T20:41:45+09:00,スポーツ報知,sph,スポーツ報知,983,"「ベスト・ファーザー賞 in 関西」を受賞した前田耕陽（カメラ・田中昌宏）
俳優で元「男闘呼組」の前田耕陽が１日、大阪・帝国ホテル大阪で開催された「第１９回ベスト・ファーザー賞　ｉｎ　関西」の発表・授与式に出席。芸能部門で受賞した席上で、５月３１日のラストライブでグループの活動を終えた「嵐」をねぎらった。
【写真】５２歳・西島秀俊の若返り姿が「二宮和也にしか見えない」とネット騒然
実は前夜の東京ドーム公演を見届けようと思っていたという。「行きたかったんですけど仕事が入って」。かつて所属した事務所の後輩たちによる最後のパフォーマンスは生で目に焼き付けることはかなわなかった。それでも「そうやってファンのためにけじめつけてね。僕らもそうだった。３０年かかりましたけど。終わりを迎えることができて。お疲れさまでしたと（言いたい）」といたわりの言葉をかけた。「男闘呼組」は１９９３年に活動休止し、２０２３年８月２６日の日比谷野外音楽堂のライブをもって解散しているだけに、重なる部分も感じたようだ。

　妻は姉妹漫才師「海原やすよ　ともこ」の姉・ともこ。ともことの間に大学生の娘と中学生の息子がいる。家庭内で「ベスト・ファーザー賞」受賞を報告した際、娘には「誰が決めとんねん。それは家族が決めるんや」と辛辣（しんらつ）な言葉で祝福された（！？）といい、この日は仕事のため会場に駆けつけられなかったともこには「ええ、そうなの。良かったね」とシンプルだが最高にうれしいリアクションを送られたそうだ。

　父としての自己採点は「母親に相談できないことは僕に相談する。仲良くはさせてもらってるんで、高い点数だと思います」とニヤリ。現在は舞台の脚本を書く機会が多く「子供と父親の話を書くんですよ。家族愛みたいなのを。こういうの書いてるときに『ベスト・ファーザー賞をもらいたいな』と思ってました。来年のテーマも決まりましたね。お父さんの活躍する姿を（舞台化したい）」と劇作家として新たなインスピレーションも得たようだった。

　政治部門は京都府知事・西脇隆俊氏、経済部門は株式会社堀場製作所会長兼グループＣＥＯ・堀場厚氏、文化部門はギタリスト・ＭＩＹＡＶＩ、ものづくり部門は株式会社イシダ社長・石田隆英氏、メディア部門はフリーの田中大貴アナウンサーが、それぞれ受賞した。
報知新聞社",[],[]
全６３種の大谷翔平ボトルを公開、ＭＬＢも絶賛「本当に素晴らしい企画」（スポーツ報知）,https://news.yahoo.co.jp/articles/4ad43b558ce67fdc23f5a2d3af32233969710361,https://newsatcl-pctr.c.yimg.jp/t/amd-img/20260601-06011271-sph-000-1-view.jpg?exp=10800,2026-06-01T19:49:29+09:00,2026-06-01T19:49:29+09:00,スポーツ報知,sph,スポーツ報知,967,"大谷翔平ボトルイベントに参加した元メジャーリーガーの五⼗嵐亮太⽒（伊藤園提供）
伊藤園が展開する無糖緑茶飲料ブランド「お～いお茶」は１日、２５年シーズンにドジャース・大谷翔平投手（３１）が放ったポストシーズンを含む６３本の本塁打をモチーフにしたプレミアムデザインボトル
【写真】黒のドレスを着た真美子さん　大胆に肩出しした姿がキレイ
「Ｏｉ　Ｏｃｈａ　ＳＨＯＨＥＩ　ＯＨＴＡＮＩ　ＡＬＬ　ＨＯＭＥ　ＲＵＮＳ　ＢＯＴＴＬＥ　２０２５　ＳＥＡＳＯＮ　５５＋８　ＥＤＩＴＩＯＮ」を、２２日から販売を開始すると発表し、全デザインを渋谷ハチ公前看板で公開した。また、公開を記念し、２２日の発売に先駆けて世界最速で全てのボトルを見ることができる１日限定展示ブースをオープンした。

　来場者からは、「発売されたら全種類集めたいです！」「発売が待ち遠しいです！」「大谷選手ってやっぱり凄いですね！」といった、大谷への深いリスペクトと発売への期待のコメントが多数聞かれた。

　多くの関係者も来場。ＭＬＢ（米大リーグ機構）からも、グローバルコーポレートパートナーシップアジアディレクター・⼗原啓志郎⽒が来場。「大谷選手のボトル企画はすでに多くのファンの皆さまに浸透していますが、通常とは異なる伊藤園さんにしかできない、本当に素晴らしい企画だと思います。毎年新しい企画をしていただけて我々としても大変嬉しいです。日本のみならず世界中の野球ファンが大谷選手の活躍に注目していますし、今後もさまざまなコンテンツを通じてファンの皆さまに届けていきたいと思います」と高く評価した。

　元メジャーリーガーの五⼗嵐亮太⽒も会場に駆けつけ、「大谷選手の広告はさまざまな場所で目にしますが、このボトルを見ると昨シーズンのホームランシーンが鮮明によみがえりますし、ボトルごとに異なる表情やポーズが描かれていて、改めて大谷選手はすごいなと感じます。特に５０号ホームランはとても印象に残っています。６３種類それぞれで異なる表情やスイングの形を見ることができ、『このホームランはこんなシーンだったな』と振り返りながら楽しめるのも魅力です。イラストとともに昨シーズンの活躍を思い出しながら、多くの方に楽しんでいただけるのではないかと思います」と、期待を込めていた。
報知新聞社",[],[]
ジョックロック・福本ユウショウ「何年も一緒にやってるかのよう」　サンテレビ「ワチャラチャ忍忍」収録参加（スポーツ報知）,https://news.yahoo.co.jp/articles/a985dfcd869bbe4bd7fbc94eafe37a0fc4bf1702,https://newsatcl-pctr.c.yimg.jp/t/amd-img/20260601-06011270-sph-000-1-view.jpg?exp=10800,2026-06-01T19:48:20+09:00,2026-06-01T19:48:20+09:00,スポーツ報知,sph,スポーツ報知,818,"サンテレビ「ワチャラチャ忍忍」の収録に参加した（前列左から時計回りに）フースーヤ・谷口理、田中ショータイム、ジョックロック・福本ユウショウ、ゆうじろー、天才ピアニスト・竹内知咲、ますみ（カメラ・古田尚）
お笑いコンビ・ジョックロックが１日、大阪・よしもと漫才劇場でサンテレビのバラエティー番組「ワチャラチャ忍忍」（火曜・後１０時）の公開収録に、レギュラーとして初参加した。
【写真】２０キロ減量した女芸人、激変した超ミニ＆肩出し姿…「どんどん綺麗に」
天才ピアニスト、フースーヤとともに一人前の“おもしろ忍者”を目指し修行中の３組が、毎回さまざまな修行（ゲーム）や対決に挑戦するバラエティー番組。これまでレギュラーだったカベポスターが上京のため卒業し、３組目の“忍び”としてジョックロックに白羽の矢が立った。初参加とは思えないほどの絡みで爆笑を誘ったジョックロック・福本ユウショウは「もう何年も一緒にやってるかのような馴染みやすさ」と笑顔。ゆうじろーも「初回とは思えない感じでしたね」と収録を振り返った。

　新メンバーを迎えて、今後やってみたい企画に、天才ピアニスト・ますみは「料理対決」を挙げた。「２人なんか生活感があんまり見えないので、プライベートな感じが出るから」とニヤリ。フースーヤ・谷口理は「ゆうじろーが主催で、ゆうじろーが考えたオリジナルゲームをやるっていうライブを過去何回もやっていて、それは僕参加したことあるんですけど、めちゃくちゃ面白いんで、それをぜひやってみたい」と、オリジナルゲーム対決を希望。田中ショータイムは「俺、呼ばれてない」とすねるなど、息の合ったやり取りを見せた。

　卒業したカベポスターには「いつでも帰ってきて」と全員が声をそろえた。天才ピアニスト・竹内知咲は「出てほしい。対決とかじゃなくてもいい」と、番組での再会を心待ちにしている様子だった。この日の収録内容は７月７日に放送される。
報知新聞社",[],[]
北村匠海が出演するＵＳＪ新ＣＭが１日公開「声がぶっ飛びそうだった」パーク初の“夜祭り”で大騒ぎ（スポーツ報知）,https://news.yahoo.co.jp/articles/2aa82c70770f1a177001988167f16fc2f0cde46e,https://newsatcl-pctr.c.yimg.jp/t/amd-img/20260601-06011221-sph-000-1-view.jpg?exp=10800,2026-06-01T19:43:46+09:00,2026-06-01T19:43:46+09:00,スポーツ報知,sph,スポーツ報知,757,"ユニバーサル・スタジオ・ジャパン新ＣＭ（ユニバーサル・スタジオ・ジャパン提供）
ユニバーサル・スタジオ・ジャパンは１日、俳優・北村匠海が出演する新ＣＭの公開した。
【写真】北村匠海「また会いたいな」人気ブランドのデザイナーと２ショット！
開業２５周年となる今夏、新ナイト・エンターテイメント「ユニバーサル・サマー・マツリ・ナイト～ネオン・グロウアップ～」を７月１日から開催。これに先駆け、「だってだって、祭りじゃん？！～オトナもコドモも、お祭り騒げ！～」をテーマにした新ＣＭを１日から一部地域を除き順次放送する。

　同ＣＭではパーク初の“夜祭り”を全力で遊び尽くす様子が描かれており、北村は「夏の暑さを吹き飛ばし、心の体温をアゲるパークでの新体験は、非現実的ながら、自分にリアルにダイレクトに届きます。ぜひパークに遊びに来て、初の夜祭りを、肌で感じて目で見て、五感で楽しんでほしいです」とコメントを寄せた。

　▼以下、北村匠海コメント全文

「ユニバーサル・スタジオ・ジャパン初の夏祭りということで、ＮＯ　ＬＩＭＩＴ！なハジケ感があふれる祭りの空気を感じられるＣＭ です。僕の『夏祭り!!』（という絶叫セリフは）、声がぶっ飛びそうだったんです。それぐらいエネルギッシュに楽しく撮影しました。パークが、新しい自分を発見できる場だということを、一足先に味わいましたね！（撮影では）たくさんの遊びがあってすごく楽しかったですし、ただ水を浴びるのではなく、その場にいるみんなで同じ状況になれる一体感がありました。夏の暑さを吹き飛ばし、心の体温をアゲるパークでの新体験は、非現実的ながら、自分にリアルにダイレクトに届きます。ぜひパークに遊びに来て、初の夜祭りを、肌で感じて目で見て、五感で楽しんでほしいです」
報知新聞社",[],[]
【競輪】篠崎新純、上昇ムード！尾方真生にくらいついて２着「踏ん張れて良かった」～和歌山Ｆ２（スポーツ報知）,https://news.yahoo.co.jp/articles/388a2ddcbd8452408bb7d12bc2f67c1146777f80,https://newsatcl-pctr.c.yimg.jp/t/amd-img/20260601-06011260-sph-000-1-view.jpg?exp=10800,2026-06-01T19:40:03+09:00,2026-06-01T19:40:03+09:00,スポーツ報知,sph,スポーツ報知,437,"篠崎新純
和歌山競輪のＦ２開催は１日、初日が行われ、５Ｒのガールズ予選１は、篠崎新純（しのざき・ますみ、４１）＝千葉・１０２期＝が、尾方真生の強烈なホームカマシに食らいついた。バックからは車間が開くも後続は振り切って２着。

　「しっかりピッタリ付くことを意識しました。そこからシッティングで安心したら、２コーナーからさらにブン回すんだもの。第二先行みたいになったけど踏ん張れて良かった」と安どした。好走の要因は何より体調の回復だ。「静岡（４月１０～１２日、２・５・２着〕のあと、花粉や黄砂でアレルギーが限界を突破して最悪で…。その体調が戻って練習もできたので」。富山（７・６・４着）、いわき平（５・５・５着〕と直近２場所は大きい着を並べて散々だったが復活の兆しは見えてきた。

　今回から投入した新車とのマッチング次第では、さらに前進可能だ。「まだ慣れてなくて。仲良く一体化できれば進む。そこを修正して」。２日目の６Ｒ「ガールズ予選２」で決勝の舞台へつなげる。
報知新聞社",[],[]
伊達公子さん、２２年に再婚したイケメン夫との２ショ公開　「こんな２人に憧れますっ」「とっても素敵！！」（スポーツ報知）,https://news.yahoo.co.jp/articles/796441c810d1853a0fcd4b4cbb1a5fc7322817f8,https://newsatcl-pctr.c.yimg.jp/t/amd-img/20260601-06011085-sph-000-1-view.jpg?exp=10800,2026-06-01T19:37:21+09:00,2026-06-01T19:37:21+09:00,スポーツ報知,sph,スポーツ報知,478,"伊達公子さんのインスタグラム（＠ｋｉｍｉｋｏ．ｄａｔｅ）より
女子テニス元世界ランク４位の伊達公子さんが、夫婦ショットを公開した。

　伊達さんは１日までに自身のインスタグラムを更新。「富山　新セラー施設お披露目会へは２人で！」と記し、夫とワインを手に寄り添ったショットをアップ。「気持ちの良いお天気の中　大きくなったダイチにも会えてハッピー。今度こそプライベートでゆっくり行きたい！」とつづけ、白のノースリーブトップスに黒のロングスカートで、青空の下で爽やかな笑顔を浮かべた。
【写真】伊達公子さん、サッカー界のレジェンドにはさまれた３ショット
この投稿にファンからは「こんな２人に憧れますっ」「良き旅」「とっても素敵ですね！！」などの声が寄せられている。

　伊達さんは１９９６年に引退。２００８年に現役復帰し、１７年に再び現役生活にピリオドを打った。プライベートではミハエル・クルム氏と２００１年に結婚し、１６年９月に離婚を発表。２２年９月２８日に、１月に再婚していたと明かし、ＳＮＳではたびたび夫を顔出しした夫婦ショットも披露している。
報知新聞社",[],[]
青木源太アナ、嵐への愛止まらず…思い出の曲は「日本テレビの退社で仲間に後ろ髪引かれる思いがあったときに…」（スポーツ報知）,https://news.yahoo.co.jp/articles/055034b19b3f4c427506e4fce44ff202dceb0db2,https://newsatcl-pctr.c.yimg.jp/t/amd-img/20260601-06011197-sph-000-1-view.jpg?exp=10800,2026-06-01T19:33:55+09:00,2026-06-01T19:33:55+09:00,スポーツ報知,sph,スポーツ報知,774,"青木源太アナウンサー
カンテレ系「旬感ＬＩＶＥとれたてっ！」（月～金曜・後１時５０分）は１日の放送で、５月３１日に行われた嵐のラストツアー「Ｗｅ　ａｒｅ　ＡＲＡＳＨＩ」（東京ドーム）のファイナル公演について特集した。大のジャニーズ・ファンと公言する同番組ＭＣの青木源太アナウンサーが、嵐への熱すぎる思いを語った。
【全曲一覧】「嵐」ラストライブのセットリスト！あなたの好きな一曲は入ってる？
思い出の１曲を問われた青木アナは、「Ｈａｐｐｉｎｅｓｓ」のカップリング曲「Ｓｔｉｌｌ．．．」と即答。「前向きな別れを歌った曲で、自分は日本テレビを退社したときに、退社すること自体に迷いはなかったんですけど、アナウンサーの仲間と別れることにセンチメンタルな後ろ髪を引かれる思いがあって。その思いを『Ｓｔｉｌｌ．．．』を聞きながら自分を慰めていました」と明かした。

　また、「嵐にしやがれ」での共演を振り返り、「嵐の皆さんと１対５でイントロ対決をやったんです、事務所全体の曲で。それで私が勝利を収めたことで、私はアナウンサーとして嵐ファンの皆さんに存在を知ってもらったんですね。それが自分の中で１つのきっかけにもなっていて、そういった意味でも嵐の皆さんと嵐ファンのみなさんにすごく感謝している」とエピソードを披露した。

　さらに、「武田鉄矢さんが坂本龍馬を評して言っていたのは、幕末に坂本龍馬は活躍したけれど、それ以上にすごいことは明治維新から１５０年経ってもいろんな人に飯を食わしていることだと言っていた。だから、嵐のみなさんのおかげで仕事ができている人がすごくたくさんいると思う」と熱弁。これにはハイヒール・リンゴも「また熱くなってきたやんか！坂本龍馬って言い出した」とつっこむなど、青木アナの止まらない“嵐愛”にスタジオが笑いに包まれた。
報知新聞社",[],[]
小泉孝太郎、ＹＯＳＨＩＫＩから「おいでよ」　芸能界デビュー前のエピソード明かす（スポーツ報知）,https://news.yahoo.co.jp/articles/5978abb2f7bb078c7eb7a2ab443d50d2ce5298a1,https://newsatcl-pctr.c.yimg.jp/t/amd-img/20260601-06011070-sph-000-2-view.jpg?exp=10800,2026-06-01T19:31:53+09:00,2026-06-01T20:32:50+09:00,スポーツ報知,sph,スポーツ報知,413,"小泉孝太郎
俳優・小泉孝太郎が日本テレビ系情報バラエティー番組「ＤａｙＤａｙ．」（月～金曜・午前９時）にゲスト出演。「Ｘ　ＪＡＰＡＮ」のＹＯＳＨＩＫＩとのデビュー前の貴重なエピソードを披露した。
【写真】孝太郎の父は健在！　小泉純一郎元首相　元フジアナとの２ショット
過去にＸ　ＪＡＰＡＮの元ギタリスト・ｈｉｄｅさん（享年３３）の功績を称える「ｈｉｄｅ　ＭＵＳＥＵＭ」でアルバイトをしていたという小泉。ＹＯＳＨＩＫＩが来館した際にあいさつする機会をもらい「芸能界に興味がある」と話すと「（芸能界に）おいでよ」という言葉とともに手招きをしてもらったと明かした。

　その当時はオーディションでうまくいかない時期だったこともあり「すごく励みになった。その言葉がすごく背中を後押ししてくれましたね」と力になったと振り返った。

このエピソードに共演者からは「えー！」「すごい話ありがとうございます」と驚きの声が上がった。
報知新聞社",[],[]
錦鯉・長谷川雅紀、還暦で迎える２０周年に向け脳トレ！？「将棋指すか」相方と意気投合　５月３１日活動終了の同名・相葉雅紀にもエール（スポーツ報知）,https://news.yahoo.co.jp/articles/ffb2e3aef9e0c109b614729c81b7479c50c59833,https://newsatcl-pctr.c.yimg.jp/t/amd-img/20260601-06011263-sph-000-2-view.jpg?exp=10800,2026-06-01T19:28:55+09:00,2026-06-01T20:28:31+09:00,スポーツ報知,sph,スポーツ報知,805,"駒型のかぶり物を身につける「錦鯉」の長谷川雅紀（左）、渡辺隆
お笑いコンビ「錦鯉」が１日、東京・渋谷区の将棋会館で行われた「Ｊ：ＣＯＭ杯　３月のライオン　子ども将棋大会　第１５回大会開催記念イベント」に出席した。
【写真】錦鯉、将棋の駒かぶって登場　長谷川雅紀は歩駒に不満
コンビ結成１５周年。５４歳の長谷川は「体を、悪いところを治すっていうのをやっていきたい。まず朝起きたらどこも痛くないところがなくしたい」と意欲。渡辺も「ラジオとかやっていても、雅紀さんの言葉が出てこなくて、あれあれって」と相方の体調が心配になってきた様子。長谷川が「それこそ将棋じゃない」と提案すると、渡辺も「２人で将棋指すか」と乗っかった。

　１５回目の大会であることにちなみ、１５歳の時の夢を聞かれると、渡辺が芸人志望だったのに対して長谷川は「漫画家」と回答。「大学ノートに漫画描いていて、高校の修学旅行で東京に来た時に出版社に持って行こうと思ったけど、締め切り（修学旅行の当日）に間に合わなかったので断念した。『アーチェリーチャンピオン去る』とか『釣りキチ三平パー』とか…」と懐かしんだ。

　一緒に仕事をして楽しい相手には「僕は象とかキリンとか…動物が好きで、動物園ロケになるとテンションが上がる」と長谷川。理由を「犬とか猫とかはアレルギーだけど、象とかは好き。すぐに大人は僕のこと怒るんだけど、動物は起こらないから好き」と真面目な表情で説明した。

　長谷川の名前は雅紀。５月３１日で活動を終了した嵐のメンバー・相葉雅紀と名前が同じであることから、コメントを求められると「そうですね、お互い同期のようなもんですね」と笑顔。「僕はすごい楽しませてもらって、それぞれ応援してほしい。僕も嵐のメンバーの１人と言っても過言ではない。お互い励まし合っていこう。一緒に仕事をするときはよろしくな」と続け、笑いが起こっていた。
報知新聞社",[],[]
【大学野球】「去年の今頃、香川の社長をやってた俺が…」慶大投手陣再建の上田誠コーチ、エースとの縁「高松商のそばに住んでた」（スポーツ報知）,https://news.yahoo.co.jp/articles/97e3f18df7da9ec936ad079d158c3793002296f0,https://newsatcl-pctr.c.yimg.jp/t/amd-img/20260601-06011265-sph-000-4-view.jpg?exp=10800,2026-06-01T19:23:17+09:00,2026-06-01T19:35:47+09:00,スポーツ報知,sph,スポーツ報知,1532,"５季ぶり４１度目の優勝を決めた慶大の上田誠投手コーチとエース・渡辺和大（カメラ・加藤　弘士）
◆東京六大学野球春季リーグ戦最終週最終日▽慶大３―０早大（１日・神宮）

　１勝１敗のタイで迎えた早慶３回戦は、慶大が早大を下し、５季ぶり４１度目の優勝を決めた。全５校から勝ち点を奪う「完全優勝」で、２４年秋から３季連続５位に沈んだ屈辱から、見事にＶ字回復を遂げた。今秋ドラフト候補のエース左腕・渡辺和大投手（４年＝高松商）が先発、救援、先発と早慶戦３連投。８回を５安打無失点、１１三振を奪う快投で早大打線を封じ、７勝目。１・２８で最優秀防御率とベストナインの２冠に輝いた。
【写真】立大のマネジャーだったサンデー晋吾の美人娘　卒業後は“日本ハム”入団
＊　＊　＊

　男の運命なんて一寸先はどうなるか分からない。

　胴上げの歓喜に沸く慶大ナインを見つめながら、上田誠コーチ（６８）は優しい笑みを浮かべ、言った。

　「去年の今頃、香川で球団社長をやっていた俺がね…天覧試合でベンチ入りさせていただいたり、こうやって優勝の瞬間に立ち会わせてもらえるんだから、幸せだよねえ」

　ナインからは「マックさん」と呼ばれる。マックさんは慶応野球の歴史において、最重要人物の一人でもある。湘南高、慶大では投手、外野手で、桐蔭学園副部長、厚木東監督、慶応中等部野球部副部長を経て、１９９０年秋に慶応高（神奈川）の監督に就任した。

　恩師の前田祐吉元監督から授かった「エンジョイ・ベースボール」を旗印にチーム強化に乗り出した。２００５年には４５年ぶりにセンバツ大会へ出場し、８強。２００８年には春夏連続出場に導き、９２年ぶりの「夏３勝」をマークした。

　同年秋には明治神宮大会で初優勝。２０１５年夏限りで監督を勇退するまで、４度甲子園の土を踏んだ。退任後は慶大で５年間、コーチを務めた。

　そんなマックさんが２０２３年１１月、四国ＩＬ香川の球団代表に就任した際には、誰もが驚いた。香川は縁もゆかりもない土地に思われたからだ。

　「教え子が香川オリーブガイナーズを買収したから、手伝ってくれって言われて。香川で一人暮らしです。球団代表に球団社長…って言っても、何でも屋。選手を獲得したり、次の就職先を提案したり、トラックの運転手もやったりしたよ」

　独立リーグはプロであるため、球団代表就任後は学生野球資格を失ったが、今年２月５日に回復。慶大の投手コーチに就任した。

　香川での日々は無駄ではなかった。エース左腕の渡辺和は高松商の出身。距離は一気に縮まったからだ。

　「当時ね、高松商のそばに住んでたんですよ。恩師の長尾先生とも親しくさせていただいて、よく彼の話を聞いていました。野球界は、狭いからさ」

　マックさんには指導者として米国留学し、ＵＣＬＡの野球チームでコーチを務めた経験もある。今でも好奇心旺盛に上達法を模索する。そんな姿勢が渡辺和や広池浩成（４年＝慶応）ら今の投手陣とマッチした。

　今春のリーグ戦で７勝を挙げ、投手２冠に輝いた左腕・渡辺和についてはこう語る。

　「彼は探究心がすごい。いろいろ貪欲に聞いてくれたし、実行してくれた。彼が自分でつかんだ投球術でしたね。トレーニングも、誰よりもやる。僕がやるのは止めることぐらい。ペースメーカーですから（笑）。連投してもここまで投げられたっていうのは、そういう春からの練習の成果が出たんじゃないかな」

　「練習ハ不可能ヲ可能ニス」は慶応義塾塾長を務めた小泉信三氏の言葉。己への鍛錬の先にこそ、真の「エンジョイ・ベースボール」があることを、マックさんは“若き血”に伝えていく。（加藤　弘士）
報知新聞社",[],[]
ダイエットで“激変”のりんごちゃん　最新ショット仰天「えー！？」「えらいやせとる」「めちゃくちゃ可愛い」（スポーツ報知）,https://news.yahoo.co.jp/articles/1caf61e60d7ca1f2649acf650e33dd89b3ead5d5,https://newsatcl-pctr.c.yimg.jp/t/amd-img/20260601-06011074-sph-000-2-view.jpg?exp=10800,2026-06-01T19:21:12+09:00,2026-06-01T19:23:48+09:00,スポーツ報知,sph,スポーツ報知,486,"りんごちゃんのインスタグラム（＠ｒｉｎｇｏｃｈａｎ＿０６２６）より
ものまねタレント・りんごちゃんが最新ショットをアップした。

　１日までにインスタグラムで「読売テレビ『草彅やすともの　うさぎとかめ』」と５月３１日放送のバラエティー番組に出演したことを明かした。「
＃草彅剛
さま
＃海原やすよともこ
さま
＃ネイビーズアフロ
＃みながわ
さま
＃焼きおにぎり対決
」とつづり、番組のオフショットを掲載した。
【写真】エプロンにロングスカート、さらに厚底スニーカー　最強の組み合わせ
ピンクのエプロン、白のロングスカートに厚底スニーカーを着用し、キュートな笑顔。フォロワーは「りんごちゃんえらいやせとる」「みてたよー！随分と痩せたんじゃない」「えー！？りんごちゃん　めちゃくちゃ痩せて可愛い」「凄いです」と仰天した。

　りんごちゃんは１月にＴＢＳ系バラエティー番組「熱狂マニアさん！」（土曜・午後７時）のテレビ企画で「缶詰めダイエット」に挑戦し、激やせしたビフォーアフターを公開。先日も「回転寿司ダイエット」に挑戦し、「顔がシャープに」と反響を呼んでいた。
報知新聞社",[],[]
「美形すぎて神々しい」土屋太鳳、激レア３きょうだいショット！「美男美女」ミスジャパン姉＆俳優・声優の弟（スポーツ報知）,https://news.yahoo.co.jp/articles/1c3efeb1ed5221f86f71d523e5717a9037d12898,https://newsatcl-pctr.c.yimg.jp/t/amd-img/20260601-06011052-sph-000-1-view.jpg?exp=10800,2026-06-01T19:19:38+09:00,2026-06-01T19:19:38+09:00,スポーツ報知,sph,スポーツ報知,452,"土屋太鳳のインスタグラム（＠ｔａｏｔｓｕｃｈｉｙａ＿ｏｆｆｉｃｉａｌ）より
女優の土屋太鳳がきょうだいショットを公開し、話題になっている。

　１日までに自身のインスタグラムを更新。姉で「ミス・ジャパン２０１９」グランプリの土屋炎伽（ほのか）さん、弟で俳優、声優として活動する土屋神葉（しんば）との３ショットをアップ。東京・新宿区のイベントに出演し、「トークショーに参加します！　いつも家で揃ってる家族でも一歩外に出ると業種や所属事務所などが違うため　一緒に何かに参加することはないと思っていたけれど、　今回、あったかい熱意をいただいてこの時間が実現することになりました」とつづっている。
【写真】土屋太鳳、イケメン弟とのきょうだいショットが「顔ソックリ」
３人がそろったレアショットに、フォロワーからは「美人３姉弟」「土屋３姉弟ショット嬉しい〜」「ほんとーに美男美女のきょうだい　華やかです！」「めっちゃ良い写真」「３人とも美形すぎて見ているだけで神々しい」などのコメントが寄せられている。
報知新聞社",[],[]
母は後藤久美子　女優娘の全身ショット衝撃「ワオ」「美しい」英語など６か国語堪能「そっくり」話題のエレナ（スポーツ報知）,https://news.yahoo.co.jp/articles/a8c4b78be63901ee64c76af0abb1e4f59351fe51,https://newsatcl-pctr.c.yimg.jp/t/amd-img/20260601-06011204-sph-000-2-view.jpg?exp=10800,2026-06-01T19:14:31+09:00,2026-06-01T19:16:08+09:00,スポーツ報知,sph,スポーツ報知,530,"エレナ・アレジ・後藤のインスタグラム（＠ａｌｅｓｉｈｅｌｅｎａ）より
女優の後藤久美子、フランスの元Ｆ１レーサーのジャン・アレジ夫妻の長女エレナ・アレジ・後藤がおしゃれな私服姿をアップした。
【写真】背中見せ衣装だけじゃない　大胆なタンクトップ姿も
１日までにインスタグラムを更新し、ワンピースの全身ショットを投稿。ミニ丈で背中が開いた個性的なデザインだ。

　さらに連続投稿で「ｂｙｅ　ｂｙｅ　ｍａｙ」とつづり、タンクトップ姿や移動中のショットを掲載。

　これらの投稿にフォロワーは「Ｗｏｗｏｗｏｗ」（ワオワオワオ）「とても美しい」「美しすぎる」「あなたはなんて美しいでしょう」などの声を寄せた。

　元祖「国民的美少女」のゴクミとして人気を集めた後藤はアレジ氏と３児をもうけており、長男はレーシングドライバーのジュリアーノ・アレジ。長女・エレナは英ロンドンの映画学校を卒業し、フランス語、日本語はもちろん、英語、イタリア語も日常会話レベルで、さらにドイツ語、ロシア語の計６か国語が堪能という。母と同じオスカープロモーションで２０１７年にデビューした。ＳＮＳでは母と食事する親子ショットなども披露し、「若い頃のママにそっくり」との声があがった。
報知新聞社",[],[]
横浜流星、「国宝」で日本映画批評家大賞の助演男優賞に輝く「『助演とは何か』を考え続けた１年だった」　（スポーツ報知）,https://news.yahoo.co.jp/articles/ad75c14d2610c831ae7d34b58b246326fe7a8bc7,https://newsatcl-pctr.c.yimg.jp/t/amd-img/20260601-06011262-sph-000-4-view.jpg?exp=10800,2026-06-01T19:14:05+09:00,2026-06-01T19:26:15+09:00,スポーツ報知,sph,スポーツ報知,635,"「第３５回日本映画批評家大賞」授賞式に出席した横浜流星（カメラ・小泉　洋樹）
俳優の横浜流星が１日、都内で行われた「第３５回日本映画批評家大賞」授賞式に出席し、映画「国宝」（李相日監督）で助演男優賞を受賞した。
【写真】授賞式での横浜流星の全身ショット
昨年公開した作品では、「国宝」のほかに「片思い世界」などにも出演。「２０２５年は『助演とは何なのか』を考え、向き合い続けた１年でした。このように評価をいただけたことはとてもうれしく、報われたような思い。今後も、日本映画を発展させられるように『作品命』で生きていきます」と更なる飛躍を誓った。

　「国宝」の大ヒットが歌舞伎界にも好影響を及ぼしていることについては「（映画が）公開されて歌舞伎に足を運ぶ方もたくさんいたというのは、責務を全うできたと思う。歌舞伎の世界の興行も変わったと言っていただいて、うれしかった。（歌舞伎と映画で）相乗効果が生まれたというのは、作り手としてはこの上ない幸せ」とかみ締めるように語った。

　今秋公開の「汝、星のごとく」（藤井道人監督）で主演する横浜は「『国宝』のように…とはいかなくても、たくさんの方々に足を運んでいただけるよう努めたいと思いますし、またこの場に戻ってこれるよう精進します」と力強く語った。

　１９９１年に始動した同イベントは、映画批評家たちによって設立された「映画人が映画人に贈る賞」。この日は２０２５年に公開された作品の中から１７作品が表彰された。
報知新聞社",[],[]
「僕らが憧れて入ってきた慶応野球部はこれだったのか？」チームを変えた今津主将の言葉…３季連続５位から取り戻した誇り（スポーツ報知）,https://news.yahoo.co.jp/articles/65d9738f7dbf6f79f472656c1d1b48bbc3c1b9e5,https://newsatcl-pctr.c.yimg.jp/t/amd-img/20260601-06011261-sph-000-1-view.jpg?exp=10800,2026-06-01T19:12:39+09:00,2026-06-01T19:12:39+09:00,スポーツ報知,sph,スポーツ報知,1243,"胴上げされる慶大・今津慶介（カメラ・桜井　彩乃)
慶大が早大を下し、５季ぶり４１度目の優勝を決めた。慶大は８日開幕の全日本大学野球選手権（神宮、東京ドーム＝報知新聞社後援）に５年ぶり１３度目の出場が決定。５年ぶり５度目の大学日本一を目指す。
【写真】立大のマネジャーだったサンデー晋吾の美人娘　卒業後は“日本ハム”入団
総立ちの三塁側スタンドを見上げ、慶大・今津慶介主将（４年＝旭川東）の胸に感謝の思いがこみ上げた。「お待たせしました」。４番として３安打の大暴れで、５季ぶりのリーグＶに貢献し「苦しい時期から支えていただいた関係者の方々にささげる優勝。みんながついてきてくれたからこその結果。最高のチームのキャプテンにしてくれてうれしい」。よく日に焼けた顔で、さわやかに笑った。

　現在の４年は２３年に入学。高校時代には、２１年に春秋リーグ戦と全日本大学野球選手権を制し、大学４冠にあと一歩と迫った慶大に憧れた。しかしチームは２４年秋から３季連続５位と低迷。昨秋、主将に就任した今津は、ナイン一人一人に訴えた。「僕らが憧れて入ってきた慶応野球部はこれだったのか？これを見て、今の高校生や子供たちが憧れるかな。もう一回、自分たちが憧れていた慶応野球部を取り戻そう」。熱い思いは確かに伝わり、チームは変わり始めた。

　強い慶応を取り戻す。そのために、心身の鍛錬が始まった。昨年１１月からトレーニングや栄養面の知識が豊富な広池浩成投手（４年＝慶応）らが肉体作りを主導。年が明け、２月の愛媛・松山キャンプでは積み上げてきた土台が生きた。堀井哲也監督（６４）が、「ものすごい練習量をこなすことができた。手応えを感じた」と語るほど濃密な時間を過ごした。

　松山キャンプは、チームの一体感も生み出した。例年はＡ、Ｂチームが分かれてキャンプインしていたが、今年は全員で最初の１０日間を実施。「どういう慶応野球部を作っていくのか。方針をしっかりと立てられたことが良かった」と今津。今年のチーム方針、目指す野球の姿が共有されたことは大きなプラスを生んだ。

　練習の意識も変わった。チームの合言葉は「アンサー」。一人一人が対話を意識しながらチームとしての成熟を目指し、積極的な情報共有や声かけが増えた。「部員が２００人いても、対話ができていないと大所帯の意味がない。一人一人が成熟していけば、組織として強くなる」。今季から上田誠投手コーチ（６８）、上田和明コーチ（６３）が加入して厚みを増した指導体制のサポートもあり、戦う集団へと進化したチームが頂点に立った。

　８日からは５年ぶりの大学日本一を目指して、全日本大学野球選手権に臨む。今津は「これから選手みんなの思いは全日本に向かっていく。それまでに最高の準備をするだけ」とナインの思いを代弁した。目指すのは、２１年に逃した大学４冠。苦しみの先につかんだ３年ぶりの歓喜も、強さを取り戻した慶大にとってはまだ序章に過ぎない。（小島　和之）
報知新聞社",[],[]
【ラグビー】ＬＤＨ選抜メンバーがスペシャルパフォ、リーグワン決勝舞台の７日・国立で…「ＥＸＩＬＥ Ｂ ＨＡＰＰＹ」とリーグワンが事業共創パートナー契約締結（スポーツ報知）,https://news.yahoo.co.jp/articles/2dfcd00be12b2be0c7b4396de9be06db59251d91,https://newsatcl-pctr.c.yimg.jp/t/amd-img/20260601-06011253-sph-000-3-view.jpg?exp=10800,2026-06-01T19:04:55+09:00,2026-06-01T21:52:23+09:00,スポーツ報知,sph,スポーツ報知,1220,"７日のリーグワン決勝が行われるMUFG国立でスペシャルパフォーマンスを行う「ＥＸＩＬＥ　Ｂ　ＨＡＰＰＹ」（ＬＤＨ ＪＡＰＡＮ提供）
ラグビーのリーグワンは１日、推進する「ＲＥＳＰＥＣＴ　ＦＯＲ　ＡＬＬ」プロジェクトで、「ＬＤＨ　ＪＡＰＡＮ」所属の「ＥＸＩＬＥ　Ｂ　ＨＡＰＰＹ」と事業共創パートナー契約を締結したと発表した。
【写真】ラグビー芸人・しんや　就活生に熱いエール　ワンキャリア開催イベント
活動の第１弾として、７日のリーグワン・プレーオフトーナメント 決勝、神戸ー東京ベイが行われるＭＵＦＧ国立でスペシャルパフォーマンスイベント「ＲＥＳＰＥＣＴ　ＦＯＲ　ＡＬＬ　ｗｉｔｈ　ＥＸＩＬＥ　Ｂ　ＨＡＰＰＹ」 を実施する。

　今後も「ＥＸＩＬＥ　Ｂ　ＨＡＰＰＹ」とリーグワン、全国のクラブが協力し、参加者を笑顔にするワークショップや地域の一般参加型のパフォーマンスなどのさまざまなイベントや企画を通して「ＲＥＳＰＥＣＴ　ＦＯＲ　ＡＬＬ」を広げていく活動を行う予定としている。

　７日のＭＵＦＧ国立では「ＲＡＧ　ＰＯＵＮＤ 」のパフォーマンスや、「ＥＸＩＬＥ　Ｂ　ＨＡＰＰＹ」のメンバーと「ＥＸＰＧ　ＳＴＵＤＩＯ」生徒による「ＬＤＨ　ダンスワークショップショー」を行う。

　「ＥＸＩＬＥ　Ｂ　ＨＡＰＰＹ」のＴＥＴＳＵＹＡ、中務裕太、小森隼が出演。釜石シーウェイブスジュニアの子どもたちや、三重高ダンス部がハーフタイムにダンスパフォーマンスを披露。試合直前のキックオフセレモニーでコラボパフォーマンスも披露する予定。ＴＥＴＳＵＹＡは岩手県釜石市の子どもたちとも深い縁があり、これまでに複数回にわたり地元小学校や釜石鵜住居復興スタジアムを訪問している。

　【EXILE B HAPPY 】LDH の「エンタテインメントだからこそできる社会貢献がある」という思いのもと、テーマを「Dreams ForChildren・子どもたちに、夢を。」としてキッズ・エンタテインメント・プロジェクト『KIDS B HAPPY』を2021 年に始動。EXILE B HAPPY は 2023 年 6 月、「ダンスと音楽で子どもたちの夢を応援する」という目的で本プロジェクトから誕生。メンバーは EXILE TETSUYA をリーダーとして、ボーカルに吉野北人、中島颯太、パフォーマーに小森隼、中務裕太、岩谷翔吾、浦川翔平、木村慧人による 8 人組。

　【RESPECT FOR ALLプロジェクト】リーグワン が今シーズンから大会運営方針の一つとして立ち上げたプロジェクト。試合の運営に携わるレフェリーをはじめ、感謝の気持ちと敬意を表現することを目的にしている。全試合の試合前にレフェリーの写真を撮影するなど、その功績をたたえる取り組みもその一環として実施してきた。来シーズン以降も継続・拡大し、全クラブと連携しながら活動を展開していく。
報知新聞社",[],[]
「スポーツも勉強もしなかった」マツコ、学生時代を回顧「勝ち負けの土俵に立たなかった。その前に逃げてた」（スポーツ報知）,https://news.yahoo.co.jp/articles/58db3ef1740423ef7d5737e195daf001b7c05cbd,https://newsatcl-pctr.c.yimg.jp/t/amd-img/20260601-06011252-sph-000-1-view.jpg?exp=10800,2026-06-01T19:02:51+09:00,2026-06-01T19:02:51+09:00,スポーツ報知,sph,スポーツ報知,387,"マツコ・デラックス
タレントのマツコ・デラックスが１日放送のＴＯＫＹＯ　ＭＸ「５時に夢中！」（月～金曜・午後５時）に曜日コメンテーターとして生出演。自身の学生時代について語った。
【写真】角界のマツコといわれた力士が引退会見「マツコ富士といわれた」
この日の番組のテーマは「ズルして人に勝ったことはあるか」。これについてマツコは「私、勝ち負けの土俵にあんまり立たなかったな。その前に逃げてました。スポーツも勉強もしなかったし」と告白。

　「だから、ズルして勝つようなことをしてこなかったわよ、人生で。存在がズルみたいなもんじゃない？　誰もうらやましがってないから、ズルとは言わないか」と自虐的に語った。

　学生時代のズルというと、テストの際のカンニングなどが連想されるが「カンニングして点数取っても、物理の８点が１２点ぐらいになるくらいよ」と言い放っていた。
報知新聞社",[],[]
霜降り粗品×ブラマヨ吉田の黄金タッグ番組が初の全国ネット＆生放送に挑戦　見逃し配信なしの「吉田と粗品と」１８日深夜は特別バージョン（スポーツ報知）,https://news.yahoo.co.jp/articles/b728151f413ae140576da383c3845268f83c5a03,https://newsatcl-pctr.c.yimg.jp/t/amd-img/20260601-05311244-sph-000-2-view.jpg?exp=10800,2026-06-01T19:00:03+09:00,2026-06-01T20:06:44+09:00,スポーツ報知,sph,スポーツ報知,837,"生放送が決定した「吉田と粗品と」に出演するブラックマヨネーズ・吉田敬（左）と霜降り明星・粗品
人気芸人同士のタッグで話題を呼んだ番組が、深夜のレギュラー枠を飛び出し初の試みを行う。

　読売テレビはこのほど、２０２５年１０月から放送開始した「吉田と粗品と」を６月１８日（木）２４時０９分～２４時４０分プラチナイト枠で初の全国ネット＆生放送することを発表した。

　同番組は、ダークな哲学と計算しつくされた言葉選びで熱狂的なファンをもつブラックマヨネーズ・吉田敬と、多才・鋭いワードセンス、唯一無二の個性で多くの若者の心を掴む霜降り明星・粗品が令和に生きる視聴者の悩み相談に乗る毎週水曜深夜放送の番組。１８ 日の生放送では相談を生電話で受けつける。見逃し配信は実施せず、生放送でしか見られないスペシャル回で、忖度・好感度など一切無用な二人の心に響く“コトバ”を編集ナシのリアルタイムで楽しめる。

　【吉田敬（ブラックマヨネーズ） コメント】

面白いなと思いながらやらしてもろてますね。（粗品は）かっこつけよらへんから。やっぱり思ってた通り。 面白さは感じてますね。粗品やから言えるっていうのもある。昔ながらの深夜放送の気持ちが味わえる番組にしたいなと思います。TVer で見てもらうのもうれしいけど、終わってもう見れないんだっていうのが結構好きだったんで。それを味わってもらえると思います

　【粗品（霜降り明星） コメント】

生放送が楽しみですね。 そもそもこの「吉田と粗品と」っていう番組は生放送に向いてるか向いてないかわからないですけど、程よい緊張感があるような放送になると思うんで、ちょっとどんな話を聞けるか自分でもワクワクします。深夜と言いつつ 24 時台なんでバラエティー番組としては花形めいた、程よく攻めれる時間だと思います。その時間帯に生放送で今のブラックマヨネーズ・吉田さんと今の霜降り明星・粗品がどんなバラエティーをするのが大注目ですね。
報知新聞社",[],[]
【大学野球】ベストナインの投手に満票で慶大の渡辺和大　三塁手に東大の小村旺輔が選出（スポーツ報知）,https://news.yahoo.co.jp/articles/0d78ea0720a3cc40393e6290b4e2d0d062bac45f,https://newsatcl-pctr.c.yimg.jp/t/amd-img/20260601-06011256-sph-000-1-view.jpg?exp=10800,2026-06-01T18:57:13+09:00,2026-06-01T18:57:13+09:00,スポーツ報知,sph,スポーツ報知,503,"慶大・渡辺和大
◆東京六大学野球春季リーグ戦最終週最終日　慶大３―０早大（１日・神宮）

　東京六大学の春季リーグ戦は全日程が終了。慶大が早大との対戦成績を２勝１敗とし、勝ち点５の完全優勝を果たした。一方の早大は、勝ち点１で５位に終わった。
【写真】立大のマネジャーだったサンデー晋吾の美人娘　卒業後は“日本ハム”入団
ベストナインも決定し、投手は７勝を挙げて慶大の優勝に貢献した渡辺和大が満票（１４票）で選出。三塁手には、東大の小村旺輔が選ばれた。また、今年から導入された指名打者は、法大の井上和輝と慶大の小原大和が７票ずつ分け合い、ダブル選出となった。

　【ベストナイン】

　▽投手　　渡辺和大（慶）満票

　▽捕手　　福原聖矢（明）６票

　▽一塁手　内海優太（明）９票

　▽二塁手　今津慶介（慶）８票

　▽三塁手　小村旺輔（東）５票

　▽遊撃手　林　純司（慶）１３票

　▽外野手　境　亮陽（法）満票

　　　　　　徳丸快晴（早）１２票

　　　　　　中塚遥翔（慶）１０票

　▽ＤＨ　　井上和輝（法）７票

　　　　　　小原大和（慶）７票

　※境は２度目の受賞、他は初めて
報知新聞社",[],[]
【大学野球】昨秋は不出場の早大・徳丸快晴が首位打者に「この春に懸ける思いはあった」（スポーツ報知）,https://news.yahoo.co.jp/articles/65c593ecbd3dc30d89bc11159bfab4d24430c938,https://newsatcl-pctr.c.yimg.jp/t/amd-img/20260601-06011247-sph-000-1-view.jpg?exp=10800,2026-06-01T18:55:30+09:00,2026-06-01T18:55:30+09:00,スポーツ報知,sph,スポーツ報知,327,"早大・徳丸快晴
◆東京六大学野球春季リーグ戦最終週最終日　慶大３―０早大（１日・神宮）

　東京六大学の春季リーグ戦は全日程が終了。慶大が早大との対戦成績を２勝１敗とし、勝ち点５の完全優勝を果たした。一方の早大は、勝ち点１で５位に終わった。
【写真】立大のマネジャーだったサンデー晋吾の美人娘　卒業後は“日本ハム”入団
個人タイトルも決定し、首位打者賞は早大の徳丸快晴外野手（２年＝大阪桐蔭）が打率３割８分８厘で獲得。「自信を持って積極的にバットを振りにいったのが、よかったと思う」とシーズンを振り返った。

　昨秋は打撃の調子が上がらず、リーグ戦には不出場だった。「この春に懸ける思いはあった。そういう意味ではうれしいです」と思いを述べた。
報知新聞社",[],[]
【日本ハム】伊藤大海、甲子園→マツダで２年ぶり２戦連続完封だ　リーグ単独トップ７勝へ「（マツダの）雰囲気はすごく好き」（スポーツ報知）,https://news.yahoo.co.jp/articles/d5d32a09b44ffdaaf5d6f0db4000e0a94f62ff58,https://newsatcl-pctr.c.yimg.jp/t/amd-img/20260601-06011250-sph-000-1-view.jpg?exp=10800,2026-06-01T18:54:23+09:00,2026-06-01T18:54:23+09:00,スポーツ報知,sph,スポーツ報知,689,"屋根の開いたエスコンでキャッチボールをする伊藤大海（カメラ・川上　晴輝）
日本ハムの伊藤大海投手（２８）が１日、２４年９月１８日のソフトバンク戦（みずほペイペイ）以来、自身２度目の２試合連続完封に意欲を見せた。２日の広島戦（マツダ）に先発するエースは、「（完封した）次のピッチングが大事。一個ずつ目の前のアウトを一つでも多く取れるように」。前回登板５月２６日の阪神戦（甲子園）では９回１３奪三振で完封勝利を挙げており、敵地で快投を続けリーグ単独トップの７勝目を狙う。
【動画】天使降臨　ＡＫＢ４８川村結衣＆花田藍衣のきつねダンス
前回登板では「序盤にしっかり両サイドを使えて、最後真っすぐで押し切れた」と森下、佐藤輝らの強力阪神打線を完璧に封じた。「前回は投球の割合が良かった。真っすぐ過多にもならなかったですし、真っすぐとスライダーが３０％ちょっとずつの感じ。トータルのバランスが９回投げるにあたって、まんべんなくいろんな球種を使っているっていうところは僕も（捕手の田宮）裕涼も、すごくいい勉強になった」と、大きな発見だった。

　マツダでは、２１年に６回１失点で勝利投手となったが、２２、２４年と２連敗中。「雰囲気はすごく好き。ただ、めちゃくちゃいいピッチングをしたかと言われたら、そういうイメージもない」と、振り返る。この日は快晴の下、エスコンで最終調整を行い、空路で広島入り。広島は６連敗で交流戦全敗と波に乗れていないが、「連敗中のチームほど怖いものはない。必死に戦ってくると思うので、しっかり攻めていきたい」と、上り調子の沢村賞右腕がセ・リーグを圧倒する。
報知新聞社",[],[]
【卓球】１９歳の松島輝空が岡山に加入　「優勝に貢献できるように」　張本智和とチームメートに（スポーツ報知）,https://news.yahoo.co.jp/articles/058c0503b42040405882badb87956ab825fdc1fa,https://newsatcl-pctr.c.yimg.jp/t/amd-img/20260601-06011254-sph-000-1-view.jpg?exp=10800,2026-06-01T18:53:00+09:00,2026-06-01T18:53:00+09:00,スポーツ報知,sph,スポーツ報知,528,"松島輝空
卓球Ｔリーグ男子の岡山は１日、松島輝空（そら）と２０２６―２７年シーズンの契約を結んだと発表した。１９歳の松島は今年１月の全日本選手権でシングルス２連覇を達成。先月の世界卓球では団体で準優勝など国内外の大舞台を経験している。岡山には世界ランク２位の張本智和（トヨタ自動車）も在籍している。
【写真】早田ひな、清楚ワンピにジュエリー姿「プロのモデルみたい」
松島はチームを通じ「このたび、岡山リベッツに入団させていただくことになりました松島輝空です。岡山リベッツとしては優勝したことがないので、優勝に貢献できるように頑張ります。そして岡山リベッツの爆援の中でプレーさせていただくことは本当に嬉（うれ）しいことです。応援よろしくお願いします」とコメントした。

　◆松島　輝空（まつしま・そら）２００７年４月２９日、京都市生まれ。１９歳。祖父母が開く田阪卓研で卓球を始め、小学１年から世代別の全日本選手権を６連覇。１８年に１１歳でワールドツアー初出場。２１年世界ユース選手権１５歳以下で３冠。２４年世界選手権団体戦代表。２５年１１月、ＷＴＴチャンピオンズ・フランクフルトで優勝。左シェークドライブ型。１７２センチ。家族は両親と弟、妹２人。
報知新聞社",[],[]
金村義明氏、母校・報徳学園の近畿大会Ｖを祝福「今は結構、重要視されてんねん」甲子園につながらない春季大会の意味とは…（スポーツ報知）,https://news.yahoo.co.jp/articles/fb3e991dd8b890f2df7362498715636d6b66d8b2,https://newsatcl-pctr.c.yimg.jp/t/amd-img/20260601-06011251-sph-000-2-view.jpg?exp=10800,2026-06-01T18:36:40+09:00,2026-06-01T18:44:27+09:00,スポーツ報知,sph,スポーツ報知,431,"近畿大会で優勝した報徳学園ナイン
現役時代は近鉄、中日、西武でプレーした金村義明氏が１日、ＭＢＳラジオ「金村義明のええかげんにせぇ～！」に出演。リスナーから母校の報徳学園（兵庫）が春季近畿大会を制したメッセージが届き「逐一、僕らはＯＢ会がＬＩＮＥで（速報を）流してくれる。ものすごく情報が速い。あと２か月後の大会で（結果が）出てほしいよね」と後輩たちへ祝福とともにエールを送った。
【動画】おかわりジュニア！中村勇斗のタイムリーで 大阪桐蔭が先制
金村氏は２２年１２月にも報徳学園で児童を対象に野球教室を行うなど、現在も母校との絆を大切にしている。甲子園に出場した際には、ＯＢ会のメンバーと現地に駆けつけ、エールを送ってきた。春季大会は夏や秋と違い、聖地にはつながらないが「でも今は結構、重要視されてんねん」とポツリ。「進学にかかわってくるから。セレクションとかね」と３年生最後の夏前に結果を出すことで、進路が左右される高校球児の事情を明かしていた。
報知新聞社",[],[]
【YouTube】原辰徳さんがキティちゃんと…⁉︎ シナモロールとポムポムプリンが初登場【報知×サンリオ】（スポーツ報知）,https://news.yahoo.co.jp/articles/5defca1e78f152c760b68b31105c836a4b730f4c,https://newsatcl-pctr.c.yimg.jp/t/amd-img/20260601-06011240-sph-000-1-view.jpg?exp=10800,2026-06-01T18:31:31+09:00,2026-06-01T18:31:31+09:00,スポーツ報知,sph,スポーツ報知,363,"元巨人監督の原辰徳さんが総監督を務める「サンリオベースボールアカデミーｉｎ横浜」が３１日、横浜スタジアムで行われた。

　講師は原さんのほか、元巨人監督・高橋由伸さん、元巨人・斎藤雅樹さん、元西武監督・松井稼頭央さん、元ロッテ・里崎智也さん、元ＤｅＮＡの内川聖一さん、山口俊さん、元ヤクルト・笘篠賢治さん、五十嵐亮太さんに加え、元大洋（現ＤｅＮＡ）の久保文雄さんの１０人。応援リポーターを務めた元日本ハム・杉谷拳士さんはマイクで会場を盛り上げた。

　“Ｐｌａｙ　Ｓｍｉｌｅ～野球で未来に笑顔を～”をテーマに昨年スタートした野球教室イベント。サンリオキャラクターのハローキティ、シナモロール、ポムポムプリンも参加者の応援に登場。コンコースではチャリティー撮影会、サンリオグッズが当たるチャリティー抽選会も行われた。
報知新聞社",[],[]
髙石あかり　青のグラデーションドレスで華やかに登場　主演した「ばけばけ」で思い出のシーン語る（スポーツ報知）,https://news.yahoo.co.jp/articles/ef55d947321229fe226ac915042163ce8dbc302c,https://newsatcl-pctr.c.yimg.jp/t/amd-img/20260601-06011249-sph-000-2-view.jpg?exp=10800,2026-06-01T18:19:02+09:00,2026-06-01T18:35:46+09:00,スポーツ報知,sph,スポーツ報知,437,"「第６３回ギャラクシー賞」の贈賞式に登場した髙石あかり
優れたテレビ番組や団体、個人に贈られる「第６３回ギャラクシー賞」（主催：放送批評懇談会）の贈賞式が１日、都内で行われ、ＮＨＫ連続テレビ小説「ばけばけ」が特別賞を受賞。主演の髙石あかりがゲスト出演した。

　青のグラデーションドレスで華やかに登場。作中で思い出に残っているシーンを聞かれると、「年末の一番最後の回で、トキとヘブンの心が結びつく回。この時に告白ではなく、散歩に行くヘブンに対して『ご一緒してもいいですか』っていう一言で２人が結びついた」と回答。当初の台本にはなく、追加で撮ったシーンが採用されていたと明かし、「『ばけばけ』っていう作品は、皆さんの力が加わってできてるんだなと感動した」としみじみ振り返った。

　朝ドラ１１３作目となる「ばけばけ」は、怪奇文学作品集「怪談」を発表した小泉八雲ことラフカディオ・ハーンの妻である小泉セツをモデルにした物語。史実を再構成してフィクションとして描いた。
報知新聞社",[],[]
【ボートレース】松尾祭がイン逃げで今節初勝利…６番手スタートも「伸び返した」～尼崎一般戦～（スポーツ報知）,https://news.yahoo.co.jp/articles/1b1c6cf13884b3ef97c29186995db49ae06329cc,https://newsatcl-pctr.c.yimg.jp/t/amd-img/20260601-06011246-sph-000-1-view.jpg?exp=10800,2026-06-01T18:14:54+09:00,2026-06-01T18:14:54+09:00,スポーツ報知,sph,スポーツ報知,248,"松尾祭
◆第５８回琴浦賞競走（１日・ボートレース尼崎・２日目）

　初日を３着２本で滑り出した松尾祭（３８）＝香川＝が２日目５Ｒ、インから最も遅いスタートで逃げ切った。「やっぱり伸び寄りのエンジン。行き足やターン回りに重さがある。でも伸び返したし、これでステイかな」。江戸川ＭＢ大賞、びわこ秩父宮妃記念杯とＧⅡ戦２節は未勝利に終わり、３節ぶりの勝利に「今期初１着ですよ」と目を細めた。

　尼崎は２３年６月に３コースまくりで優勝した実績もあり、これから“お祭りモード”に突入しそうだ。
報知新聞社",[],[]
岡山天音「素晴らしい賞を受賞させていただけた」ギャラクシー賞個人賞受賞に歓喜　「ひらやすみ」や「べらぼう」の演技が評価（スポーツ報知）,https://news.yahoo.co.jp/articles/f99a0093c3c36c67432e297a16626d45e38d0aca,https://newsatcl-pctr.c.yimg.jp/t/amd-img/20260601-06011245-sph-000-4-view.jpg?exp=10800,2026-06-01T18:10:32+09:00,2026-06-01T19:59:54+09:00,スポーツ報知,sph,スポーツ報知,585,"「第６３回ギャラクシー賞」の贈賞式に登場した岡山天音
優れたテレビ番組や団体、個人に贈られる「第６３回ギャラクシー賞」（主催：放送批評懇談会）の贈賞式が１日、都内で行われ、俳優の岡山天音が個人賞を受賞した。
【写真】エランドール賞を受賞
ＮＨＫ夜ドラ「ひらやすみ」や同局大河ドラマ「べらぼう～蔦重栄華乃夢噺～」などの演技が高く評価された岡山。「素晴らしい賞を受賞させていただけてうれしく思っています」と歓喜し、「どれも自分の中で大切な作品で、こんなに見ていただける作品に参加していたんだなと改めて感じた。素晴らしいスタッフ、キャストの皆様と共に作品作りをできたんだなと感じる」としみじみ語った。

　自身の俳優生活を振り返り、「人生の半分ぐらいこの仕事を続けているんですけど、自分のお芝居の上での思いは果たして届いているのだろうかって感じてしまう瞬間もあった。こうしてこの場に立たせていただけて、自分の思いに少し返事をいただけたような気がして、感慨深く思っております」と喜びに浸った。

　「べらぼう」では、切腹してもなお豆腐に頭をぶつけて人を笑わせる、生真面目さとユーモアという相反する性質を表現。主演した「ひらやすみ」では、挫折した元俳優が美大生の徒妹（いとこ）や親友らと織りなす平凡な日々の暮らしをほのぼのと演じ、生きにくい世を生きる視聴者を魅了した。
報知新聞社",[],[]
【大学野球】朝７時、トイレに駆け込み流した涙　天覧試合の悔しさ晴らす８回０封　慶大Ｖの原動力・渡辺和大が炎の早慶戦３連投（スポーツ報知）,https://news.yahoo.co.jp/articles/0f7c3bdf553ea4d78fb7273b531887954e53a12c,https://newsatcl-pctr.c.yimg.jp/t/amd-img/20260601-06011244-sph-000-4-view.jpg?exp=10800,2026-06-01T18:06:39+09:00,2026-06-01T18:23:51+09:00,スポーツ報知,sph,スポーツ報知,1168,"胴上げされる慶大・渡辺和大（カメラ・桜井　彩乃)
◆東京六大学野球春季リーグ戦最終週最終日▽慶大３―０早大（１日・神宮）

　１勝１敗のタイで迎えた早慶３回戦は、慶大が早大を下し、５季ぶり４１度目の優勝を決めた。全５校から勝ち点を奪う「完全優勝」で、２４年秋から３季連続５位に沈んだ屈辱から、見事にＶ字回復を遂げた。今秋ドラフト候補のエース左腕・渡辺和大投手（４年＝高松商）が先発、救援、先発と早慶戦３連投。８回を５安打無失点、１１三振を奪う快投で早大打線を封じ、７勝目。１・２８で最優秀防御率とベストナインの２冠に輝いた。
【写真】立大のマネジャーだったサンデー晋吾の美人娘　卒業後は“日本ハム”入団
＊　＊　＊

　愛する仲間に押し上げられ、神宮の夏空に７度、舞った。ゲームセットの瞬間、こみ上げる感情を制御できず、泣き続けた左腕が、ようやく心から笑顔になった。

　「昨日、打たれた後でも、次もあるのでみんなの前でも感情を出せず…。『次、切り替えて』みたいな感じで頑張っていたんで。絶対に勝たないと、という重圧は今季一番すごかった。自分の仕事が、なんとかできたと。体力の限界と、本当に優勝できてよかったっていう気持ちで…もう涙が止まらなかったです」

　３０日の早慶１回戦は７回１失点で６勝目。令和初の天覧試合となった３１日の同２回戦では１点リードの９回、救援した。だが早大打線が意地の攻撃を見せ、逆転サヨナラ負けを喫した。

　「チームに心配はかけられない。マックさん（上田誠コーチ）から『明日どうする？』と言われ、『ワンアウトでも取るんで、行かせてください』と。１回で降りてもいいから、ワンアウトでも多く取って、次に回すっていう気持ちで投げました」

　天覧試合の夜。たいていのことは寝れば治る性分だが、布団に入っても悔しい思いは消えなかった。

　「涙が出てきそうになって。このまま試合入っても、やっぱ良くないなと。１回、感情出そうと思って」

　この日の朝７時。合宿上のトイレに駆け込んだ。

　一人で泣いた。

　「一旦もうリセットのつもりで泣いちゃおうと。それが逆に良かったですね。もう意外とそこでスッキリして」

　心を整え、再び神宮のマウンドに立ち、強い気持ちで好敵手を封じた。

　尊敬する人には高松商（香川）時代のチームメート、巨人の浅野翔吾を挙げる。夢は「浅野翔吾とプロ野球の舞台で対戦すること」。前夜も連絡があった。さりげない気遣いがうれしかった。

　浅野選手には、どんな報告をしたいですか。そんな問いに、笑顔でこう答えた。

　「巨人に、いい報告してくれと言いたいです」

　涙の数だけ、若者は強くなる。この春、投げた球数は８８６球。陸の王者のエースにふさわしい、熱投だった。（加藤　弘士）
報知新聞社",[],[]
人気プロの藤田光里が岡山空港ゴルフコースでオープニングセレモニーに参加　「からあげクン試合前も買っています」ローソンがゴルフ場内に初出店（スポーツ報知）,https://news.yahoo.co.jp/articles/7bf653ebecb0face45c5cba59c08a6bc6899a528,https://newsatcl-pctr.c.yimg.jp/t/amd-img/20260601-06011238-sph-000-4-view.jpg?exp=10800,2026-06-01T18:04:47+09:00,2026-06-01T21:48:25+09:00,スポーツ報知,sph,スポーツ報知,1052,"１日にオープンした「ローソン岡山空港ゴルフコース店」をPRする女子プロゴルファーの藤田光里（事務局提供）
株式会社ローソンは１日、岡山空港ゴルフコースのクラブハウス内でゴルフ場初出店となる「ローソン岡山空港ゴルフコース店」をオープンした。ツアー１勝の人気女子プロゴルファー・藤田光里（３１）、株式会社ローソンの田中勇理事執行役員、吉備ゴルフクラブ株式会社の松尾武朗代表取締役社長が出席して、昼にオープニングセレモニーが行われた。
【写真】オンもオフも盛りだくさん！女子ゴルフ写真特集
岡山空港ゴルフコースのクラブハウス内１階にありゴルフ用品に加え、おにぎりやパン、デザート、飲料、ホットスナックなどの飲食品も取り扱う。７時～１７時３０分までの営業（ゴルフ場定休日は休業）でプレーの前後だけでなく、ラウンド中も急な買い物も可能。ゴルフ場の４分の１の売り場ではボールやティー、グローブなども取りそろえている。ローソンは病院や駅ナカなど独自の機能を持つ施設への出店を進めてきた。ゴルフ場への出店は今回が初の試みとなる。

　岡山空港ゴルフコースは、岡山桃太郎空港から車で５分という立地で、初心者からシニアまで幅広いゴルファーがプレー。若年層も利用しやすい環境作りを進めており、２０２８年を目標にリブランディングを推進している。

　藤田光里は「コンビニに行くのにゴルフ場に行く道中で探し回ったり、山の中だと中々コンビニはなかったりするので、ゴルフ場の中にコンビニがあるのは新しくて、私の家の近くにもあったらいいのにな、と思います。日焼け止めを忘れた時も買えるのは便利ですよね。ゴルフ場に行く際に朝コーヒーや朝ごはんなど買う物は決まっているので、それがゴルフ場で買えるのはすごく大きいです。私は鶏肉や唐揚げが苦手なんですけど、唯一『からあげクン』だけ食べられるので試合前もローソンさんに寄ったら買っています」とコメントした。

　株式会社ローソンの田中勇理事執行役員は「本日オープンするこのローソンは我々にとっても大きな大きなチャレンジの一歩となります。ローソンの店舗を指導するスーパーバイザー５０名に今度ローソンをゴルフ場にオープンするということで意見を集めました。その結晶が本日このお店になっています。ゴルファーの皆様により楽しくゴルフをしていただける、特に岡山県にお住いのゴルファーの方が楽しく笑顔で元気にゴルフをしていただける、そんなお店にしていきたいと思っております」とのコメントを寄せた。
報知新聞社",[],[]
錦鯉、将棋の駒かぶって登場　長谷川雅紀は歩駒に不満（スポーツ報知）,https://news.yahoo.co.jp/articles/b6ecf6d4bacd088aed33edec5cb477ad6c36cf43,https://newsatcl-pctr.c.yimg.jp/t/amd-img/20260601-06011243-sph-000-3-view.jpg?exp=10800,2026-06-01T18:03:43+09:00,2026-06-01T18:36:23+09:00,スポーツ報知,sph,スポーツ報知,566,"駒形のかぶり物を身につける長谷川雅紀（左）、渡辺隆
お笑いコンビ「錦鯉」（長谷川雅紀、渡辺隆）が１日、東京・渋谷区の将棋会館で「Ｊ：ＣＯＭ杯　３月のライオン　子ども将棋大会　第１５回大会開催記念イベント」に出席した。
【写真】ＡＩに長谷川の新ギャグ作成を依頼
長谷川の「駒、駒、駒…」の掛け声で、２人は駒形のかぶり物を身につけて登場。長谷川が歩、渡辺が王。長谷川は「なんで僕が王じゃないんですか」と不満げ。渡辺が「顔が歩だもん」とツッコむと、長谷川は「初めて言われた」と笑った。

　２人は将棋経験者。プロ棋士の豊島将之九段を前に、渡辺は「隠しきれないオーラがすごい。これを機にまた（将棋を）やりたい」と目を輝かせていた。

　コンビ結成、イベント開催がともに１５年目であることから、ゲスト出演が実現。渡辺は「錦鯉にも金がありますから」と喜び、長谷川は人気コミックでイベントのタイトルにもなっている「３月のライオン」にかけて「ぼくは６月の雅紀です」と話した。

　２人はデビュー当初の写真を見ながら「前のコンビを解散して、１人でフラフラしてて、お互い鳴かず飛ばずでとりあえず組んでみるかとダラダラしたらこうなった」と結成秘話を紹介。長谷川は「衣装を買うお金もなくて、家にある派手な私服を着ようとなった」と懐かしんでいた。
報知新聞社",[],[]
【ボーイズリーグ】選手権大会関西ブロック予選組み合わせ決定　小学生の部代表枠は４つ（スポーツ報知）,https://news.yahoo.co.jp/articles/add80c2d5a8e6c2422063961453f315fb815e752,https://newsatcl-pctr.c.yimg.jp/t/amd-img/20260601-06011145-sph-000-1-view.jpg?exp=10800,2026-06-01T17:57:56+09:00,2026-06-01T17:57:56+09:00,スポーツ報知,sph,スポーツ報知,514,"「エイジェックカップ　第５７回日本少年野球選手権大会」関西ブロック予選（小学生の部）抽選会に臨み、意気込みを示した各チームの主将ら
「エイジェックカップ　第５７回日本少年野球選手権大会」（報知新聞社など主催）関西ブロック予選（小学生の部）の組み合わせ抽選会が５月２４日、大阪市内の日本少年野球連盟本部で行われた。

　関西ブロックの代表枠は４つで、１３チームが４ブロックに分かれて全国切符を争う。昨夏、全国制覇を果たした滋賀大津ボーイズ（滋賀県支部）は、初戦が高石ボーイズ（大阪南支部）。準優勝の大阪柴島ボーイズ（大阪北支部）は、香芝ボーイズ（奈良県支部）と対戦することが決まった。

　順調に日程が消化されれば、６月１３日に４代表が決定する。

【試合予定】

６月６日（Ｊ：ＣＯＭサザンスタジアム）

①滋賀大津ボーイズ　対　高石ボーイズ

②ナガセボーイズ　対　岸和田阪和ボーイズ

③大阪堀江ボーイズ　対　大淀ボーイズ

６月７日（荒本青少年運動広場）

①大阪柴島ボーイズ　対　香芝ボーイズ

②大阪八尾ボーイズ　対　大阪都島ボーイズ

代表決定戦＝６月１３日（吉原公園野球場、Ｊ：ＣＯＭサザンスタジアム）
報知新聞社",[],[]
【競輪】丸山留依、果敢に先行して２着発進「きつかった。決勝乗れるよう頑張りたい」～名古屋Ｆ１スポーツ報知杯（スポーツ報知）,https://news.yahoo.co.jp/articles/47866de47440f1ea801360aa2fd983351196d67a,https://newsatcl-pctr.c.yimg.jp/t/amd-img/20260601-06011167-sph-000-1-view.jpg?exp=10800,2026-06-01T17:47:11+09:00,2026-06-01T17:47:11+09:00,スポーツ報知,sph,スポーツ報知,338,"丸山留依
◆ スポーツ報知杯・ＨＰＣＪＣ杯（ＦＩ、初日・１日、名古屋競輪場）

　　名古屋競輪のＦＩ開催が１日、開幕。７ＲのＳ級予選は丸山留依（２０）＝静岡・１２７期＝が、強気の突っ張り先行。番手の大先輩・石毛克幸にはかわされたものの、２着で予選突破を決めた。

　前受けから確かな先行力を見せつけた。３着には３番手の出沢拓也が入り、南関ラインでのワンツースリー決着に導いた。「きつかった。風の影響なのか…。自分のコンディションも良くなかった」と言うものの、番手の石毛は「強かったですよ」と問題なく脚力を評価する。Ｓ級昇進直後の前橋で決勝に進んだが、その後の４場所はファイナル進出を逃している。「乗れるように頑張りたい」と力こぶ。準決勝の立ち回りにも目が離せない。
報知新聞社",[],[]
【ボーイズリーグ】大阪柴島がホスト大会でコールド発進　大阪みなづき大会（スポーツ報知）,https://news.yahoo.co.jp/articles/091306e03d4ddbe6ad1f4d15e304ef2ef4bd8bfd,https://newsatcl-pctr.c.yimg.jp/t/amd-img/20260601-06011138-sph-000-1-view.jpg?exp=10800,2026-06-01T17:41:52+09:00,2026-06-01T17:41:52+09:00,スポーツ報知,sph,スポーツ報知,725,"初戦をコールド発進して、笑顔を見せた大阪柴島ナイン
◆大阪府知事杯・大阪市長杯争奪　第３９回大阪みなづき大会（５月２４日・大阪シティ信用金庫スタジアムほか）　▽中学生の部・１回戦　大阪柴島ボーイズ７―０大正ボーイズ＝５回コールド＝

　「大阪府知事杯・大阪市長杯争奪　第３９回大阪みなづき大会」が５月２４日に開幕した。中学生の部ではホストの一角、大阪柴島ボーイズ（大阪北支部）が完封＆コールドで好発進。一方、小学生の部では大阪都島ボーイズ（同）が初戦敗退を喫した。また「スギ薬局グループ杯　第１８回日本少年野球報知旗争奪　関西さわやか大会」（報知新聞社など主催）は３２強が決定。奈良県支部では香芝ボーイズ、橿原ボーイズなど３チーム、滋賀県支部からは滋賀野洲ボーイズ、滋賀栗東ボーイズが勝ち上がった。

　ホスト大会で文句なしのスタートを切った。大阪柴島は打っては１２安打で７得点、守っても無失策で無失点のコールド勝ち。福田主将は「夏の（選手権大会）予選前、最後の大会。楽しくより、気持ちを入れている」と懸ける思いを明かした。

　先制打は、その主将。３回１死一、三塁で左前へ運んだ。５回にも適時三塁打し「１０試合くらいノーヒットだった。インサイドアウトをしっかり意識した」と久々の感触に納得した。４回に２点加え、５回は４番・森岡からの３三塁打などで３点を奪い決着。３安打した主砲は、強豪で担う重役に「プレッシャーしかないけど、後ろにいいバッターがいるので気楽に打っている」と話した。

　投げては左のエース・山下隼が９奪三振で３安打完封。「期待に応えて成績を出して、全国でも勝っていきたい」と先に続く大舞台を意識。今大会初Ｖで勢いづける。
報知新聞社",[],[]
【ＮＰＢ】２軍戦の育成出場枠が最大「７」に拡大　２日から今季限りの運用を開始　メリットは出場機会増と負担軽減（スポーツ報知）,https://news.yahoo.co.jp/articles/04f1ee0f11e1c4ed66faa972d849bdbb0757a10a,https://newsatcl-pctr.c.yimg.jp/t/amd-img/20260601-06011239-sph-000-1-view.jpg?exp=10800,2026-06-01T17:40:13+09:00,2026-06-01T17:40:13+09:00,スポーツ報知,sph,スポーツ報知,869,"日本野球機構（ＮＰＢ）と１２球団による理事会、実行委員会が１日、都内で行われプロ野球の育成選手の出場枠が緩和されることが決まった。「故障者連動特例」（仮称）は２日のファームリーグ公式戦から運用（運用は今季中に限る）される。
【ランキング】２０２６年　１２球団年俸…最高給は？
これまでは育成選手の２軍戦出場枠は「１球団１試合５人以内」と決まっていたが、１軍の支配下選手の故障者数などによって最大７人まで出場可能な制度が導入されることになった。

　ＮＰＢ・中村勝彦事務局長は「ちょっと故障者の人数も多いということ、あるいは今までもかなりカツカツの状態で下の方の運営をしてきたということで、育成枠を増やして、（育成選手が）増えてますので、そこに出場の機会というものを与えてはどうかということが話し合われたんだと思います」と説明。かねて２軍の育成選手の出場機会増を訴える球団が多かったことや真夏のデーゲームによる支配下選手の負担軽減などを理由に挙げた。

【２軍試合における育成選手の出場枠特例　故障者連動特例】※運用は２０２６年シーズンに限る。

　《１》各球団は試合出場できない支配下選手路「１０日以上故障リスト」（以下、本リスト）に登録することができる。

　《２》「本リスト」の登録人数に応じて２軍公式戦における育成選手出場枠の上限（１試合５人）を拡大することができる。「本リスト」登録数が５人だと出場枠が６人、登録人数が６人以上だと７人となる。

　《３》本特例により、育成選手出場枠を拡大する場合、試合前日の午後５時までに「本リスト」をリーグ運営部の提出しなければならない。なお、「本リスト」故障名ではなく、選手名にて申請する。

　《４》登録された選手は、登録日を含め１０日間いかなる形式の試合（３軍戦、練習試合、紅白戦等を含む）に出場できない。

　《５》登録日を含め１０日間は申請を取り下げることはできない。

　《６》リーグ運営部は申請を都度、１４球団（ＮＰＢ１２球団、ファーム参加２球団）と選手会へ展開する。
報知新聞社",[],[]
【ボーイズリーグ】羽曳野Ａが接戦競り勝ちベスト３２　関西さわやか大会（スポーツ報知）,https://news.yahoo.co.jp/articles/cde1c9a242615d8c8ee9ca7787df28ad0e9f1041,https://newsatcl-pctr.c.yimg.jp/t/amd-img/20260601-06011131-sph-000-1-view.jpg?exp=10800,2026-06-01T17:38:52+09:00,2026-06-01T17:38:52+09:00,スポーツ報知,sph,スポーツ報知,618,"５回の勝ち越しにわく羽曳野Aベンチ
◆スギ薬局グループ杯　第１８回日本少年野球報知旗争奪　関西さわやか大会（５月２３、２４日・万博記念公園野球場ほか）　▽中学１年生の部・３回戦　羽曳野ボーイズＡ５―４東大阪長田ボーイズ＝５回時間切れ＝

　「スギ薬局グループ杯　第１８回日本少年野球報知旗争奪　関西さわやか大会」（報知新聞社など主催）が行われ、ベスト３２が出そろった。大阪北支部では完封＆コールド勝ちで突破した北大阪ボーイズなど５チーム。京都府支部からは５年ぶりの京都南山城ボーイズなど３チーム、大阪中央支部は接戦をモノにした羽曳野ボーイズＡなど４チームが勝ち上がった。

　最後は１点を守り抜いた。羽曳野Ａは時間切れが迫った５回裏２死三塁。３番手の阪西が「緊張したが全力で投げた」カーブで一ゴロに打ち取った。直後にゲームセットが宣告。逃げ切りでベスト３２を決めた。

　同点の５回、先頭打者の阪西が「ランナーに出て点につなげる」と安打。四球と敵失で無死満塁とし、原田が打席に入った。「何も考えず来た球を打っただけ」。無心のひと振りが勝ち越しＶ打となった。

　初回の三塁打で澤田の先制打を呼んだ３番・目良は「後ろにいい打者がいるので、塁に出ることだけ考えている」。その後の申告敬遠含む２四球も、献身的な姿勢の表れだった。松尾主将は「最後はやばいと思ったが、みんなで頑張れた。チームメートになれて良かった」と仲間を見つめた。
報知新聞社",[],[]
豊島将之九段「藤井さんと言えたらかっこいいけど…」対戦楽しい棋士は同世代（スポーツ報知）,https://news.yahoo.co.jp/articles/bdaefec002d40690d475c7b31d9c12c544eae45f,https://newsatcl-pctr.c.yimg.jp/t/amd-img/20260601-06011236-sph-000-1-view.jpg?exp=10800,2026-06-01T17:38:50+09:00,2026-06-01T17:38:50+09:00,スポーツ報知,sph,スポーツ報知,551,"イベントに出席した（左から）長谷川雅紀、渡辺隆、豊島将之九段
将棋の豊島将之九段が１日、東京・渋谷区の将棋会館で「Ｊ：ＣＯＭ杯　３月のライオン　子ども将棋大会　第１５回大会開催記念イベント」に出席した。
【写真】結婚を報告「感謝を忘れず、一歩ずつ歩んでまいります」
棋士を描いた人気コミック「３月のライオン」ともゆかりがあるそうで「棋戦優勝を果たすことができた時の話を『３月のライオン』の作中に使ってもらえたことがある。（作品の）ファンだったので読んでいて興奮した」と明かした。

　この日は大会に参加する子どもからの質問にも応じた。対戦していて楽しいと思う棋士には「藤井（聡太）さんと言えたらかっこいいけど、読み筋についていくのが必死」とジョークを交えて回答。「同世代の棋士と指すと楽しい、懐かしいという感情になる。子ども大会から一緒にやってプロになる人もいるので、楽しい」と笑みを浮かべた。

　豊島は「大一番だと緊張してしまうと思うけど、緊張を前向きに捉えるようにしている。緊張することでいつも以上の力を発揮できる」、「１局の中でミスも出るけど、同リカバリーするかが大事。時間がなくなると焦るけど、直感を信じる。ぱっと見えた手が一番良いこともある。直感を信じて」とエールも送っていた。
報知新聞社",[],[]
【ＮＰＢ】１２球団との実行委で２軍戦の育成出場枠が「５」→最大「７」に緩和　２日から施行へ（スポーツ報知）,https://news.yahoo.co.jp/articles/488cd27b932759b6fb55e09d9b5e23a7633b3f2b,https://newsatcl-pctr.c.yimg.jp/t/amd-img/20260601-06011113-sph-000-1-view.jpg?exp=10800,2026-06-01T17:37:41+09:00,2026-06-01T17:37:41+09:00,スポーツ報知,sph,スポーツ報知,191,"日本野球機構（ＮＰＢ）と１２球団による実行委員会が１日、都内で行われプロ野球の育成選手の出場枠が緩和されることが決まった。２日のファームリーグ公式戦から施行される。
【動画】エェ～！？試合中に筋トレしてる選手が！！
これまでは育成選手の２軍戦出場枠は「１球団１試合５人以内」と決まっていたが、１軍の支配下選手の故障者数などによって最大７人まで出場可能な制度が導入される。
報知新聞社",[],[]
ラグビー芸人・しんや　就活生に熱いエール　ワンキャリア開催イベント（スポーツ報知）,https://news.yahoo.co.jp/articles/128ce83c6f5a6456f46015378aaca459f8bbb417,https://newsatcl-pctr.c.yimg.jp/t/amd-img/20260601-06011233-sph-000-1-view.jpg?exp=10800,2026-06-01T17:34:38+09:00,2026-06-01T17:34:38+09:00,スポーツ報知,sph,スポーツ報知,266,"イベントに出席したしんや
ラグビー芸人のしんやが１日、ＴＯＹＯＴＡ　ＡＲＥＮＡ　ＴＯＫＹＯで行われた「ワンキャリア　炎の就活体育祭」に登場した。
【写真】【Ｒ―１】おなじみのラグビーネタ披露
体育会系部活動に所属する学生を対象とした、競技参加型のキャリアイベント。就活生たちに自身のサイン入りグッズを渡す際、選出した学生がラグビー部であったことに「運命だ！俺より（体が）デカい！」と興奮気味に話した。ほかにもラグビーのレフェリーのモノマネをするなど、自身のネタを披露。イベントを盛り上げつつ、就活生に熱いエールを贈った。
報知新聞社",[],[]
【ボーイズリーグ】京都南山城２０２１年以来の３２強進出　関西さわやか大会（スポーツ報知）,https://news.yahoo.co.jp/articles/3c19b522b48c04db27cd639319d312cb14354a8d,https://newsatcl-pctr.c.yimg.jp/t/amd-img/20260601-06011135-sph-000-1-view.jpg?exp=10800,2026-06-01T17:34:16+09:00,2026-06-01T17:34:16+09:00,スポーツ報知,sph,スポーツ報知,680,"３回戦（京都府支部トーナメント）を勝ち上がり、５年ぶりの本戦出場を喜んだ京都南山城ナイン
◆スギ薬局グループ杯　第１８回日本少年野球報知旗争奪　関西さわやか大会（５月２３、２４日・万博記念公園野球場ほか）　▽中学１年生の部・３回戦　京都南山城ボーイズ１―０京田辺ボーイズ

　「スギ薬局グループ杯　第１８回日本少年野球報知旗争奪　関西さわやか大会」（報知新聞社など主催）が行われ、ベスト３２が出そろった。大阪北支部では完封＆コールド勝ちで突破した北大阪ボーイズなど５チーム。京都府支部からは５年ぶりの京都南山城ボーイズなど３チーム、大阪中央支部は接戦をモノにした羽曳野ボーイズＡなど４チームが勝ち上がった。

　５年ぶりの喜びに浸った。京都南山城は虎の子の１点を死守して、２０２１年以来の３２強入り。女子選手の丸田主将は「みんなハラハラして、緊張もしてたけど、最後までチームが一つになったから勝てた」と笑った。

　主将が先発マウンドで力投した。初回１死三塁から回またぎの４者連続奪三振など、４回１安打０封。「強豪でバンバン打ってきそうでどうなるかと思ったけど、守備を信じた」と振り返った。２番手・鈴木は５、６回と三塁に走者を背負ったが本塁を踏ませず。「全力で、みんなを信じて投げ抜いた。９９点！」。２四死球を反省しつつ、満点級の自己採点だった。

　女房役の白石は「相手（の体格）が大きく、アウトコース多めにリード。フレーミングも頑張った」と納得。３回の四球出塁後は２打者連続の失策間に唯一の生還を果たし、試合後は「マジ泣きそう」と連呼していた。
報知新聞社",[],[]
【ボートレース】石野貴之がグランドチャンピオン繰り上がり出場（スポーツ報知）,https://news.yahoo.co.jp/articles/662a9a72b9ed3909b0383bf8b6dbc1e2a26b9bc0,https://newsatcl-pctr.c.yimg.jp/t/amd-img/20260601-06011232-sph-000-1-view.jpg?exp=10800,2026-06-01T17:32:08+09:00,2026-06-01T17:32:08+09:00,スポーツ報知,sph,スポーツ報知,156,"石野貴之
日本モーターボート競走会は１日、ＳＧ「第３６回グランドチャンピオン」（２３～２８日・ボートレース鳴門）に、石野貴之（大阪）が繰り上がりで出場すると発表した。

　５月３１日の浜名湖ＳＧオールスターで、丸野一樹（滋賀）が優勝したため。石野は１０年連続１３度目のグランドチャンピオン出場となる。
報知新聞社",[],[]
【ボーイズリーグ】北大阪が完封勝利で３２強入り　関西さわやか大会（スポーツ報知）,https://news.yahoo.co.jp/articles/bdddac8895421495b0c47c5d07a661c3e364152c,https://newsatcl-pctr.c.yimg.jp/t/amd-img/20260601-06011127-sph-000-1-view.jpg?exp=10800,2026-06-01T17:30:10+09:00,2026-06-01T17:30:10+09:00,スポーツ報知,sph,スポーツ報知,690,"快勝で３回戦を突破して誇らしげな北大阪の選手
◆スギ薬局グループ杯　第１８回日本少年野球報知旗争奪　関西さわやか大会（５月２３、２４日・万博記念公園野球場ほか）　▽中学１年生の部・３回戦　北大阪ボーイズ７―０大東畷ボーイズ＝４回コールド＝

　「スギ薬局グループ杯　第１８回日本少年野球報知旗争奪　関西さわやか大会」（報知新聞社など主催）が行われ、ベスト３２が出そろった。大阪北支部では完封＆コールド勝ちで突破した北大阪ボーイズなど５チーム。京都府支部からは５年ぶりの京都南山城ボーイズなど３チーム、大阪中央支部は接戦をモノにした羽曳野ボーイズＡなど４チームが勝ち上がった。「第２９回大和川大会」は準決勝が行われ、ジュニアの部でホストの一角、藤井寺ボーイズ（大阪中央支部）が惜しくも敗れた。

　ナイン一丸の快勝劇で、北大阪が３回戦を突破した。序盤の大量リードを岡山、萬代の完封リレーで守って４回コールド。４番・日高は「チームが勝ってうれしい」と素直に喜んだ。

　その主砲のバットが味方を勢いづけた。初回先頭の岩崎が中前打で出ると、首藤の四球で一、二塁。１死後、外角の真っすぐを「うまく打てた」と右前に運び先制した。２回にも２死満塁から中前に２点打。「タイミングの取り方を変えて打ちやすくなった」と打のヒーローは笑った。

　先発右腕は「２回は２つ四球を出したのが悪かった」と反省したが、得意のチェンジアップを駆使して２回１安打。バトンを受けた左腕も「緊張でおなかが痛くなった」と言いながらも２回２安打で締めた。両輪は「みんなで一緒に勝っていきたい」と声をそろえた。
報知新聞社",[],[]
竹内涼真「プライベートでは料理に文句言ったりしない」と強調　「じゃあ、あんたが作ってみろよ」がギャラクシー賞の「マイベストＴＶ賞」を受賞（スポーツ報知）,https://news.yahoo.co.jp/articles/7bd9cb16b10e1eb17ff1d69d349e089f2969fafd,https://newsatcl-pctr.c.yimg.jp/t/amd-img/20260601-06011226-sph-000-4-view.jpg?exp=10800,2026-06-01T17:07:20+09:00,2026-06-01T22:22:24+09:00,スポーツ報知,sph,スポーツ報知,512,"贈賞式に登場した竹内涼真と夏帆
優れたテレビ番組や団体、個人に贈られる「第６３回ギャラクシー賞」（主催：放送批評懇談会）の贈賞式が１日、都内で行われ、ＴＢＳ系連続ドラマ「じゃあ、あんたが作ってみろよ」がマイベストＴＶ賞を受賞。同作に出演した竹内涼真と夏帆がゲスト出演した。
【写真】”お相手”がうらやましい！？　竹内涼真のキスショット
視聴者から最も愛された作品に贈られる同賞。夏帆は「本当にたくさんの方に愛していただいた作品。自分の想像以上に広がっていった」と喜びをかみしめた。一方、作中で食事にダメ出しするシーンがあった竹内は「最近、ご飯屋さんに行くと大将の方が『文句言われるんじゃないか…』って。プライベートでは（料理に）文句言ったりしないから、役だってことを言いたい」と強調し笑わせた。

　原作は谷口菜津子氏による同名漫画。手の込んだ料理を作り、“恋人ファースト”の生活を送ってきた女性・鮎美（夏帆）と、「料理は女が作って当たり前！」という考えを持つ男性・勝男（竹内）のカップルがプロポーズ直後に破局。その後、「料理を作る」ことを通じて自身を見つめ直し、成長していく姿を描く恋愛コメディーとなっている。
報知新聞社",[],[]
【バスケ女子】常田亜美　夫は「私ファーストで物事を考えてくれる」　昨年Ｂリーグ福井の常田耕平と結婚（スポーツ報知）,https://news.yahoo.co.jp/articles/12848d657f2726441bda26ea4d9e353dd6926270,https://newsatcl-pctr.c.yimg.jp/t/amd-img/20260601-06011205-sph-000-1-view.jpg?exp=10800,2026-06-01T17:03:25+09:00,2026-06-01T17:03:25+09:00,スポーツ報知,sph,スポーツ報知,685,"取材に応じた常田亜美(カメラ・富張　萌黄）
バスケットボール女子の愛知・名古屋アジア大会（９月）代表候補による練習が１日、東京都北区の味の素ナショナルトレーニングセンターで行われ、報道陣に公開された。常田亜美（デンソー）は先月、バスケ男子の常田耕平（福井）との結婚を公表したばかり。代表活動ではパスポート表記に合わせる規定があり、旧姓の「木村」ではなく名字を変更。「すごく新鮮な気持ち。新たな気持ちで頑張りたい」とにこやかに答えた。
【写真】女子バスケ、パリ五輪候補２３人発表　町田瑠唯、宮沢夕貴らが入り、渡嘉敷来夢の名前はなし
公表は先月だったが、入籍は昨年。今季はＷリーグで初優勝を飾るなど、幸せいっぱいで合宿に参加している。夫からは「できるから、頑張ってこい」と代表争いに向けてエールを送られ、大神（おおが）雄子ヘッドコーチの下でバスケに向き合っている。パートナーは「自分が落ち込んでしまったときに、相談したら向き合って一緒に答えを出してくれる。私ファーストで物事を考えてくれる。支えになるし、いつもありがとうという感謝の気持ちでいっぱい」と同じバスケ選手だからこそわかり合えることも多いと話した。

　自身の持ち味は仲間を生かすプレーと、３ポイントシュート。これまでの代表経験はＵ―１６アジア・カップのみで、今回メンバー入りを果たせば、１１年ぶりに日の丸を背負うこととなる。アジア大会へ向けて「名古屋で開催されることはすごくうれしい。デンソーのファンの方も含め、支えてくださる皆さんが応援してくださると思う。力に変えて頑張りたい」と意気込みを語った。
報知新聞社",[],[]
宮本恒靖会長「後世にも残るレガシーになるような」…日本代表ドキュメンタリー映画「ＯＮＥ　ＣＲＥＡＴＵＲＥ」の特別試写会（スポーツ報知）,https://news.yahoo.co.jp/articles/e3c6be98cbfab614a0a9b54b9340403afcc7dadd,https://newsatcl-pctr.c.yimg.jp/t/amd-img/20260601-06011218-sph-000-1-view.jpg?exp=10800,2026-06-01T17:01:38+09:00,2026-06-01T17:01:38+09:00,スポーツ報知,sph,スポーツ報知,820,"日本代表のドキュメンタリー映画「ONE　CREATURE」をPRする日本協会・宮本恒靖会長（中央）。左は岸枢宇己（きし・すうき）監督、右はGAKU－MC（カメラ・岩原　正幸）
北中米Ｗ杯に向かうサッカー日本代表を追いかけたドキュメンタリー映画『ＯＮＥ　ＣＲＥＡＴＵＲＥ』（６月５日、全国公開）のキックオフ特別試写会舞台あいさつが１日、都内で行われ、日本サッカー協会の宮本恒靖会長らが登場した。
【Ｗ杯メンバー＆背番号一覧】森保監督が選んだ２６人
宮本会長は「サッカーがこの国でもっと大きな存在になってほしいと常々思っている。２００２年Ｗ杯後にも『六月の勝利の歌を忘れない』というＤＶＤが出て、２０年以上たっても、当時見ました、何度も見ましたと言われる。今回、こういう映画を作っていただくことで、後世にも残っていくような、レガシーになるような映像、記録であったり（そうなってほしい）。選手ってこういう風に考えているんだなということを見ながら、チームの成長も感じられた」と感想を語った。Ｗ杯に挑む日本代表選手たちに向けては「コンディションを整えて思い切りやってもらいたい。彼らの力を存分にピッチで見せてもらいたい」と期待した。

　日本代表は前日５月３１日にアイスランド代表と壮行試合（ＭＵＦＧ国立）を行い、ＦＷ小川航基の決勝点で１―０で勝利。２日に日本を出発し、事前合宿地のメキシコ・モンテレイに入る。その後、米ナッシュビル（テネシー州）のベース合宿地で調整し、１４日（日本時間１５日）に１次リーグ初戦・オランダ戦（米ダラス）を迎える。

　森保一監督は主催者を通じ「日本代表の選手たちを見て、明日からまた頑張ろうと思えるエネルギーを感じていただけることが、私にとって大きな喜びになります。この作品から、選手たち、チームのエネルギーを体感していただいて、Ｗ杯に向けて日本一丸で応援していただけるとうれしいです」などとコメントした。
報知新聞社",[],[]
【ボートレース】黒野元基が今年４度目の栄冠…優勝戦１号艇は４戦全勝～とこなめ一般戦～（スポーツ報知）,https://news.yahoo.co.jp/articles/ba0b8568e8e4c404bc6073aa2746cf31688f5958,https://newsatcl-pctr.c.yimg.jp/t/amd-img/20260601-06011225-sph-000-1-view.jpg?exp=10800,2026-06-01T17:00:51+09:00,2026-06-01T17:00:51+09:00,スポーツ報知,sph,スポーツ報知,175,"黒野元基
◆第９回愛知・名古屋アジア・アジアパラ大会協賛競走（１日・ボートレースとこなめ）

　黒野元基（３０）＝愛知＝が今年４度目の優勝を果たした。１号艇で臨んだ１２Ｒのファイナルで、インからコンマ１１の好スタートを決めて押し切った。

　黒野は今年６度目の優出で、優勝は４度目。１号艇を獲得した４度の優出はいずれも優勝につなげている。
報知新聞社",[],[]
イコラブ・大谷映美里、髪かき上げる私服ショットに「この投稿だけで６月も頑張れる」とファン（スポーツ報知）,https://news.yahoo.co.jp/articles/ab42dbedb6a5e12e84470b9281286a0f69de9545,https://newsatcl-pctr.c.yimg.jp/t/amd-img/20260601-06011119-sph-000-2-view.jpg?exp=10800,2026-06-01T17:00:03+09:00,2026-06-01T19:50:19+09:00,スポーツ報知,sph,スポーツ報知,258,"大谷映美里のインスタグラム（＠ｏｔａｎｉ＿ｅｍｉｒｉ）より
アイドルグループ「＝ＬＯＶＥ」の“みりにゃ”こと大谷映美里の色っぽいショットが反響を呼んでいる。大谷は１日までに自身のインスタグラムを更新。「５月もよく頑張りました」と記し、デコルテが見えるトップスを着て、髪をかき上げる色気漂うショットなど、私服姿をアップした。
【写真】脇チラお姫様ショット「美しすぎて尊い」「メロいお姫様」
この投稿には、「まじかわいい」「この投稿だけで６月も頑張れる感謝」「私も励みになります」などのコメントが寄せられた。
報知新聞社",[],[]
吉永小百合主演映画がネパール「カトマンズ国際山岳映画祭」で観客賞に輝く　同国の教科書にも登場した偉人・田部井淳子さんモデルの作品（スポーツ報知）,https://news.yahoo.co.jp/articles/dce0d227b86772c2624b85068d2a7bab9f0956fa,https://newsatcl-pctr.c.yimg.jp/t/amd-img/20260601-06011219-sph-000-3-view.jpg?exp=10800,2026-06-01T16:52:17+09:00,2026-06-01T22:29:41+09:00,スポーツ報知,sph,スポーツ報知,345,"「てっぺんの向こうにあなたがいる」の一場面（Ｃ）２０２５「てっぺんの向こうにあなたがいる」製作委員会　現在、ブルーレイ・ＤＶＤが発売中
昨年公開された女優・吉永小百合主演の映画「てっぺんの向こうにあなたがいる」（阪本順治監督）が、ネパールで開催されていた「カトマンズ国際山岳映画祭」（現地時間５月２７～３１日）で観客賞を受賞したことが１日までに分かった。

　受賞作は、女性初のエベレスト登頂に成功した田部井淳子さん（２０１６年死去、享年７７）の実話を基にした映画。吉永は、田部井さんをモデルとした多部純子を演じている。田部井さんは同国では教科書に登場するほど有名で偉大な人物。見た人々の投票で選ばれる「観客賞」の受賞となった。「てっぺん―」は現在、ブルーレイとＤＶＤが発売中。
報知新聞社",[],[]
【大学野球】早大が春を勝ち点１の５位で終える　逆襲の秋へ小宮山監督「無我夢中で練習してもらう…」（スポーツ報知）,https://news.yahoo.co.jp/articles/dd01c0b497a5839f1ea4fd5664468d107774f1e1,https://newsatcl-pctr.c.yimg.jp/t/amd-img/20260601-06011217-sph-000-3-view.jpg?exp=10800,2026-06-01T16:51:04+09:00,2026-06-01T17:33:50+09:00,スポーツ報知,sph,スポーツ報知,715,"早大・小宮山悟監督（カメラ・桜井　彩乃)
◆東京六大学野球春季リーグ戦最終週第３日▽慶大３―０早大（１日・神宮）

　早大が慶大に敗れて勝ち点を落とし、春のリーグ戦を４勝８敗１分け勝ち点１の５位で終えた。試合は０―０の２回。先発の宮城誇南（４年＝浦和学院）が四球と２安打で満塁のピンチを背負うと、８番・横地広太（４年＝慶応義塾）に押し出しの四球を与え先取点を奪われた。６回には４番手で登板した岡村遼太郎（３年＝早大学院）が、先頭の３番・小原大和（４年＝花巻東）に右越えソロを浴びるなど２失点。打線は慶大先発・渡辺和大（４年＝高松商業）の気迫のこもった投球の前に１１三振を喫するなど沈黙し、得点できなかった。
【写真】立大のマネジャーだったサンデー晋吾の美人娘　卒業後は“日本ハム”入団
チームは開幕の東大戦で勝ち点を挙げるも、その後は打線がつながりを欠くなど得点力不足に苦しみ、４カード連続で勝ち点を落とした。

　不本意なシーズンの中にも、明るい材料はあった。徳丸快晴（２年＝大阪桐蔭）が１３試合で打率３割８分８厘で首位打者を獲得。ベストナインにも選出されるなど、獅子奮迅の活躍を見せた。投手陣では今春入学の中村広大（１年＝早実）がルーキーながら中継ぎで６試合に登板。勝ちこそつかなかったが、堂々の六大学デビューを飾った。

　チームは昨秋の２位から王座奪還を狙うも５位に沈んだ。小宮山監督は「のるかそるかだと思っていましたが、思うようにいかなかった」と振り返り、「選手個人個人が冬場やってきたことでは足りないということを理解して、無我夢中で練習してもらうというふうに思っています」と巻き返しの秋へ、抱負を口にした。
報知新聞社",[],[]
森香澄　誕生日サプライズケーキに歓喜「今年初めてお祝いされました」「ここから新しい挑戦も…」（スポーツ報知）,https://news.yahoo.co.jp/articles/697a07e9de1872bdedb8fa772f193ba40fd340f0,https://newsatcl-pctr.c.yimg.jp/t/amd-img/20260601-06011216-sph-000-2-view.jpg?exp=10800,2026-06-01T16:50:56+09:00,2026-06-01T16:58:24+09:00,スポーツ報知,sph,スポーツ報知,393,"サプライズで誕生日ケーキを贈られた森香澄
元テレビ東京アナウンサーでタレントの森香澄が１日、都内で行われた下着メーカー「ＰＥＡＣＨ　ＪＯＨＮ」の「『人魚のブラ』ＳＵＭＭＥＲ　ＯＡＳＩＳ」発表会に出席した。
「盛れるリボン水着」を披露
１６日に３１歳の誕生日を迎える森にサプライズでケーキが贈られた。「今日、６月１日なのでいろんなメルマガから６月の誕生日おめでとうございます、みたいな（メッセージが届いて）、まだメルマガからしかお祝いされてなかったので、今年初めてお祝いされました。嬉しいです」と喜んだ。

　３１歳の抱負は「去年３０歳になって３０代は１歳と私は考えているので、ここから新しい挑戦もまだまだできると思っています」と笑顔。「いろんな新しいお仕事もプライベートも充実させていきたいなと思っておりますので新しいことをぜひ注目していただければと思います」と意気込んだ。
報知新聞社",[],[]
【ＤｅＮＡ】育成の吉岡暖と小針大輝をＢＣリーグ・栃木に派遣　期間は今季終了まで（スポーツ報知）,https://news.yahoo.co.jp/articles/81998125872fe408352cc10c1459fb18e6b5e326,https://newsatcl-pctr.c.yimg.jp/t/amd-img/20260601-06011215-sph-000-1-view.jpg?exp=10800,2026-06-01T16:48:34+09:00,2026-06-01T16:48:34+09:00,スポーツ報知,sph,スポーツ報知,190,"ＤｅＮＡ・吉岡暖（左）と小針大輝
ＤｅＮＡは１日、育成の吉岡暖（はる）投手と小針大輝外野手をルートインＢＣリーグの栃木ゴールデンブレーブスに派遣すると発表した。期間は今季終了まで。
【写真】ＤｅＮＡに新戦力の剛腕！　尾形崇斗が１５９キロ剛球で移籍初勝利
吉岡は阿南光高から２４年育成ドラフト２位で入団した右腕。小針は日大鶴ヶ丘高から２４年育成ドラフトで入団した左打者。
報知新聞社",[],[]
【ボートレース】女子特別戦連覇狙う西橋奈未ら５２選手が覇権争い…レディースチャンピオン出場選手発表（スポーツ報知）,https://news.yahoo.co.jp/articles/7f674fd4003151738730127c2b5f8d7e01a09218,https://newsatcl-pctr.c.yimg.jp/t/amd-img/20260601-06011214-sph-000-3-view.jpg?exp=10800,2026-06-01T16:47:30+09:00,2026-06-01T20:27:14+09:00,スポーツ報知,sph,スポーツ報知,1045,"西橋奈未
日本モーターボート競走会は１日、ＧⅠ「第４０回レディースチャンピオン」（８月６～１１日・ボートレース徳山）の出場選手を発表した。連覇を狙う鎌倉涼（大阪）、５月のレディースオールスターを制した西橋奈未（福井）、５月末のＳＧオールスターで準優１号艇を獲得するなど奮闘した遠藤エミ（滋賀）らオールレディース競走の優勝者１６選手が優先出場。ほか昨年６月～今年５月の勝率上位３４選手を加えた計５２人がタイトルを争う。異議申請期間を経て、８日に正式決定となる。以下、選出選手。

◇前年度優勝者　

　鎌倉　涼（大阪）

◇レディースオールスター優勝者

　西橋　奈未（福井）

◇オールレディース競走優勝者

　遠藤　エミ（滋賀）

　小野　生奈（福岡）

　高憧　四季（大阪）

　田口　節子（岡山）

　前田　紗希（埼玉）

　倉持　莉々（東京）

　竹井　奈美（福岡）

　若狭奈美子（岡山）

　香川　素子（滋賀）

　今井　美亜（福井）

　井上　遥妃（徳島）

　堀之内紀代子（岡山）

　安井　瑞紀（岡山）

　西村　　歩（大阪）

　大橋栄里佳（福岡）

　渡辺真奈美（東京）

◇以下勝率順

　川野　芽唯（福岡）

　渡辺　優美（福岡）

　平山　智加（香川）

　小芦るり華（佐賀）

　三浦　永理（静岡）

　米丸　乃絵（福岡）

　細川　裕子（愛知）

　長嶋　万記（静岡）

　高田ひかる（三重）

　松尾　夏海（香川）

　守屋　美穂（岡山）

　寺田　千恵（岡山）

　実森　美祐（広島）

　中村　桃佳（香川）

　海野ゆかり（広島）

　浜田亜理沙（埼玉）

　山本　梨菜（佐賀）

　千葉　真弥（静岡）

　土屋　千明（群馬）

　平川　香織（埼玉）

　山川美由紀（香川）

　桜本あゆみ（群馬）

　広中智紗衣（東京）

　魚谷　香織（福岡）

　土屋　　南（岡山）

　喜井つかさ（岡山）

　西村美智子（香川）

　刑部亜里紗（静岡）

　蜂須　瑞生（群馬）

　武井莉里佳（兵庫）

　落合　直子（大阪）

　内山　七海（福岡）

　岩崎　芳美（徳島）

　藤原　早菜（岡山）

◇予備選手

　山下　友貴（静岡）

　清埜　翔子（埼玉）

　深川麻奈美（福岡）

　中川　りな（福岡）

　今井　裕梨（群馬）

　関野　　文（大阪）

　黒沢めぐみ（東京）

　大豆生田蒼（埼玉）

　平田さやか（東京）

　津田　裕絵（山口）
報知新聞社",[],[]
【ボートレース】中田夕貴が出遅れで賞典除外　即日帰郷処分に～多摩川Ｇ３（スポーツ報知）,https://news.yahoo.co.jp/articles/b6590781b3663f0a8868dee6e9764fc4d67cb42c,https://newsatcl-pctr.c.yimg.jp/t/amd-img/20260601-06011213-sph-000-4-view.jpg?exp=10800,2026-06-01T16:45:13+09:00,2026-06-01T17:25:59+09:00,スポーツ報知,sph,スポーツ報知,228,"ピットアウト直後に接触した２号艇と３号艇
◆Ｇ３オールレディースリップルカップ（１日・ボートレース多摩川・３日目）

　中田夕貴が即日帰郷処分となった。３日目５Ｒは３号艇で出走。ピットアウトをした瞬間、ボートが左を向き、そのボートに２号艇の田中瀬里奈が乗り上げた。残った４艇はピットに戻り、レースは４艇で行われた（中田と田中は出遅れ返還）。田中の出遅れは選手責任外。中田は選手責任で賞典除外。即日帰郷処分となった。
【写真】勝利に笑顔の中田夕貴
報知新聞社",[],[]
【大学野球】全日本大学野球選手権の出場２７校が決定　慶大が早慶戦を制し５年ぶり１３度目の出場（スポーツ報知）,https://news.yahoo.co.jp/articles/858c23921498170a0c99b4bd84e1f3e8b0d36d16,https://newsatcl-pctr.c.yimg.jp/t/amd-img/20260601-06011211-sph-000-3-view.jpg?exp=10800,2026-06-01T16:35:57+09:00,2026-06-01T19:32:20+09:00,スポーツ報知,sph,スポーツ報知,954,"全日本大学野球選手権の出場権を手にした慶大ナインはリーグ優勝を決めマウンドで歓喜（カメラ・古川  剛伊）
慶大が東京六大学リーグの優勝を決め、第７５回全日本大学野球選手権大会（６月８～１４日・神宮、東京ドーム）出場を決め、出場する２７校が出そろった。出場校は以下の通り。
【写真】胴上げされる慶大・渡辺和大
▽北海道学生野球連盟　　函館大学（１６年ぶり４回目）

　▽札幌学生野球連盟　　　北海学園大学（２大会連続２２回目）

　▽北東北大学野球連盟　　富士大（３年ぶり１７回目）

　▽仙台六大学野球連盟　　東北福祉大（２大会連続３８回目）

　▽南東北大学野球連盟　　東日本国際大（５大会連続１９回目）

　▽千葉県大学野球連盟　　国際武道大（３年ぶり２２回目）

　▽関甲新学生野球連盟　　上武大（３大会連続２１回目）

　▽東京新大学野球連盟　　共栄大（２年ぶり５回目）

　▽東京六大学野球連盟　　慶大（５年ぶり１３度目）

　▽東都大学野球連盟　　　国学院大（５年ぶり２回目）

　▽首都大学野球連盟　　　日体大（３年ぶり１２回目）

　▽神奈川大学野球連盟　　横浜商大（１５年ぶり５回目）

　▽愛知大学野球連盟　　　中京大（３大会連続２２回目）

　▽東海地区大学野球連盟　中部学院大（２年ぶり５回目）

　▽北陸大学野球連盟　　　金沢学院大学（４年ぶり５回目）

　▽関西学生野球連盟　　　関西大（３１年ぶり１２回目）

　▽関西六大学野球連盟　　大商大（９大会連続１６回目）

　▽阪神大学野球連盟　　　天理大（２年ぶり１１回目）

　▽近畿学生野球連盟　　　奈良学園大（２大会連続２３回目）

　▽京滋大学野球連盟　　　花園大（３年ぶり３回目

　▽広島六大学野球連盟　　近大工学部（２大会連続３２回目）

　▽中国地区大学野球連盟　周南公立大（８年ぶり１４回目）

　▽四国地区大学野球連盟　松山大（４年ぶり３３回目）

　▽九州六大学野球連盟　　北九州市立大（２１年ぶり６回目）

　▽福岡六大学野球連盟　　九産大（４大会連続２５回目）

　▽九州地区大学野球連盟　日本文理大（２年ぶり１３回目）

　▽南部九州大学野球連盟　東海大学九州キャンパス（３大会連続１４回目）
報知新聞社",[],[]
３６歳・ローラが「なんか感じ変わって大人っぽくなった…？」　抜群のスタイル生かした和なショットが話題！（スポーツ報知）,https://news.yahoo.co.jp/articles/508ad6a2bbea8c47b601d1a5622d8fc85b43b016,https://newsatcl-pctr.c.yimg.jp/t/amd-img/20260601-06011137-sph-000-1-view.jpg?exp=10800,2026-06-01T16:35:02+09:00,2026-06-01T16:35:02+09:00,スポーツ報知,sph,スポーツ報知,324,"ローラのインスタグラム（＠ｒｏｌａｏｆｆｉｃｉａｌ）より
モデルでタレントのローラ（３６）が和なショットを公開し、話題を集めている。

　ローラは１日までに自身のインスタグラムで「Ｂｌｕｅ　ｊｅａｎｓ　ｏｎ　ｔａｔａｍｉ」と記し、和室の畳の上での素足のショットをアップ。黒ニットとデニムをあわせて抜群のスタイルを生かしたコーデを披露した。
【写真】近影に心配の声…イメージ激変「見たことない」「驚く」
この投稿にファンからは「デニム似合いすぎてます」「足長い！」「なんか感じ変わって大人っぽくなった…？」「またまた綺麗になった？」「何をやっても絵になります」「めっちゃかっこいい」「最高すぎる」「なんて美しい」などの声が寄せられている。
報知新聞社",[],[]
【競輪】嶋津拓弥が２着！１０か月ぶりＧ３決勝進出に「せっかくなので狙いたい」～宇都宮Ｇ３（スポーツ報知）,https://news.yahoo.co.jp/articles/9c29191abd37fb0e6217df2d4d19b640380fbefa,https://newsatcl-pctr.c.yimg.jp/t/amd-img/20260601-06011210-sph-000-1-view.jpg?exp=10800,2026-06-01T16:32:33+09:00,2026-06-01T16:32:33+09:00,スポーツ報知,sph,スポーツ報知,401,"嶋津拓弥
◆レジェンド神山雄一郎カップ（Ｇ３、開設７７周年記念、３日目・１日、宇都宮競輪場）

　決勝進出がかかった１１Ｒの準決勝。嶋津拓弥（４０）＝神奈川・１０３期＝がシャープに伸びて２着を確保した。

　打鐘から先行態勢に入った原田亮太－佐々木真也の３番手から進めたレースは、最終２角４番手からまくってきた三谷竜生に合わせて佐々木が番手を出る流れ。狭いところをすり抜けていった吉田拓矢を追いかけながら踏み込むと、最後に三谷をかわして２着。昨年８月の小倉以来となるＧⅢ決勝へ進出した。

「ラインのおかげ。前２人が頑張ってくれたので。僕は吉田君を目標にする形になったし、真也はコース取りを間違えたのか、内にいましたもんね。僕はガムシャラに踏んだだけですけど、調子自体は引き続きいいと思います。決勝は２回目か、３回目くらいだと思いますよ。流れがずっといい。せっかくなので狙いたいですけどね」
報知新聞社",[],[]
森香澄“マーメイド”になりきり貝から登場「挑戦の毎日で充実」スタイルキープの秘けつ明かす（スポーツ報知）,https://news.yahoo.co.jp/articles/9cde94974e40528b9c9cbf81ea9b692cf938c8fe,https://newsatcl-pctr.c.yimg.jp/t/amd-img/20260601-06011208-sph-000-5-view.jpg?exp=10800,2026-06-01T16:31:46+09:00,2026-06-01T19:44:45+09:00,スポーツ報知,sph,スポーツ報知,608,"「PEACH　JOHN」の「『人魚のブラ』SUMMER　OASIS」発表会に貝殻の中から登場した森香澄
元テレビ東京アナウンサーでタレントの森香澄が１日、都内で行われた下着メーカー「ＰＥＡＣＨ　ＪＯＨＮ」の「『人魚のブラ』ＳＵＭＭＥＲ　ＯＡＳＩＳ」発表会に出席した。
【写真】「人魚のブラ」を着けたセクシーショット
人魚がモチーフのブラにちなみ、マーメイドを意識したブルーのロングドレスを身にまとい貝殻の中から登場。「マーメイドの形のドレスに人魚のようなうろこが付いていて、ＰＥＡＣＨ　ＪＯＨＮに合わせてパールのアクセサリーを付けてみました」とコーディネートのポイントを説明したした。

　フリーアナウンサーになり３年。現在多方面で活躍している森は「もちろん今お芝居とかもさせていただいておりますし、すごく楽しいなと思う挑戦を毎日させていただいて、すごく充実している」とうなずく。今後やりたい仕事については「まだ私が思いついてないようなお仕事がこの世の中にはあるんじゃないかなと思うので、今私が思いついてないような楽しいお仕事をしてみたいですね」と今後の抱負を語った。

　撮影に向けては自己管理を徹底していたといい「今回はある程度、中長期的に（体重を）維持しなくてはいけないので、ずっと維持できる方法っていうのをいろいろ研究して食事とか日常生活を改善して努めました」とスタイルキープの秘けつを明かした。
報知新聞社",[],[]
日本サッカー協会、日の丸自動車興業とパートナー契約発表　宮本会長「バスで過ごす時間も、世界と戦うための大切な準備の時間」（スポーツ報知）,https://news.yahoo.co.jp/articles/820ef0b04d43bc3b473ab2b3f98bc5bcb1a2cc6d,https://newsatcl-pctr.c.yimg.jp/t/amd-img/20260601-06011199-sph-000-3-view.jpg?exp=10800,2026-06-01T16:25:20+09:00,2026-06-01T22:07:16+09:00,スポーツ報知,sph,スポーツ報知,1007,"日本サッカー協会のエンブレム
日本サッカー協会は１日、日の丸自動車興業株式会社と、ＪＦＡパートナー契約を締結したと発表した。
【Ｗ杯メンバー＆背番号一覧】森保監督が選んだ２６人
本パートナーシップにより、同社が日本代表チームの活動時において、選手・スタッフの円滑かつ安全な移動をサポートする。

▼日本サッカー協会・宮本恒靖会長コメント

　「日本を代表して戦うＳＡＭＵＲＡＩ　ＢＬＵＥが、『日の丸』の名を掲げる日の丸自動車興業様に支えていただけることを、大変心強く感じています。選手たちにとって、移動は単なる“移動”ではありません。試合に向けて集中力を高めること、チームメートと言葉を交わして気持ちを一つにすることなど、バスで過ごす時間もまた、世界と戦うための大切な準備の時間なのです。そして、選手たちは、バスを降りた瞬間から、覚悟を胸にピッチへと向かいます。安心して身を預けられる環境があることは、チームにとって非常に大きな意味を持ちます。その時間を共に支えていただけることを心から感謝しています。これからも万全の準備をし、日本中の皆さんと共に、“最高の景色”を目指していきたいと思います」

▼日の丸自動車興業株式会社　富田哲史・代表取締役社長コメント

　「このたび、日本代表チームとのサポート契約を締結できましたことを、大変光栄に思います。当社は創業以来、『腕よりも心で運転『の社是の下、お客さまを安全に目的地へお送りすることにとどまらず、移動を通じて安心・感動・快適な時間を提供することを使命としてまいりました。日本代表チームが掲げる、挑戦を続けながら多くの人々に夢や勇気を届ける姿勢には深く共感しており、このたびのご縁を大変うれしく感じております。日本代表チームの移動を支えることは、単なる輸送業務ではなく、最高のパフォーマンスを発揮していただくための環境づくりの一端を担う責任ある役割だと考えております。安全・安心を第一に、長年培ってきた運行品質とホスピタリティを通じて、チーム関係者の皆さまを支えてまいります。また、本パートナーシップを通じて、スポーツ振興や地域社会への貢献、そして次世代を担う子どもたちに夢や希望を届ける活動にも積極的に取り組んでまいります。日本代表チームのさらなるご活躍を心より応援するとともに、当社としても社会に必要とされる企業を目指し、挑戦を続けてまいります」
報知新聞社",[],[]
【競輪】吉田拓矢が狭い場所をすり抜け１着も反省しきり「内に行ってしまって」～宇都宮Ｇ３（スポーツ報知）,https://news.yahoo.co.jp/articles/f8d6b25e69048edd8449370d3919852497e90acb,https://newsatcl-pctr.c.yimg.jp/t/amd-img/20260601-06011203-sph-000-2-view.jpg?exp=10800,2026-06-01T16:22:57+09:00,2026-06-01T16:23:15+09:00,スポーツ報知,sph,スポーツ報知,307,"吉田拓矢
◆レジェンド神山雄一郎カップ（Ｇ３、開設７７周年記念、３日目・１日、宇都宮競輪場〕

　１１Ｒの準決勝は、４分戦。吉田拓矢（３１）＝茨城・１０７期＝が、ホーム８番手から内へ進路を見いだすと、神田紘輔と嶋津拓弥の間をパスすると、外へ出しながら前を行く原田亮太をとらえて先頭へ。１着でゴールした。２着は嶋津、３着は三谷竜生だった。

　吉田は「一番いやな並びになったので、難しかったんで、力勝負しようと思ったんですけど、ちょっと…」と表情は晴れぬまま。「外へ行ければよかったが、内入っちゃったので…。（狭いところに行く形になったが）おそるおそる行ったんで、落車しなくて良かったです」と話していた。
報知新聞社",[],[]
【バスケ女子】大神雄子ＨＣ　愛知・名古屋アジア大会へ「チャンピオンを取りにいく」パッションとエナジーで金メダル目指す…代表候補の練習で誓う（スポーツ報知）,https://news.yahoo.co.jp/articles/9fbd737049b148e9591dbab8348af378d84b8676,https://newsatcl-pctr.c.yimg.jp/t/amd-img/20260601-06011193-sph-000-1-view.jpg?exp=10800,2026-06-01T16:18:22+09:00,2026-06-01T16:18:22+09:00,スポーツ報知,sph,スポーツ報知,810,"取材に応じた大神雄子ヘッドコーチ(カメラ・富張　萌黄)
バスケットボール女子の愛知・名古屋アジア大会（９月）代表候補による練習が１日、東京都北区の味の素ナショナルトレーニングセンターで行われ、報道陣に公開された。今大会で初めて日本代表のヘッドコーチ（ＨＣ）を務める元日本代表ＰＧ、大神（おおが）雄子氏（４３）は「覚悟と責任をしっかり持って、責任を果たしたい。どうやってアジアのチャンピオンになるかを、責任持って考えてチームを作っていきたい」と意気込みを語った。
【写真】女子バスケ界のレジェンド・大神雄子さん、指導者の道に　“引退試合”では奇跡が…
チームは１９人が３次合宿中で、ここから本番に登録できる１２人へと絞られる。「アジアのチャンピオンを取りにいく」と１９９８年以来の金メダル獲得へ向け、全員が同じ目標を抱いている。「攻守ともに４０分間アグレッシブに攻め続ける」をテーマに掲げ、代表入りへの競争が繰り広げられている。

　大神ジャパンのベースには「パッションとエナジー」があると話す。「自分のコーチとして大事にしている部分」だといい、この日も人一倍大きな声で選手に指示を出すなど、熱意を込めて指導をしている。今季はＷリーグでコーチ・オブ・ザ・イヤーを初受賞した指揮官。「フルコートでディフェンスを仕掛けられるか。オフェンスは最初の８秒でどれだけペースを自分たちが作って、４０分通して相手をばてさせられるか。あとはターンオーバーの誘発を生んで、効果的な攻撃をつくれるか」と頂点に向けてのポイントを挙げた。

　アジア大会は高校時代を過ごし、現在のチームの本拠地でもある名古屋市。ゆかりある地で開催される大舞台へ、「日本で開催されることは誇りに思える。自分たちの目標をぶらさずに、頂点を取りにいく責任と覚悟をしっかり持って、チーム全員でＩＧアリーナでてっぺんに向かって挑戦していきたい」と力強く語った。
報知新聞社",[],[]
テレ朝・田原萌々アナ、さわやか笑顔×ホワイトコーデが「美しい」「国宝です」「こんなお嫁さん欲しい」（スポーツ報知）,https://news.yahoo.co.jp/articles/e32d33635801f6e1404f4ca951348d839d52abad,https://newsatcl-pctr.c.yimg.jp/t/amd-img/20260601-05311280-sph-000-1-view.jpg?exp=10800,2026-06-01T16:15:02+09:00,2026-06-01T16:15:02+09:00,スポーツ報知,sph,スポーツ報知,359,"田原萌々アナのインスタグラム（＠ｔａｈａｒａ＿ｍｏｍｏ）より
テレビ朝日の田原萌々アナウンサーが３１日にＳＮＳを更新。ホワイトコーデが話題になっている。
【写真】「お美しい」「とてもお綺麗」ノースリ姿の全身ショットが激アツ！！
自身のインスタグラムに白のハートの絵文字を記すと、ピンショットをアップ。田原アナは白のブラウスとスカートを合わせたファッションを公開し、全身ショットも投稿した。

　この投稿には「んーーかわいい　こんなお嫁さん欲しいわ〜」「国宝ですよね」「萌々さんの笑顔でパワーチャージできたので、明日からの仕事頑張れそうです！」「ももたんシースルー衣装カワイイ」「萌々さんの透明さマシマシでした　本当に美しいです」「こんにちは、笑顔がめちゃくちゃ可愛いですね」などのコメントが寄せられている。
報知新聞社",[],[]
【ＤｅＮＡ】左ひじ手術のコックス退団　育成左腕の庄司陽斗が支配下復帰　（スポーツ報知）,https://news.yahoo.co.jp/articles/5fee26a565250397603daabf15523b1a14ffa6e2,https://newsatcl-pctr.c.yimg.jp/t/amd-img/20260601-06011201-sph-000-1-view.jpg?exp=10800,2026-06-01T16:12:14+09:00,2026-06-01T16:12:14+09:00,スポーツ報知,sph,スポーツ報知,475,"庄司陽斗
ＤｅＮＡは１日、育成の庄司陽斗投手（２５）と支配下契約を結ぶと発表した。また、左ひじ手術で帰国しているオースティン・コックス投手（２９）の退団（ウェーバー公示）も発表した。
【写真】石原さとみ、リーゼント２段モーション！番長仕込みの始球式
庄司は青森大から２３年育成ドラフト４位でＤｅＮＡに入団。２５年３月に支配下選手となったが、１軍登板はないまま、同年オフに再び育成選手となっていた。

　前ブレーブスのコックスは、来日１年目の今季、４月１日の阪神戦（京セラＤ）でＮＰＢ初登板初勝利を飾ったが、２試合の登板で左ひじ故障のため帰国。患部の手術を受け、今季中の復帰は絶望視されていた。

【庄司陽斗投手コメント】

　再び支配下登録となり、嬉しいという思いもありますが、「ここからやってやるぞ」という気持ちが強いです。一度育成となった時は悔しい気持ちが強くありましたが、「もう一度支配下に戻って一軍で活躍する」「チームに貢献したい」という思いでここまでやってきました。これからも、チームの勝ちに貢献できるように全力でプレーします。
報知新聞社",[],[]
アンジェリーナ１／３　ギャラクシー賞のラジオ部門受賞　前日は声が出ず「ステロイド打ってここに立っている」（スポーツ報知）,https://news.yahoo.co.jp/articles/bc8b5fb83ab22b9ffbcbad4e97b4c30e2a1b3270,https://newsatcl-pctr.c.yimg.jp/t/amd-img/20260601-06011200-sph-000-1-view.jpg?exp=10800,2026-06-01T16:09:47+09:00,2026-06-01T16:09:47+09:00,スポーツ報知,sph,スポーツ報知,457,"「第６３回ギャラクシー賞」の贈賞式に登場したアンジェリーナ１／３
優れたテレビ番組や団体、個人に贈られる「第６３回ギャラクシー賞」（主催：放送批評懇談会）の贈賞式が１日、都内で行われ、アンジェリーナ１／３がラジオ部門・ＤＪパーソナリティ賞を受賞した。
【写真】ＴＯＫＹＯ　ＦＭ人気番組の“新校長”に就任
ＴＢＳラジオ「Ａｎｇｉｅ　Ｒａｄｉｏ！！～夢は口に出せば叶う！～」にレギュラー出演中。約４年間にわたってラジオに向き合い、登場時には「やったー！」と両手を高く突き上げて喜んだ。前日は全く声がでない状態で「今朝もステロイドを打ってここに立たせていただいている」と明かした。

　受賞スピーチでは「（講談師の）神田伯山さんに憧れて、背中を追ってやってきた。ラジオをやっていると声を張り上げたりするので、自然と汗をかくんですよ。けど、大事なのはハートで汗をかくことだと思っています。『ハートｔｏハート』で心を潤すことが大切だと思っているので、これからもそんな思いでラジオを届けていきたい」と力強く語った。
報知新聞社",[],[]
【ボートレース】前田滉が今年３度目のＶに王手「足とピット離れを両立させると中堅上位」からつ一般戦（スポーツ報知）,https://news.yahoo.co.jp/articles/b0521bafdb9a90936587df5ebbebae06c0c5f58d,https://newsatcl-pctr.c.yimg.jp/t/amd-img/20260601-06011185-sph-000-2-view.jpg?exp=10800,2026-06-01T16:05:15+09:00,2026-06-01T16:07:51+09:00,スポーツ報知,sph,スポーツ報知,208,"前田滉
◆第１３回見帰りの滝あじさいカップ（１日・ボートレースからつ）

　前田滉（２６）＝愛知＝が今年３度目の優勝に王手をかけた。１号艇で臨んだ準優１２Ｒを逃げ切り、優勝戦（２日）の１号艇を獲得した。優勝戦に向け、「ピット離れにストレスを感じる。足とピット離れを両立させると中堅上位くらい」と、上積みの必要性を強調した。

　前田は今年６度目の優出。１月と５月、いずれも地元の蒲郡一般戦で優勝している。
報知新聞社",[],[]
【中日】金丸夢斗が抹消された高橋宏斗の復活待つ「またすぐ会えるように」「自分が引っ張っていけたら」前夜には食事で寄り添う…４日のソフトバンク戦に先発へ（スポーツ報知）,https://news.yahoo.co.jp/articles/2818c2e9afd61f6aeb785d3a3597fe086bfeae3f,https://newsatcl-pctr.c.yimg.jp/t/amd-img/20260601-06011175-sph-000-2-view.jpg?exp=10800,2026-06-01T16:04:39+09:00,2026-06-01T16:41:41+09:00,スポーツ報知,sph,スポーツ報知,461,"投手練習に参加した中日の金丸夢斗投手
中日の金丸夢斗投手が１日、エース不在の先発陣をけん引していくことを誓った。

　この日、高橋宏斗投手が成績不振のため、抹消された。同学年で、左右のエースとして期待される宏斗＆夢斗コンビ。相棒の抹消に「僕が入団してから、宏斗が（不振で）ファームに行くのは初めて。自分も刺激をもらっていた。宏斗がいない分、自分が若手を代表して、引っ張っていけたら」と覚悟を口にした。
【写真】今季最短３回２／３で５失点ＫＯの高橋宏斗が無期限２軍へ
この日は、バンテリンドームで行われた投手練習に参加。普段は、高橋宏と一緒に受けるノックをひとりで受け、フィールディングを入念にチェックした。いつもより少し静かな練習に「変な感じがありますね。けど、またすぐ会えるように」と笑った。

　３１日の夜には、食事に出かけ、苦しむ右腕に寄り添った。自身は、４日のソフトバンク戦（バンテリンドーム）に先発予定。今季ここまで４勝４敗と、ローテの一角を守り続けている金丸が、仲間の思いも胸に、先発陣の柱となる。
報知新聞社",[],[]
【中日】ドラフト２位・桜井頼之介が３日のソフトバンク戦に先発へ　前回登板でプロ初勝利「緊張感とかは落ち着いた。切り替えて投げていけたら」（スポーツ報知）,https://news.yahoo.co.jp/articles/353bdf3d91bb3b24c61c6badf9898b75adf6b36a,https://newsatcl-pctr.c.yimg.jp/t/amd-img/20260601-06011190-sph-000-1-view.jpg?exp=10800,2026-06-01T16:04:03+09:00,2026-06-01T16:04:03+09:00,スポーツ報知,sph,スポーツ報知,355,"桜井頼之介
中日のドラフト２位・桜井頼之介投手が１日、バンテリンドームで行われた投手練習に参加。先発が見込まれる３日のソフトバンク戦（バンテリンドーム）に向けて、調整を行った。
【写真】押切もえ、ギャル時代公開！「１５年以上…、２０年近く前」
現在、４連勝中で交流戦単独首位のタカ打線に「１～９番まですごい選手がそろっている。隙のない打線」と警戒。「臆さずに攻めていく。気持ちで負けないようにやっていきたい」と力を込めた。

　自身６度目の先発となった５月２７日の楽天戦（バンテリンドーム）では、６回２失点で、待望のプロ初勝利を挙げた。たくさんの祝福メッセージをもらった右腕は「（初勝利前の）変な、緊張感とかは落ち着いた。切り替えて投げていけたら」と次戦を見据えた。平常心を貫いて、２連勝を目指す。
報知新聞社",[],[]
島谷ひとみ、「亜麻色の髪の乙女」作詞の橋本淳さんを追悼「私の人生の物語を描いてくれたような存在」（スポーツ報知）,https://news.yahoo.co.jp/articles/4a9b62ee69348bf169a6a35274a70e0b74718678,https://newsatcl-pctr.c.yimg.jp/t/amd-img/20260601-06011196-sph-000-2-view.jpg?exp=10800,2026-06-01T16:03:32+09:00,2026-06-01T16:09:54+09:00,スポーツ報知,sph,スポーツ報知,1064,"島谷ひとみ
「ブルー・ライト・ヨコハマ」「亜麻色の髪の乙女」などを手がけ、昭和の歌謡界をけん引した作詞家の橋本淳（はしもと・じゅん、本名・与田準介＝よだ・じゅんすけ）さんが肝硬変のため亡くなったことを受け、２００２年に「亜麻色の髪の乙女」のカバー楽曲がヒットした歌手の島谷ひとみが１日、追悼のコメントを寄せた。
【写真】別人のような最新姿「かっこいいー」
「亜麻色の髪の乙女」は１９６８年にグループサウンズの「ヴィレッジ・シンガーズ」の楽曲としてリリース。島谷のカバー版は原曲にさわやかなユーロビートサウンドが融合され、自身最大の大ヒット曲に。島谷はこの曲で０２年の「ＮＨＫ紅白歌合戦」に初出場した。

　島谷は「私の人生の物語を描いてくれたような存在」と恩人に感謝。橋本さんの詞の魅力について「今の時代にはなかなかない生きてきた人生と照らし合わせるような素敵（すてき）な物語でした。橋本淳さんの詞の世界が大好きでした」とつづった。

　ここ最近は会う機会がなかったといい「会える時には必ず会わなければと今強く感じております」と突然の別れに心を痛めている様子。「私に作ってくれていると言ってくださっていた新曲も聴きたかったです。これからも私は亜麻色の髪の乙女を大切に歌わせていただきます」と思いをつづった。

【島谷ひとみコメント全文】

　橋本淳さん

　まるで、私の人生の物語を描いてくれたような存在でした。

　亜麻色の髪の乙女という曲を作ってくださりありがとうございました。

　橋本淳さんの詞の世界は、どの曲も表現に奥行きがあり、想像力を掻（か）き立て、今の時代にはなかなかない生きてきた人生と照らし合わせるような素敵な物語でした。

　橋本淳さんの詞の世界が大好きでした。

　私が亜麻色の髪の乙女をカバーをさせていただいた後、お食事にご招待くださりました。

　ご自宅で奥様の手料理を振る舞ってくださり、「どこのレストランよりも妻の料理の方が美味しくってねぇ。」と素敵な笑顔でさらりと言うとても素敵な橋本淳さんを今も覚えております。

　ここ数年はぜひお会いしましょうと言いながら会えませんでした。とても悔やんでおります。

　会える時には必ず会わなければと今強く感じております。

　私に作ってくれていると言ってくださっていた新曲も聴きたかったです。

　これからも私は亜麻色の髪の乙女を大切に歌わせていただきます。

　心よりご冥福をお祈り申し上げます。

　ありがとうございました。

島谷ひとみ
報知新聞社",[],[]
錦織圭　９月３０日開幕のジャパン・オープンに推薦枠で出場決定　過去２度の優勝　「最後のジャパン・オープンへの出場。いろんな思いがあふれる」（スポーツ報知）,https://news.yahoo.co.jp/articles/9123e0a20d0305224c0c622e7292771c8117c3cc,https://newsatcl-pctr.c.yimg.jp/t/amd-img/20260601-06011191-sph-000-2-view.jpg?exp=10800,2026-06-01T16:01:30+09:00,2026-06-01T17:52:30+09:00,スポーツ報知,sph,スポーツ報知,736,"錦織圭
今季限りでの引退を発表した元世界ランキング４位の錦織圭（ユニクロ）が、最後の木下グループ・ジャパン・オープン（９月３０日開幕、東京・有明）に出場する。１日、主催の日本テニス協会が、錦織にシングルス本戦のワイルドカード（主催者推薦枠）を与えると発表した。錦織にとって、思い出深いジャパン・オープンに最後の出場となる。
【写真】錦織圭、元モデルの舞夫人とウェディングショット
錦織は、１９７３年に男子ツアー公式戦として始まったジャパン・オープンで、初めて優勝した地元日本選手だ。２０１２年に、決勝でラオニッチ（カナダ）をフルセットで下し初優勝。１４年は、全米準優勝の凱旋として出場し、１２年同様に、ラオニッチを下して涙の２度目の優勝となった。

　日本テニス界の記録を塗り替えてきた錦織は、ジャパン・オープンでも日本選手の数々の記録を持っている。通算２４勝９敗は、日本男子最多勝利数だ。また、１８歳９か月での２００８年の１回戦勝利は、日本男子の最年少記録となっている。

　錦織は、５月１日に、自身のＳＮＳで、今季限りでの引退を発表した。それ以降、また大会出場はない。現時点で出場が予定されているのは、２０１５年に優勝した７月２７日から米ワシントンＤＣで行われるムバダラ・シティＤＣオープン。そして、木下グループ・ジャパン・オープンの２大会となっている。

　錦織は「木下グループジャパンオープンへの出場が決まりました。僕にとって最後のジャパンオープンになります。この大会にはいろんな思い出がつまっています。いろんな思いもあふれると思います。その中で最後、かっこいい姿を皆さんの前で出せるように頑張ります。ぜひ応援よろしくお願いします」とコメントしている。
報知新聞社",[],[]
ＸＧ　キャリア初の始球式がドジャース戦で実現　リーダー・ＪＵＲＩＮが佐々木朗希へワンバン投球に「楽しんで投げることができました」（スポーツ報知）,https://news.yahoo.co.jp/articles/f9ad764b9ecdf63167f827f1860c14ab9966c10b,https://newsatcl-pctr.c.yimg.jp/t/amd-img/20260601-06011195-sph-000-2-view.jpg?exp=10800,2026-06-01T16:01:17+09:00,2026-06-01T19:35:52+09:00,スポーツ報知,sph,スポーツ報知,843,"ドジャース戦で始球式の捕手を務めた佐々木朗希（左から４人目）と始球式を行ったXGの（左から）HINATA、MAYA、HARVEY、（１人飛ばして）JURIN、CHISA、COCONA、JURIA
７人組音楽グループ「ＸＧ」が３１日（日本時間１日）、米・ロサンゼルスのドジャースタジアムで行われたドジャース―フィリーズの始球式を務めた。
【写真】英国最大の音楽フェスに初出演
日米通して初めての始球式を務めた７人はこの日、ドジャースのユニホームを着用。ＪＵＲＩＮは、同日先発投手を務めた山本由伸の「１８」、ＣＨＩＳＡはロバーツ監督の「３０」、ＨＩＮＡＴＡはフレディ・フリーマンの「５」、ＨＡＲＶＥＹは佐々木朗希の「１１」、ＪＵＲＩＡはクレイトン・カーショーの「２２」、ＭＡＹＡはムーキー・ベッツの「５０」、ＣＯＣＯＮＡは大谷翔平の「１７」を着て登場した。

　メンバーが見守る中、捕手を務めた佐々木に対して、リーダーのＪＵＲＩＮがワンバン投球。観客を大いに盛り上げた。

　投球後は、佐々木とこの日誕生日を迎えたロバーツ監督とマウンド上で交流し記念撮影。ＪＵＲＩＮは「初めての始球式がドジャースタジアムということで、朝から心臓がバクバクで緊張してたんですが、楽しんで投げることができました！　貴重な体験ができ、大変光栄です！」とコメント。また、ＭＡＹＡは、「ＬＡのＡＬＰＨＡＺ（ファンの総称）のみんなに会えて本当にうれしかったです！　久しぶりにみんなに会えてすごく幸せでした。そして、これから始まる北米ツアーも本当に楽しみにしています！また、みんなに会えるのが楽しみです！」と喜びを口にした。

　７人は、６日に英・ロンドンのウェンブリースタジアムで開催される英最大の音楽フェスティバル「Ｃａｐｉｔａｌ’ｓ　Ｓｕｍｍｅｒｔｉｍｅ　Ｂａｌｌ　２０２６」に日本人アーティストとして初出演し、その後アジア、北米、ＵＫ＆ヨーロッパ、オーストラリアと世界各地を巡るワールドツアーを行う。
報知新聞社",[],[]
谷尻萌アナ、ミニスカコーデで美脚スラリ！抜群スタイルに「本当に素敵」とファンため息（スポーツ報知）,https://news.yahoo.co.jp/articles/d3b8b0fdccce2c3ab5d01dbae795e633c5022938,https://newsatcl-pctr.c.yimg.jp/t/amd-img/20260601-05311242-sph-000-1-view.jpg?exp=10800,2026-06-01T16:00:09+09:00,2026-06-01T16:00:09+09:00,スポーツ報知,sph,スポーツ報知,397,"谷尻萌アナのインスタグラム（＠ｔａｎｉｊｉｒｉ＿ｍｏｅ）より
フリーの谷尻萌アナウンサーの初夏を感じさせるファッションに称賛の声が集まっている。
【写真】「美脚健在」「か、か、かわいい」「スタイル抜群」ミニスカポリス×うさ耳の全身ショット！
３１日までにインスタグラムで「カジュアルめな私服〜」とつづると、半袖トップスにグレーと白のスカートスタイルでの写真を披露。「珍しくスニーカーを履いてみたよん　ズボンスカートです」と続けた。

　この投稿にファンからは「夏らしい私服も可愛いくて良く似合ってて可愛いよ～」「カジュアル私服姿カワイイッす」「このコーデと素顔本当に素敵でかわいいですね」「スタイルにバッチリ　メッチャ似合ってる」「お似合いだね　スタイルキープも素晴らしいです。」「スタイル良し、美脚に素敵な私服コーデ」「ミニスカ萌ちゃん、かわいい！」などのコメントが集まっている。
報知新聞社",[],[]
左肘手術で長期離脱　オリックス・宮城大弥が現実を受け入れてポジティブになれる理由　エースがつくる「恩返しのかたち」に注目（スポーツ報知）,https://news.yahoo.co.jp/articles/8c854ca8b90b4963b13e344fd36905140a621bf1,https://newsatcl-pctr.c.yimg.jp/t/amd-img/20260601-05311333-sph-000-1-view.jpg?exp=10800,2026-06-01T16:00:04+09:00,2026-06-01T16:00:04+09:00,スポーツ報知,sph,スポーツ報知,781,"４月９日のロッテ戦、降板するオリックス・宮城大弥
◆スポーツ報知・記者コラム「両国発」

　切り替える。前を向く。書き手として多用しがちな表現だが、なかなか実行できないことだ。私より２０歳年下。オリックス・宮城大弥投手は苦難に直面しても、実に堂々としていた。

　４月９日のロッテ戦で左肘を負傷し、緊急降板。１か月後には米国で、左肘内側側副靱帯（じんたい）再建術を受けた。「大事な体をもっと、愛しておけば良かったのかな…」。渡米前のある時につぶやき、少しだけ笑顔をみせた。現実を受け入れ、ポジティブになれる理由は。そこにはチームメートの支えもあった。

　日本人選手も外国人選手も関係なく、仲良しなのがオリックスの特長だ。ロッテ戦で登板したペルドモやマチャドはケアを後回しにし、宮城のもとへ駆け寄った。「大丈夫か？」。先発のエスピノーザも同様の手術を経験。尊敬するエースへ熱い気持ちを伝えた。

　「あなたは若いから、頑張れば絶対にレベルアップして帰ってこられる。待ってるよ！」。スマホの翻訳機能を使い、日本語のメッセージに変換。そのまま宮城に画面を見せた。今季から加入したジェリーも「どうなった？」と手術までの過程を気にかけていた。手術が決まると、全員が「祈ってるから」とエールを送った。宮城が誠実で謙虚な人であることも理由だが、助っ人がここまで心を通わせようとするのも珍しい。

　絶対的な柱だった山本由伸（ドジャース）が大リーグへ挑戦し、３年目。日本人選手からも心配、温かい激励があった。「自分の明るい未来を想像するしかありません」。最大目標は１年後の試合復帰。エースがつくる「恩返しのかたち」に注目していきたい。（プロ野球担当・長田　亨）

　◆長田　亨（ながた・とおる）　２００４年入社。プロ野球、サッカーを担当。元ＤＦ、３バックの右です。
報知新聞社",[],[]
【ボクシング】松本流星がＷＢＡ世界ミニマム級王座返上　他団体王座挑戦見据え「団体の枠に捉われず強い相手と戦っていきたい」（スポーツ報知）,https://news.yahoo.co.jp/articles/d85b549e538b8b6d1fb16e38c7f6e1f5edca6a71,https://newsatcl-pctr.c.yimg.jp/t/amd-img/20260601-06011187-sph-000-3-view.jpg?exp=10800,2026-06-01T15:55:20+09:00,2026-06-01T17:07:38+09:00,スポーツ報知,sph,スポーツ報知,769,"松本流星
ＷＢＡ世界ミニマム級王者・松本流星（２８）＝帝拳＝が１日、同王座の返上を発表した。所属ジムの公式サイトを通じ「本日をもってＷＢＡ王座を返上させていただきました。理由として団体の枠に捉われず強い相手と戦っていきたいと思ったからです！」とコメント。他団体の王座への挑戦に意欲を見せた。同日発表されたＷＢＡの最新ランキングでは、同級１位にランクされた。
【写真で振り返る】井上尚弥―中谷潤人“世紀の一戦”激闘
松本は昨年９月に王座を獲得。今年３月、高田勇仁（ゆに、ライオンズ）とのダイレクトリマッチを制して初防衛に成功した。ＷＢＡではＷＢＯ王座も保持しているオスカー・コラーゾ（プエルトリコ）がスーパー王者として君臨しており、セカンダリー王者だった松本は初防衛戦後の会見で「自分はＷＢＣのベルトが欲しい」とＷＢＣ同級王者との対戦に意欲を見せていた。

　現在、那須川天心、岩田翔吉、増田陸、坪井智也とともに千葉・成田市でトレーニングキャンプ中の松本は、所属ジムの公式サイトで「沢山の方々のご協力と、ご支援があって獲得できたベルトですし、子供の頃の夢でもあったので、思い入れはあります。合宿から帰ると、自宅のリビングに飾ってあるベルトをどうしようか迷ってるところです。また獲れば良い、そう思えるのもすごく贅沢なことだと思うので本当に感謝です」とベルトへの思いを語り、「子供の頃の夢は叶えられたのですが、大人になると夢は変わっていくものですね、不思議です。それなのに身長はあまり変わらないのはもっと不思議です。今日から、チャンピオンではなくなった松本流星ですが、その日がくることを願いながら、走り出します！そして早速これからゴルフ場を走ります！！また成田日記でお会いしましょう。お元気で」と再び世界王座を獲得することを誓った。
報知新聞社",[],[]
【オリックス】内藤鵬が打率５割でも出場選手登録を抹消　出番に恵まれず再調整へ　高島泰都も２軍落ち（スポーツ報知）,https://news.yahoo.co.jp/articles/7a2d53d4e22bf19c444e404165138ec95402f1ee,https://newsatcl-pctr.c.yimg.jp/t/amd-img/20260601-06011189-sph-000-2-view.jpg?exp=10800,2026-06-01T15:55:03+09:00,2026-06-01T16:23:14+09:00,スポーツ報知,sph,スポーツ報知,169,"内藤鵬
オリックス・内藤鵬内野手が出場選手登録を抹消された。

　内藤は５月２３日に今季初めて１軍に昇格し、同日の西武戦（ベルーナＤ）で４打数２安打と結果を出したが、その後は出場機会に恵まれず。ファームで再び調整することになった。
【選手名鑑】内藤鵬の今季年俸は　通算成績、球歴も
また高島泰都投手も出場選手登録を抹消された。
報知新聞社",[],[]
【巨人】則本昂大「若い投手が頑張っている」“７度目の正直”でＧ初勝利へ２日オリックス戦先発（スポーツ報知）,https://news.yahoo.co.jp/articles/55ee9a5b2a8d67ffec0271d384e6571cd17a6691,https://newsatcl-pctr.c.yimg.jp/t/amd-img/20260601-06011188-sph-000-1-view.jpg?exp=10800,2026-06-01T15:49:57+09:00,2026-06-01T15:49:57+09:00,スポーツ報知,sph,スポーツ報知,573,"キャッチボールで調整する則本昂大　（カメラ・堺　恒志）
巨人・則本昂大投手（３５）が７度目の挑戦で移籍後初勝利を目指し、２日のオリックス戦（東京ドーム）に先発する。登板前日はジャイアンツ球場で最終調整。内海投手コーチともフォームについて意見交換し、中６日での登板へ万全を期した。
【動画】西舘勇陽、ドラフト１位の証明
２勝１敗と勝ち越した前カードの日本ハム戦は井上、西舘、ドラ１竹丸の０１年度世代トリオが力投。「若いピッチャーが頑張っているので、そこに負けないように。タケちゃんも西館も温大も、粘りながら試合を作っている。そういう姿を見ると、自分も頑張らないといけないなと思うので。いい刺激をもらえている」と闘志を燃やした。

　前回５月２６日の本拠地・ソフトバンク戦は移籍後最短４回７失点で降板。交流戦の初陣で悔しさを味わった。制球、出力の両面にフォーカスし「原因は分かっている。早く勝ちをつけて周りが『初勝利だ』と（過度に）にならないようにするのが一番大事だと思う。少なからずチームに、どうしても試合に勝つということ以外のプレッシャーを与えてしまうので、サクッと勝てればという思いはある。そのためにはまず自分の仕事をちゃんとしないといけない。前回登板みたいなことが起きないように、打線をつながらせない意識でやれたら」と意気込んだ。
報知新聞社",[],[]
【ボートレース】片岡雅裕、今年３度目のＶへ優勝戦１号艇獲得「しっかり乗れるように調整」～鳴門一般戦～（スポーツ報知）,https://news.yahoo.co.jp/articles/a460e6d2f34068afbeeb7a0817bbd2026b9f7127,https://newsatcl-pctr.c.yimg.jp/t/amd-img/20260601-06011134-sph-000-1-view.jpg?exp=10800,2026-06-01T15:48:50+09:00,2026-06-01T15:48:50+09:00,スポーツ報知,sph,スポーツ報知,380,"片岡　雅裕
◆第１７回鳴門商工会議所会頭杯競走（１日・ボートレース鳴門）

　片岡雅裕（４０）＝香川＝が今年３度目の優勝に王手をかけた。１号艇で臨んだ準優１２Ｒで、がっちりとイン逃げ勝利。前々節の江戸川ＧⅡモーターボート大賞以来となる優出を果たした。「いいエンジンだと思うけど、準優は出口で押していなかった。しっかり乗れるように調整。スタート勘の修正をする」と、最終日に向けての課題を挙げた。

　片岡は今年５度目の優出。過去４度のうち１号艇で優出した１月の下関一般戦、２月のまるがめ一般戦は、いずれもイン逃げで優勝している。以下、優勝戦（２日）メンバー。

　１号艇・片岡　雅裕（香川）

　２号艇・海野康志郎（山口）

　３号艇・山地　正樹（岡山）

　４号艇・三浦洋次朗（愛知）

　５号艇・高田　　明（佐賀）

　６号艇・大場　恒季（愛知）
報知新聞社",[],[]
川崎宗則氏「大谷はサイ・ヤング賞絶対に取れる」ドジャース日本公式ファンクラブ観戦イベントに約４００人（スポーツ報知）,https://news.yahoo.co.jp/articles/65e54eed6961185e3a298423a40855423d2c2c61,https://newsatcl-pctr.c.yimg.jp/t/amd-img/20260601-06011186-sph-000-1-view.jpg?exp=10800,2026-06-01T15:46:22+09:00,2026-06-01T15:46:22+09:00,スポーツ報知,sph,スポーツ報知,578,"川崎宗則氏
ドジャースの日本公式ファンクラブが５月３０日、ユナイテッド・シネマ豊洲（東京）で、会員を対象とした公式ウォッチパーティーを開催した。

　会場には約４００人が詰めかけ、大スクリーンを通じてフィリーズ戦を観戦した。イベントには、スペシャルゲストとしてマリナーズとブルージェイズ、カブスでプレーした川崎宗則内野手（栃木ゴールデンブレーブス）が出演した。大谷翔平投手が第２打席で１０号本塁打を放つと、会場の盛り上がりは最高潮に達した。

　川崎氏は一時不振に陥っていた大谷の打撃について「速い球を待ちつつの、変化球を振ったんですけど、打球上がりましたね。角度がついてきました」と調子が上向いていると指摘。「大谷選手は今、フォームを矯正している『大谷整体』の時期なんです。ロングシーズンの中で整える時期」と独自の表現で現在の状態を分析した。

　ファンからの質問コーナーで大谷がサイ・ヤング賞を獲得できるかという質問に川崎氏は「絶対に取れると思います、もう決まりでしょう！　僕がもうサイ・ヤング賞をあげてます」と太鼓判を押した。また、米国で最も美味しかった食事としてシカゴの焼肉店「シカゴカルビ」を挙げ「イチローさんがお肉を焼いてくれるんですが、イチローさんオンリーで、他の人が焼いてはダメなんです」と、現役時代のエピソードを披露していた。
報知新聞社",[],[]
８代目尾上菊五郎　親子同時襲名の裏には祖父への後悔　長男・６代目尾上菊之助へ「思いを正直に伝えた」（スポーツ報知）,https://news.yahoo.co.jp/articles/f607cc787f03ab87b07f869cdc55f44f96aebaf0,https://newsatcl-pctr.c.yimg.jp/t/amd-img/20260601-06011124-sph-000-3-view.jpg?exp=10800,2026-06-01T15:40:21+09:00,2026-06-01T19:26:17+09:00,スポーツ報知,sph,スポーツ報知,776,"８代目尾上菊五郎
１日放送のテレビ朝日系「徹子の部屋」（月～金曜・午後１時）に歌舞伎俳優の８代目尾上菊五郎（４８）が出演。長男である６代目尾上菊之助（１２）との親子同時襲名への思いについて語った。
【写真】似てる！？８代目尾上菊五郎＆菊之助の親子２ショット！
昨年５月に菊之助改め「８代目尾上菊五郎」を襲名。父が７代目を継続するため、「２人の菊五郎」が誕生した。「父（七代目）が健在のうちは私が菊之助として音羽屋を守っていくと思っておりましたので、正直驚きました」と振り返る。さらに「１年はたちましたけれど、いまだにその菊五郎という名前が…。まあ少しはなじんできましたけれど」と語り、周りから「８代目」と呼ばれる中で「あっ！わたしのことかな？と思えるようになりました」と笑った。

　自身と同時に長男も「尾上丑之助改め６代目尾上菊之助」を襲名。「丑之助という名前がとても好きでずっと名乗っていたいという気持ちが強かった」という息子の背中を押したきっかけは、祖父・七代目尾上梅幸に対する「後悔」の念だったと吐露した。

　１９９６年に１８歳で「五代目尾上菊之助」を襲名。その前に祖父から「菊之助を継がないか」と打診されていたが「まだ学生の生活が主で舞台にそんなに出ていなかった。菊之助という大きな名前を自分で継ぐ自信がなかった」と先送りにしてもらったという。しかしその後、祖父は体調を崩して襲名前に亡くなった。七代目から親子同時襲名を打診された際には「本当にかわいがっていただいた。おいでと呼ばれてほっぺたをすりすりとしてもらった」とちょう愛してくれた祖父を思い出し、「いくら稽古を積んでも、機会がめぐってくるのはそのときしかないから一生懸命頑張ろうとせがれには私の思いを正直に伝えた。それも（同時襲名の）一つの大きな要因だった」と明かした。
報知新聞社",[],[]
劇団四季来年６月２０日から大阪四季劇場で「アナと雪の女王」ロングラン上演決定（スポーツ報知）,https://news.yahoo.co.jp/articles/9e2c6907ca531b603747de55087e1e48177b4efd,https://newsatcl-pctr.c.yimg.jp/t/amd-img/20260601-06011169-sph-000-1-view.jpg?exp=10800,2026-06-01T15:39:38+09:00,2026-06-01T15:39:38+09:00,スポーツ報知,sph,スポーツ報知,712,"劇団四季「アナと雪の女王」大阪公演製作発表会見に出席した（左から）吉田智誉樹劇団四季代表取締役、中原詩乃、海沼千明（カメラ・古田尚）
劇団四季が１日、大阪市内で劇団四季ディズニーミュージカル「アナと雪の女王」大阪公演製作発表会見を行った。
【写真】巨人・浦田俊輔が「アナ雪」ぬいぐるみと入寮
来年６月２０日に開幕する大阪四季劇場でのディズニーミュージカルのロングラン公演は「リトルマーメイド」以来５年ぶり。現在、東京のＪＲ東日本四季劇場【春】で５年間上演中で、来年１月１７日に千秋楽を迎える予定の今作。劇団四季の吉田智誉樹代表取締役は「劇場全体を凍らせるほどの壮大なスケールで描かれるこの作品を、早くも大阪にお持ちできて大変うれしく思っております」とあいさつした。

　楽曲「ありのままで」を披露したエルサ役の中原詩乃は「特にエルサが歌う『ありのままで』のシーンは、鳥肌が立つってこういうことだったのかというぐらいものすごく感動したのを、今でもはっきり覚えています」とにっこり。兵庫県出身で、大阪四季劇場は学生時代の通学路だった。中原は「そんな思い出のある場所で、アナと雪の女王を関西の皆様にお届けすることができて、すごくうれしいです」と意欲を語った。

　アナ役の海沼千明は楽曲「生まれて初めて」を披露。「エルサのことを慕っていて、何度拒絶されても寄り添っていく。それほどに心が強い女の子で、演じていて私もすごく元気をもらいます。まっすぐに生きるアナの魅力を存分に感じていただけるよう丁寧に演じていきたい」と意気込んだ。

　主人公の子ども時代を演じるヤングエルサ、ヤングアナは９月にオーディションが行われる。
報知新聞社",[],[]
【競輪】南修二―寺崎浩平の近畿コンビが決勝進出！「隙のないようにすれば決まるかなと」～宇都宮Ｇ３（スポーツ報知）,https://news.yahoo.co.jp/articles/477144cde94ae189f68f3c02dcbda027e3be30e4,https://newsatcl-pctr.c.yimg.jp/t/amd-img/20260601-06011166-sph-000-1-view.jpg?exp=10800,2026-06-01T15:36:17+09:00,2026-06-01T15:36:17+09:00,スポーツ報知,sph,スポーツ報知,313,"南修二
◆レジェンド神山雄一郎カップ（Ｇ３、開設７７周年記念、３日目・１日、宇都宮競輪場）

　準決勝ひとつめの１０Ｒは、ホーム過ぎから先頭を奪った寺崎浩平の番手から、南修二（４４）＝大阪・８８期＝が、きっちり差して１着。寺崎も２着に粘り、近畿コンビがワンツーフィニッシュ。３着に西田優大が入り、最終日・２日の決勝進出を決めた。

　初日特選７着、２日目３着、そして準決勝で今シリーズ初白星を挙げた南は、寺崎の一気の主導権奪取に「離れなくてよかったですね。隙のないようにすれば決まるかなと思っていました。寺崎が長い距離行ってくれたんで何とか差せたと思います。状態はまずまず。決勝も頑張ります」と気を引き締めていた。
報知新聞社",[],[]
【大学野球】５季ぶり優勝の慶大・堀井哲也監督「エース、素晴らしいです」早慶戦３連投で７勝目のドラフト候補・渡辺和大を絶賛（スポーツ報知）,https://news.yahoo.co.jp/articles/af92a0b478fdce41ec4f7621010f4499ee5b670b,https://newsatcl-pctr.c.yimg.jp/t/amd-img/20260601-06011171-sph-000-2-view.jpg?exp=10800,2026-06-01T15:36:07+09:00,2026-06-01T18:12:36+09:00,スポーツ報知,sph,スポーツ報知,574,"胴上げをされる慶大・堀井哲也監督（カメラ・桜井　彩乃)
◆東京六大学野球春季リーグ戦最終週最終日▽慶大３―０早大（１日・神宮）

　１勝１敗のタイで迎えた早慶３回戦は、慶大が早大を下し、５季ぶり４１度目の優勝を決めた。全５校から勝ち点を奪う「完全優勝」で、２４年秋から３季連続５位に沈んだ屈辱から、見事にＶ字回復を遂げた。
【動画】圧巻！ビタビタコントロールで見逃し三振奪取のエース山本由伸
今秋ドラフト候補のエース左腕・渡辺和大投手（４年＝高松商）が先発、救援、先発と早慶戦３連投。８回を５安打無失点、１１三振を奪う快投で早大打線を封じ、７勝目を挙げた。

　試合後の堀井哲也監督（６４）は「正直ほっとしてるという一言。昨日も早稲田さんの素晴らしい粘りにあい、本当に今日も粘り強く戦われて、どっちに転ぶかわからないというゲームだったんですけども、本当にほっとしてます」と好敵手に敬意を表した。

　早慶戦３連投のエース・渡辺大には「本人が『行けるところまで』ってことで、頑張ってくれました。エース、素晴らしいです」と称賛。「まずは六大学の代表として、大学選手権をしっかり戦うと。気持ちはリーグ戦に集中してましたので、まだ切り替えてませんけど、今夜から切り替えて頑張っていきたいと思います」と、次なる目標の大学日本一に照準を絞っていく。
報知新聞社",[],[]
【広島】中村奨成が今季２度目の登録抹消　５月１９日に１軍昇格も、交流戦は１打席のみで再び２軍へ（スポーツ報知）,https://news.yahoo.co.jp/articles/9df9b78a003e1de68a12ee9532b3e415e97257ec,https://newsatcl-pctr.c.yimg.jp/t/amd-img/20260601-06011164-sph-000-4-view.jpg?exp=10800,2026-06-01T15:35:20+09:00,2026-06-01T17:32:34+09:00,スポーツ報知,sph,スポーツ報知,270,"中村奨成
広島・中村奨成外野手が１日、出場選手登録を抹消された。

　今季は２９試合の出場で打率１割８分１厘、０本塁打。開幕スタメンを勝ち取り、レギュラー定着を期待されてシーズンを迎えたが、不振で４月３０日に登録を抹消された。５月１９日に昇格後も１３打数３安打の２割３分１厘。２２日からの中日戦（バンテリンＤ）では３試合連続スタメンで安打を放ったものの、その後は再び出番が減った。交流戦は１打席のみ。２９日のソフトバンク戦（みずほペイペイ）に代打で出場し、右飛に倒れていた。
【選手名鑑】中村奨成の今季年俸は　通算成績、球歴も！
報知新聞社",[],[]
「またどこかで」妻夫木聡、「嵐」Ｔシャツで思いつづる　「愛があふれてて」「またまた胸熱です」とファン感激　（スポーツ報知）,https://news.yahoo.co.jp/articles/685d223df0874af709c3e7af3c0cfcdf2896f697,https://newsatcl-pctr.c.yimg.jp/t/amd-img/20260601-06011097-sph-000-2-view.jpg?exp=10800,2026-06-01T15:23:25+09:00,2026-06-01T15:24:03+09:00,スポーツ報知,sph,スポーツ報知,502,"妻夫木聡のインスタグラム（＠ｓａｔｏｓｈｉ＿ｔｓｕｍａｂｕｋｉ＿ｏｆｆｉｃｉａｌ）より
俳優の妻夫木聡が、「嵐」への思いをつづった。

　５月３１日に東京ドームでの全国ツアー最終公演をもって約２６年半のグループ活動を終えた「嵐」の公演に参加した妻夫木は、１日までに自身のインスタグラムを更新。「ありがとう　本当に本当にお疲れ様でした　最後の最後まで愛に溢れた嵐でした　またどこかで会えたらいいなぁ」と記し、ライブＴシャツを着用した自身のショットや、ペンライトを手にした俳優の佐藤隆太との２ショットを添えた。
【写真】ペンライトを手に佐藤隆太と嵐愛あふれる２ショット！
嵐の櫻井翔、妻夫木、佐藤は２００２年のＴＢＳ系ドラマ「木更津キャッツアイ」で共演している。

　この投稿に佐藤が「一緒にこの瞬間に立ち会えて良かった！！」と反応。ファンからは「最高です　素敵すぎます」「本当に本当にいつかまた逢えたらいいな」「また櫻井くんと３人でドライブしてください！」「２人で参戦はまたまた胸熱です」「親友を見届けるお二人、素敵すぎる」「お二人の愛が溢れてて、泣けてしまいました」などの声が寄せられている。
報知新聞社",[],[]
【ボートレース】和田兼輔、デビュー２０年目でＳＧ初出場へ…８月ＳＧメモリアル出場選手発表（スポーツ報知）,https://news.yahoo.co.jp/articles/dc1b8ba5ced2270039c3840d79c5b1d5a164fd33,https://newsatcl-pctr.c.yimg.jp/t/amd-img/20260601-06011161-sph-000-1-view.jpg?exp=10800,2026-06-01T15:16:32+09:00,2026-06-01T15:16:32+09:00,スポーツ報知,sph,スポーツ報知,1148,"和田兼輔
日本モーターボート競走会は１日、ＳＧ「第７２回ボートレースメモリアル」（８月２５～３０日・ボートレース桐生）の出場選手を発表した。開催地の桐生以外のレース場からの推薦選手各２人と、桐生の施行者希望５選手の計５３人が出場する。前沢丈史（江戸川推薦）、和田兼輔（尼崎推薦）、西岡顕心（まるがめ推薦）の３選手が初出場。強豪ひしめく兵庫支部（尼崎）の推薦を獲得した和田は、ＳＧ初出場となる。以下、選出選手。

戸　田　桐生　順平（埼玉）

　　　　中田　竜太（埼玉）

江戸川　石渡　鉄兵（東京）

　　　　前沢　丈史（東京）

平和島　浜野谷憲吾（東京）

　　　　宮之原輝紀（東京）

多摩川　佐藤隆太郎（東京）

　　　　長田　頼宗（東京）

浜名湖　河合　佑樹（静岡）

　　　　坪井　康晴（静岡）

蒲　郡　磯部　　誠（愛知）

　　　　岩瀬　裕亮（愛知）

とこなめ池田　浩二（愛知）

　　　　平本　真之（愛知）

　津　　新田　雄史（三重）

　　　　井口　佳典（三重）

三　国　中島　孝平（福井）

　　　　萩原　秀人（福井）

びわこ　馬場　貴也（滋賀）

　　　　丸野　一樹（滋賀）

住之江　上條　暢嵩（大阪）

　　　　松井　　繁（大阪）

尼　崎　吉川　元浩（兵庫）

　　　　和田　兼輔（兵庫）

鳴　門　菅　　章哉（徳島）

　　　　島村　隆幸（徳島）

まるがめ森高　一真（香川）

　　　　西岡　顕心（香川）

児　島　茅原　悠紀（岡山）

　　　　吉田　拡郎（岡山）

宮　島　山口　　剛（広島）

　　　　大上　卓人（広島）

徳　山　寺田　　祥（山口）

　　　　大峯　　豊（山口）

下　関　白井　英治（山口）

　　　　柳生　泰二（山口）

若　松　西山　貴浩（福岡）

　　　　仲谷　颯仁（福岡）

芦　屋　羽野　直也（福岡）

　　　　瓜生　正義（福岡）

福　岡　篠崎　元志（福岡）

　　　　篠崎　仁志（福岡）

からつ　峰　　竜太（佐賀）

　　　　宮地　元輝（佐賀）

大　村　桑原　　悠（長崎）

　　　　下條雄太郎（長崎）

◇開催施行者希望出場者

　　　　関　　浩哉（群馬）

　　　　毒島　　誠（群馬）

　　　　土屋　智則（群馬）

　　　　定松　勇樹（佐賀）

　　　　久田　敏之（群馬）

◇予備選手

　　　　椎名　　豊（群馬）

　　　　菊地　孝平（静岡）

　　　　金子　拓矢（群馬）

　　　　石野　貴之（大阪）

　　　　辻　　栄蔵（広島）

　　　　藤原啓史朗（岡山）

　　　　山田　祐也（徳島）

　　　　中村　日向（香川）

　　　　高野　哲史（兵庫）

　　　　豊田健士郎（三重）


報知新聞社",[],[]
【阪神】モレッタが２軍降格…前日のロッテ戦で炎上　藤川監督は「また次頑張ってもらう」と口にするも（スポーツ報知）,https://news.yahoo.co.jp/articles/c87dbd22c60145c40081ab64f6067f44138bb5d6,https://newsatcl-pctr.c.yimg.jp/t/amd-img/20260601-06011160-sph-000-5-view.jpg?exp=10800,2026-06-01T15:15:03+09:00,2026-06-01T16:59:49+09:00,スポーツ報知,sph,スポーツ報知,367,"モレッタ
阪神のダウリ・モレッタ投手が１日、出場選手登録を抹消された。

　助っ人は５月３１日のロッテ戦（ＺＯＺＯ）の２―２の８回に登板。１死から友杉の二塁内野安打の後、西川に四球を与えて、山口に右中間へ勝ち越し２点二塁打を浴びた。藤川監督は試合後、「内野安打の後、攻めきれないというか、あそこは攻めていかなければいけないところで、引いてしまってフォアボール、それから勝負どころで甘くなるというのは、逆ですよね」と指摘。続けて、「状態はいい。いろんなバランス、ここが勝負という場面での球種の扱い方とかがかみ合えばね、最初の頃のように戻るんですけど、いまは後手に回っている。また次頑張ってもらおうと思っています」と１軍帯同を示唆していたが、一夜明けて、２軍降格となった。
【選手名鑑】モレッタの今季年俸は　通算成績、球歴も！
報知新聞社",[],[]
【２日の予告先発】巨人・則本昂大―オリックス・九里亜蓮、ヤクルト・松本健吾―ロッテ・ジャクソン（スポーツ報知）,https://news.yahoo.co.jp/articles/b94b15bc4775dfc6becdd789ddecd861d2f5b31d,https://newsatcl-pctr.c.yimg.jp/t/amd-img/20260601-06011158-sph-000-1-view.jpg?exp=10800,2026-06-01T15:13:13+09:00,2026-06-01T15:13:13+09:00,スポーツ報知,sph,スポーツ報知,246,"則本昂大
【日本生命セ・パ交流戦　２０２６】

◆巨人・則本昂大―オリックス・九里亜蓮（１８時・東京ドーム）
【写真】則本、Ｇ入団決断直後の秘蔵ショット！阿部監督と笑顔の対面
◆ヤクルト・松本健吾―ロッテ・ジャクソン（１８時・神宮）

◆ＤｅＮＡ・平良拳太郎―楽天・荘司康誠（１８時・横浜）

◆中日・マラー―ソフトバンク・大津亮介（１８時・バンテリンドーム）

◆阪神・西勇輝―西武・平良海馬（１８時・甲子園）

◆広島・床田寛樹―日本ハム・伊藤大海（１８時・マツダスタジアム）
報知新聞社",[],[]
【大学野球】慶大が５季ぶり４１度目Ｖ！　３季連続５位の屈辱からＶ字回復　勝ち点５の完全優勝　エース渡辺和大が感涙　３連投で７勝目（スポーツ報知）,https://news.yahoo.co.jp/articles/35719c554383a6f2120c84416c337c65d6c03dcf,https://newsatcl-pctr.c.yimg.jp/t/amd-img/20260601-06011147-sph-000-3-view.jpg?exp=10800,2026-06-01T15:11:56+09:00,2026-06-01T15:24:39+09:00,スポーツ報知,sph,スポーツ報知,673,"優勝を決めマウンドに集まる慶大ナイン（カメラ・桜井　彩乃)
◆東京六大学野球春季リーグ戦最終週最終日▽慶大３―０早大（１日・神宮）

　１勝１敗のタイで迎えた早慶３回戦は、慶大が早大を下し、５季ぶり４１度目の優勝を決めた。全５校から勝ち点を奪う「完全優勝」で、２４年秋から３季連続５位に沈んだ屈辱から、見事にＶ字回復を遂げた。
【動画】圧巻！ビタビタコントロールで見逃し三振奪取の山本由伸
慶大は２回１死から四球と２安打で満塁のチャンスを作ると、８番の横地広太外野手（４年＝慶応）が早大の先発左腕・宮城誇南投手（４年＝浦和学院）から押し出し四球を選び、１点を先制した。

　６回先頭では「３番・ＤＨ」の小原大和外野手（４年＝花巻東）が右越えソロで貴重な追加点。なおも１死満塁から、横地の中犠飛で三塁走者の主将・今津慶介内野手（４年＝旭川東）が本塁に生還。点差を広げた。

　投げては今秋ドラフト候補のエース左腕・渡辺和大投手（４年＝高松商）が先発、救援、先発と早慶戦３連投。８回を５安打無失点、１１三振を奪う快投で早大打線を封じた。

　今津は昨年末の主将就任時、「強い慶応に憧れて入ってきて、１年秋に日本一になってから低迷している。イチから強い慶応を作り直したい。野球部のカルチャーから練習の取り組み方、私生活まで全部一新していきたい」とＶ字回復への意気込みを語っていた。

　将来の夢は「内閣総理大臣」と語るキャプテンが、抜群のリーダーシップを発揮し、大所帯をまとめ上げた。強い“陸の王者”が、神宮の杜に帰ってきた。（加藤　弘士）
報知新聞社",[],[]
【大学野球】早大が慶大に敗れ、勝ち点１の５位でリーグ戦終了…慶大のＶ阻止ならず（スポーツ報知）,https://news.yahoo.co.jp/articles/dbd42ec55da8768adfdcc37a696f199a94044cf8,https://newsatcl-pctr.c.yimg.jp/t/amd-img/20260601-06011150-sph-000-2-view.jpg?exp=10800,2026-06-01T15:11:56+09:00,2026-06-01T15:24:07+09:00,スポーツ報知,sph,スポーツ報知,445,"９回無死、空振り三振に倒れた早大・徳丸（カメラ・古川  剛伊）
◆東京六大学野球春季リーグ戦最終週第３日▽慶大３―０早大（１日・神宮）

　東京六大学野球春季リーグ戦最終週の早慶３回戦は、慶大が早大を下し、勝ち点５の完全優勝で５季ぶり４１度目の優勝を決めた。早大は勝ち点１の５位で今季を終えた。
【写真】立大のマネジャーだったサンデー晋吾の美人娘　卒業後は“日本ハム”入団
早大は２回戦に続いて宮城誇南（４年＝浦和学院）が先発を託されたが、２回に押し出し四球で先取点を献上。３回以降は小刻みな継投に入ったが、６回にはソロ本塁打と犠飛で２点を追加された。打線は１回戦から３連投となった慶大のエース左腕・渡辺和大（４年＝高松商）を打ち崩せなかった。

　早大は５月３０日の初戦を落としたが、天皇陛下と長女の愛子さまが神宮球場に来場された３１日の天覧試合では、１点を追う９回に２点を奪って史上初のサヨナラ決着。劇的な勝利で１勝１敗のタイに持ち込んでいたが、勝ち点奪取とはならなかった。
報知新聞社",[],[]
キンタロー。　純烈の前で披露したモノマネは？「買い取りしてもらえなかった」としょんぼり（スポーツ報知）,https://news.yahoo.co.jp/articles/4d8742f73875dfa3e89f3d3c7ea09e970fa588cb,https://newsatcl-pctr.c.yimg.jp/t/amd-img/20260601-06011159-sph-000-1-view.jpg?exp=10800,2026-06-01T15:10:59+09:00,2026-06-01T15:10:59+09:00,スポーツ報知,sph,スポーツ報知,678,"イベントに出席したキンタロー。
お笑いタレントのキンタロー。が１日、都内で「おたからや　新ＣＭ発表会」に出席した。
【写真】破壊力抜群のちゃんみなモノマネ！
ダチョウ倶楽部、純烈とともに新ＣＭに出演し「おたからやチーム紅一点のキンタロー。です。キュイーン。かわいいが取りえです」と顔に指を当ててポーズを決めながら、あいさつ。この日身につけたカバン型の顔ハメパネルは「これがないと落ち着かない。（山手線乗れる？）乗れます。日比谷線も乗ってきます」と話し続けた。

　撮影では「純烈」酒井一圭に肩車されたというが「指毛が見えちゃったらどうしようと思って、心配しちゃった」と回想。酒井から「まあまあ見えていた」と率直な感想が返ってくると「ひどいよ、兄さん」とアニメ・サザエさんの人気キャラクター・カツオの声をまねて返した。

　ＣＭ中ではＡＫＢ４８の「会いたかった」の替え歌も流れる。前田敦子のものまねでブレイクしたキンタロー。は「勝手に持ち歌だと思ってるから、すぐ歌った」と笑顔。撮影での雰囲気を「ＡＫＢ４８みたいなにぎやかさがある」と振り返った。金の買い取り価格を当てるクイズでも「ＡＫＢ４８、４８００万円。フライングゲット」と予想し、ＡＫＢ４８愛を爆発させた。

　最後は純烈の前で、純烈の酒井がプロデュースする後輩グループ「モナキ」のメンバー・おヨネのモノマネを披露。白川は「似ていない」とツッコミをいれたが、プロデューサーの酒井は「すごかったです」とコメント。キンタロー。は「このモノマネ、買い取りしてもらえませんでした」と残念そうだった。
報知新聞社",[],[]
【セパ公示】（１日）巨人・竹丸和幸投手、中日・高橋宏斗投手、ソフトバンク・山川穂高内野手が抹消（スポーツ報知）,https://news.yahoo.co.jp/articles/50d34375342b59ea7109841d51c4d0c93037c9a1,https://newsatcl-pctr.c.yimg.jp/t/amd-img/20260601-06011157-sph-000-1-view.jpg?exp=10800,2026-06-01T15:10:07+09:00,2026-06-01T15:10:07+09:00,スポーツ報知,sph,スポーツ報知,270,"竹丸和幸
◆ＪＥＲＡ　セ・リーグ

【出場選手登録】

なし

【出場選手登録抹消】

▽阪神　モレッタ投手
【写真】あどけない！竹丸和幸の高校時代貴重ショット！
▽巨人　竹丸和幸投手

▽中日　高橋宏斗投手、牧野憲伸投手

▽広島　中村奨成外野手

▽ヤクルト　大道温貴投手、石井巧内野手

　◆パ・リーグ

【出場選手登録】

なし

【出場選手登録抹消】

▽ソフトバンク　前田純投手、山川穂高内野手

▽日本ハム　清水大暉投手

▽オリックス　高島泰都投手、内藤鵬内野手

▽楽天　古賀康誠投手

▽西武　佐藤太陽内野手
報知新聞社",[],[]
【ボートレース】佐賀支部は峰竜太＆宮地元輝に、定松勇樹が施行者希望で出場～８月ＳＧメモリアル出場選手発表（スポーツ報知）,https://news.yahoo.co.jp/articles/4213b030c0cb283cad9834adb1d598afb6f6088f,https://newsatcl-pctr.c.yimg.jp/t/amd-img/20260601-06011155-sph-000-1-view.jpg?exp=10800,2026-06-01T15:06:42+09:00,2026-06-01T15:06:42+09:00,スポーツ報知,sph,スポーツ報知,1132,"峰竜太
日本モーターボート競走会は１日、ＳＧ「第７２回ボートレースメモリアル」（８月２５～３０日・ボートレース桐生）の出場選手を発表した。開催地の桐生以外のレース場からの推薦選手各２人と、桐生の施行者希望５選手の計５３人が出場する。ＳＧ戦線で活躍する佐賀支部（からつ）からは、峰竜太と宮地元樹が推薦され、定松勇樹は施行者希望での出場となった。以下、選出選手。

◇レース場推薦出場者

戸　田　桐生　順平（埼玉）

　　　　中田　竜太（埼玉）

江戸川　石渡　鉄兵（東京）

　　　　前沢　丈史（東京）

平和島　浜野谷憲吾（東京）

　　　　宮之原輝紀（東京）

多摩川　佐藤隆太郎（東京）

　　　　長田　頼宗（東京）

浜名湖　河合　佑樹（静岡）

　　　　坪井　康晴（静岡）

蒲　郡　磯部　　誠（愛知）

　　　　岩瀬　裕亮（愛知）

とこなめ池田　浩二（愛知）

　　　　平本　真之（愛知）

　津　　新田　雄史（三重）

　　　　井口　佳典（三重）

三　国　中島　孝平（福井）

　　　　萩原　秀人（福井）

びわこ　馬場　貴也（滋賀）

　　　　丸野　一樹（滋賀）

住之江　上條　暢嵩（大阪）

　　　　松井　　繁（大阪）

尼　崎　吉川　元浩（兵庫）

　　　　和田　兼輔（兵庫）

鳴　門　菅　　章哉（徳島）

　　　　島村　隆幸（徳島）

まるがめ森高　一真（香川）

　　　　西岡　顕心（香川）

児　島　茅原　悠紀（岡山）

　　　　吉田　拡郎（岡山）

宮　島　山口　　剛（広島）

　　　　大上　卓人（広島）

徳　山　寺田　　祥（山口）

　　　　大峯　　豊（山口）

下　関　白井　英治（山口）

　　　　柳生　泰二（山口）

若　松　西山　貴浩（福岡）

　　　　仲谷　颯仁（福岡）

芦　屋　羽野　直也（福岡）

　　　　瓜生　正義（福岡）

福　岡　篠崎　元志（福岡）

　　　　篠崎　仁志（福岡）

からつ　峰　　竜太（佐賀）

　　　　宮地　元輝（佐賀）

大　村　桑原　　悠（長崎）

　　　　下條雄太郎（長崎）

◇開催施行者希望出場者

　　　　関　　浩哉（群馬）

　　　　毒島　　誠（群馬）

　　　　土屋　智則（群馬）

　　　　定松　勇樹（佐賀）

　　　　久田　敏之（群馬）

◇予備選手

　　　　椎名　　豊（群馬）

　　　　菊地　孝平（静岡）

　　　　金子　拓矢（群馬）

　　　　石野　貴之（大阪）

　　　　辻　　栄蔵（広島）

　　　　藤原啓史朗（岡山）

　　　　山田　祐也（徳島）

　　　　中村　日向（香川）

　　　　高野　哲史（兵庫）

　　　　豊田健士郎（三重）
報知新聞社",[],[]
【巨人】ドラ１竹丸和幸が登録抹消　前日プロ初完投　８回１１１球１０Ｋ（スポーツ報知）,https://news.yahoo.co.jp/articles/d44cbe3f2afdbc99037587582f1edc64b97182ea,https://newsatcl-pctr.c.yimg.jp/t/amd-img/20260601-06011156-sph-000-3-view.jpg?exp=10800,2026-06-01T15:06:30+09:00,2026-06-01T15:42:04+09:00,スポーツ報知,sph,スポーツ報知,512,"巨人・竹丸
巨人のドラフト１位・竹丸和幸投手（２４）が１日、出場選手登録を抹消された。前日５月３１日の日本ハム戦（エスコンフィールド）は８回３失点で今季５２試合目にしてチーム初＆自身プロ初完投。打線が無得点で４敗目を喫したが、ラスト１１１球目に自己最速タイ１５２キロを計測するなど熱投した。この日はジャイアンツ球場で先発練習に参加し、通常通りメニューを消化した。
【動画】竹丸和幸がキャッチボールで調整
杉内俊哉投手チーフコーチは昨日の試合後「今日は球数がいってもいいなと思っていた。１２０、１３０（球）いっても行かせたい気持ちはありましたので」と“リフレッシュ抹消”を見込んでの発言をしていた。

　新人ながら開幕投手も務めた竹丸。５月７日に一度リフレッシュ抹消を経験しており、再登録以降は６回無失点、６回４失点、８回３失点の内容だった。ここまで９試合に先発しチームトップ５勝（４敗）、防御率２・９８と大きな仕事を果たしている。

　杉内コーチは今シーズン「１年間（通じて）中６日では回さない。（勝負の）夏場以降は可能性ありますけど、今のうちにしっかり休ませて」と話すなど、先を見据えた投手運用を徹底している。
報知新聞社",[],[]
【阪神】西勇輝が２日・西武戦に先発　台風で大荒れの予想も１５００奪三振達成なるか（スポーツ報知）,https://news.yahoo.co.jp/articles/6683276c84a43f744649922527189797626a589a,https://newsatcl-pctr.c.yimg.jp/t/amd-img/20260601-06011081-sph-000-1-view.jpg?exp=10800,2026-06-01T15:05:16+09:00,2026-06-01T15:05:16+09:00,スポーツ報知,sph,スポーツ報知,262,"阪神・西勇輝
阪神・西勇輝投手が、２日の西武戦に先発する。

　前回登板の５月２６日・日本ハム戦（甲子園）では、６回５安打１失点と好投したが、打線の援護なく今季初黒星を喫した。チームも０－４で完封負け。試合後には「いい流れを持ってこられなかったのが現状」と振り返った。　球団では７２年・江夏豊以来５４年ぶりとなる、通算１５００奪三振まであと「３」に迫っている。台風６号の影響で当日の降水確率は８０パーセントと大荒れの予報だが、プロ１８年目のベテランは平常心で調整を進める。
【動画】森下絶好調！　初の２打席連発！
報知新聞社",[],[]
【中日】不振のエース・高橋宏斗と３者連続四球の新人・牧野憲伸を抹消　前日に７失点で逆転負け（スポーツ報知）,https://news.yahoo.co.jp/articles/8ac6e2eae9039ef8952ce95b990da0199c4f41dc,https://newsatcl-pctr.c.yimg.jp/t/amd-img/20260601-06011114-sph-000-2-view.jpg?exp=10800,2026-06-01T15:04:33+09:00,2026-06-01T15:16:19+09:00,スポーツ報知,sph,スポーツ報知,492,"５月３１日の試合後、厳しい表情でグラウンドを見つめる高橋宏斗（右）
公示が発表され、中日は１日、高橋宏斗投手と育成ドラフト１位・牧野憲伸投手の出場選手登録を抹消した。
【動画】ピッチャーの打球じゃない！！マラーが左中間深くに本塁打
高橋宏は、４月２６日のヤクルト戦（バンテリンドーム）以来の２勝目に向けて、５月３１日のオリックス戦（京セラドーム大阪）に先発。だが、今季最短となる３回２／３を７安打５失点で途中降板した。初回に３安打と１四球で２点を先制されると、味方が逆転に成功しで迎えた４回にも失点。２死一、三塁で交代を告げられた。

　試合後、井上監督は右腕の抹消を明言。「何が、だめなんだろうってのを見つけておいで、と話をした。（抹消期間は）１０日間、とかではない」と無期限でのファーム調整を命じていた。

　中継ぎのルーキー・牧野も抹消となった。同戦の２点リードの４回２死一、三塁から２番手で登板。だが、制球が定まらず、中川を歩かせて満塁とすると、続く渡部と紅林に押し出しの四球を与えて、同点を許した。１４球中１２球がボールで、１死も奪えずに降板し、３敗目を喫した。
報知新聞社",[],[]
【オリックス】開幕ローテ入りも…高島泰都が登録抹消　自身３連勝スタートも最近２試合は５回持たず降板　内藤鵬も抹消（スポーツ報知）,https://news.yahoo.co.jp/articles/31e6b554fb386519d13c3100b3ec7ec882a6bead,https://newsatcl-pctr.c.yimg.jp/t/amd-img/20260601-06011153-sph-000-1-view.jpg?exp=10800,2026-06-01T15:03:38+09:00,2026-06-01T15:03:38+09:00,スポーツ報知,sph,スポーツ報知,356,"高島泰都
オリックス・高島泰都投手が１日、出場選手登録を抹消された。社会人・王子からプロ入り３年目の今季は開幕ローテーション入りを果たし、自身３連勝と好スタート。しかしここ２試合は５回を持たず降板し、５月３１日の中日戦（京セラドーム大阪）では１回１／３を５安打４失点だった。
【動画】エェ～！？試合中に筋トレしてる選手が！！
１５０キロを超える直球には力があるだけに、要所での制球力が課題。高島も中日戦の試合後「（甘いコースに）球が集まってしまった。厳しいところを突けるように、反復練習するしかないと思います」と強調していた。また内藤鵬内野手も出場選手登録を抹消された。

　チームは交流戦で２カード連続の勝ち越しを決め、パ首位の西武と１ゲーム差。２日から敵地・東京ドームで巨人３連戦を予定している。
報知新聞社",[],[]
【ソフトバンク】山川穂高の出場選手登録を抹消　今季は打率１割７分５厘と状態上がらず（スポーツ報知）,https://news.yahoo.co.jp/articles/f845534e29f16fc169def4c6da4a7631047313c8,https://newsatcl-pctr.c.yimg.jp/t/amd-img/20260601-06011065-sph-000-3-view.jpg?exp=10800,2026-06-01T15:02:28+09:00,2026-06-01T15:22:32+09:00,スポーツ報知,sph,スポーツ報知,398,"山川穂高
ソフトバンク・山川穂高が１日、今季初めて出場選手登録を抹消された。

　２６年は本塁打こそリーグ３位タイの９本放っているが、打率は１割７分５厘と調子が上がってこなかった。４月１９日のオリックス戦（みずほペイペイ）から５月２日の楽天戦（みずほペイペイ）にかけて自己ワーストの３１打席連続無安打も経験。９日のロッテ戦（みずほペイペイ）では２打席連続本塁打を放ってみせたが、その後も完全復調とはいかなかった。
【選手名鑑】山川穂高の今季年俸は…通算成績、球歴も！
チームでは１番に座る正木が好調。１５日の楽天戦（楽天モバイル）から今季初昇格し、打率３割５分７厘、３本塁打、打点１０と好成績を残している。一塁でスタメン出場する機会も多く、山川はベンチスタートになる試合が増えていた。

　移籍後では昨季６月に続く、２度目の抹消となった。通算２８４本塁打の大砲が、筑後から再起を図る。
報知新聞社",[],[]
朝ドラヒロイン女優、激変の近影「だれ」「雰囲気がガラリ」「渋い」本名から改名したのん、フワフワ無造作ヘア×メガネ（スポーツ報知）,https://news.yahoo.co.jp/articles/2b0f5109e12377a332a19b6609b726ff29fcfb92,https://newsatcl-pctr.c.yimg.jp/t/amd-img/20260601-06011043-sph-000-1-view.jpg?exp=10800,2026-06-01T15:00:08+09:00,2026-06-01T15:00:08+09:00,スポーツ報知,sph,スポーツ報知,454,"のんのインスタグラム（＠ｎｏｎ＿ｋａｍｏ＿ｎｅ）より
女優・のんが１日までに自身のＳＮＳを更新。ガラリとイメージが変わった近影が話題になっている。
【写真】イメチェン前はこんな感じ！雰囲気が全然違う！
インスタグラムに「東京はいい天気でしたね。裾直しに出したパンツを受け取り日和だった。完璧な長さになって戻ってきて、より愛おしい」とつづり、無造作ヘアで透明の縁の眼鏡をかけた姿をアップ。伏し目がちな表情を見せている。

　この投稿にフォロワーからは「雰囲気がガラリと」「だれ」「のんアーティストっぽい」「イケメン過ぎます」「渋いピアノ弾きそうな雰囲気！」「とてもお似合いで、かわいいです！」「きゃーめっちゃかっこいい」などのコメントが寄せられている。

　のんは、本名「能年玲奈」で活動していた２０１３年前期のＮＨＫ朝の連続テレビ小説「あまちゃん」でヒロインを演じてブレイク。１６年に「のん」に改名。近年は女優だけでなくアーティストとしても音楽、映画製作、アートなど幅広いジャンルで活動している。
報知新聞社",[],[]
【あすの風、薫る】小野田が亡くなり…バーンズ先生が授業を行う（スポーツ報知）,https://news.yahoo.co.jp/articles/8296e3d5e2a9c8208d676f08c60691e6eec6c2e8,https://newsatcl-pctr.c.yimg.jp/t/amd-img/20260601-05311106-sph-000-1-view.jpg?exp=10800,2026-06-01T15:00:03+09:00,2026-06-01T15:00:03+09:00,スポーツ報知,sph,スポーツ報知,457,"「風、薫る」の一場面（Ｃ）ＮＨＫ
女優の見上愛と上坂（こうさか）樹里がダブル主演を務めるＮＨＫ連続テレビ小説「風、薫る」（月～土曜・前８時）は２日に、第４７話が放送される。その内容は…。（以下、ネタバレがあります。ご注意ください）
【写真】「風、薫る」出演女優が鈴木奈穂子アナとそっくり！「２人いる！」「似てる」
小野田（宮地雅子）の死をきっかけに、ゆき（中井友望）は深い悲しみから実習を休む日々が続いていた。気持ちの整理がつかないゆきを前に、バーンズ（エマ・ハワード）は、りん（見上愛）や直美（上坂樹里）、多江（生田絵梨花）、喜代（菊池亜希子）らを集めて授業を行う。

　「風、薫る」は第１１４作目の連続テレビ小説。女性の職業が確立されていなかった明治時代に、西洋式の看護学を学んで「トレインドナース」となった、大関和さんと鈴木雅さんがモデル。生きづらさを抱えた２人による型破りなナースの冒険物語。脚本は吉澤智子氏、主題歌はＭｒｓ．ＧＲＥＥＮ　ＡＰＰＬＥの「風と町」。昨年９月８日にクランクインした。
報知新聞社",[],[]
純烈・酒井一圭「顔におでんの匂いがすごい」ダチョウ倶楽部のおでん芸に挑戦（スポーツ報知）,https://news.yahoo.co.jp/articles/1dbea081ac186ccb239371c73570e95b0041f3e4,https://newsatcl-pctr.c.yimg.jp/t/amd-img/20260601-06011146-sph-000-1-view.jpg?exp=10800,2026-06-01T14:48:02+09:00,2026-06-01T14:48:02+09:00,スポーツ報知,sph,スポーツ報知,563,"おでん芸に挑戦する酒井一圭（右から２人目）
歌謡コーラスグループ「純烈」（酒井一圭、白川裕二郎、後上翔太）が１日、都内で「おたからや　新ＣＭ発表会」に出席した。
【写真】蜷川実花と初コラボ！幻想的な４ショット
ダチョウ倶楽部、キンタロー。が出演してきたＣＭに今回から参加。酒井は「ダチョウ倶楽部さんとは紅白で歌わせていただいたりご縁があるし、キンタロー。さんは一番大好きな芸人さんだから共演できてうれしいです」と喜んだ。

　「おたからや」で買い取ってもらいたいものを聞かれると、酒井は「奥さんが最近使っていないバッグがあると思う。それは持って行ける」とニヤリ。白川に「こっそり持って行くのをやめてよ。（売って）競馬に使うとか」とそそのかされると、酒井は「昔の俺を思い出させるのやめてよ」と苦笑い。ＣＭ出演は妻に報告済みで「持って行けたらいいねと話している」と明かした。後上は「実家が、大掃除するたびに色々出てくる。僕の親とか純烈のマダム（ファン）とか、お宝のため込み量が多いと思う」と想像した。

　この日は会場にある金塊の金額を査定するゲームを行った。一番離れた額を予想した酒井が熱々おでんを食べる罰ゲーム対象者となったが、白川、後上も挑戦。酒井は「熱かったのと、顔におでんの匂いがすごい」とコメントしていた。
報知新聞社",[],[]
「きれいになったよね」「剛力彩芽ヤバっ」雰囲気ガラリ　３３歳近影にファンうっとり「驚きの連続」「ガチで美人」（スポーツ報知）,https://news.yahoo.co.jp/articles/7e2f842ede1704704b9e8f33bd46b9591b64ece9,https://newsatcl-pctr.c.yimg.jp/t/amd-img/20260601-05311022-sph-000-2-view.jpg?exp=10800,2026-06-01T14:45:04+09:00,2026-06-01T14:47:55+09:00,スポーツ報知,sph,スポーツ報知,327,"剛力彩芽のインスタグラム（＠ａｙａｍｅ＿ｇｏｒｉｋｉ＿ｏｆｆｉｃｉａｌ）より
女優の剛力彩芽（３３）が、１日までに自身のＳＮＳを更新。イメージ一変の最新姿が話題になっている。
【写真】「透明感ありすぎ」な横顔ショット！
インスタグラムを更新し、雑誌の撮影ショットを公開した剛力。ブラウス姿で伏し目がちに伸びをするポーズのほか、くっきりした目鼻立ちが印象的なアップの写真などを載せている。

　この投稿にフォロワーからは「ため息しか出ない。透明感ありすぎですね」「大人の雰囲気ですごく魅力的」「ガチで美人！」「金髪最高っす」「毎回驚きの連続」「剛力彩芽ヤバっ」「きれいになりましたよね」「なんか儚くて素敵、、！」などのコメントが寄せられている。
報知新聞社",[],[]
元音楽プロデューサー・ＳＩＭＯＮこと酒井じゅんほ被告　拘禁刑１年４月、執行猶予３年…麻薬取締法違反で（スポーツ報知）,https://news.yahoo.co.jp/articles/82a815e3bb75680246ad0d2b583f0e8ae8527d3d,https://newsatcl-pctr.c.yimg.jp/t/amd-img/20260601-06011141-sph-000-4-view.jpg?exp=10800,2026-06-01T14:41:14+09:00,2026-06-01T15:19:56+09:00,スポーツ報知,sph,スポーツ報知,386,"「SIMON」こと酒井じゅんほ被告
コカインを使用したとして麻薬取締法違反の罪に問われた音楽グループ「ＸＧ」の元プロデューサー・ＳＩＭＯＮこと酒井じゅんほ被告の判決公判が１日、東京地裁で行われた。林直弘裁判官は拘禁刑１年４か月、執行猶予３年（求刑・拘禁刑１年６か月）の判決を言い渡した。

　起訴内容によると、今年２月２２日頃に、愛知・名古屋市内のホテルの客室でコカインを若干量使用していたとされる。

　判決文では、２年前から関係者と共に断続的に使用していたことから「違法薬物との一定の親和性が認められる」と指摘。その上で、前科のない被告人が事実を認めて反省しており、通院等の再犯防止や、妻が監督を約束したことから執行猶予つきの判決となった。

　酒井被告は黒髪を短く均一に整え、黒いスーツを着用し入廷。判決文を読まれる際には、裁判官をまっすぐ見つめていた。
報知新聞社",[],[]
ダチョウ倶楽部・肥後克広「ドームお疲れということで」、５月３１日に活動終了の嵐に”罰ゲーム”でねぎらい（スポーツ報知）,https://news.yahoo.co.jp/articles/5f16e30f7dd5d01743bd09edd80068f67448409a,https://newsatcl-pctr.c.yimg.jp/t/amd-img/20260601-06011130-sph-000-1-view.jpg?exp=10800,2026-06-01T14:34:33+09:00,2026-06-01T14:34:33+09:00,スポーツ報知,sph,スポーツ報知,432,"イベントに出席した「ダチョウ倶楽部」の寺門ジモン（左）、肥後克広
ダチョウ倶楽部の肥後克広、寺門ジモンらが１日、都内で「おたからや　新ＣＭ発表会」に出席した。
【写真】仲間に囲まれ４０周年感謝祭
これまでもＣＭに出演していたダチョウの２人とキンタロー。に加え、今回から純烈の３人が参加。ダチョウと純烈はこれまでも紅白歌合戦などで共演し「困っていた時に救ってもらった」存在。寺門が「３人でやれると思ったら入ってきちゃった」とジョークを交えながら歓迎すると、肥後も「純烈さんが入ることで、勢いがよかった。楽しかった」と撮影を振り返った。

　この日は、金塊の値段を当てるゲームを実施。一番離れていた人が熱々おでんを食べる罰ゲーム付きだったため、熱々おでんを食べてほしい人を聞かれると肥後は、「（５月３１日で活動を終了した）嵐さんに。昨日ドームお疲れということで、大野くんにぜひともコンニャクとか。あと櫻井さん」。本人不在だが、場内からは笑いが起こっていた。
報知新聞社",[],[]
【競輪】生野優翔が白星スタート「気合が入りました」～別府Ｆ２モーニング（スポーツ報知）,https://news.yahoo.co.jp/articles/b532a8593754742d626994759e07ef87cf83be6c,https://newsatcl-pctr.c.yimg.jp/t/amd-img/20260601-06011133-sph-000-1-view.jpg?exp=10800,2026-06-01T14:32:56+09:00,2026-06-01T14:32:56+09:00,スポーツ報知,sph,スポーツ報知,236,"生野優翔
別府競輪のＦ２モーニング開催は１日、開幕。初日の７Ｒ「Ａ級チャレンジ予選」は、生野優翔（しょうの・ゆうと、２４）＝大分・１２７期＝が、地元で圧倒的人気を背負いつつ快勝した。

　ラインの加藤大輔、浜田昭一郎を引き連れて九州ラインで１～３着を独占した。「加藤さんと前回に連係したとき、自分がミスしてしまったので。きょうは気合が入りました」。２日目・２日の「Ａ級チャレンジ準決勝」は７Ｒ。再び加藤大輔、そして高尾剛文との九州３車でファイナル進出を目指す。
報知新聞社",[],[]
「麻央ちゃんだ」市川團十郎、１３歳長男の最新姿が話題「この表情！」「ママそっくり」「歯並びや形まで…」（スポーツ報知）,https://news.yahoo.co.jp/articles/d5c1c25822c73bb1d402e633cfa294cf6dd19a0a,https://newsatcl-pctr.c.yimg.jp/t/amd-img/20260601-06011075-sph-000-3-view.jpg?exp=10800,2026-06-01T14:30:03+09:00,2026-06-01T17:28:07+09:00,スポーツ報知,sph,スポーツ報知,536,"市川團十郎のインスタグラム（＠ｅｂｉｚｏｉｃｈｉｋａｗａ．ｅｂｉｚｏｉｃｈｉｋａｗａ）より
歌舞伎俳優・市川團十郎が、市川新之助こと１３歳の長男・勸玄くんの近影を公開した。
【写真】成長した勸玄くん　「麻央さんそっくり」「イケメンですね」
１日までに自身のインスタグラムを更新し、「気がつけば、私が連れて行っているつもりで、実は私の方が連れて行ってもらっているのかもしれませんね笑　そして私は福岡。　博多座にて公演が始まります。　劇場で皆様にお会いできることを楽しみにしております。」とつづり、目をつぶってポーズを取る勸玄くんの姿をアップした團十郎。

　この投稿にフォロワーからは「ん？麻央さん？かと錯覚しました」「このお写真で、歯並びや形までもママに似ていらっしゃるんだ！って思いました」「麻央さんそっくりだあー」「この表情！麻央ちゃんが重なりました」「わ、ママそっくり」「麻央ちゃんだぁ」「カンカンがぐんぐん成長されて、大人びて来て頼もしいですね」などのコメントが寄せられている。

　團十郎はフリーアナウンサーの小林麻央さんと２０１０年に結婚。１１年７月に麗禾ちゃん、１３年３月に勸玄くんが誕生した。２人は團十郎のインスタグラムにたびたび登場している。
報知新聞社",[],[]
Ｗ杯開催国のメキシコ、３度目指揮のアギーレ監督は４０歳ＧＫオチョアを選出　メキシコ人で初の６大会連続Ｗ杯選出（スポーツ報知）,https://news.yahoo.co.jp/articles/714888277d3575587b7edd6c1584bdec3c10acda,https://newsatcl-pctr.c.yimg.jp/t/amd-img/20260601-06011122-sph-000-1-view.jpg?exp=10800,2026-06-01T14:29:57+09:00,2026-06-01T14:29:57+09:00,スポーツ報知,sph,スポーツ報知,468,"メキシコ代表ＧＫオチョア（AP）
北中米Ｗ杯の開催国であるメキシコのサッカー連盟は５月３１日、北中米Ｗ杯に臨む代表メンバー２６人を発表し、４０歳のＧＫオチョアがメキシコ人で史上初めて６大会連続Ｗ杯に選出された。２００６年のドイツ大会でＷ杯デビューを果たしたオチョアは、近年は代表での出場機会が限られていたが、アギーレ監督が２６人のメンバーに経験豊富な選手と若手選手をバランスよく選出したことで、今回招集された。
【写真】【Ｗ杯】Ｃ・ロナウド、史上初の６大会連続選出　ポルトガル代表メンバー発表…インスタで気合全開の投稿「いつもと変わらぬ情熱と誇り」「全力で行こう、ポルトガル」
主将のＭＦエドソン・アルバレス、ＦＷラウル・ヒメネスも経験豊富な選手で、グアダラハラのＦＷアルマンド・ゴンサレスや、１０代のＭＦギルベルト・モラといった新進気鋭の才能も代表メンバーに名を連ねた。

　同国は９大会連続１８度目の出場で、アギーレ監督は２００２、１０年大会に続き３度目の指揮となる。１次リーグＡ組で南アフリカ、韓国、チェコと対戦する。
報知新聞社",[],[]
【広島】２２年ドラ１の斉藤優汰が１軍合流「びっくりしました」プロ初勝利目指し４日の日本ハム戦で先発へ（スポーツ報知）,https://news.yahoo.co.jp/articles/7448ec9e61c81d328e43a3b25ee952168e469d26,https://newsatcl-pctr.c.yimg.jp/t/amd-img/20260601-06011128-sph-000-1-view.jpg?exp=10800,2026-06-01T14:22:53+09:00,2026-06-01T14:22:53+09:00,スポーツ報知,sph,スポーツ報知,566,"１軍に合流した斉藤優汰
広島・斉藤優汰投手が１日、１軍に合流した。マツダスタジアムで先発投手陣の練習に参加し、４日の日本ハム戦（マツダ）に先発する見込み。２２年ドラフト１位で入団した４年目の右腕はプロ初勝利を目指し、今季初登板を迎える。
【写真】旦那さんが「羨ましい～」広島で活躍するあの選手の奥さんが...
ファームでは５試合の登板で２勝０敗、防御率０・６１の好成績。それでも１軍昇格について「びっくりしました」と語った。「あまり（１軍のことを）考えていなかったので。今年は先を考えないようにしようと思って、次に投げる試合のことしか考えていないので」と集中してきた結果。栗林が右内転筋の肉離れで離脱したこともあり、白羽の矢が立った。

　昨季は１軍デビューを果たしたが、２試合で０勝１敗。今季も開幕前後は苦戦し、２軍でも登板できない時期があった。「試合から離れた時期には多くブルペン入ったりして、自分なりにいろいろ考えて」と奮起。「直球でファウルや空振りを取れているのも大きいですけど、変化球でもカウントを整えたり、決め球にも全球種を使えている」と、自信を取り戻してマウンドに上がる。北海道出身の２２歳。待望の出番は日本ハム戦だが「地元のチームなので、思い入れとかはありますけど。あまり深く考えないように」と集中した。
報知新聞社",[],[]
ブラジル代表がＷ杯出場国パナマとの壮行試合で６―２と大勝　右ふくらはぎ負傷のＦＷネイマールは欠場 　（スポーツ報知）,https://news.yahoo.co.jp/articles/1b72d3be21bd8484a51e1ff01c9c8eef90ab508a,https://newsatcl-pctr.c.yimg.jp/t/amd-img/20260601-06011117-sph-000-1-view.jpg?exp=10800,2026-06-01T14:22:12+09:00,2026-06-01T14:22:12+09:00,スポーツ報知,sph,スポーツ報知,443,"パナマとの壮行試合で先制点を挙げたビニシウス（左）らブラジル代表（ロイター）
サッカー・ブラジル代表が５月３１日、リオデジャネイロでパナマ代表とＷ杯前最後の強化試合を戦い、６―２で大勝した。

　前半はＦＷビニシウス（Ｒマドリード）、ＦＷラフィーニャ（バルセロナ）ら現時点でのレギュラー組が出場。試合開始直後、ビニシウスがミドルシュートを決めて先制した。しかし、１３分にパナマがＦＫのチャンスをつかみ、キックがブラジルの選手に当たってコースが変わって追いつかれた。

　ブラジルは３８分、ビニシウスの右クロスをカゼミーロ（マンチェスターＵ）が頭で決めて勝ち越した。

　そして、後半開始時に１０人を入れ替えると、ＦＷライアン（ゼニト）らが４得点。パナマの反撃を１点に抑えた。

　右ふくらはぎを痛めているＦＷネイマールはベンチ入りしたが、プレーはしなかった。

　試合後、カルロ・アンチェロッティ監督は「後半に入った選手たちが非常に良いプレーをしてくれた」と満足そうだった。
報知新聞社",[],[]
榊原郁恵の長男・渡辺裕太、事務所移籍を発表　６月１日から母と同じ「ホリプロ」所属　１４年在籍した事務所を退所（スポーツ報知）,https://news.yahoo.co.jp/articles/dc3da239186977c7a6201cec96ad4611f45ef641,https://newsatcl-pctr.c.yimg.jp/t/amd-img/20260601-06011121-sph-000-11-view.jpg?exp=10800,2026-06-01T14:10:42+09:00,2026-06-01T18:50:26+09:00,スポーツ報知,sph,スポーツ報知,622,"渡辺裕太のインスタグラムより＠ｙｕｔａｗａｔａｎａｂｅ０３２８
女優・榊原郁恵と２０２２年に亡くなった俳優・渡辺徹さん（享年６１）の長男で、俳優の渡辺裕太が１日、自身のインスタグラムを更新し、事務所移籍を発表した。
【写真】榊原郁恵が息子たちと家族ショット披露！「可愛いお嫁ちゃんも」
「ご報告　日頃より応援してくださっている皆様へ」と題し、「僕、渡辺裕太は、２０２６年５月いっぱいで所属してきた事務所オンリーユーを退所し、本日６月１日より株式会社ホリプロに所属することになりました」と母と同じ事務所に所属すると説明。

　「１４年ほど在籍したオンリーユーではたくさんのご縁に恵まれ、多くの素晴らしい経験をさせて頂きました。心から感謝の気持ちでいっぱいです。常に挑戦する気持ちでお仕事に取り組んでまいりましたが、新しい環境でもこれまでのご縁を大切にしながら、より精進してまいります」と感謝をつづり、「今後とも、どうぞよろしくお願いいたします」と呼びかけた。

　　同社の公式ＳＮＳでも「６月よりホリプロ所属となりました　引き続き応援をよろしくお願い致します」と渡辺の所属が発表された。

　渡辺は１９８９年３月２８日生まれ。東京都出身。舞台を中心に俳優として活動。日本テレビ系情報番組「ｎｅｗｓ　ｅｖｅｒｙ．」（月～金曜・午後３時５０分）の中継リポーターとして人気も博すなど幅広く活躍。野菜ソムリエの資格も持つ。弟は俳優の渡辺拓弥。
報知新聞社",[],[]
【ボクシング】ＷＢＡが堤聖也を休養王者に　バルガスｖｓバムの勝者と６か月以内に団体内王座統一戦（スポーツ報知）,https://news.yahoo.co.jp/articles/816b6e529554eb3b8c9fec6749863d71e5c08759,https://newsatcl-pctr.c.yimg.jp/t/amd-img/20260601-06011116-sph-000-1-view.jpg?exp=10800,2026-06-01T14:09:28+09:00,2026-06-01T14:09:28+09:00,スポーツ報知,sph,スポーツ報知,590,"堤聖也
世界ボクシング協会（ＷＢＡ）は５月３１日（日本時間６月１日）、ＷＢＡ世界バンタム級王者・堤聖也（３０）＝角海老宝石＝を休養王者とし、休養王者だったアントニオ・バルガス（２９）＝米国＝を正規王者とすることを発表した。
【写真】井上尚弥、ライバルと米ボクシング誌の表紙に！
ＷＢＡは、医学的、法的、またはその他の正当な理由によりタイトルを防衛できない場合に休養王者の地位を与えることを規定している。堤陣営が提出した書類（ＷＢＡ医療委員会が評価した医療報告書を含む）を検討した結果、「堤選手に最長６か月の期間、休養王者の地位を与える十分な根拠があると判断した」との声明を出した。

　堤は２０２４年１０月に当時のＷＢＡ同級王者・井上拓真（大橋）に判定勝ちし、王座を獲得。昨年１２月に当時の暫定王者ノニト・ドネア（フィリピン）に判定勝利し、２度目の防衛に成功した。しかし、ドネア戦で鼻骨を骨折した影響で、４月に予定されていた当時の休養王者バルガスとの対戦を見送っていた。

　正規王者となったバルガスは、６月１３日（同１４日）にＷＢＡ＆ＷＢＣ＆ＷＢＯ世界スーパーフライ級王者ジェシー“バム”ロドリゲス（２６）＝米国、帝拳＝との防衛戦に臨む。ＷＢＡは、この試合の勝者（引き分けの場合はバルガス）が試合後６か月以内に堤と団体内王座統一戦で対戦しなければならないと説明した。
報知新聞社",[],[]
ｔｉｍｅｌｅｓｚ・菊池風磨　活動再開を発表…喉の不調で４月２２日から休養中だった（スポーツ報知）,https://news.yahoo.co.jp/articles/97a89db715e4ab6f6684634c6636188a5c5e5a2e,https://newsatcl-pctr.c.yimg.jp/t/amd-img/20260601-06011112-sph-000-5-view.jpg?exp=10800,2026-06-01T14:01:47+09:00,2026-06-01T14:58:59+09:00,スポーツ報知,sph,スポーツ報知,864,"活動再開を発表した菊池風磨
喉の不調により活動休止中だったｔｉｍｅｌｅｓｚ・菊池風磨が１日、所属する「ＳＴＡＲＴＯ　ＥＮＴＥＲＴＡＩＮＭＥＮＴ」公式サイトなどを通じ、活動を再開することを発表した。順次番組の出演や収録に参加していく。
【写真】上半期男性ソロ写真集１位獲得
同社はこの日、４月２２日から「喉の不調が続いたため」休養中だった菊池について、活動の再開を報告した。

　菊池は、グループの冠番組「ｔｉｍｅｌｅｓｚファミリア」（日テレ系）や、「タイムレスマン」（フジ系）だけでなく、フジ系「何か“オモシロいコト”ないの？」（木曜・深夜０時１５分）や、テレ朝系「騒音上等！！音鳴り部」（不定期放送）、ＴＯＫＹＯ　ＦＭ「菊池風磨　ｈｏｕｒｓｚ」など個人でもレギュラー番組を多数抱えている。

　菊池が自身初の音楽番組ＭＣを務める「夜の音　―ＴＯＫＹＯ　ＭＩＤＮＩＧＨＴ　ＭＵＳＩＣ―」（火曜・深夜０時２４分）は活動休止に伴い、５月１２、１９日放送回は、ＳｉｘＴＯＮＥＳ・田中樹が代役を務めていた。

　今後、レギュラー番組などの出演や収録への参加を順次再開していく。また、グループは全国ツアー中で、菊池は、愛知公演（５月１６、１７日）と静岡公演（同３０、３１日）を欠席していた。６月１２日から千葉・ららアリーナ東京ベイで開催される公演（１４日まで）でステージ復帰するとみられる。

以下、事務所発表全文

弊社契約タレント 菊池風磨（timelesz）活動再開に関するご報告

平素より格別のご高配を賜り、厚く御礼申し上げます。

喉の不調により一時活動を休止しておりました弊社契約タレント菊池風磨につきまして、医師の判断、指導のもと本日6月1日(月)より活動再開させていただきますことをご報告申し上げます。

日頃より応援してくださっているファンの皆さま、ならびに関係各所の皆さまには、多大なるご心配とご迷惑をおかけいたしましたこと、心よりお詫び申し上げます。

引き続きご支援賜りますよう、お願い申し上げます。
報知新聞社",[],[]
歌舞伎俳優・中村橋之助＆元乃木坂４６・能條愛未の披露宴「すんごい」「豪華すぎる」芸能人集結…上地雄輔が公開（スポーツ報知）,https://news.yahoo.co.jp/articles/6ed700b60b06aa62036bbf7c18f29d1e1be4ebd9,https://newsatcl-pctr.c.yimg.jp/t/amd-img/20260601-05311142-sph-000-2-view.jpg?exp=10800,2026-06-01T14:00:58+09:00,2026-06-01T14:01:43+09:00,スポーツ報知,sph,スポーツ報知,621,"上地雄輔のインスタグラム（＠ｕｓｋ＿ｋｍｊ）より
タレントで歌手の上地雄輔が、３１日にＳＮＳを更新。歌舞伎俳優の中村橋之助、元乃木坂４６の女優・能條愛未の結婚披露宴に参加したことを報告した。
【写真】高橋由伸氏、高津臣吾氏、佐々岡真司氏も出席豪華ショット！
上地は自身のインスタグラムを更新。「俺、いつまで若手なんだ笑」とつづり、俳優の高橋英樹、市村正親、水谷豊ら豪華俳優陣と撮影したショットや、高橋由伸氏、高津臣吾氏、佐々岡真司氏と撮影した写真などを公開した。

　橋之助との出会いなどを記し「くにお、あみさん　御両家の皆様、並びに各関係者の皆様、いらっしゃった方々、来れなかった方、会場ｓｔａｆｆや準備にご尽力された皆様　お疲れ様と有り難うございました　微力ではありますが、これからも応援し、何かあった時に助けられる男になれるよう頑張ります」とコメントした。

　この投稿にファンからは「凄い豪華なメンツだね！素敵な時間過ごせたようでなにより」「すんごい人たち　そこにいるゆうちゃん、まだまだ可愛く見える」「若手じゃないゆーちゃんが若手に見える面々ですね　豪華すぎる」「この人達の中に入ったら確かにゆーちゃんいつまでも若手だわ　それだけ先輩方から可愛がられてるってことよ」「すごいメンバー！そして、芸能人と呼ばれる方々も、集合写真では、なんかフツーのヒトみたいに写ってるのがちょっと微笑ましかったり」などの声が寄せられている。
報知新聞社",[],[]
【競輪】市田龍生都がようやく勝利も…「勉強不足」「力不足」表情晴れず～宇都宮Ｇ３（スポーツ報知）,https://news.yahoo.co.jp/articles/9d2cf78c7cdf81ab02e2abd92afb28f13ad2837c,https://newsatcl-pctr.c.yimg.jp/t/amd-img/20260601-06011104-sph-000-1-view.jpg?exp=10800,2026-06-01T13:48:35+09:00,2026-06-01T13:48:35+09:00,スポーツ報知,sph,スポーツ報知,440,"市田龍生都
◆レジェンド神山雄一郎カップ（Ｇ３、開設７７周年記念、３日目・１日、宇都宮競輪場）

　開催３日目の１日、５Ｒ「Ｓ級選抜」で、市田龍生都（２４）＝福井・１２７期＝がついに白星をゲットした。

　ライン４車の厚みを得て臨んだレースは、後ろ攻めから抑えたものの、立花昌也に粘られ、すかさず動いた寺沼拓摩－武田豊樹に叩かれると、最終２角過ぎに３番手に引いてのまくり。初日３着、２日目９着、そしてこの日と３戦連続で思い切った仕掛けはできていないが、ようやくシリーズ初勝利を手に入れた。

　「前に出て全部先頭で、と思って。粘られているのが分かってペースはギリギリ自分がもつ感じで。（寺沼に叩かれたところは）本来突っ張るべきところを行かれてしまっているので力不足です。５００バンクの影響もあるかもしれませんけど、僕の勉強不足、未熟さが招いた結果。粘られるような抑え方、寺沼さんに出られてからまくるといった組み立ての甘さが…。あすこそは取り返せるように」と前を向いた。
報知新聞社",[],[]
錦織圭がジャパンオープン出場決定「最後、かっこいい姿を皆さんの前で出せるように」９・３０開幕（スポーツ報知）,https://news.yahoo.co.jp/articles/0bebd07242c4022e74f22accaaa9a454ece331cc,https://newsatcl-pctr.c.yimg.jp/t/amd-img/20260601-06011109-sph-000-1-view.jpg?exp=10800,2026-06-01T13:44:35+09:00,2026-06-01T13:44:35+09:00,スポーツ報知,sph,スポーツ報知,311,"錦織圭
日本テニス協会は１日、今季限りでの現役引退を表明した錦織圭（ユニクロ）が、９月３０日開幕の木下グループ・ジャパン・オープン（東京）にワイルドカード（主催者推薦枠）で本戦に出場する予定だと発表した。
【写真】錦織圭、元モデルの舞夫人とウェディングショット
錦織にとっては過去２度優勝した、思い入れの深い大会となる。「木下グループジャパンオープンへの出場が決まりました。僕にとって最後のジャパンオープンになります。この大会にはいろんな思い出がつまっています。いろんな思いもあふれると思います。その中で最後、かっこいい姿を皆さんの前で出せるように頑張ります。ぜひ応援よろしくお願いします」とコメントしている。
報知新聞社",[],[]
【巨人】戸郷翔征「勝つことが一番」長嶋茂雄さんの一周忌　３日・オリックス戦に先発へ（スポーツ報知）,https://news.yahoo.co.jp/articles/09aae9f624c2f8131ee0b97f66c9b92809a60043,https://newsatcl-pctr.c.yimg.jp/t/amd-img/20260601-06011110-sph-000-1-view.jpg?exp=10800,2026-06-01T13:41:53+09:00,2026-06-01T13:41:53+09:00,スポーツ報知,sph,スポーツ報知,423,"ブルペンで投球練習する戸郷翔征　（カメラ・堺　恒志）
巨人・戸郷翔征投手（２６）が１日、ジャイアンツ球場で先発投手練習に参加。先発が予定される３日・オリックス戦（東京ドーム）に向けてブルペン投球を行うなど調整した。
【動画】完全復活へ！　戸郷の宝刀・フォーク
３日のゲームは長嶋茂雄さんの一周忌にあたり「ＦＯＲ３ＶＥＲ　６．３～長嶋茂雄～」として開催する。巨人の監督、コーチ、選手は左袖に「ＦＯＲ３ＶＥＲ」のロゴワッペンが付いたユニホームを着用し、試合前練習では限定デザインのプラクティスＴシャツを着用する。

　現在、自身２連勝中の右腕。「ミスターとは（生前）何度もお会いしていますし、お話も何度かさせていただいているので。そういう試合で勝つことが一番だと思いますし、（勝てば）ファンの方もすごく喜んでくれるんじゃないかなと思います。チームを勝ちに導く、そういう責任はすごく感じています」と必勝を期してマウンドに上がることを誓った。
報知新聞社",[],[]
警察官ボクサーの日本ランカー・杉田ダイスケさんが死去　勤務先の駐在所で発砲（スポーツ報知）,https://news.yahoo.co.jp/articles/2cf0bc1ab8849a9bc78f254a155feb4d97c7fdab,https://newsatcl-pctr.c.yimg.jp/t/amd-img/20260601-06011102-sph-000-15-view.jpg?exp=10800,2026-06-01T13:34:12+09:00,2026-06-01T19:46:03+09:00,スポーツ報知,sph,スポーツ報知,905,"杉田ダイスケさん
現役警察官でプロボクシング日本スーパーバンタム級１１位の杉田ダイスケ（本名・杉田大祐）さん＝金子＝が死去した。３７歳だった。杉田さんが勤務する警視庁町田署が１日、同署地域課の男性巡査長の死亡が確認されたと発表。ボクシング関係者が、男性巡査長が杉田さんであることを明かした。
【写真】リング上で力強いポーズを決める杉田ダイスケさん
町田署によると、杉田さんは先月３０日朝に勤務先の駐在所で頭から血を流し、意識不明の重体で搬送されていた。同居している家族が「（巡査長が）拳銃で頭を撃った」と１１０番した。巡査長は制服姿で倒れ、近くに１発撃った形跡のある拳銃があった。拳銃で自殺したとみて調べている。遺書は確認できていない。

　杉田さんは、駿台学園高、東農大で活躍し、警視庁入庁後に全日本社会人選手権で２階級を制するなど、アマチュア戦績は１１０勝（４７ＫＯ）３１敗。１８年４月、現役警察官としてＢ級（６回戦）でプロデビュー。海外のリングで、ＷＢＡサウスアジア・スーパーバンタム級王座、ＷＢＡアジア同級王座、ＷＢＣアジア・フェザー級シルバー王座＝いずれも日本ボクシングコミッション（ＪＢＣ）未公認＝を獲得した。

　関係者によると、８月に試合が予定されており、次戦に向けて練習に励んでいたという。今年３月１７日に、ノンタイトル８回戦で判定勝利したのが最後のリングとなった。プロ戦績は１１勝（４ＫＯ）６敗。

＊＊＊＊＊＊

　◆厚生労働省が自殺防止のためホームページで紹介している主な相談窓口は次の通り

▼いのちの電話　（０５７０）７８３５５６（午前１０時～午後１０時）　（０１２０）７８３５５６（午後４～９時、毎月１０日は午前８時～翌日午前８時）

▼こころの健康相談統一ダイヤル　（０５７０）０６４５５６（対応の曜日・時間は都道府県により異なる）

▼よりそいホットライン　（０１２０）２７９３３８（２４時間対応）　岩手、宮城、福島各県からは（０１２０）２７９２２６（２４時間対応）

▼あなたのいばしょ　チャット相談　ｈｔｔｐｓ：／／ｔａｌｋｍｅ．ｊｐ／（２４時間３６５日対応）
報知新聞社",[],[]
【ボートレース】連覇狙う池田浩二が１号艇…鳴門ＳＧグランドチャンピオンドリーム戦メンバー決定（スポーツ報知）,https://news.yahoo.co.jp/articles/de3ff9e60c1ba5727abd5b357b6fbf74d1836511,https://newsatcl-pctr.c.yimg.jp/t/amd-img/20260601-06011103-sph-000-1-view.jpg?exp=10800,2026-06-01T13:30:25+09:00,2026-06-01T13:30:25+09:00,スポーツ報知,sph,スポーツ報知,299,"池田浩二
日本モーターボート競走会は１日、ＳＧ「第３６回グランドチャンピオン」（２３～２８日・ボートレース鳴門）の初日ドリーム戦メンバーを発表した。昨年４月～今年３月のＳＧ予選の得点上位順に選出され、大会連覇を狙う池田浩二（愛知）が選出得点１位で１号艇。３月のＳＧクラシックを制した峰竜太（佐賀）が２位で２号艇となった。以下、ドリーム戦メンバー。

１号艇・池田　浩二（愛知）

２号艇・峰　　竜太（佐賀）

３号艇・茅原　悠紀（岡山）

４号艇・西山　貴浩（福岡）

５号艇・桐生　順平（埼玉）

６号艇・宮地　元輝（佐賀）

予備１・山田　康二（佐賀）

予備２・佐藤　　翼（埼玉）
報知新聞社",[],[]
「Ｄｅｆ　Ｔｅｃｈ」Ｍｉｃｒｏ被告、サーフィン後にコカインとＭＤＭＡ使用し自動車運転「極寒の海…自分のなかでは暖をとる感覚で」（スポーツ報知）,https://news.yahoo.co.jp/articles/dc204dfd162f30600f63e4d2a5bb6854cf0af265,https://newsatcl-pctr.c.yimg.jp/t/amd-img/20260601-06011099-sph-000-3-view.jpg?exp=10800,2026-06-01T13:16:15+09:00,2026-06-01T18:42:37+09:00,スポーツ報知,sph,スポーツ報知,1190,"Ｍｉｃｒｏ（マイクロ）こと西宮佑騎被告
大麻、コカイン、ＭＤＭＡを所持したとして麻薬及び向精神薬取締法違反の罪に問われた音楽デュオ「Ｄｅｆ　Ｔｅｃｈ（デフテック）」のＭｉｃｒｏ（マイクロ）こと西宮佑騎被告の初公判（室橋秀紀裁判官）が１日、東京地裁で開かれた。西宮被告は起訴内容を認めた。検察からの質問では薬物の使用態様によって追及がなされた。
【写真】小原ブラス「日本じゃダメだって言ってるのに、なんでやるんだろうね？」
起訴状などによると、西宮被告は今年２月２日、都内の自宅で乾燥大麻３・５１７グラムを所持し、また同日に千葉県内でのサーフィン後、自動車運転中にコカインとＭＤＭＡの粉末を吸引、スプーンをなめるなどして摂取した。その後、帰宅したところを厚生労働省の関東信越厚生局麻薬取締部の家宅捜索を受け現行犯逮捕された。

　検察側の質問に答えた西宮被告は、サーフィンを終えた車中で違法薬物を使用したことについて「コカインは眠気から目覚めてスッキリするため。２月の極寒の海だったので、ブルブル震えていた。ＭＤＭＡは体が温かくなるので、自分の中では暖をとる感覚でした」と述べた。乗用車の自動運転モードを使いながら薬物を摂取したという。違法薬物を使用しながら車の運転をした経験は「海外ではありました」と述べた。

　交通事故などを引き起こす可能性を指摘されると「安全面を過信していた。高速に乗っているので人もいないし、対向車もいないときだったので危険性はないと思った。お酒とは違うので。飲酒とは全然違う感覚」と語った。「一度寝たら起きないので。午前中の仕事が詰まっていて、そのときは（一度眠ってから車を運転することを）考えなかった」と語った。

　大麻やコカイン、ＭＤＭＡを使用する原因について尋ねられると、１０秒ほど考え込んだのち「海外の経験があった」と回答。「実家がサーフショップで、海外を行き来するなかで、サーファーや海外の選手が大麻を持ち込んでいるのを見ていた。サーフカルチャーと（薬物が）密接にあった。自分のライフスタイルと文化が切り離せなかった」と語った。

　今後切り離せるかについては「切り離せる」と断言。「自分が外国人かぶれをしていた。日本ではダメだと…海外でやりたいということではないんですけど」と語り「人は人で自分は自分。きっちり線引きをして、カルチャーであろうと自分はそれは通さない。あとは二度と留置所に行きたくないので」と述べた。

　検察側は「大麻の量が決して少なくはなく、はさみやスプーンなど使用道具が押収された事から依存性は顕著。また海外からの持ち込みや、運転下での使用は悪質である」と指摘。「経緯や酌量を考えても再犯の可能性がある」として拘禁刑２年を求刑。弁護側は執行猶予つきの判決を求め結審した。判決は１１日午後１時半に言い渡される。
報知新聞社",[],[]
夏場所Ｖ逸の大関・霧島が再始動「よしやるぞ」　サッカー元フランス代表FWベンゼマとの出会い＆家族キャンプでリフレッシュ（スポーツ報知）,https://news.yahoo.co.jp/articles/8ef0b32498f7468e1a3612a402c7b9420bebfef3,https://newsatcl-pctr.c.yimg.jp/t/amd-img/20260601-06011095-sph-000-2-view.jpg?exp=10800,2026-06-01T13:06:12+09:00,2026-06-01T15:59:44+09:00,スポーツ報知,sph,スポーツ報知,866,"霧島が部屋で稽古を再開した（カメラ・山田　豊）
２度目の綱取りとなる名古屋場所（７月１２日初日、ＩＧアリーナ）に向けて大関・霧島（音羽山）が１日、東京・墨田区の部屋で稽古を再開した。午前９時前に稽古場に姿を現し、「よしやるぞ！」と気合を入れると部屋に緊張感の空気が漂った。ストレッチやダンベルを持つなどトレーニングした。さらに、てっぽうや幕下以下の力士と胸を合わせた。「楽しくやれたけれどきつい。体がなまっているので動かすことを意識した」とうなずいた。
【夏場所】番付＆星取表
夏場所千秋楽では小結・若隆景（荒汐）との優勝決定戦に敗れた。「決定戦で負けるのは初めて。こういう経験はしたくない。動画もあまり見返してはいない」と悔しさは残っているようだ。後半戦は失速し、平幕・琴栄峰（佐渡ケ嶽）にうっちゃりで勝つなど、危ない戦いが続きＶ逸につながった。「下から上がってきた力士にさすが大関という勝ち方をしないといけない」とほころびが決定戦につながったと分析していた。

　名古屋場所は２４年初場所に続き２度目の綱取りとなる。「師匠にも言われたけど無理してやってもいけない。大関取りもそうだけど１つ負けて落ち込まないことが大事。気楽に考えていきたい」と自然体で挑むことを強調した。

　先週の場所休みは充実していた。家族と茨城・つくば市へキャンプに出かけた。「娘の学校があるから長くは行けなかった」というが、英気を養った。さらに、知り合いの紹介で来日中のサッカー元フランス代表ＦＷベンゼマ（アルヒラル）に会う機会があり、「パワーをもらった」と笑顔。５月３１日はサッカー日本代表のアイスランド戦をテレビ観戦。「もちろん、Ｗ杯は日本を一番応援する」とすっかり森保ジャパンの虜になった。

　千秋楽から一夜明けた５月２５日の朝は、長女・アヤゴーちゃんを小学校に送った際に「パパ優勝できなかったね…」と残念がられた。「支度部屋で万歳できなくて悪かった」。６月１３日からのパリ公演に参加するが、それまでは部屋でみっちりと体をいじめ抜く。
報知新聞社",[],[]
加藤清史郎、ロンドンでの寮生活振り返り「役者はその人を生きる仕事。自分の体に対する解像度が上がった」（スポーツ報知）,https://news.yahoo.co.jp/articles/d65d8bdb4cdaef73d932951f1223ff338eb41d7f,https://newsatcl-pctr.c.yimg.jp/t/amd-img/20260601-06011096-sph-000-1-view.jpg?exp=10800,2026-06-01T13:05:29+09:00,2026-06-01T13:05:29+09:00,スポーツ報知,sph,スポーツ報知,529,"ドラマ「スピナーベイト」の制作発表記者会見に出席した（左から）萩原護、加藤清史郎、駿河太郎
俳優の加藤清史郎が１日、都内で行われたフジテレビで３０日深夜に放送がスタートする主演ドラマ「スピナーベイト」の制作発表記者会見に出席し、高校時代の英国留学で変化したことについて語った。
【写真】役作りのために習得した技に驚きの声
２０２０年に帰国してから月日は経過したが「高校３年間をロンドンで過ごしたので収穫が多かった。英語やお芝居、歌のレッスンももちろん、寮生活が一番の思い出」と、サッカー部に所属していた当時を回想。「日本にいた頃も驚かれるほど休まず学校に行っていたけど、チームスポーツをロンドンで経験できたのが人間的にも大きかった。アクションやスポーツ関連の作品に限らず、役者はその人を生きる仕事。自分の体に対する解像度が上がった。ロンドンへ行ってなかったら今の仕事のご縁はなかったのかなと思う」と、俳優としての成長につながったことを明かした。

　ドラマは青春の葛藤と連続殺人事件の謎が交錯する青春クライムサスペンス。原作は２０２１年のアニメ「オッドタクシー」を手がけた此元和津也氏による漫画で、同局の動画配信サービス「ＦＯＤ」でも配信される。
報知新聞社",[],[]
沖田愛加アナ　“まるでお姫様”ノースリワンピ姿に「いい女」「かわいいです」「美人すぎ」（スポーツ報知）,https://news.yahoo.co.jp/articles/8d417697bec2ee77ba9cd651f16ea6b27a087b63,https://newsatcl-pctr.c.yimg.jp/t/amd-img/20260601-05311199-sph-000-2-view.jpg?exp=10800,2026-06-01T13:05:03+09:00,2026-06-01T13:05:52+09:00,スポーツ報知,sph,スポーツ報知,313,"沖田愛加アナのインスタグラム（＠ｏｋｉｔａ＿ａｉｋａ）より
フリーの沖田愛加アナウンサーが、３１日までに自身のＳＮＳを更新。衣装ショットを公開した。
【全身ショット】白地ワンピースが「もう漫画の姫役」
沖田アナは自身のインスタグラムに「ボートレーススペシャルライブ　みてくれてありがと　来月もよろしくです」とつづり、衣装ショットをアップ。ノースリーブで白地に黒の模様がちりばめられた、かわいらしいデザインのワンピース姿を披露した。

　この投稿にファンからは「もう漫画の姫役で登場できそう」「あいかちゃん　おつかれさま　めちゃくちゃ可愛い過ぎ　いい女すわ」「かわいいです」「美人すぎだよ」などの声が寄せられている。
報知新聞社",[],[]
【大学野球】勝てば５季ぶりＶの慶大はエース渡辺和大が早慶戦３連投　早大は宮城誇南が２日連続先発…スタメン発表（スポーツ報知）,https://news.yahoo.co.jp/articles/375d6959d48a70baaa95f390d4110d439be49d95,https://newsatcl-pctr.c.yimg.jp/t/amd-img/20260601-06011093-sph-000-1-view.jpg?exp=10800,2026-06-01T13:03:19+09:00,2026-06-01T13:03:19+09:00,スポーツ報知,sph,スポーツ報知,648,"早大・霜結太
◆東京六大学野球春季リーグ戦最終週第３日▽早大―慶大（１日・神宮）

　１勝１敗のタイで迎えた早慶戦３回戦のスタメンオーダーが発表された。早大は、３０日の１回戦におけるリーグ戦初打席本塁打から２戦連発で、「早慶戦男」となったラッキーボーイ、米国出身の霜結太外野手（２年＝マクレーン高）が「１番・左翼」で起用された。先発投手は３１日の２回戦に続き、４年生左腕の宮城誇南（こなん＝浦和学院）がマウンドに立つ。
【大学野球】天皇陛下と愛子さまが早慶戦観戦　大観衆がどよめきと拍手　両校ナインは整列で出迎え　３２年ぶり天覧試合
勝てば勝ち点５の完全優勝で５季ぶり４１度目の優勝となる慶大は、今秋ドラフト候補のサウスポーの渡辺和大（４年＝高松商）が先発→救援→先発と早慶戦３連投。エースの左腕に全てを託す。

【先攻＝早大】

（左）霜（２マクレーン）

（二）湯浅（２仙台育英）

（三）岡西（４智弁和歌山）

（中）寺尾（４佐久長聖）

（右）徳丸（２大阪桐蔭）

（指）川尻（１仙台育英）

（一）高橋海（３山梨学院）

（捕）大越（２東筑）

（遊）山根（４鎌倉学園）

（投）宮城（４浦和学院）

【後攻＝慶大】

（中）丸田（３慶応）

（遊）林純（３報徳学園）

（指）小原（４花巻東）

（二）今津（４旭川東）

（右）一宮（２八千代松陰）

（一）吉野（４慶応）

（捕）吉開（４慶応）

（左）横地（４慶応）

（三）八木（３慶応）

（投）渡辺和（４高松商）
報知新聞社",[],[]
夏場所Ｖ若隆景が稽古再開　前日にわんぱく相撲制した長男とのダブル優勝に喜び「見ているだけでも緊張します」（スポーツ報知）,https://news.yahoo.co.jp/articles/7497be006bafac6b12fcd27b905aadc4d1efa3e0,https://newsatcl-pctr.c.yimg.jp/t/amd-img/20260601-06011094-sph-000-3-view.jpg?exp=10800,2026-06-01T13:00:32+09:00,2026-06-01T16:25:52+09:00,スポーツ報知,sph,スポーツ報知,556,"若隆景と長男・浬君
大相撲夏場所で２度目の優勝を果たした小結・若隆景（荒汐）が１日、東京・中央区の部屋で稽古を再開させた。場所が終わって以降は初の稽古で、すり足やてっぽうなどの基礎運動を入念に行い、汗を流した。
【夏場所】番付＆星取表
前日の３１日は、東京・墨田区の両国国技館で行われた元関脇・宝富士の桐山親方の引退相撲に参加。その裏では長男・浬（かいり）君が江東区のわんぱく相撲の小学１年生の部に出場していた。午前中に行われた予選は現地で応援し、午後からの決勝トーナメントは、送られてきた取組動画を国技館の支度部屋でチェック。帰り際に長男の優勝を知ると、「息子、優勝しました！　ダブル優勝！」と興奮気味に話し、再び会場へと戻っていた。一夜明けて「自分が相撲を取っているのと、全然違いますね。見ているだけでも緊張します」と語った。

　名古屋入り前は福島と長野で行われる部屋の合宿、パリ公演などに参加予定。さらに６日には地元の福島で優勝パレードも行われる。「前回の優勝はパレードができなかったので、そうやって地元でパレードができるということは、いいことだと思う。稽古ではできることをしながら、しっかり体を動かしていきたい」と、連覇を目指す名古屋場所（７月１２日初日・ＩＧアリーナ）へ向けて意気込んだ。
報知新聞社",[],[]
花園近鉄ライナーズ、幹部が太田春樹監督の続投明言　指揮官は２季目へ「必ず優勝、昇格」　地元・東大阪市を訪問（スポーツ報知）,https://news.yahoo.co.jp/articles/2920bdc817833c7b3a420979e32738e6a2d82996,https://newsatcl-pctr.c.yimg.jp/t/amd-img/20260601-06011092-sph-000-1-view.jpg?exp=10800,2026-06-01T12:56:43+09:00,2026-06-01T12:56:43+09:00,スポーツ報知,sph,スポーツ報知,787,"花園近鉄ライナーズの首脳が地元の東大阪市役所を訪ね、野田義和市長（右から３人目）に今季の報告を行った。右から駒喜多学部長、ピーター・ウマガ=ジェンセン共同主将、１人おいて上山黎哉共同主将、太田春樹監督、村下雅章チームディレクター
ラグビー・リーグワン２部の花園近鉄ライナーズは１日、首脳陣が地元・東大阪市役所を表敬訪問し、今季の報告を行った。

　ＯＢの太田春樹監督が就任した今季は、新加入した南アフリカ代表ＳＯマニー・リボックらの活躍で開幕から６連勝と好発進も、最終盤に３連敗と失速。３位で終え、２位までが出場できる１部下位との入替戦に出場できず、３季ぶりの１部復帰を果たせなかった。

　この日、野田義和市長らを前に、太田監督は「多大なるご支援ご声援ありがとうございました。ディフェンス（の甘さ）と反則（の多さ）、この２つが大きな課題となり、一貫性のあるパフォーマンスが出せませんでした」と報告。元ニュージーランド代表のＣＴＢピーター・ウマガ＝ジェンセン共同主将も「出だし好調でしたが、（選手たちの）メンタルが最後まで、もたなかった」と反省した。野田市長は笑顔でねぎらい「お疲れ様でした。花園といえばライナーズ。ぜひ来シーズン、何としても勝つというところを期待しています」と励ました。

　報告後、クラブの駒喜多学部長が報道陣に対応。同部長は「来季も太田監督？　はい、同じ体制で積み上げを重ねていきたい」と指揮官続投を明言し、リボックやジェンセンの残留も明かした。太田監督は「来シーズン、必ず課題を克服し、（２部）優勝と（１部）昇格に向けてハードワーク、精進を重ねる」と２季目のリベンジを誓った。

　既にリーグ最終戦の翌日の５月１１日から個人練習を開始。例年より早い７月１３日にチーム練習をスタートさせる予定だ。近鉄特急が来季こそ、目標に向かって走り切る。
報知新聞社",[],[]
「こんな短い前髪がかわいいのは」朝ドラヒロイン、オフショットに反響！「待ってました！」「可愛い笑顔」…見上愛（スポーツ報知）,https://news.yahoo.co.jp/articles/47ac4afa31db5935ac60952efbdc28e67ba0452b,https://newsatcl-pctr.c.yimg.jp/t/amd-img/20260601-05311210-sph-000-3-view.jpg?exp=10800,2026-06-01T12:55:02+09:00,2026-06-01T13:04:20+09:00,スポーツ報知,sph,スポーツ報知,365,"見上愛のインスタグラム（＠ｍｉｋａｍｉ＿ａｉ＿）より
女優の見上愛が、オフショットを披露した。

　ＮＨＫ連続テレビ小説「風、薫る」（月～土曜・前８時）でダブル主演を務めている見上は、３１日までに自身のインスタグラムを更新。「『風、薫る』　第９週「看病婦とアメ」ご視聴ありがとうございました！フユさんご夫婦、素敵だったなぁ。来週も、よろしくお願いいたします」と記し、眉上の短い前髪姿で満面の笑みを浮かべるオフショットをアップした。
【写真】「くしゃっと笑顔が可愛い愛ちゃん」見上愛の癒されスマイル
この投稿にファンからは「待ってました」「みんないいお顔」「こんな短い前髪がかわいいのは、りんちゃんとオードリーヘップバーンぐらいだわ」「可愛い笑顔　癒されます」「くしゃっと笑顔が可愛い愛ちゃん」などの声が寄せられている。
報知新聞社",[],[]
「Ｄｅｆ　Ｔｅｃｈ」Ｍｉｃｒｏ被告、活動再開への意思示す　現在は週５で制作活動「一日も早く音楽を届けたい」（スポーツ報知）,https://news.yahoo.co.jp/articles/894f17c71a01fbd2b1466de3ce946fda897668ab,https://newsatcl-pctr.c.yimg.jp/t/amd-img/20260601-06011091-sph-000-2-view.jpg?exp=10800,2026-06-01T12:54:08+09:00,2026-06-01T14:14:54+09:00,スポーツ報知,sph,スポーツ報知,1067,"Ｍｉｃｒｏ（マイクロ）こと西宮佑騎被告
大麻、コカイン、ＭＤＭＡを所持したとして麻薬及び向精神薬取締法違反の罪に問われた音楽デュオ「Ｄｅｆ　Ｔｅｃｈ（デフテック）」のＭｉｃｒｏ（マイクロ）こと西宮佑騎被告の初公判（室橋秀紀裁判官）が１日、東京地裁で開かれた。西宮被告は起訴内容を認めた。
【写真】３月に予定していたソロツアーも中止
起訴状などによると、西宮被告は今年２月２日、都内の自宅で乾燥大麻３・５１７グラムを所持し、また同日に千葉県内でのサーフィン後、自動車運転中にコカインとＭＤＭＡの粉末を吸引、スプーンをなめるなどして摂取した。その後、帰宅したところを厚生労働省の関東信越厚生局麻薬取締部の家宅捜索を受け現行犯逮捕された。

　西宮被告は弁護人からの質問で、逮捕時の心境を明かした。「Ｄｅｆ　Ｔｅｃｈ」は２０周年ツアー中で、逮捕の６日後には日本武道館コンサートを控えていたが被告の逮捕を受けて中止になった。留置所で所属事務所の社長やマネジャーと面会し「今年のスケジュールがキャンセルになり、スポンサーへの影響や相方のスケジュールがなくなったことなどの現実を突きつけられた。人生これで詰んでしまうと思いました」と語った。

　また西宮被告の母からは「簡単に許されると思うな」と叱咤（しった）されたという。「自分の自覚のなさでどれだけ多くの方に迷惑をかけたか。自分自身にがっかり」と語った。

　現在は家族とともに生活している。「４５年間の人生でこんなに規則正しい生活をしたことはない。朝５、６時に起床してセラピードッグとして飼ったワンちゃんを散歩させる。ジムに行って週４回プール。屋根裏の作業部屋で月～金曜は音楽制作に打ち込み、土日は波乗りに行ってスタミナ作りをしています」と暮らしぶりを明かした。また２月から自宅付近のクリニックで薬物依存のカウンセリングを受けているという。

　裁判では西宮被告の母からの上申書が提出。家族やマネジャーが抜き打ちで携帯電話や持ち物のチェックをしていることなどサポート体制が整っているとして、寛大な判決を求めた。

　西宮被告は「父、母は『大丈夫だ』と思えるまで自宅にいさせてくれると言っているが、高齢で年をとってきているので生涯暮らしていきたい」と家族への思いを告白。「多くのファンにも残念な思いをさせて傷つけてしまった。一日も早く音楽を届けていけるよう準備していきたい」と活動再開へ強い意欲を示した。

　検察側は拘禁刑２年を求刑し結審。判決は１１日午後１時半に言い渡される。
報知新聞社",[],[]
加藤清史郎、ドラマ撮影期間の夜食うどんに感動「食事で人はここまで心を豊かにできるのか」（スポーツ報知）,https://news.yahoo.co.jp/articles/26aab2aecd489d3d8ecb0bfe4ae787db8c163ef6,https://newsatcl-pctr.c.yimg.jp/t/amd-img/20260601-06011089-sph-000-1-view.jpg?exp=10800,2026-06-01T12:46:29+09:00,2026-06-01T12:46:29+09:00,スポーツ報知,sph,スポーツ報知,630,"ドラマ「スピナーベイト」の制作発表記者会見に出席した（左から）萩原護、加藤清史郎、駿河太郎
俳優の加藤清史郎が１日、都内で行われたフジテレビで３０日深夜に放送がスタートする連続ドラマ「スピナーベイト」の制作発表記者会見に出席した。
【写真】元乃木坂・与田祐希の“ＪＫ姿”を加藤清史郎が公開
原作は２０２１年のアニメ「オッドタクシー」を手がけた此元和津也氏による漫画。青春の葛藤と連続殺人事件の謎が交錯する青春サスペンスだ。

　フィッシング部に入部する高校生役の加藤は、制服を着崩した姿で登場。役作りはあまりしないタイプというが「放課後の時間、昼から夜にかけての撮影が多かった」と回想した。遅い時間での撮影では、夜食として食べたうどんを振り返り「食事で人はここまで心を豊かにできるのかと思った」と感動を交えて振り返った。

　「撮影中の６割５分ぐらいは走ってた記憶がある」という加藤は、最初の現場で転んで流血した思い出も披露。撮影中に共演者で食べた弁当の唐揚げが大きかった話にも及び「これだけご飯の話が出てくるってことは、それだけ生活をともにしたということ」とキャストの絆を再確認した。

　謎の男役を演じた駿河太郎は「正義の味方としてスパイスを加えた」と演技に納得。夜間の撮影で「あったかいご飯を食べられるのがうれしかった」と話すと、加藤は「時期的にも寒かったんでね」と笑顔で応じた。

　ドラマは同局の動画配信サービス「ＦＯＤ」でも配信される。
報知新聞社",[],[]
高田夏帆、特別な日を報告　和装姿に「何歳になっても美しい」「とても３０代には見えません」（スポーツ報知）,https://news.yahoo.co.jp/articles/3fb37169310d115910e41f4b4172369049330003,https://newsatcl-pctr.c.yimg.jp/t/amd-img/20260601-05311205-sph-000-2-view.jpg?exp=10800,2026-06-01T12:45:03+09:00,2026-06-01T12:48:11+09:00,スポーツ報知,sph,スポーツ報知,309,"高田夏帆のインスタグラム（＠takadakaho）より
女優の高田夏帆が、自らの“特別な日”を報告した。

　高田は３１日、「Ｈａｐｐｙ　Ｂｉｒｔｈｄａｙ　ｔｏ　Ｍｅ　ｐｈｏｔｏ　ｂｙ　Ｊ」と自身のインスタグラムに投稿。３０歳の誕生日を迎えたことを明かし、浜辺で笑顔を浮かべるどアップショットや、着物姿を公開した。
【写真】爽やかな和装ショット！「とても３０代には見えません」
この投稿にファンからは「お誕生日おめでとうございます」「何歳になっても美しく、可愛いかほちゃん！本当に綺麗です」「かわいい　おめでとう」「とても３０代には見えません」「和服のかほちゃんも可愛すぎ」など、祝福の声が寄せられている。
報知新聞社",[],[]
え～上戸彩？！若槻千夏、誕生日祝いに集まる人物が豪華すぎて話題　本名も明かす「最高な誕生日週でした」（スポーツ報知）,https://news.yahoo.co.jp/articles/911e1fbe5707b49f43b565128a49805723541850,https://newsatcl-pctr.c.yimg.jp/t/amd-img/20260601-06011058-sph-000-4-view.jpg?exp=10800,2026-06-01T12:41:03+09:00,2026-06-01T13:38:38+09:00,スポーツ報知,sph,スポーツ報知,481,"若槻千夏のインスタグラム（＠ｗａｋａｔｓｕｋｉｃｈｉｎａｔｓｕ）より
５月２８日に４２歳の誕生日を迎えたタレントの若槻千夏がプライベートショットを公開。登場する豪華すぎる人物たちが注目を集めている。
【写真】なんと「とんねるず」木梨憲武もお祝いに駆け付けた！
１日までに自身のインスタグラムを更新し、「最高な誕生日週でした」と複数ショットをアップ。「彩ちゃんがサプライズしてくれた（誰も信じないけどママ友）」と、３児のママで女優の上戸彩、「木梨憲武さんがど深夜番組（若槻千夏のうるさい心理テスト）に来てくれて誕生日プレゼントまで作ってきてくれました！！」と、お笑いコンビ「とんねるず」の木梨憲武、「アンミカさんとみな実さんがカレンちゃんと私の誕生日会してくれました」と、タレントの滝沢カレンとのツーショットをそれぞれ披露した。

　また、ケーキに記された名前に着目すると「千夏」と書かれたもののほかに、本名の「ちはる」と書かれたものがあり、「ちはる本人」とつづってサクランボがたっぷりデコレーションされた豪華なケーキを持って収まった写真も載せている。
報知新聞社",[],[]
１児の母・新川優愛　フリルブラウスがお似合い！最新姿が「可愛すぎだろ」「素敵」（スポーツ報知）,https://news.yahoo.co.jp/articles/d5ccd43656c166fc2ed27c4b2b876288ecc7ca53,https://newsatcl-pctr.c.yimg.jp/t/amd-img/20260601-05311257-sph-000-1-view.jpg?exp=10800,2026-06-01T12:40:06+09:00,2026-06-01T12:40:06+09:00,スポーツ報知,sph,スポーツ報知,357,"新川優愛のインスタグラム（＠ｓｈｉｎｋａｗａｙｕａ＿＿＿）より
女優・新川優愛が近影を公開した。

　新川は３１日に自身のインスタグラムで「『ぐ～たくさん』ありがとうございました」と記し、ピンクのフリルブラウスにパンツをあわせたコーデショットを披露。両手を広げたアップショットや、全身ショットを載せた。
【写真】セーラー服を見事に着こなした姿！「超カワイイ」全身ショット！
この投稿にＳＮＳ上では「可愛すぎだろ」「素敵」「女神降臨」「万人受けする顔　可愛い」などの声が寄せられている。

　新川は２０１９年に仕事の現場で知り合ったロケバスの運転手と結婚。２３年５月に第１子出産を発表した。テレビ番組に出演した際は夫の小遣いについて「週１定額」「５０００円くらい」と赤裸々に話し、スタジオを驚かせていた。
報知新聞社",[],[]
柿谷曜一朗さんと美人妻の共演ショットが「スタイル良すぎ」「本当にかわいい」「放送後はデートですか？」…丸高愛実が公開（スポーツ報知）,https://news.yahoo.co.jp/articles/058bf7118df3113f4502f89cdf339a4a79bd33eb,https://newsatcl-pctr.c.yimg.jp/t/amd-img/20260601-05311197-sph-000-1-view.jpg?exp=10800,2026-06-01T12:40:02+09:00,2026-06-01T12:40:02+09:00,スポーツ報知,sph,スポーツ報知,375,"丸高愛実のインスタグラム（＠ｍａｒｕｔａｋａｍａｎａｍｉ）より
サッカー元日本代表ＦＷ柿谷曜一朗さんの妻で、２４年８月に第３子を出産したタレント・丸高愛実が、夫婦ショットを公開した。
【写真】「りくりゅうみたい」夫の柿谷氏にリフトされる姿に仰天
丸高は３１日に自身のインスタグラムを更新。「サンジャポありがとうございました　楽しかったです」とつづり、二人そろってスタジオで笑顔を見せる様子や、コーデショットを公開した。

　仲睦まじい２人の様子にファンからは「益々ご夫妻での出演オファーが増えることと思います」「見ましたよ！放送後はデートですか？」「素敵なご夫婦　丸高愛実さん本当に３人のお子様のママですかぁ？本当にスタイル良すぎます　そして綺麗だからみとれてしまいます　本当にかわいい」「面白かったです（笑）」などの声が寄せられている。
報知新聞社",[],[]
【巨人】ジャイアンツジュニアの監督に黒田響生氏　コーチに和田恋氏が就任…選手募集スタート（スポーツ報知）,https://news.yahoo.co.jp/articles/a8b8eca6d2cfdec5b4be6f29c470268c99a128cd,https://newsatcl-pctr.c.yimg.jp/t/amd-img/20260601-06011087-sph-000-1-view.jpg?exp=10800,2026-06-01T12:39:42+09:00,2026-06-01T12:39:42+09:00,スポーツ報知,sph,スポーツ報知,801,"巨人は１日、ＮＰＢジュニアトーナメントＫＯＮＡＭＩ　ＣＵＰ　２０２６に参加する読売ジャイアンツジュニアチームの選手募集要項を発表した。
【動画】速い！！浦田がピノなのか、ピノが浦田なのか
昨年の大会で監督を務めた西村健太朗氏は巨人３軍投手コーチ、同じくコーチを務めた大田泰示氏は２軍打撃コーチに就任し、新たなスタッフも発表された。

　監督には敦賀気比高出身の元巨人育成選手で現ジャイアンツアカデミーコーチ、昨年もジュニアチームのコーチを務めていた黒田響生氏が就任。高知高出身で元巨人、楽天、現在はジャイアンツアカデミーコーチの和田恋氏もコーチに就任した。

【スタッフ】

代表・大森剛（巨人ＯＢ、内野手、ジャイアンツＵ１５多摩川ボーイズ代表）

監督・黒田響生（巨人ＯＢ、内野手）

コーチ・高田誠（巨人ＯＢ、捕手）

コーチ・和田恋（巨人ＯＢ、外野手）

コーチ・与那原大剛（巨人ＯＢ、投手）

マネジャー・成瀬功亮（巨人ＯＢ、投手）

サブマネジャー：北内真太（読売巨人軍野球振興部）

　毎年１２月に行われているこの大会は子どもたちが「プロ野球への夢」という目標をより身近に持てるようにとの思いから２００５年に創設。軟式球で、チームの監督は各球団のＯＢ選手などが務め、選手は小学５、６年生で編成される。

【申込資格】

土日祝の活動に通える範囲内の小学６年生で、下記の条件〈１〉または〈２〉のどちらかを満たしている選手。※全国どこからでも申込可能。

〈１〉５０ｍ走７・５秒以内、または遠投が軟式６５ｍ、硬式６０ｍ、ソフトボール投げ５５ｍ以上

〈２〉大会成績優秀者や特別な能力を有する選手（コントロールが良い、ホームランを打てるなど）

【申込方法】

指定の動画を撮影のうえ巨人球団公式ホームページの申込フォームから。

【申込期間】

６月１日開始、６月３０日受け付け終了
報知新聞社",[],[]
「Ｄｅｆ　Ｔｅｃｈ」Ｍｉｃｒｏ被告、初公判で大麻所持およびコカインなど使用の罪認める　逮捕時に車窓からライブ中止の日本武道館をながめ「顔面蒼白」（スポーツ報知）,https://news.yahoo.co.jp/articles/5802b5fe03e80b27b8cfd82975b88219bca3c3ea,https://newsatcl-pctr.c.yimg.jp/t/amd-img/20260601-06011086-sph-000-6-view.jpg?exp=10800,2026-06-01T12:38:16+09:00,2026-06-01T15:04:01+09:00,スポーツ報知,sph,スポーツ報知,946,"Ｍｉｃｒｏ（マイクロ）こと西宮佑騎被告
大麻、コカイン、ＭＤＭＡを所持したとして麻薬及び向精神薬取締法違反の罪に問われた音楽デュオ「Ｄｅｆ　Ｔｅｃｈ（デフテック）」のＭｉｃｒｏ（マイクロ）こと西宮佑騎被告の初公判（室橋秀紀裁判官）が１日、東京地裁で開かれ、西宮被告は起訴内容を認めた。
【写真】Ｄｅｆ　Ｔｅｃｈの２ショット　Ｍｉｃｒｏ「音楽と野球が繫がる」
起訴状などによると、西宮被告は今年２月２日、都内の自宅で乾燥大麻３・５１７グラムを所持し、また同日に千葉県内でのサーフィン後、自動車運転中にコカインとＭＤＭＡの粉末を吸引、スプーンをなめるなどして摂取した。その後、帰宅したところを厚生労働省の関東信越厚生局麻薬取締部の家宅捜索を受け現行犯逮捕された。

　黒いスーツに黒いネクタイ姿で出廷した西宮被告は、日焼けした姿。裁判官から職業を尋ねられると「音楽家です、歌手です」と答え、起訴事実について「間違いありません」と述べた。

　弁護人からの質問では、初めて大麻を使用したのは海外留学中の２０歳ごろといい「ホームステイ先の子どもが使用していたのがきっかけ。お酒と似ていて、音楽が立体的に聞こえたり心の安堵（あんど）感が得られた」と語った。また米サンフランシスコのフェスで、入場チケットにＭＤＭＡがついてきたことから使用したといい「温かくなり、音楽が楽しくなった」と語った。

　２００４年を最後に使用していなかったが、２０２２年に米ロサンゼルスのフェスで「現地スタッフから大麻とコカインをもらった」ことから使用を再開。今回の罪に問われた大麻は「昨年末から１月にかけてハワイで入手した」といい、昨年６月と今回の計２度、日本に大麻を持ち込んだという。

　逮捕された際に印象に残ったことを問われると「麻薬取締部の事務所が九段下にあったのですが、逮捕の６日後に日本武道館ライブを控えていた。車の中から『見てごらん』と窓を開けて目の前で武道館を見た。（顔が）色黒なのですが、顔面蒼白（そうはく）。落ち込んだし、悔しかった。これほど落ち込んだことはない」と振り返った。武道館ライブは逮捕後、中止が決まった。

　検察側は拘禁刑２年を求刑し結審。判決は１１日午後１時半に言い渡される。
報知新聞社",[],[]
鈴木福「ありがとう！嵐！！」共演の思い出と「宝物」を投稿…ラストライブ参戦で「爆泣き」（スポーツ報知）,https://news.yahoo.co.jp/articles/20ae22bed9e60d217244582fde7328b1b6663274,https://newsatcl-pctr.c.yimg.jp/t/amd-img/20260601-06011061-sph-000-2-view.jpg?exp=10800,2026-06-01T12:30:03+09:00,2026-06-01T12:38:07+09:00,スポーツ報知,sph,スポーツ報知,502,"鈴木福
元人気子役で現在も俳優として活躍中の鈴木福が１日までに自身のインスタグラムを更新。
【写真】鈴木福の宝物！嵐・二宮からのイラスト付きメッセージ
嵐のラストライブについて投稿した。

　「嵐のみなさん、本当にお疲れ様でした。ずっとテンション爆上げ！からの後半爆泣き。」と、嵐のラストライブの感想を投稿。

さらに子役時代からバラエティーや音楽番組、ドラマなどで共演したことを振り返り「さまざまな番組で「嵐」という伝説の存在と同じ空間、同じ時間を何度も共にできたことを誇りに思います！」と番組出演時にもらったプレゼントを「宝物」として大事にしていることを明かした。　

「嵐のみなさんに、お仕事でも、いちファンとしてもたくさん元気、勇気、愛をもらいました。」と記し、「伝説のラストを、観ることができて本当によかった。これからも嵐を、嵐の音楽たちを愛していきます！！ありがとう嵐！！」と熱い思いで締めた。

　この投稿には「貴重なものを見せてくれてありがとうございます」「福くんこれは大切な宝物だね」「福くん！愛のある言葉、素敵です」「福くん　泣いちゃうよ」などのコメントが寄せられている。
報知新聞社",[],[]
【巨人】橋上秀樹監督代行の初勝利記念グッズを発売　試合後の場面をデザイン（スポーツ報知）,https://news.yahoo.co.jp/articles/e7a73c36a33bb4824cc9e05910a1c77a9da755b1,https://newsatcl-pctr.c.yimg.jp/t/amd-img/20260601-06011084-sph-000-1-view.jpg?exp=10800,2026-06-01T12:28:59+09:00,2026-06-01T12:28:59+09:00,スポーツ報知,sph,スポーツ報知,354,"巨人が橋上秀樹監督代行の初勝利記念グッズを発売
巨人は１日、橋上秀樹監督代行の「初勝利記念グッズ」を球団オンラインストアで発売と発表した。
【動画】戸郷の快投で橋上代行初白星！
阿部前監督の辞任に伴い、オフェンスチーフコーチから就任し、２試合目となった５月２７日のソフトバンク戦（東京ドーム）で、初勝利を挙げた橋上監督代行。

　記念グッズはＴシャツやフェイスタオルなど５種類。記念すべき勝利後のシーンをデザインしている。

【商品一覧】

・Ｔシャツ　※Ｓ～２ＸＬ　４，５００円

・トートバッグ　３，５００円

・フェイスタオル　２，５００円

・アクリルスタンド　１，４００円

・ユニホームキーチェーン　１，２００円

※金額は１０％消費税込み

※記念グッズの受注期間は６月１～８日正午
報知新聞社",[],[]
緑川静香　所属事務所「サンミュージックプロダクション」円満退所を報告「独立という道に進みます」（スポーツ報知）,https://news.yahoo.co.jp/articles/d07a4fcc25d9087ec5163c4162d6351db4adeb54,https://newsatcl-pctr.c.yimg.jp/t/amd-img/20260601-06011083-sph-000-3-view.jpg?exp=10800,2026-06-01T12:25:11+09:00,2026-06-01T12:37:23+09:00,スポーツ報知,sph,スポーツ報知,651,"緑川静香のインスタグラムより＠ｍｉｄｏｒｉｋａｗａ＿ｓｈｉｚｕｋａ
女優でタレントの緑川静香が１日、自身のインスタグラムを更新し、芸能事務所「サンミュージックプロダクション」を退所したことを報告した。
【写真】「鬼レンチャン」サバイバルランで対決した元五輪アスリート！
「【ご報告】このたび、２０２６年５月３１日をもちましてサンミュージックプロダクションを退所いたしました」とつづり、笑顔の写真をアップ。

　「気付けば１０年。自分でも驚くくらい、本当にあっという間でした。これまで支えてくださった皆さま、そしていつも温かく見守ってくださった事務所の皆さまには、感謝の気持ちでいっぱいです」と伝えた。

　「会長、社長をはじめ、マネージャーの皆さんから『何かあったらいつでも相談してね、実家だと思って甘えてね』と言っていただき、その温かさに思わず号泣してしまいました。本当に円満に送り出していただき、心から感謝しております」と思いをコメント。

　「退所後は独立という道に進みますが、これからも一つ一つのお仕事に真摯に向き合い、より一層精進してまいります。今後とも変わらぬご指導、そして温かい応援をいただけましたら嬉しいです。引き続き、どうぞよろしくお願いいたします」と記した。

　緑川は昨年放送のフジテレビ系「あなたを奪ったその日から」などドラマ、映画、舞台と数多くの作品に出演。今年４月放送の同局系「千鳥の鬼レンチャン　女子３００メートルサバイバル」などバラエティーでも活躍している。
報知新聞社",[],[]
２０キロ減量で別人美女に！「また可愛くなった」元尼神インター・誠子の近影が話題「背中きれい」「色気あるなぁ」（スポーツ報知）,https://news.yahoo.co.jp/articles/1102f58ae141e34bb09a6067150b080a12fe5687,https://newsatcl-pctr.c.yimg.jp/t/amd-img/20260601-06011062-sph-000-4-view.jpg?exp=10800,2026-06-01T12:20:04+09:00,2026-06-01T18:27:01+09:00,スポーツ報知,sph,スポーツ報知,528,"誠子のインスタグラム（＠ｓｅｉｋｏ＿１２０４）より
２０２４年３月末にお笑いコンビ「尼神インター」を解散し、今年４月に京都へ移住したことを報告したお笑いタレント・誠子の最新姿が話題になっている。
【写真】誠子のバックショット「背中きれい」「なんか色気あるなぁ」
１日までに自身のインスタグラムを更新し、「神戸の北野が大好きです。これからたくさん散歩できるの嬉しい。美容院に行って、お気に入りのマルシェとお肉屋さんで買い物をしました。弓削牧場のチーズはおいしくて幸せになります。」と近況を報告。髪を鎖骨あたりの長さに切りそろえた美容院後のオフショットを公開した。

　この投稿にフォロワーからは「背中めっちゃ綺麗」「髪型すごくステキです」「本当にナチュラルになった～」「また可愛くなったね」「なんか、色気あるなぁ」など絶賛する声が寄せられている。

　誠子は、元相方・渚（現在は改名してナ酒渚＝なさけなぎさ）とコンビを組んでいた「尼神インター」を２０２４年３月末で解散し、吉本興業を退所。その後は芸人の活動にとどまらず、女優業にも力を入れている。最近ではＳＮＳにアップする料理、過去には体重２０キロの減量に成功したことを明かして話題になっている。
報知新聞社",[],[]
サッカー日本代表の中村敬斗、ＪＡＬとパートナーシップ契約「応援してくださる皆さまの記憶に残るようなゴールを決め続けたい」（スポーツ報知）,https://news.yahoo.co.jp/articles/fe35c30961552c464648b67e36e18d4a17cc1630,https://newsatcl-pctr.c.yimg.jp/t/amd-img/20260601-06011073-sph-000-3-view.jpg?exp=10800,2026-06-01T12:15:06+09:00,2026-06-01T12:48:42+09:00,スポーツ報知,sph,スポーツ報知,736,"サッカー日本代表のＭＦ中村敬斗（株式会社SUNLOGUE提供）
日本航空（ＪＡＬ）は１日、サッカー日本代表のＭＦ中村敬斗（Ｓランス）とパートナーシップ契約を締結したと発表した。
【Ｗ杯メンバー＆背番号一覧】森保監督が選んだ２６人
同社は「常に高みを目指し、幾多の困難を乗り越えて世界の第一線で挑戦を続ける中村選手の姿勢に深く共感し、「次世代を担う若者の挑戦を後押ししたい」という両者の熱い想いにより、今回のパートナーシップが実現しました。今後、ＪＡＬは快適な移動のサポートを通じて中村選手が世界の第一線で最高のパフォーマンスを発揮できるよう全力で並走するとともに、中村選手とともに、未来の挑戦者たちの「新たな一歩を後押しする」取り組みを実施します」と伝えた。

　中村が発表したコメントは以下の通り。

【コメント全文】

　このたび、ＪＡＬさまにサポートいただくことになりました。海外の空港でＪＡＬの鶴のマークを目にすると、いつもホッとするような安心感を覚えていました。

　これからは強力なパートナーとして、共に世界へ挑めることをとても心強く思っています。

　１７歳からプロの世界に入り、挑戦を続けてきましたが、長いシーズンを戦う中で皆さんの声援は本当に励みになっています。ぜひスタジアムにも足を運んでいただけたら嬉しいです。チームの勝利にこだわり、応援してくださる皆さまの記憶に残るようなゴールを決め続けたいと思います。

　今後は、ＪＡＬさまと一緒に若い世代の挑戦を後押しできるような活動にも取り組んでいく予定です。

　いよいよ世界最高峰の舞台での戦いが始まります。小さい頃から夢見ていた場所でもあるので、全力で頑張ります。応援よろしくお願いします
報知新聞社",[],[]
【ソフトバンク】倉野信次投手コーチ、上沢直之の実戦復帰はファーム戦の可能性を示唆「ライブＢＰは多分ないかな」（スポーツ報知）,https://news.yahoo.co.jp/articles/cbcab94167777c84531d1b20e0848643ac21c413,https://newsatcl-pctr.c.yimg.jp/t/amd-img/20260601-06011082-sph-000-1-view.jpg?exp=10800,2026-06-01T12:14:14+09:00,2026-06-01T12:14:14+09:00,スポーツ報知,sph,スポーツ報知,303,"ソフトバンク・上沢直之
ソフトバンク・倉野信次投手チーフコーチ兼ヘッドコーディネーターが１日、ファームで調整中の上沢直之投手について言及した。
【動画】圧巻！ビタビタコントロールで見逃し三振奪取の山本由伸
開幕投手も務めた右腕は、１５日の楽天戦（楽天モバイル）で３回４失点（自責０）で降板し、コンディション不良のため出場選手登録を抹消された。５月３１日にペイペイドームに姿を見せた上沢は、すでにブルペン投球は再開していると明かした。倉野コーチはファーム戦で登板するプランもあるとし「ライブＢＰは多分ないかな。（投げるのは）近々」と見通しを明かした。１軍復帰に向け、順調に歩みを進めているようだ。
報知新聞社",[],[]
佐藤隆太「嵐」ライブで岡田准一と再会ショット「木更津キャッツアイ世代です」「エモい！」「胸熱すぎ」妻夫木聡も参戦（スポーツ報知）,https://news.yahoo.co.jp/articles/65abfe970d4248b0235953e5ecd3c0a61b6db211,https://newsatcl-pctr.c.yimg.jp/t/amd-img/20260601-06011050-sph-000-4-view.jpg?exp=10800,2026-06-01T12:10:02+09:00,2026-06-01T12:29:46+09:00,スポーツ報知,sph,スポーツ報知,502,"佐藤隆太のインスタグラム（＠ｒｙｕｔａｓａｔｏ）より
俳優の佐藤隆太が、１日までに自身のＳＮＳを更新。懐かしいツーショットが話題になっている。
【写真】妻夫木聡も参戦！「聡ちゃんと一緒にこの瞬間に立ち会えたのも嬉しかった！」
インスタグラムに「ラストのラストまで最高にキュートで、真っ直ぐで、愛おしくて、カッコ良くて、愛に満ち溢（あふ）れた５人でした。」と書き始め、５月３１日に東京ドームでの全国ツアー最終公演をもって約２６年半のグループ活動を終えた「嵐」の公演に参戦した佐藤。５人への熱い思いをつづり、「聡ちゃんと一緒にこの瞬間に立ち会えたのも嬉しかった！」と、妻夫木聡とのツーショットを載せている。

　さらに次の投稿では「お懐なエモい再会もありマスター！」と、俳優の岡田准一とのツーショットも公開。嵐の櫻井翔、佐藤、妻夫木、岡田は２００２年のＴＢＳ系ドラマ「木更津キャッツアイ」で共演しており、フォロワーは「エモい！！木更津キャッツアイ見返したくなりました」「えー最高」「ぶっさんとマスター」「熱すぎる！！」「木更津キャッツアイ世代です」「胸熱すぎます」などのコメントが寄せられている。
報知新聞社",[],[]
「ぽっかぽか」子役の上脇結友　離婚を発表「母として、役者として精進」…「３年Ｂ組金八先生」など出演（スポーツ報知）,https://news.yahoo.co.jp/articles/5a040fea3730bd561dbce8c36209588625ced39d,https://newsatcl-pctr.c.yimg.jp/t/amd-img/20260601-06011078-sph-000-5-view.jpg?exp=10800,2026-06-01T12:03:47+09:00,2026-06-01T12:34:54+09:00,スポーツ報知,sph,スポーツ報知,726,"上脇結友のインスタグラムより＠ｙｕ＿ｋａｍｉｗａｋｉ
女優の上脇結友（３６）が１日、自身のＸ（旧ツイッター）を更新し、離婚を報告した。
【別カット】離婚発表の上脇結友は「人として、母として、役者として精進して参ります」
「関係者の皆様　応援してくださっている皆様」と題し、「私事で大変恐縮ではございますが、先日離婚いたしましたことをご報告させていただきます」と発表。

　「今後もお互いに子供を第一に考え、親として良い関係を築いていきたいと思います。気持ちを新たに、人として、母として、役者として精進して参ります」とつづり、「今後とも温かく見守っていただけますと幸いです」と呼びかけた。

　上脇は公式サイトによると、鹿児島県出身。乗馬ライセンス５級、韓国語（ハングル能力検定３級）の資格を持ち、特技は日本舞踊（花柳流８年）。１９９４年、ＴＢＳドラマ「ぽっかぽか」シリーズにて田所あすか役でデビュー。４歳の子役として、演技力が評価され話題になった。

　その後はドラマ「若葉のころ」「３年Ｂ組金八先生」「ギャルサー」などに出演。近年では、舞台「花嫁～娘からの花束～」、江戸川乱歩没後６０周年記念作品「ＲＡＭＰＯ　ＷＯＲＬＤ」、映画「白昼夢」などに出演した。

　私生活では２０１７年にＸで「私上脇結友は６月９日に母になりました。予てよりお付き合いさせて頂いていた田中康寛さんと結婚し、元気な男の子が産まれました。御報告が遅くなり申し訳ありません。母として、役者として益々精進して参ります。今後とも応援して頂けますと幸いです」と明かしていた。

　５月２７日には自身のインスタグラムで「暑くなってきましたねぇ…」と撮影した近影を公開していた。
報知新聞社",[],[]
５１歳・華原朋美「お泊まり＆遊びまくり」親子ショット！「可愛ーい」「元気になって良かった」昨年手術（スポーツ報知）,https://news.yahoo.co.jp/articles/51a06ee568a63002238b7a0c70834c5116b5c602,https://newsatcl-pctr.c.yimg.jp/t/amd-img/20260601-06011053-sph-000-3-view.jpg?exp=10800,2026-06-01T12:01:04+09:00,2026-06-01T12:37:48+09:00,スポーツ報知,sph,スポーツ報知,585,"華原朋美のインスタグラム（＠ｔｏｍｏｍｉ＿ｋａｋａｌａ）より
歌手の華原朋美（５１）がプライベートショットを披露した。

　１日までに自身のインスタグラムを更新し、「ＬＥＧＯランド名古屋に３日間お泊まり＆遊びまくりをしてきました　ずっとずっと約束してたのに連れて行けなかったからこの３日間は最高に楽しかったです」と親子で有名テーマパークを訪れたことを報告。
【別カット】「朋ちゃん幸せそう」「大きくなったね！」「ＬＥＧＯランド親子ショット
「また来週もどこかに遊びに連れて行きたいなと思っちゃうくらい週末を楽しんできました」と息子との親子ショットをアップし、「沢山の思い出をもっともっと作りたいなって思います　可愛くて仕方ない」と思いを記した。

　昨年１２月に病気で手術していたことを告白した華原。この投稿にはフォロワーから「朋ちゃん幸せそうで本当に嬉しい！」「大きくなったね！」「朋ちゃん、キレイ」「朋ちゃん　素敵な表情です～」「朋ちゃん可愛ーい」「朋ちゃん元気になって良かったー」などの声が寄せられている。

　華原は５月１日に、８月３０日から全国ツアー「♡Ｆａｎｔａｓｔｉｃ　ｓｏｎｇｓ♡」を行うことを発表。また「３０周年記念コンサートが終わってから、個人的に病気が見つかり１２月の仕事を終えて入院して４時間以上にも及ぶ手術を受けました」と公表した。
報知新聞社",[],[]
複合のレジェンド、渡部暁斗さんが北野建設スキー部のＧＭに就任　「チームのさらなる飛躍と未来への礎を築けるよう尽力」（スポーツ報知）,https://news.yahoo.co.jp/articles/1f3f3739bb997583c282806229620c09eaebb873,https://newsatcl-pctr.c.yimg.jp/t/amd-img/20260601-06011077-sph-000-2-view.jpg?exp=10800,2026-06-01T11:51:48+09:00,2026-06-01T12:03:21+09:00,スポーツ報知,sph,スポーツ報知,503,"渡部暁斗
北野建設スキー部は６月１日、ノルディックスキー複合男子で五輪６大会連続出場の渡部暁斗さんがゼネラルマネジャー（ＧＭ）に就任したと発表した。
【写真】レジェンド・渡部暁斗さんの気になる今後は？　「スポーツを楽しむことをたくさんの人に伝えたい」
渡部さんは五輪で３大会連続メダルを獲得するなど、計４個のメダルを手にし、Ｗ杯でも通算１９勝を挙げ、２５～２６年シーズン限りで現役を引退した。今後はチームのマネジメント、メンターとして選手の育成にあたる。

　同部は渡部ＧＭ、作山憲人コーチ、横川朝治顧問の新体制も発表した。選手は同ＧＭの弟で２２年北京五輪複合団体の銅メダルメンバーの善斗、２月にミラノ・コルティナ五輪のジャンプ女子で個人ノーマルヒル、混合団体で銅メダルを手にした丸山希。

　渡部ＧＭは「この度、伝統ある北野建設スキー部のゼネラルマネージャーに就任いたしました。新たな立場に身の引き締まる思いですが、引き続き世界トップレベルで結果を残し続けるチームを目指してまいります。至らぬ点もあるかと思いますが、チームのさらなる飛躍と未来への礎を築けるよう尽力いたします」とコメントした。
報知新聞社",[],[]
ゆきぽよ、宮古島を満喫！水着姿に「超絶最高に可愛い」「本当に似合うね」「ギャル最高」とフォロワー大喜び（スポーツ報知）,https://news.yahoo.co.jp/articles/753f0c95f025605c64acbb5fabe94a49e297e619,https://newsatcl-pctr.c.yimg.jp/t/amd-img/20260601-05311114-sph-000-5-view.jpg?exp=10800,2026-06-01T11:50:03+09:00,2026-06-01T12:44:24+09:00,スポーツ報知,sph,スポーツ報知,341,"ゆきぽよのインスタグラム（＠ｐｏｙｏ＿ｎｇｙ）より
「ゆきぽよ」の愛称で知られるモデルでタレントの木村有希のプライベートショットに、フォロワーがざわついている。
【写真】水着姿でニッコリ「ムッチリボディがめっちゃ最高」
５月３１日までに自身のインスタグラムで「宮古島　だーいすきな場所　いつも何かに追われて急いでるような感情を忘れて何も気にしなくていい、何も考えなくていいここが大好き」とつづり、宮古島を満喫する様子をシェア。プールや海で満面の笑みを浮かべた水着姿や、カヤックに乗る様子などを公開した。

　この投稿にファンからは「かわいい」「水着姿も可愛い　ギャルは最高」「超絶最高に可愛い」「本当に似合うね」「ムッチリボディがめっちゃ最高」などの声が寄せられている。
報知新聞社",[],[]
「嵐」ラストライブにバックダンサー出演のＡＣＥｅｓ浮所「時代を作ったグループ」一夜明け憧れの先輩への熱い思い語る（スポーツ報知）,https://news.yahoo.co.jp/articles/0e212fe4c3f63eff0ba2e59d642d440ef7291443,https://newsatcl-pctr.c.yimg.jp/t/amd-img/20260601-06011054-sph-000-2-view.jpg?exp=10800,2026-06-01T11:45:01+09:00,2026-06-01T19:53:45+09:00,スポーツ報知,sph,スポーツ報知,642,"ジュニアの５人組「ＡＣＥｅｓ」の浮所飛貴が１日放送の日本テレビ系情報バラエティー番組「ＤａｙＤａｙ．」（月～金曜・午前９時）にスタジオ出演。５月３１日に行われた嵐のラストライブへのバックダンサーとしての出演を振り返り、先輩への熱い思いを語った。
【写真】嵐が９７５６日の活動に幕　ラストライブ肩を寄せ合い「みんな、バイバ～イ！」
「母が嵐ファンでかっこいいと思ったことがきっかけで、事務所に入りたいと思って応募したので感謝しかない」と入所のきっかけが嵐だったことを明かし、VTR中は涙をぐっとこらえるような表情も見せた。

　バックダンサーでの出演についてＭＣの山里亮太が「言ったら一番の特等席じゃない」と振ると「ステージ上からあの姿を見られるのは本当にすごいこと」と話しつつ、「ぜいたくな悩みですけど、このステージを客席からも見たかったなっていうのもありました」と“ファン”としてのコメントも。「５人越しの５万人の景色は今思い出しても感動します」と思い出をかみ締めた。

　過去２度バックについた時にはコロナ禍での無観客ライブだったため「初めてお客さんと嵐さんが対面している姿を見た」と話し、「（松本）潤くんのプロデュースする『嵐』というライブのすごさを間近で１５公演見られて本当に勉強になりました。嵐さんのファン思いな姿をずっと見ていて、学ぶところしかなかった。僕自身もステージの立ち方が変わりました。時代を作ったグループだと思います」と大先輩への尊敬の言葉で締めた。
報知新聞社",[],[]
４０歳山崎育三郎「今夜も同級生」人気俳優とイケメン２ショット！「４０になってもキラキラな」小池徹平と再会（スポーツ報知）,https://news.yahoo.co.jp/articles/25e35f0104a622a0596b093618f1ca1c46afba13,https://newsatcl-pctr.c.yimg.jp/t/amd-img/20260601-05311233-sph-000-3-view.jpg?exp=10800,2026-06-01T11:40:04+09:00,2026-06-01T12:46:14+09:00,スポーツ報知,sph,スポーツ報知,282,"山崎育三郎のインスタグラム（＠ｉｋｕｓａｂｕｒｏ＿ｙａｍａｚａｋｉ）より
俳優の山崎育三郎（４０）が５月３１日に自身のＳＮＳを更新。人気俳優との２ショットを公開した。
【写真】山崎育三郎「ずっと可愛がって頂いてる」大御所芸人との再会に喜び
インスタグラムに俳優の小池徹平と親しげにピースした写真を投稿。「今夜も同級生。４０になってもキラキラなてっぺい」とコメントした。自身がＭＣを務める「おしゃれクリップ」のハッシュタグをつけ、小池が出演したことを報告した。　二人は同じ１９８６年１月生まれの４０歳。この投稿には１０００を超える「いいね！」が集まった。
報知新聞社",[],[]
【バスケ女子】渡嘉敷来夢がトヨタ自動車に加入　「チームの勝利・優勝に貢献できるよう、日々全力で過ごしたい」（スポーツ報知）,https://news.yahoo.co.jp/articles/199b493778ab312090445af21e11774f55eccadd,https://newsatcl-pctr.c.yimg.jp/t/amd-img/20260601-06011072-sph-000-1-view.jpg?exp=10800,2026-06-01T11:36:47+09:00,2026-06-01T11:36:47+09:00,スポーツ報知,sph,スポーツ報知,459,"渡嘉敷来夢
バスケットボール女子Ｗリーグのトヨタ自動車は１日、２０１６年リオデジャネイロ五輪日本代表の渡嘉敷来夢が加入すると発表した。５月３１日にアイシンからの退団を発表していた。渡嘉敷はリリースを通じて「トヨタ自動車アンテロープスの一員になりました渡嘉敷来夢です。新しい環境・新しい仲間・ファンの皆さまと一緒に戦えることに凄くワクワクしています。自分自身の成長はもちろん、チームの勝利・優勝に貢献できるよう、日々全力で過ごしたいと思います。よろしくお願いいたします」とコメントした。
【写真】渡嘉敷来夢「遠足前の小学生みたい。あまり寝られなかった」　女子日本代表アジアカップへ出発
渡嘉敷は慎重１９３センチのセンターフォワード。愛知・桜花学園高では１年時から活躍し、インターハイとウィンターカップ３連覇を果たした。２０１０年からＷリーグでプレーし、１５～１７年には米ＷＮＢＡにも挑戦。日本代表でも活動し、１３年、１５年アジア・カップでは優勝を果たし大会ＭＶＰにも選ばれた。１６年リオ五輪ではベスト８入り。
報知新聞社",[],[]
百田夏菜子「パイの実」アニメ化に期待　推しキャラは「ももクロ要素をたくさん見つけました」（スポーツ報知）,https://news.yahoo.co.jp/articles/dc8050969e7e78da139afdf9e5adffd56fb327d6,https://newsatcl-pctr.c.yimg.jp/t/amd-img/20260601-06011071-sph-000-3-view.jpg?exp=10800,2026-06-01T11:28:44+09:00,2026-06-01T17:59:08+09:00,スポーツ報知,sph,スポーツ報知,568,"パイの実アニメ化を祝った百田夏菜子、マユリカ・中谷
ももいろクローバーＺの百田夏菜子が１日、都内で行われたロッテ「パイの実」アニメ化発表会に出席した。
【写真】最新姿が「あまりにも天使」
「パイの実」は発売から４８年目を迎えるロングセラー菓子。初のアニメ「パイの実　おしの森へようこそ！」が４日から同社の公式Ｙｏｕ　Ｔｕｂｅで公開される。淡い黄色のワンピース姿で登場した百田は「大好きなパイの実のアニメ化。かわいいキャラクターがいっぱいいるので、推しを見つけたいと思います」と笑顔であいさつ。パイの実をアレンジして食べることが好きだといい「温めたり、冷やしてもおいしい。気分や季節によって、ちょいアレンジしていただくことがとっても好きです」と話した。

　キャラクター紹介を経て、自身の推しには、アニメのヒロイン・ロクシーと回答。「玉井詩織ちゃんと同じ６月４日生まれ、ストップウォッチを６秒４で止められる特技も１０秒００で止められた高城れにちゃんと同じ。髪飾りもあーりんのものに似ている。ももクロ要素をたくさん見つけました」と話し、メンバー愛も見せつけた。

　同アニメは主人公・パイルの声優を人気アニメ「クレヨンしんちゃん」野原しんのすけ役の小林由美子が務め、「ＨＵＧっと！プリキュア」キュアエール役の引坂理絵も出演する。
報知新聞社",[],[]
【豊臣兄弟！】第２１話視聴率１０・８％　菅田将暉の“激変”に衝撃「え？」「顔…」「古畑任三郎？」「大丈夫」（スポーツ報知）,https://news.yahoo.co.jp/articles/636704a8e1af8241d1e417e5084e1491485afb62,https://newsatcl-pctr.c.yimg.jp/t/amd-img/20260601-06011069-sph-000-4-view.jpg?exp=10800,2026-06-01T11:27:25+09:00,2026-06-01T12:51:01+09:00,スポーツ報知,sph,スポーツ報知,1010,"菅田将暉
俳優・仲野太賀主演のＮＨＫ大河ドラマ「豊臣兄弟！」の第２１話が５月３１日に放送され、世帯平均視聴率が１０・８％となったことが１日、分かった。（数字は関東地区、ビデオリサーチ調べ）
【写真】菅田将暉の“激変”に衝撃「え？」「古畑任三郎？」
初回は１３・５％でスタート。第２話は１２・２％、第３話は１２・９％。第４話は１３・１％。第５話は１２・５％。２月８日は衆院選の開票速報で放送休止し、２週ぶりの放送となった第６話は１１・８％。第７話１０・９％、第８話１２・１％。第９話１０・４％。第１０話１２・１％。第１１話１１・６％。第１２話１１・４％。第１３話１１・８％。第１４話は１２・２％。第１５話は１１・６％。第１６話は１１・９％。第１７話は１０・４％。第１８話は１０・７％。第１９話。第２０話１１・６％と２桁の数字をキープしている。今回の個人視聴率は６・３％だった。

　仲野が豊臣秀長（豊臣秀吉の弟）役で主演を務め、天下一の補佐役・秀長の目線で戦国時代をダイナミックに描く夢と希望の下克上サクセスストーリー。

　第２１話は「風雲！竹田城」。秀吉（池松壮亮）と小一郎（仲野太賀）は、荒木村重（トータス松本）に代わって織田と毛利の間で揺れる播磨の攻略に当たる。難しい任務と思われたが、村重の仲介で出会った姫路城代・小寺官兵衛（倉悠貴）は、見事な手腕で播磨の国衆を織田方につけてみせる。半兵衛（菅田将暉）の案で、秀吉はさらに西方へ兵を進めることを決め、西播磨へ。一方、小一郎は但馬の竹田城攻めを任され、初めて総大将として戦に臨む…と展開した。

　今回は仲野の父・中野英雄が竹田城主・太田垣輝延でサプライズ出演し、親子共演が話題に。また官兵衛（倉）が初登場し、早速策を披露して半兵衛（菅田）と火花を散らす場面も。自身の嫡男を人質に差し出すとドヤ顔で語る官兵衛に対し、半兵衛は唇をかみしめて複雑な表情。半兵衛の悔しそうなシーンが公式ＳＮＳにもアップされ、ネットは「え、どういうカオ？？」「視線が……！！！」「これぞ犬猿の仲」「顔芸、冴（さ）えてましたねえ」「竹中半兵衛の変顔は少し笑ってしまいました」「これこれこれＮＨＫ大丈夫なのか笑笑」「それは古畑任三郎を意識して？」「古畑みたいな顔してるな」「兄さん、顔〜」「ものまねタレントがやる古畑任三郎みたい」「菅田将暉さんの顔芸　オモロ～ｗｗｗ」と爆笑した。
報知新聞社",[],[]
二宮和也「嵐」ラストライブから一夜明け「ありがてぇ。あったけぇ。こんなにも素晴らしい６月１日は人生初」感謝感激（スポーツ報知）,https://news.yahoo.co.jp/articles/321df5740539e9dc1773c1db424b98565c6e5ed3,https://newsatcl-pctr.c.yimg.jp/t/amd-img/20260601-06011064-sph-000-1-view.jpg?exp=10800,2026-06-01T11:22:17+09:00,2026-06-01T11:22:17+09:00,スポーツ報知,sph,スポーツ報知,394,"「嵐」の二宮和也が１日、自身のＸ（旧ツイッター）を更新。

５月３１日に行われたラストライブから一夜明けての思いを吐露した。
【写真】嵐が９７５６日の活動に幕　ラストライブ肩を寄せ合い「みんな、バイバ～イ！」
「今日は朝から色んな方が【お疲れ様でした】と伝えてくれます」と連絡が殺到していることを明かし「ありがてぇ。あったけぇ。こんなにも素晴らしい６月１日は人生初です」とつづった。この投稿には「ニノさん！新たな１ページを！」「昨日は本当にありがとう＆お疲れ様でした」「世界中から愛されている嵐」「みんながありがとうの言葉ばかり　一生忘れないよ」などのコメントが寄せられている。

　二宮は５月３１日のラストライブ直前の午後５時４５分には「よし！じゃあ行ってきます！！」、ライブ後の深夜には５杯のシャンパングラスの写真とともに「最後の最後まで嵐。５人で嵐」などと投稿していた。
報知新聞社",[],[]
「これはヤバい」３８歳・小嶋陽菜の大胆な最新姿「マシュマロ～」「たまらん」ファン歓喜「お待ちしてました」（スポーツ報知）,https://news.yahoo.co.jp/articles/686ea3d7c4c85f3614a2a5a300718fab6194ba53,https://newsatcl-pctr.c.yimg.jp/t/amd-img/20260601-05311087-sph-000-2-view.jpg?exp=10800,2026-06-01T11:18:19+09:00,2026-06-01T11:18:43+09:00,スポーツ報知,sph,スポーツ報知,365,"小嶋陽菜のインスタグラム（＠ｎｙａｎｃｈａｎ２２）より
元ＡＫＢ４８のタレントで実業家としても活躍する小嶋陽菜（３８）が、最新姿を公開した。
【全身ショット】黒の上下で「マシュマロ〜」抜群スタイル
３１日までに自身のインスタグラムを更新し、「お待たせしました！！　ブラキャミが完成　ラクな着け心地とバストのホールド感　どちらも叶えてくれます」と自身がプロデュースするブランドのキャミソールを着用した姿をアップした小嶋。複数の撮影ショットでデコルテまわりを大胆に出し、抜群スタイルや美脚を披露している。

　この投稿にフォロワーからは「素晴らしい肉体に惚れ惚れしちゃう」「わー綺麗すぎます」「相変わらず美し過ぎですね」「たまらん」「お待ちしてました」「これはヤバい綺麗さ」「マシュマロ〜」など絶賛する声が寄せられている。
報知新聞社",[],[]
高橋成美さん　りくりゅうペアへの“神解説”反響に感慨深げ「神様からのプレゼント」（スポーツ報知）,https://news.yahoo.co.jp/articles/35bd526c74a1a3b20b102c96fadc5e09048455a0,https://newsatcl-pctr.c.yimg.jp/t/amd-img/20260601-06011068-sph-000-1-view.jpg?exp=10800,2026-06-01T11:16:05+09:00,2026-06-01T11:16:05+09:00,スポーツ報知,sph,スポーツ報知,712,"エニタイムフィットネスのイベントに登場した（左から）赤木、高橋成美さん、きむらバンド
２０１４年ソチ五輪フィギュアスケート・ペア代表でミラノ・コルティナ五輪の解説で一躍、人気者となった高橋成美さんが１日、都内で行われたエニタイムフィットネスのクールジム宣言発表会に出席した。
【写真】石川佳純さんとの豪華２ショット！
２月に行われたミラノ・コルティナ五輪のペアのフリーで、大逆転優勝を果たした三浦璃来、木原龍一（木下グループ）組に対し、テレビ中継で解説を務めた高橋さんが「なんてきれいなんでしょう！」「すごい、すごい、すごい、すごい」「こんな演技、宇宙一ですよ」と絶賛し、金メダルが決まると感極まって号泣。「神解説」と注目を集めた。高橋さんは「普段からフィギュアスケートを見ている方も親しみがなかった方も『解説を通して見たからすごさが分かって、感動をありがとう』という言葉をいただいて、解説者としてもペアを広めたいという個人的な思いからしても、うれしいです。この反響は神様からのプレゼントだと思っています」と反響の大きさを喜んだ。

　高橋さんは普段からエニタイムフィットネスの利用者。「どんなときだって、モチベーションがわき上がったときに行けることがエニタイムフィットネスの良さ」と絶賛すると、会場から大きな拍手が起こった。

　この日はトレーニングウェアにスニーカー姿で登場。氷上ではなく、陸上のステージ上で回転ジャンプから「打倒酷暑」と書かれた巨大看板にむけてパンチを繰り広げた。同席したＭ‐１王者・たくろうのきむらバンドは「ストリートファイターばりの華麗な技。理想なパンチでした」と圧倒された様子だった。
報知新聞社",[],[]
カブス鈴木誠也、２三振で連続試合安打「４」でストップ（スポーツ報知）,https://news.yahoo.co.jp/articles/a070d0cc86007ef00a620c87818853d452e577fd,https://newsatcl-pctr.c.yimg.jp/t/amd-img/20260601-06011067-sph-000-1-view.jpg?exp=10800,2026-06-01T11:13:21+09:00,2026-06-01T11:13:21+09:00,スポーツ報知,sph,スポーツ報知,416,"本塁打を放ったブレグマンを出迎えるカブス・鈴木誠也（ＡＰ）
◆米大リーグ　カージナルス―カブス（３１日、米ミズーリ州セントルイス＝ブッシュスタジアム）
【動画】圧巻！ビタビタコントロールで見逃し三振奪取の山本由伸
カブスの鈴木誠也外野手（３１）が３１日（日本時間１日）、敵地のカージナルス戦に「４番・右翼」でスタメン出場し、４打数無安打だった。試合に敗れ、７カードぶりの勝ち越しはならなかった。

　初回１死一、二塁の先制機では内角高め直球を打ち上げて遊飛。４回先頭では甘い初球直球を打って左直。６回１死と８回２死では２打席連続空振り三振に倒れた。打率は２割４分４厘に下がった。

　鈴木は前日の同カードで「６番・右翼」で５打数１安打、４試合連続安打をマーク。中堅フェンスを直撃する二塁打を放った。５月１５日のホワイトソックス戦以来１４試合ぶりの長打だったが、４番に復帰したこの日の一戦では５試合ぶりの無安打に終わった。
報知新聞社",[],[]
歌舞伎の人間国宝　７代目尾上菊五郎８３歳　体調不良で６月歌舞伎座公演を休演（スポーツ報知）,https://news.yahoo.co.jp/articles/639f755b261de184bba99373de6aa05841cf52d9,https://newsatcl-pctr.c.yimg.jp/t/amd-img/20260601-06011066-sph-000-7-view.jpg?exp=10800,2026-06-01T11:13:18+09:00,2026-06-01T11:32:32+09:00,スポーツ報知,sph,スポーツ報知,398,"７代目尾上菊五郎
松竹は１日、歌舞伎俳優の７代目尾上菊五郎が６月歌舞伎座「六月大歌舞伎」夜の部「華舞於河賑（はながまうおがわのにぎわい）」を体調不良で休演すると発表した。
【写真】寺島しのぶ、フランス人夫と夫婦ショット「
「華舞於河賑　俄獅子」は中村歌六、中村萬壽、中村又五郎、中村錦之助、中村獅童、中村時蔵、中村歌昇、中村萬太郎、中村種之助、中村米吉、中村隼人ら本名が小川姓の播磨屋、萬屋の俳優が集結する舞踊。松竹によると、７代目菊五郎の休演にともない、代役は立てず、演出を変更して上演する。

　◆尾上　菊五郎（おのえ・きくごろう）本名・寺嶋秀幸。１９４２年１０月２日、東京都生まれ。８３歳。７代目尾上梅幸の長男。７３年、３１歳で７代目菊五郎を襲名。２００３年人間国宝、１５年文化功労者。７２年に女優の藤純子（現・富司純子）と結婚。長女は女優の寺島しのぶ、長男は８代目尾上菊五郎。
報知新聞社",[],[]
明星大・加藤宇が目指す究極の直球「打者が分かっていても空振り」１８５センチから最速１５４キロ右腕（スポーツ報知）,https://news.yahoo.co.jp/articles/638f7f9405d69d8db3ea60fbb904b91a03cc14ec,https://newsatcl-pctr.c.yimg.jp/t/amd-img/20260601-05311392-sph-000-1-view.jpg?exp=10800,2026-06-01T11:00:05+09:00,2026-06-01T11:00:05+09:00,スポーツ報知,sph,スポーツ報知,804,"明星大・加藤宇
アマ球界の注目選手を紹介する「ドラフト報知」は、明星大の最速１５４キロ右腕・加藤宇（そら）投手（４年＝堀越）にスポットを当てる。首都大学リーグの２部ながら、１８５センチの長身から投げ込むストレートにスカウトから熱い視線が送られている。

　宇宙の「宇」と書いて「そら」と読む。スケールの大きな加藤の投球は、名前のイメージとぴったり重なる。視察に訪れたスカウトは「何と言ってもストレートの速さが魅力」と声をそろえる。

　春季リーグのラストゲームだった５月１６日の大東大戦は、通常の抑えではなく先発のマウンドへ。コンスタントに１４０キロ台後半をマークし、球数が９０球を超えた７回にも１５２キロをたたき出した。７回１／３を投げて得点を許さず、奪三振１１。「打者が分かっていても空振りするような直球を目指しています。スライダーにも自信があります」と胸を張った。今季は計３３イニングで４９三振。奪三振率は１３・３６に上る。

　背番号は３８。エースなのに大きな数字を背負っているのには訳があった。「３ＸＯ（特大サイズ）のユニホームが好きなのですが、チームにほとんどなくて…。たまたま目に入ったのが、この番号でした」と笑って明かす。

　最速が１６５キロを超え“米国の怪物右腕”として脚光を浴びているブルワーズのジェーコブ・ミジオロウスキー（２４）を好きな投手に挙げる。「生まれは２年しか違わない。自分も、もっとストレートを速くしたい」。首都リーグの隠れた逸材の夢は、どこまでも大きい。（浜木　俊介）

　◆加藤　宇（かとう・そら）２００４年１２月２９日、東京都生まれ。２１歳。堀越では２年夏からベンチ入り。３年夏の東東京大会は背番号１０で準々決勝敗退。明星大では２４年秋に２部リーグ戦デビュー。通算成績（全て２部）は２４試合７勝２敗、防御率１・２３。１８５センチ、９１・５キロ。右投右打。
報知新聞社",[],[]
【米女子ゴルフ】岩井千怜「自分にとって意味あるプレー」復調の日本勢最上位　次戦メジャーの全米女子オープン（スポーツ報知）,https://news.yahoo.co.jp/articles/e1b9c8acbb8c9fbcddc305f9d25a3df263635d21,https://newsatcl-pctr.c.yimg.jp/t/amd-img/20260601-06011063-sph-000-1-view.jpg?exp=10800,2026-06-01T10:50:14+09:00,2026-06-01T10:50:14+09:00,スポーツ報知,sph,スポーツ報知,551,"岩井千怜（AP）
◆米女子プロゴルフツアー　ショップライトＬＰＧＡ　最終日（３１日、ニュージャージー州シービュー・ベイコース＝６２６３ヤード、パー７１）
【写真】オンもオフも盛りだくさん！女子ゴルフ写真特集
２位で出た岩井千怜（ちさと）は２バーディー、ボギーなしの６９で回り、通算６アンダーで４位だった。「ノーボギーで回れたことは自分にとってプラスになるラウンドだった」と振り返った。

　２番でグリーン右手前からチップインバーディーを奪い、３番でも伸ばすなど上々のスタートだった。「今週だけで４回チップインしているので、ラッキーなことがいっぱいあるなって思いながら、楽しくラウンドできた」と笑顔を見せた。

　２試合連続予選落ちから、一気に上位フィニッシュ。「３日間タフだった。昨日は風が強くて、そのなかでもアンダーで回れたことは自信になった。やっと自分らしいプレーができてきたという安心感もあった。自分にとって意味のあるプレーができた」と手応えを口にした。

　次週はメジャー第２戦の全米女子オープン（４～７日、カリフォルニア州リビエラＣＣ）。「来週もまた、タフな１週間になると思う。目の前の一打に全力を注いで、諦めずに頑張りたい。来週も上位争いできるように頑張る」と言葉に力を込めた。
報知新聞社",[],[]
「またランチ行こうね」豪華３ショットに仰天！「さすが」「素敵なスリーショット」イモトアヤコが公開（スポーツ報知）,https://news.yahoo.co.jp/articles/d538616cad7e40eee69abcd8f33404b4e5cc2ad3,https://newsatcl-pctr.c.yimg.jp/t/amd-img/20260601-06011055-sph-000-2-view.jpg?exp=10800,2026-06-01T10:46:01+09:00,2026-06-01T12:11:42+09:00,スポーツ報知,sph,スポーツ報知,534,"イモトアヤコのインスタグラム（＠ｉｍｏｔｏｄｅｓｓｅ）より
タレント・イモトアヤコの豪華ショットにフォロワーが沸いた。

　１日にインスタグラムを更新し、「静香さんのシンフォニックコンサート　今年も行かせて頂きました」と歌手・工藤静香の公演を鑑賞したことを報告。「贅沢（ぜいたく）なフルオーケストラの音と静香さんの歌声にじわーーと感動しておりました」と感想を明かした。
【写真】イモトアヤコ、工藤静香の誕生日を祝福！「仲良し姉妹みたい」
続けて「コンサート後一緒に観させてもらった＠ｎａｏｋｏ＿ｉｉｊｉｍａ＿７０５＿ｏｆｆｉｃｉａｌ　直子さんと静香さんとパシャリ　いい時間でした」とし、タレント・飯島直子との３ショットをアップ。この投稿には工藤が「またランチ行こうね」とコメントを寄せ、フォロワーは「さすがいもとさん！」「素敵なスリーショット」と絶賛した。

　イモトは４月１９日の投稿で「静香さん
＃ｈａｐｐｙｂｉｒｔｈｄａｙ
お誕生日おめでとうございます」と工藤の５６歳誕生日を祝う様子をアップするなど、親交が深い。昨年２月２３日放送の日本テレビ系「世界の果てまでイッテＱ！」（日曜・午後７時５８分）では、工藤の次女でモデルのＫｏｋｉ，と共演している。
報知新聞社",[],[]
「ご夫婦の関係が最高過ぎる！！」「まさに幸せタイム」近藤千尋、ラブラブショット公開にファンから羨望のまなざし（スポーツ報知）,https://news.yahoo.co.jp/articles/4851d02755182ad7e5c86800465e0c1065e5a334,https://newsatcl-pctr.c.yimg.jp/t/amd-img/20260601-05311080-sph-000-4-view.jpg?exp=10800,2026-06-01T10:35:58+09:00,2026-06-01T17:42:12+09:00,スポーツ報知,sph,スポーツ報知,303,"近藤千尋のインスタグラム（＠ｃｈｉｐｉｃｈａｎ．１２１５）より
芸能界きってのおしどり夫婦が、家族ショットを披露した。　

　５月３１日までにインスタグラムを更新したのは、モデルでタレントの近藤千尋。「撮影で宮崎へ　次は泊まりたいな～」とつづり、家族で仲むつまじそうにかき氷を食べるショットや、夫でお笑いコンビ「ジャングルポケット」の太田博久に抱っこされたショットなどをアップした。
【写真】夫に抱き上げられるショットも！
この投稿には「えぇぇぇ嬉！」「本当いい夫婦ですね！？」「ご夫婦の関係が最高過ぎる！！」「まさに幸せタイム」「全部可愛すぎるし微笑ましい」といったコメントが寄せられている。
報知新聞社",[],[]
ＴＢＳ古谷有美アナウンサー　５月末で退社を発表「育ててくださった方々へ心より感謝」今後はフリーとして活動へ（スポーツ報知）,https://news.yahoo.co.jp/articles/0e34625a8dc00bbb0640984be47ca17617840166,https://newsatcl-pctr.c.yimg.jp/t/amd-img/20260601-06011060-sph-000-11-view.jpg?exp=10800,2026-06-01T10:19:03+09:00,2026-06-01T12:24:38+09:00,スポーツ報知,sph,スポーツ報知,560,"古谷有美アナウンサー
ＴＢＳの古谷有美アナウンサーが１日、自身のインスタグラムを更新し、同局を５月３１日をもって退社したことを発表した。
【写真】「ご報告です」モノクロの最新ショット！
「みなさまへご報告です。５月３１日をもちましてＴＢＳテレビを退社致しました。１５年間、本当にありがとうございました」と公表。

　「小学生のころ、国語の教科書を声に出して読むことがただただ好きな子どもでした。ＴＢＳアナウンサーとして教科書何冊分かもわからないほど沢山の原稿を読んだ日々。本当に幸せなことを仕事にできたのだと思います。これまで育ててくださった方々へ心より感謝申し上げます」とつづった。

　「今後は、フリーランスという立場でより深く丁寧に、好きという気持ちを共有することを大切に家族を支えながら歩んで参ります。これからも、どうぞ宜しくお願い申し上げます」と記した。すでに開設した公式サイトも紹介している。

　古谷アナは上智大を卒業後、２０１１年に入社。「Ｎスタ」「ＮＥＷＳ２３」「ビビット」などを担当した。２０２０年７月に結婚と第１子妊娠を発表し、同年１２月に第１子男児、２２年９月に第２子女児の出産を発表。２５年２月にＳＮＳで「先日、無事に元気な男の子を出産し退院しました」と第３子の男児誕生を報告した。
報知新聞社",[],[]
森保ジャパンＷ杯壮行試合　視聴率は瞬間最高１９・３％！小川航基ゴールでアイスランド撃破…平均１５・３％（スポーツ報知）,https://news.yahoo.co.jp/articles/073b96604fae974892bd2e2b0404f32078606a20,https://newsatcl-pctr.c.yimg.jp/t/amd-img/20260601-06011059-sph-000-5-view.jpg?exp=10800,2026-06-01T10:17:29+09:00,2026-06-01T11:19:28+09:00,スポーツ報知,sph,スポーツ報知,466,"後半４２分、決勝点を決める小川航基（カメラ・山崎　賢人）
◆サッカーＷ杯北中米大会　壮行試合　日本１―０アイスランド（３１日、ＭＵＦＧ国立）
【写真】森保一監督が審判に激高！
５月３１日に日本テレビ系で放送された「サッカー日本代表国際親善試合キリンチャレンジカップ２０２６・日本×アイスランド」（午後７時２０分）が世帯平均視聴率１５・３％を記録したことが１日、分かった。個人視聴率は１０・４％。

　瞬間最高視聴率は個人１２・９％（午後９時２２、２３分）、世帯１９・３％（午後９時２３分）。後半のアディショナルタイム、試合終了直前から高数字をマークした。

　北中米Ｗ杯に臨むＦＩＦＡランク１８位の日本はホームでの壮行試合で、後半４２分にＦＷ小川航基（ＮＥＣ）が得点して同７５位アイスランドを１―０で下した。世界一を目指す森保一監督は負傷明けのＭＦ遠藤航（リバプール）らを先発起用し、状態を最終チェック。８大会連続出場の日本は２日に事前合宿地メキシコ・モンテレイへ出発し、１４日（日本時間１５日）の初戦オランダ戦へ挑む。
報知新聞社",[],[]
山本由伸の「エースの証し」　ロバーツ監督が称賛した５回の投球「ベストな状態じゃなくても…」（スポーツ報知）,https://news.yahoo.co.jp/articles/33bb76f41046810941d1158b7aebe127d16f74fe,https://newsatcl-pctr.c.yimg.jp/t/amd-img/20260601-06011057-sph-000-2-view.jpg?exp=10800,2026-06-01T10:07:27+09:00,2026-06-01T22:52:44+09:00,スポーツ報知,sph,スポーツ報知,892,"５勝目を挙げたドジャース・山本由伸（ロイター）
◆米大リーグ　ドジャース９―１フィリーズ（３１日、米カリフォルニア州ロサンゼルス＝ドジャースタジアム）
【動画】圧巻！ビタビタコントロールで見逃し三振奪取の山本由伸
ドジャース・山本由伸投手（２７）が３１日（日本時間６月１日）、本拠地・フィリーズ戦に先発し、５回１／３を投げて４安打無失点と好投。メジャー移籍後最多タイの１０三振を奪い、１０４球の力投で５勝目（４敗）を挙げた。今季最速の９８・２マイル（約１５８キロ）を計測し、防御率は試合前の３・０９から２・８６となった。

　自身の５４歳の誕生日を白星で飾ったロバーツ監督は試合後、「速球のコマンドが本来ほど良くなかった。結果として球数が増えたし、カウントも深くなった。ただ、大きなダメージは受けず、球数が多くなっただけなんだ。これこそ彼のすごさだと思う。由伸も翔平（大谷）も、最高の状態でなくても５回以上を無失点で投げられる。そういうところが特別なんだ。本人は納得してないだろうけど」と右腕をたたえた。

　「おそらく６回も投げ切ることはできたと思う。でも、その代償は何かと考えた。結局、本当に優れた投手というのはベストな状態じゃなくてもメジャーの打者を抑える術を知っている」とし、５回１死二、三塁からシュワバー、ターナーから連続三振を奪ったことについて、指揮官は「あそこは試合の分岐点だった。その状況であの打者たちを抑えて無失点で切り抜けた。それこそがエースの証しなんだ。彼はそれをやってのけた。球数的には６回も行けたと思うけど、次回に向けてね」と話した。

　山本はこの日、初回は２三振を奪うなど３者凡退。２三振はいずれもボール判定だった決め球がＡＢＳ（自動ボール・ストライク判定システム）チャレンジによって判定が覆ってストライクになった。

　１点のリードをもらった３回は、先頭リアルミュートに死球も２死一塁で１番シュワバーからカーブで空振り三振。２点リードの４回には先頭のターナーに初安打を許すなど２安打を浴びたが、２死一、二塁で６番ストットを左飛に打ち取った。
報知新聞社",[],[]
米国在住の元ＮＨＫアイドルアナ　大物ミュージシャンと再会！…久保純子さんの最新姿が「素敵すぎる」（スポーツ報知）,https://news.yahoo.co.jp/articles/a05ee00ed262e74472a67719680a9840777d6313,https://newsatcl-pctr.c.yimg.jp/t/amd-img/20260601-05311153-sph-000-2-view.jpg?exp=10800,2026-06-01T09:37:03+09:00,2026-06-01T10:38:07+09:00,スポーツ報知,sph,スポーツ報知,794,"久保純子アナのインスタグラム（＠ｋｕｂｏｊｕｎｋｏｎｙ）より
元ＮＨＫアナウンサーで、現在は米国を拠点に活躍するフリーの久保純子さん（５４）が近影を見せた。
【写真】久保純子アナ、ビーチで美スタイル！「ステキ」
日本時間１日までに自身のインスタグラムを更新し、「時差投稿になってしまいましたが先週末の３連休はイベントに参加するために　ロンドンへ」と報告。「なんと２２年ぶりに布袋寅泰さんにお目にかかることができました　ゴールドディスク大賞以来！」と続け、ミュージシャン・布袋寅泰との２ショットを披露。「お花いっぱいの素敵なお庭を眺めながらのブランチはとっても穏やかで、どこまでも心地よく、ゆったりとした時間が流れていました　お招きいただきありがとうございます」と感謝の気持ちをつづった。「そして、ここぞとばかりに（珍しく）外食も　ロンドンのレストラン、何もかも美味しくて！さらには、（大好き）美術館も攻めました　Ｖ＆Ａ　Ｅａｓｔ　Ｓｔｏｒｅｈｏｕｓｅの『見せる所蔵品倉庫』もＶ＆ＡのＳｃｈｉａｐａｒｅｌｌｉの展示も見応えがありました〜。エネルギー補給して、また仕事がんばりますっ！」と続けた。

　この投稿には、「素敵すぎる　イギリス行きた〜い」「布袋さんから招待されるなんて羨ましいです、お元気そうですね？」「布袋さんはいつまでもカッコいいですね。」「コーデも素敵」「布袋さんとのツーショット素敵ですね。最高のブランチになりましたね」などのコメントが寄せられている。

　１９９８年から３年連続で紅白歌合戦の司会を務めるなど人気アナとして活躍した久保さんは、２０００年に慶大の同級生だった会社員男性と結婚。０２年１月に第１子長女、０８年７月に第２子次女を出産。０４年３月にＮＨＫを退局し、渡米した。２２年２月にはニューヨークで幼稚園の先生として働き始めたことも報告していた。
報知新聞社",[],[]
「無限に食べられる！」ドジャース選手食堂でニッポンの“手づかみグルメ”が人気沸騰中　 「金曜日の寿司」に続き新たな日替わりメニュー（スポーツ報知）,https://news.yahoo.co.jp/articles/b7e8f1924fd27b6431516960050a05421ab192c5,https://newsatcl-pctr.c.yimg.jp/t/amd-img/20260601-06011034-sph-000-8-view.jpg?exp=10800,2026-06-01T09:28:33+09:00,2026-06-01T14:34:29+09:00,スポーツ報知,sph,スポーツ報知,701,"ドジャースの大谷翔平（ＡＰ）
ドジャースの選手食堂は、メジャーの中でもとてもユニークだ。国際色豊かなチームだからこそのメニューがある。栄養バランスに配慮した食事をビュッフェスタイルで提供しているが、日替わりメニューに加え、曜日ごとに各国の一品も用意されているのだ。
【写真】大谷×由伸メシ　激レアショット
アメリカをはじめ、日本、プエルトリコ、ベネズエラ、ドミニカ共和国、キューバなど様々な国から集まった選手たちが少しでも楽しめるようにと、以前から「Ｔａｃｏ　Ｔｕｅｓｄａｙ」と火曜日はメキシコ名物の「タコス」、「Ｓｕｓｈｉ　Ｆｒｉｄａｙ」と金曜日は寿司などを提供中。寿司の人気は高く、金曜日を楽しみにしている選手が多いという。

　そんな中、最近では「おにぎりの日」も登場した。白いご飯を海苔で巻き、ラップで個包装された日本風のおにぎりが、本拠地シリーズの第１戦の日に並び、人気沸騰中だという。なかでもブルペン・キャッチャーのハムレット・マルテさんは、大のおにぎりファン。好きな具はスパイシー・ツナ。「具もご飯も何もかもすごく美味しいからおにぎり大好き。いくつ食べてもいいなら無限に食べられるよ」と大絶賛だ。

　外国から来た選手たちが故郷の味を感じられるようにという配慮だけでなく、アメリカ出身の選手たちが他国のことを知るきっかけにもなり、チームの結束を高める一環にもなっているという。「自分がこんなにおにぎりを好きだとは知らなかったよ」と言って「おにぎりの日」を心待ちにしているマルテさんの様子を見る限り、この試みがポジティブに受け止められているのは間違いなさそうだ。

（村山みち）
報知新聞社",[],[]
元乃木坂４６・与田祐希、“お兄ちゃん”との再会ショットに反響！「羨ましい」「最強だな」「エモすぎる」（スポーツ報知）,https://news.yahoo.co.jp/articles/9a402dd4cc420597c5bedd3c3407e448b7dcff88,https://newsatcl-pctr.c.yimg.jp/t/amd-img/20260601-05311125-sph-000-3-view.jpg?exp=10800,2026-06-01T09:26:47+09:00,2026-06-01T17:30:28+09:00,スポーツ報知,sph,スポーツ報知,478,"与田祐希のインスタグラム（＠ｙｏｄａｙｕｕｋｉ＿ｏｉｍｏ）より
２月に乃木坂４６を卒業した与田祐希が１日までに自身のＳＮＳを更新。“お兄ちゃん”との再会ショットを公開した。
【写真】与田祐希の“ＪＫ姿”が反響「「ホンマ違和感無い」
お笑いコンビ「バナナマン」がパーソナリティーを務めるＴＢＳラジオ「バナナマンのバナナムーンＧＯＬＤ」（金曜・深夜１時）に、休養中の日村勇紀に代わりゲスト出演した与田。インスタグラムを更新し、恐竜・豚・バナナの絵文字とともに「永遠の、大好きな、公式お兄ちゃん」とコメント。グループ在籍時代の「公式お兄ちゃん」として知られている「バナナマン」設楽統との再会ショットを公開した。

　この投稿には「ホントのお兄ちゃんと妹みたいで」「いい写真いっぱい」「ほんとに可愛すぎる　尊すぎる！エモすぎる！素敵な関係性すぎる！バナナムーン最高でした！！次はまた日村さんも一緒に３人で！」「どっちの立場も羨ましい」「スクープ写真みたいな笑」「最高な写真ありがとう　やっぱりバナナマン×乃木坂最強だな」などのコメントが寄せられている。
報知新聞社",[],[]
筧美和子　第１子男児を出産「おかあちゃんとおとうちゃん、力を合わせて頑張ります」昨年３月に結婚発表（スポーツ報知）,https://news.yahoo.co.jp/articles/0eda863fbf6e28724e4f1f1f6ab2ce70a3f8364f,https://newsatcl-pctr.c.yimg.jp/t/amd-img/20260601-06011051-sph-000-4-view.jpg?exp=10800,2026-06-01T09:14:10+09:00,2026-06-01T10:57:01+09:00,スポーツ報知,sph,スポーツ報知,441,"筧美和子
女優の筧美和子が１日、自身のインスタグラムを更新し、第１子となる男児出産を報告した。
【写真】カワイイ～！！赤ちゃんをアップ！
「先日、男の子が産まれました　無事に会えたことに感謝しながら、かけがえのない時間を過ごしています」と伝え、赤ちゃんの写真をアップ。

　「この子がたくさん笑って生きていけるよう、おかあちゃんとおとうちゃん、力を合わせて頑張ります」とつづり、「妊娠中から支えてくださった皆さま、本当にありがとうございました。今後ともあたたかく見守っていただけたら嬉しいです」と呼びかけた。　

　筧は２０１３年９月、「ワンライフモデルオーディション」準グランプリを獲得。同年、フジテレビ系「テラスハウス」に出演し、注目を集めた。１４年にはファッション誌「ＪＪ」専属モデルに就任。モデルやドラマ、映画など幅広く活躍している。プライベートでは昨年３月に結婚を発表し、お相手は「かねてよりお付き合いしておりました方」と説明。２月に第１子妊娠を公表していた。
報知新聞社",[],[]
ヤンキースがノーアーチで１イニング１３点…全打席内容公開、ジャッジは６戦本塁打なしで５月は５本だけ（スポーツ報知）,https://news.yahoo.co.jp/articles/ce66b6895fd0a15f4eb015866f0cf92d0a784069,https://newsatcl-pctr.c.yimg.jp/t/amd-img/20260601-06011049-sph-000-2-view.jpg?exp=10800,2026-06-01T09:05:34+09:00,2026-06-01T11:15:22+09:00,スポーツ報知,sph,スポーツ報知,831,"３回、ハイタッチを交わすヤンキースのジャッジとベリンジャー（右、ロイター）
◆米大リーグ　アスレチックス８―１３ヤンキース（３１日、米カリフォルニア州サクラメント＝サターヘルスパーク）
【動画】大谷の超魔球！変化量がとんでもない！！
ヤンキースが敵地でアスレチックスと対戦し、３回に１３得点を挙げて快勝した。

　０―３で迎えた３回の攻撃は以下の通り。

　ボルピ安打、シューマン四球、ウェルズ四球、ゴールドシュミット適時内野安打（１点目）、ライス２点適時二塁打（３点目）、ジャッジ中前適時打（４点目）、ベリンジャー右前打、カバジェロ押し出し四球（５点目）、グリシャム２点適時打（７点目）、ボルピ中前適時打（８点目）、シューマン２点適時二塁打（１０点目）、ウェルズ四球、ゴールドシュミット見逃し三振（１アウト目）、ライス２点適時三塁打（１２点目）、ジャッジ空振り三振（２アウト目）、ベリンジャー右前適時打（１３点目）、カバジェロ右前打、グリシャム右飛（３アウトチェンジ）。

　この回だけのスタッツは１３得点１１安打４四球４盗塁。打者１８人でア軍投手は３人で７５球を投げ、４３分を要した。

　ヤンキースの１イニング最多得点は１９２０年７月６日のナショナルズ戦５回に挙げた１４点で、これが球団史上２位。初アウトまで１２人の出塁は、１９６１年以後の球団拡張期で２００９年５月７日のレッドソックス以来で、３球団目のタイ記録。本塁打なしの１３得点は２４年３月２８日のダイヤモンドバックスが１４得点して以来、５球団目だった。

　ヤ軍は３回以外は無安打で、１イニングだけで安打が記録された試合では、この日の１１安打が１９６１年以後の球団拡張期で最多という珍記録となった。

　１７本塁打でア・リーグの本塁打数トップを争うＡ・ジャッジ外野手は４打数１安打１打点で６戦連続ノーアーチ。４月は１０本塁打だったが、５月は５本と半減して大幅にペースを落として終了した。
報知新聞社",[],[]
山本由伸がロバーツ監督の５４歳の誕生日に６回途中無失点で５勝目「チームにとってすごくいいこと」（スポーツ報知）,https://news.yahoo.co.jp/articles/f26bfb9845760d51eef7de32cd61527f04bea468,https://newsatcl-pctr.c.yimg.jp/t/amd-img/20260601-06011048-sph-000-1-view.jpg?exp=10800,2026-06-01T09:00:38+09:00,2026-06-01T09:00:38+09:00,スポーツ報知,sph,スポーツ報知,896,"捕手のラッシングとタッチを交わす山本由伸（右、AP）
◆米大リーグ　ドジャース９―１フィリーズ（３１日、米カリフォルニア州ロサンゼルス＝ドジャースタジアム）
【動画】圧巻！ビタビタコントロールで見逃し三振奪取の山本由伸
ドジャース・山本由伸投手（２７）が３１日（日本時間６月１日）、本拠地・フィリーズ戦に先発し、６回途中で１０４球を投げ、メジャー自己最多タイの１０三振を奪うなど、４安打無失点の好投を見せて、５勝目（４敗）を挙げた。今季最速の９８・２マイル（約１５８・０キロ）をマークし、防御率は２・８６となった。

　この日はロバーツ監督の５４歳の誕生日。快勝につながる好投に「チームにとってすごくいいことだと思いますし、みんなも誕生日だということだと知っていたと思うので今日はいい試合になってよかったです」とホッとしたようだった。

　初回は２三振を奪うなど、３者凡退の好発進。２三振はいずれもボール判定だった決め球がＡＢＳ（自動ボール・ストライク判定システム）チャレンジによって判定が覆ってストライクになった。２回は先頭のマーシュに四球を与えるも走塁ミスもあって３人で抑えた。

　１点のリードをもらった３回は、先頭のリアルミュートに死球も２死一塁でシュワバーからカーブで空振り三振。２点リードとなった４回には先頭のターナーに初安打を許すなど、２安打を浴びたが、２死一、二塁でストットを左飛に打ち取った。５回も２安打を浴びて１死二、三塁でシュワバー、ターナーを連続三振。６回は四球、三振で球数が１０４となり、降板した。

　メジャー自己最多タイの１０三振を奪った一方で、２回からは５イニング連続で先頭の出塁を許した。それでも、メジャートップ２２本塁打のシュワバーから３三振を奪うなど要所を締める粘投で今季初めて無失点で投げ終えた。打線も２回から８回まで７イニング連続で得点を奪うなど、効果的に得点を加え、ロバーツ監督の５４歳の誕生日に勝利を届けた。

　「１番・指名打者」でフル出場した大谷翔平投手（３１）は、右前安打、空振り三振、左飛、右飛、右前安打の５打数２安打だった。
報知新聞社",[],[]
山本由伸「自信を持って」「ボールの強さがあった」　今季最速１５８キロ＆米自己最多タイ１０Ｋの６回途中無失点で５勝目（スポーツ報知）,https://news.yahoo.co.jp/articles/f0faeefba4c881a31a147ee9f7227cddf3ed6461,https://newsatcl-pctr.c.yimg.jp/t/amd-img/20260601-06011047-sph-000-1-view.jpg?exp=10800,2026-06-01T08:55:53+09:00,2026-06-01T08:55:53+09:00,スポーツ報知,sph,スポーツ報知,1020,"取材に応じる山本由伸投手（村山みち通信員撮影）
◆米大リーグ　ドジャース―フィリーズ（３１日、米カリフォルニア州ロサンゼルス＝ドジャースタジアム）
【動画】圧巻！ビタビタコントロールで見逃し三振奪取の山本由伸
ドジャース・山本由伸投手（２７）が３１日（日本時間６月１日）、本拠地・フィリーズ戦に先発し、６回途中で１０４球を投げ、メジャー自己最多タイの１０三振を奪うなど、４安打無失点の好投を見せて、５勝目（４敗）を挙げた。今季最速の９８・２マイル（約１５８・０キロ）をマークし、防御率は２・８６となった。

　山本は「今週は練習から、コンディションよく投げられていたので、今日もマウンドに上がって、自信を持って投げていくことができた。しっかり強いボールを投げられていたので、ちょっと細かいコントロールはあまりうまくできていない球が多かったですけど、しっかり思い切って投げ込んでいけたのでそれがうまくアウトになったり、ファウルになったりよかったかなと思います」と納得だった。

　初回は２三振を奪うなど、３者凡退の好発進。２三振はいずれもボール判定だった決め球が「僕はすごく好きなシステム」というＡＢＳ（自動ボール・ストライク判定システム）チャレンジによって判定が覆ってストライクになった。２回は先頭のマーシュに四球を与えるも走塁ミスもあって３人で抑えた。

　１点のリードをもらった３回は、先頭のリアルミュートに死球も２死一塁でシュワバーからカーブで空振り三振。２点リードとなった４回には先頭のターナーに初安打を許すなど、２安打を浴びたが、２死一、二塁でストットを左飛に打ち取った。５回も２安打を浴びて１死二、三塁でシュワバー、ターナーを連続三振。６回は四球、三振で球数が１０４となり、降板した。

　メジャー自己最多タイの１０三振を奪った一方で、２回からは５イニング連続で先頭の出塁を許した。それでも、「うまくコントロールしきれてはなかったけど、その分ボールの強さがあった」と、メジャートップ２２本塁打のシュワバーから３三振を奪うなど要所を締める粘投で今季初めて無失点で投げ終えた。打線も２回から８回まで７イニング連続で得点を奪うなど、効果的に得点を加え、ロバーツ監督の５４歳の誕生日に勝利を届けた。

　「１番・指名打者」でフル出場した大谷翔平投手（３１）は、右前安打、空振り三振、左飛、右飛、右前安打の５打数２安打だった。
報知新聞社",[],[]
【欧州男子ゴルフ】金子駆大が日本勢７人目のツアーＶ「まさか自分が優勝できるとは」（スポーツ報知）,https://news.yahoo.co.jp/articles/7aef38c412e2fa0d2ce74dddb4c057f496de8e7d,https://newsatcl-pctr.c.yimg.jp/t/amd-img/20260601-06011046-sph-000-1-view.jpg?exp=10800,2026-06-01T08:53:22+09:00,2026-06-01T08:53:22+09:00,スポーツ報知,sph,スポーツ報知,555,"金子駆大
◆欧州男子ゴルフツアー　オーストリア・アルペン・オープン　最終日（３１日、オーストリア・シュワルツゼーライトＧＣ＝６８２２ヤード、パー７０）
【写真】超豪華！松山英樹も参加したマスターズ恒例のチャンピオンズディナー
最終ラウンドが行われ、単独首位で出た昨季日本ツアー賞金王の金子駆大（ＮＴＰホールディングス）が５バーディー、２ボギーの６７で回り、通算１８アンダーで初優勝を果たした。

　優勝インタビューで「もう本当に信じられない気持ち。まさか自分が優勝できるとは思っていなかった」と笑顔を見せ、「また優勝できるように、これからももっと努力していきたい」と語った。

　２３歳の金子は今季から欧州ツアーに主戦場を移した。日本勢の欧州ツアー優勝は青木功、松山英樹、久常涼、星野陸也、中島啓太、桂川有人に続く７人目。

　◆金子　駆大（かねこ・こうた）２００２年９月４日、愛知・名古屋市生まれ。２３歳。３歳からゴルフを始め、中学２年時に中部ジュニア（１２～１４歳の部）で優勝。ルネサンス豊田高２年時には中部高校選手権春季大会で優勝し、２０年の３年時にプロテストを受け、一発合格。日本ツアーは２５年の関西オープンで初優勝、同年の三井住友ＶＩＳＡ太平洋マスターズで２勝目。１７７センチ、８３キロ。
報知新聞社",[],[]
５児のパパ・杉浦太陽、「こどもとの時間を大切に」三男＆次女と水遊び！ほほえましい親子ショット公開（スポーツ報知）,https://news.yahoo.co.jp/articles/a30d15aaa68482bd08342cb9d5d2ebe3bb875bb5,https://newsatcl-pctr.c.yimg.jp/t/amd-img/20260601-05311287-sph-000-4-view.jpg?exp=10800,2026-06-01T08:51:11+09:00,2026-06-01T17:28:51+09:00,スポーツ報知,sph,スポーツ報知,480,"杉浦太陽のインスタグラム（＠ｓｕｇｉｕｒａｔａｉｙｏｕ＿ｏｆｆｉｃｉａｌ）より
元モーニング娘。辻希美の夫で、俳優の杉浦太陽が親子ショットをアップした。

　５月３１日に自身のインスタグラムを更新。「休日は水遊び　ユメは水遊びに夢中　コアとプールで本気遊び５時間コースｗ」と、三男・幸空（こあ）くんとプールで遊ぶ様子や、生後９か月の夢空（ゆめあ）ちゃんのかわいらしいしぐさなどを投稿した。「上の子たちとは、もうこういう遊びは出来ないからなぁ。　希空・セイア・ソラといっぱい遊んだ思い出…こどもたちが幼い間の大切な時間…」と、子どもとの思い出について語り、多くのいいねが寄せられている。「
＃コア
＃ユメア
＃こどもとの時間を大切に
」と、ハッシュタグをつけた。
【写真】自宅の巨大プールがすごい！「豪邸」「でかい」
杉浦は辻と２００７年に結婚。同年１１月に、現在タレントとして活動する長女・希空（のあ）、１０年１２月に長男・青空（せいあ）くん、１３年３月に次男・昊空（そら）くん、１８年１２月に三男・幸空くん、昨年８月に次女・夢空ちゃんが誕生した。
報知新聞社",[],[]
昨年８月に放送されたＮＨＫスペシャルの完全版　池松壮亮主演で映画「開戦前夜」７月３１日公開（スポーツ報知）,https://news.yahoo.co.jp/articles/65fff638a07a1c969c6b21038ebf0621ef32d58f,https://newsatcl-pctr.c.yimg.jp/t/amd-img/20260601-06011045-sph-000-4-view.jpg?exp=10800,2026-06-01T08:31:24+09:00,2026-06-01T19:23:43+09:00,スポーツ報知,sph,スポーツ報知,373,"映画「開戦前夜」に主演する池松壮亮
昨年８月に放送されたＮＨＫスペシャル「シミュレーション～昭和１６年夏の敗戦～」のドラマパート（前後編計９８分）を１３８分の完全版として劇場公開する映画「開戦前夜」（石井裕也監督）の公開日が７月３１日に決まった。
【写真】【豊臣兄弟！】第２０話は視聴率１１・６％　まさかのキャストに衝撃「あれ？」「なんで」「しれっと」「大水出てた？ｗ」
猪瀬直樹氏（７９）の小説が原案で、池松壮亮（３５）が模擬内閣の内閣総理大臣・宇治田洋一役で主演。中野英雄（６１）、仲野太賀（３３）の親子共演も注目される。また、ドラマ版は名誉毀損で提訴され、現在も係争中だが、製作委員会は「特定の個人を糾弾したり、名誉を毀損したりする意図はなく、私たちの主張は裁判においても法的に認められると確信しております」とコメントしている。
報知新聞社",[],[]
山本由伸、６回途中無失点で今季５勝目　１０Ｋ快投「自信を持って投げることができました」「ボールの強さはあった」（スポーツ報知）,https://news.yahoo.co.jp/articles/433a063d4347f20da58c11493b0fb82158e3d622,https://newsatcl-pctr.c.yimg.jp/t/amd-img/20260601-06011041-sph-000-3-view.jpg?exp=10800,2026-06-01T08:30:33+09:00,2026-06-01T08:59:16+09:00,スポーツ報知,sph,スポーツ報知,975,"取材に応じる山本由伸投手（村山みち通信員撮影）
◆米大リーグ　ドジャース９―１フィリーズ（３１日、米カリフォルニア州ロサンゼルス＝ドジャースタジアム）
【動画】圧巻！ビタビタコントロールで見逃し三振奪取の山本由伸
ドジャース・山本由伸投手（２７）が３１日（日本時間６月１日）、本拠地・フィリーズ戦に先発し、５回１／３を投げて４安打無失点で、今季最多タイとなる１０奪三振の快投で今季５勝目を挙げた。ドジャースは打線が２ケタ安打をマークするなど、快勝を飾った。

　試合後、山本は「練習からコンディションよく投げられていた。自信を持って投げることができました。うまくコントロールしきれてなかったですけど、その分ボールの強さはあったかなと思います」と語った。

　山本の初回には思わぬ“珍事”もあった。先頭のメジャートップ２２発のシュワバーをカウント２―２から内角低めに投げ込むと、一時はボールと判定されたが、ＡＢＳ（自動ボール・ストライク判定システム）チャレンジの末にストライクに覆った。続くターナーを遊ゴロに打ち取ると、続くハーパーもフルカウントから、“ロボ審判”で外角低めのカッターが再びストライク判定に。正確無比なコントロールを見せつけ、“ロボ審判”で２Ｋ。３者凡退で上々の立ち上がりを見せた。

　３回まで無安打投球を続けていたが、４回には先頭ターナーに遊撃後方へのポテンヒットを許すと、２死一塁からボームに左前打を許してピンチを招いたが、最後はストットを左飛に打ち取って無失点で切り抜けた。

　５回は１死二、三塁でシュワバーを迎えたが、カウント１―２から９７・５マイル（約１５６・９キロ）の外角直球で空振り三振。さらに続くターナーは２球追い込むと、３球目は外角低めいっぱいのシンカー。１度はボールと判定されたが、ＡＢＳチャレンジの末にストライクに。この日３つ目となる“ロボ審判”での三振を奪った。６回は先頭ハーパーに四球を与え、マーシュを３球三振で仕留めたところで降板。本拠地ファンは総立ちとなって盛大な拍手を送った。

　打線は２回にフリーランドの適時二塁打で先制すると、３回にはタッカーに右前適時打。４回にはウォードに右翼へメジャー初アーチとなる豪快ソロが飛び出すなど、打線が機能して１３安打で９点を奪い、試合を優位に進めた。
報知新聞社",[],[]
【米女子ゴルフ】岩井千怜は４位　岩井明愛は２９位　吉田優利が９位で今季初のトップ１０入り（スポーツ報知）,https://news.yahoo.co.jp/articles/44fe5e99092f4508b2fc1cc8c3555d5bd79bb379,https://newsatcl-pctr.c.yimg.jp/t/amd-img/20260601-06011044-sph-000-1-view.jpg?exp=10800,2026-06-01T08:28:04+09:00,2026-06-01T08:28:04+09:00,スポーツ報知,sph,スポーツ報知,397,"岩井千怜（AP）
◆米女子プロゴルフツアー　ショップライトＬＰＧＡ　最終日（３１日、ニュージャージー州シービュー・ベイコース＝６２６３ヤード、パー７１）
【写真】オンもオフも撮りました！２０２６女子プロゴルファー写真館
２位で出た岩井千怜（ちさと）は２バーディー、ボギーなしの６９で回り、通算６アンダーで４位だった。

　同じく２位スタートで双子姉妹の岩井明愛（あきえ、ともにホンダ）は７４と崩れ、１アンダーの２９位に終わった。

　２８位から出た吉田優利（エプソン）が６７と伸ばし、４アンダーで９位。今季初のトップ１０入りを果たした。

　７３の西村優菜（スターツ）は５オーバーで６８位、７５の原英莉花（ＮＩＰＰＯＮ　ＥＸＰＲＥＳＳ　ホールディングス）は７オーバーで７５位だった。

　セリーヌ・ブティエ（フランス）が６６をマークし、９アンダーで２０２３年以来のツアー通算７勝目。
報知新聞社",[],[]
【米男子ゴルフ】松山英樹ツアー３００戦目は１３位「悪くはないんだけど…」（スポーツ報知）,https://news.yahoo.co.jp/articles/3860006a6a80c9179f9cad27e1465587937da4dc,https://newsatcl-pctr.c.yimg.jp/t/amd-img/20260601-06011042-sph-000-2-view.jpg?exp=10800,2026-06-01T08:19:08+09:00,2026-06-01T09:22:07+09:00,スポーツ報知,sph,スポーツ報知,713,"松山英樹（ロイター）
◆米男子プロゴルフツアー　チャールズシュワブ・チャレンジ　最終日（３１日、米テキサス州コロニアルＣＣ＝７２８９ヤード、パー７０）
【写真】超豪華！松山英樹も参加したマスターズ恒例のチャンピオンズディナー
３打差５位で出た松山英樹（ＬＥＸＵＳ）は２バーディー、３ボギーの７１とスコアを落とし、通算８アンダーの１３位で大会を終えた。

　今大会がＰＧＡツアー通算３００試合目だった松山はホールアウト後にＵ―ＮＥＸＴのインタビューに応じ「悪くはないんだけど、ちょっとしたことで結果につながっていないという感じ」と振り返った。

　３番で１・２メートルのパーパットがカップに蹴られボギーが先行した。４番パー３はティーショットをグリーン左に外し、２ホール連続でスコアを落として後退した。「いいところとそうでないところと、こういう上位で争っているときに気をつけないといけないことも分かってくると思う。もう少し時間がかかるかなという感じ」と口にした。

　次週は２０１４年にツアー初優勝を遂げたメモリアル・トーナメント（４～７日、オハイオ州ミュアフィールドビレッジＧＣ）。「最近タフになっているコースなので、しっかりと準備をして、今週良かったものを引き続き出していけるようにしたい」と意気込みを語った。

　７０の中島啓太（フリー）は４アンダー２８位。ともに６９で回った金谷拓実（ＳＯＭＰＯひまわり生命）はイーブンパーで５４位、久常涼（ＳＢＳホールディングス）は２オーバーで６６位。

　ラッセル・ヘンリーが１２アンダーで並んだエリック・コール（ともに米国）とのプレーオフを制し、ツアー通算６勝目を飾った。
報知新聞社",[],[]
打者・大谷翔平、昨年１５発の５月を４本塁打で終了もマルチ安打締め　上昇気配で“ミスター・ジューン”の本領発揮へ（スポーツ報知）,https://news.yahoo.co.jp/articles/d88ab54b52570852f1a7c2c722f5845bb7cad8b1,https://newsatcl-pctr.c.yimg.jp/t/amd-img/20260601-06011037-sph-000-3-view.jpg?exp=10800,2026-06-01T08:18:35+09:00,2026-06-01T23:01:46+09:00,スポーツ報知,sph,スポーツ報知,731,"ドジャース・大谷翔平（AP）
◆米大リーグ　ドジャース９―１フィリーズ（３１日、米カリフォルニア州ロサンゼルス＝ドジャースタジアム）
【動画】大谷翔平！シュワバーの前で６年連続１０号！！
ドジャース・大谷翔平投手（３１）が３１日（日本時間６月１日）、本拠地・フィリーズ戦に「１番・ＤＨ」で先発出場し、５打数２安打で２試合ぶりのマルチ安打を記録した。チームは５カード連続勝ち越し。１８勝１０敗で５月を戦い終えた。

　ロバーツ監督の５４歳の誕生日だった５月最終戦。大谷は初回先頭の第１打席で２０１センチの長身右腕・ペインターから右前打を放って４試合連続安打、打者として出場した試合の連続出塁を「１６」に伸ばした。８回無死一塁では右腕ホフマンから打球速度１０１・７マイル（約１６３・７キロ）と痛烈な右前打。打率２割８分に上げて今月を締めた。

　「打者・大谷」は今年５月を２５試合で打率２割８分９厘、４本塁打、１８打点で終えた。昨季は２７試合で打率３割９厘、２７打点、球団＆自己最多タイ記録の１５本塁打と打ちまくったことを考えると、やや控えめな数字だったが、大谷といえば“ミスター・ジューン”として６月に絶好調期を迎えることが多い。２３年の１５発を含めて月別最多の６２本塁打をマークしており、今年も爆発が期待される。

　２９日（同３０日）には６年連続２ケタ本塁打となる１０号ソロを含む今季最多タイの３安打。「センター中心にいい感じで打てている。あとは打球角度がしっかり出てくれば、長打になるのかなと思います」と手応えを口にしていた。今季は開幕から二刀流で稼働しており、ドジャース移籍後の２４、２５年とは状況が異なるが、この男ならやってくれるに違いない。
報知新聞社",[],[]
山本由伸、今季最多タイ１０Ｋ　６回途中無失点好投で今季５勝目…抜群コントロール、“ロボ審判”で３Ｋ　チームは快勝（スポーツ報知）,https://news.yahoo.co.jp/articles/7cca1a09abdfb21d3ee24a1648543b73384c62a8,https://newsatcl-pctr.c.yimg.jp/t/amd-img/20260601-06011038-sph-000-3-view.jpg?exp=10800,2026-06-01T08:16:18+09:00,2026-06-01T08:52:54+09:00,スポーツ報知,sph,スポーツ報知,829,"ドジャース・山本由伸（ロイター）
◆米大リーグ　ドジャース９―１フィリーズ（３１日、米カリフォルニア州ロサンゼルス＝ドジャースタジアム）
【動画】圧巻！ビタビタコントロールで見逃し三振奪取の山本由伸
ドジャース・山本由伸投手（２７）が３１日（日本時間６月１日）、本拠地・フィリーズ戦に先発し、５回１／３を投げて４安打無失点で、今季最多タイとなる１０奪三振の快投で今季５勝目を挙げた。ドジャースは打線が２ケタ安打をマークするなど、快勝を飾った。

　山本の初回には思わぬ“珍事”もあった。先頭のメジャートップ２２発のシュワバーをカウント２―２から内角低めに投げ込むと、一時はボールと判定されたが、ＡＢＳチャレンジの末にストライクに覆った。続くターナーを遊ゴロに打ち取ると、続くハーパーもフルカウントから、“ロボ審判”で外角低めのカッターが再びストライク判定に。正確無比なコントロールを見せつけ、“ロボ審判”で２Ｋ。３者凡退で上々の立ち上がりを見せた。

　３回まで無安打投球を続けていたが、４回には先頭ターナーに遊撃後方へのポテンヒットを許すと、２死一塁からボームに左前打を許してピンチを招いたが、最後はストットを左飛に打ち取って無失点で切り抜けた。

　５回は１死二、三塁でシュワバーを迎えたが、カウント１―２から９７・５マイルの外角直球で空振り三振。さらに続くターナーは２球追い込むと、３球目は外角低めいっぱいのシンカー。１度はボールと判定されたが、ＡＢＳチャレンジの末にストライクに。この日３つ目となる“ロボ審判”での三振を奪った。６回は先頭ハーパー四球を与え、マーシュを３球三振で仕留めたところで降板。本拠地ファンは総立ちとなって盛大な拍手を送った。

　打線は２回にフリーランドの適時二塁打で先制すると、３回にはタッカーに右前適時打。４回にはウォードに右翼へメジャー初アーチとなる豪快ソロが飛び出すなど、打線が機能し、試合を優位に進めた。
報知新聞社",[],[]
「りくりゅう」最新ショット！「見つめてるりくちゃん」おそろいコーデ「龍一さんの腕の筋肉！」「お似合い」（スポーツ報知）,https://news.yahoo.co.jp/articles/a70494948ebddd21bcb9fca9623970f55e74acdc,https://newsatcl-pctr.c.yimg.jp/t/amd-img/20260601-06011039-sph-000-8-view.jpg?exp=10800,2026-06-01T08:12:04+09:00,2026-06-01T18:05:30+09:00,スポーツ報知,sph,スポーツ報知,464,"三浦璃来のインスタグラム（＠ｒｉｋｕ９１１１）より
２月のミラノ・コルティナ五輪のフィギュアスケートペアで史上初の金メダルを獲得し引退した「りくりゅう」の三浦璃来さんが、１日までに自身のインスタグラムを更新。木原龍一さんとのツーショットを公開した。
【写真】りくりゅう　上下逆さまに！衝撃のリフト技！
三浦さんは、雑誌・家庭画報とブルガリの撮影時のオフショットを載せ、「この写真は休憩中の一コマです」と説明。おそろいの白Ｔシャツ姿で、木原さんを見つめる写真をアップした。

　この投稿にフォロワーからは「この角度で見上げるりくちゃん、めっちゃ可愛い」「龍一さんの腕の筋肉！」「りゅういち君、さらに腕が頼もしくなってる？笑」「りくちゃん益々綺麗になったね」「お似合い」「璃来ちゃんかわいくてどんどん美しくなられていきますね」「リラックスしたお二人のショットも素敵」「見つめてるりくちゃん」「どこのモデルさんかと思いました」などのコメントが寄せられている。

　２人は４月１７日に引退を発表。その後はプロ転向を表明した。
報知新聞社",[],[]
大谷翔平、５月最終戦で２試合ぶりマルチ安打　８回に痛烈右前打…打率・２８０　ロバーツ監督５４歳の誕生日に上昇気配（スポーツ報知）,https://news.yahoo.co.jp/articles/ece7c814f1381b4c232235634796e7a684bab9ab,https://newsatcl-pctr.c.yimg.jp/t/amd-img/20260601-06011035-sph-000-3-view.jpg?exp=10800,2026-06-01T08:05:21+09:00,2026-06-01T12:44:07+09:00,スポーツ報知,sph,スポーツ報知,877,"ドジャース・大谷翔平（AP）
◆米大リーグ　ドジャース―フィリーズ（３１日、米カリフォルニア州ロサンゼルス＝ドジャースタジアム）
【動画】大谷だけの“うっかり”！あっ先頭打者だった！
ドジャース・大谷翔平投手（３１）が３１日（日本時間６月１日）、本拠地・フィリーズ戦に「１番・ＤＨ」で先発出場。８点リードの８回無死一塁で迎えた第５打席は右腕ホフマンから打球速度１０１・７マイル（約１６３・７キロ）と痛烈な右前打を放った。２試合ぶりのマルチ安打で打率２割８分とした。

　フィリーズの先発は今季メジャーデビューした身長２０１センチの長身右腕・ペインターだった。この日はロバーツ監督の５４歳の誕生日ということもあり、大谷には“祝砲”となる２試合ぶりの１１号に期待がかかる。初回先頭の第１打席では右前打を放って４試合連続安打、打者として出場した試合の連続出塁を「１６」に伸ばしていた。２回２死二塁の第２打席は空振り三振だった。

　４回１死の第３打席は左腕バンクスから左飛。６回先頭で迎えた第４打席は右腕シュガートから右飛。打球角度４８度で天高く舞い上がったが、飛距離が出ず球場はため息に包まれた。

　この日は５月最終戦。大谷は今年の５月はこの日まで２４試合で打率２割８分３厘、４本塁打、１８打点。昨年の５月は球団＆自己最多タイ記録の月間１５発と打ちまくったが、今年はやや控えめな数字となっている。大谷といえば“ミスター・ジューン”で６月に絶好長期を迎えることが多い。２３年の１５本を含めて月別最多の６２本塁打をマークしており、勢いをつけて突入できるだろうか。

　前日３０日（同３１日）の同戦では今季ワーストタイとなる１試合３三振。難敵左腕ルサルドから３回に右前打を放って３試合連続安打としたが、今季初の３戦連発は逃した。それでも、２９日（同３０日）には３回に６年連続２ケタ本塁打となる１０号ソロ。「センター中心にいい感じで打てている。あとは、打球角度がしっかり出てくれば、長打になるのかなと思います」と量産態勢に入りそうな気配を漂わせていた。
報知新聞社",[],[]
大谷翔平指導した四谷学院・本村幸雄監督、どんなに無理と言われても成長術で目指す甲子園Ｖ…日本ハムで１５年間教育ディレクター（スポーツ報知）,https://news.yahoo.co.jp/articles/2e34dad6edca1a38563c8b9cfb82337e6ad53960,https://newsatcl-pctr.c.yimg.jp/t/amd-img/20260601-05311396-sph-000-1-view.jpg?exp=10800,2026-06-01T08:00:04+09:00,2026-06-01T08:00:04+09:00,スポーツ報知,sph,スポーツ報知,2741,"指導を行う四谷学院・本村監督（カメラ・小島　和之）
アマチュア野球界の指導者が持つ育成論、指導論に迫るインタビュー「野球導」。第３回は４月から活動をスタートさせた四谷学院（茨城）硬式野球部の本村幸雄監督（５５）。光明学園相模原（神奈川）で監督を務めた後、２０１１年からは日本ハムの教育ディレクターに転身。大谷翔平投手（現ドジャース）らスターの“教官”を務め、今回１６年ぶりにアマ球界に復帰した。異色の経歴を持つ指揮官が目指す「新たな高校野球」の形や、挑戦を決断した理由に迫った。（取材・構成＝小島　和之）

　１６年ぶりに戻ったアマ球界で、本村監督の挑戦が始まった。四谷学院は４月から１年生１５人が全寮制で活動をスタートさせた。

　「先輩がいないので、ルールも野球の取り組み方も全て自分たちで作っていかなきゃいけません。伝統を作る１期生なので、良くも悪くも自分たち次第の中で意識高く取り組んでくれています。文武両道がモットーなので、勉強もすごく大変。練習時間も限られているので、通信制のイメージである『野球しかやっていないんじゃないの？』というチームではありません」

　投手陣は午前６時からトレーニングを開始し、野手は同７時から清掃活動。その後、朝食を食べて同９時から授業が始まる。個々の学力に応じて用意された教材を使ってタブレット端末で授業を受け、平日の練習は午後２時半から３時間。夕食後には週に４回、リポート提出のための学習時間が１時間設けられている。

　チーム目標は甲子園優勝。学業面では都内の難関私大進学を目指す選手もいる。自らノルマを記した長期目標設定シートや、日々の課題や反省を書き出す日誌にも取り組み、文武両道の「新たな高校野球」を目指して濃密な一日を過ごす。

　「野球の練習もカリキュラムの一つ。イレギュラーなことがないので、タイムマネジメントはやりやすいと思います。今夏の甲子園決勝は８月２２日の土曜日。そこに向けて全員が同じスケジュールで動くので、すごく目標が立てやすい。ゴールにたどり着くかどうかはやってみなければ分からないですが、すごくやりやすい環境にはあります」

　再び高校野球での挑戦を決めたのは、プロ野球で得た知見をアマ球界に還元したいという思いからだ。

　「プロで１５年間育ててもらったのに、自己満足で終わってしまったら意味がない。そこでこのような機会をいただき、僕が学んだことを高校野球に落とし込むことができるんじゃないか…と感じたのが四谷学院でした。少人数制、全寮制と環境も整っていて、まさに通信制のカリキュラムが僕がやりたいことに合っていたことが一番大きいです」

　戦いの場は変わっても、教育の軸は変わらない。

　「“自立型の人間”が基本的な教育理念の第一目標。そこができれば野球も勉強もできるし、世の中に出てからも自分でいろんなことを考えて行うことができる。ファイターズでも自分でタイムマネジメントをやらないとダメだよ、という教育を１５年間やってきましたが、結局それができる子が１軍で活躍するんです」

　ドジャース・大谷翔平投手ら、世界に羽ばたいたスターの成長過程を間近で見てきた。唯一無二の経験を、惜しみなく高校生に伝えていく。

　「活躍する選手と、そうでない選手の差が見られた経験は大きかった。一番大事なのは自分で考えられること。そして、やりきれる力があることです。２軍では『やらなきゃ』と思っていても遊んでしまう子と、『野球で飯を食うんだ』と必死にやる子に二分化されていく。やろうと決めて、最後までやることを継続したのが大谷選手です。プロでは差が付くと戦力外になりますが、高校では２年半は一緒にできる。お互いが頑張って成長していくことは、アマチュアだからできることだと思っています」

　人としてどうあるべきか―という指導も重視する。

　「一番最初のミーティングでは、『時を守り、場を清め、礼を正す』という生活三原則を伝えました。これができれば世の中では生きていけます。（日本ハムの）新人の入寮日にも同じミーティングをしていましたから、今でもファイターズ式なんです（笑）」

　５月に夏の茨城大会への出場が正式決定。ナインには、高校野球の厳しさも包み隠さずに伝えている。

　「４月に『甲子園は死ぬ思いで３年間やってきた人たちが狙っていいところなんだ』と伝えました。走塁や準備、あいさつなど１００％でやれることは、絶対に手を抜かせません。それが今回の目標です」

　異例のキャリアを歩む指揮官が描く夢とは―。

　「日本一を取りたい。どんなに周りから無理と言われても、ずっと日本一と言い続けます。その気持ちがなくなったら、高校野球の指導者をやめたほうがいい。高校野球の頂点は甲子園の優勝ですから、みんなで目指せばいい。その信念は曲げていないということは、伝えていきたいです」

　【取材後記】　四谷学院で「新たな高校野球」が動き出していた。１期生を１５人としたのは全員に役割を持たせ、３年時に全員をベンチ入りさせるため。中学の全国大会経験者が１２人と能力を持つ選手に対し、「自分の役割に対して取り組めるメニューを与えることがウチのやり方。通信制の個別授業と一緒で野球も個別なんです」と本村監督。個別性を重視した指導が行われていた。

　３０年以上の指導者人生では、居場所を失った球児が野球をやめるケースも見てきた。「そうならないような学校にしたいと思った。みんながそうしてくれたら、また甲子園ももう少し盛り上がるんじゃないか」と、熱い挑戦心を胸にグラウンドに立つ。今夏のチームモットーは“一を大事に”。昨年まで共闘した日本ハム・稲葉２軍監督から授かった言葉だ。四谷学院にとっての“一”となる今夏、その戦いに注目したい。

　◆本村　幸雄（もとむら・ゆきお）１９７１年２月９日、大阪府生まれ。５５歳。千葉・習志野では２年時に甲子園出場。日体大を経て、９９年から神奈川・光明学園相模原の野球部監督を務める。２０１１年１月からプロ野球・日本ハムの教育ディレクターに転身。若手の育成に１５年間尽力し、２５年１２月で退職。今年４月に始動した四谷学院硬式野球部の監督に就任。

　◆四谷学院高等学校　茨城・筑西市に本校を置く広域通信制の私立校。予備校および個別指導塾の運営などを行う、株式会社四谷学院が設立し、２５年４月に開校。全国３１か所にキャンパスがあり、コースは「進学／理系進学コース」「教養コース」「個別コース」「Ｗｅｂコース」の４つ。硬式野球部は２６年４月に創設。教育理念は「だれでも才能を持っている」。
報知新聞社",[],[]
町田啓太の「美しすぎる」オフショットが話題！「絵になる」「かっこ良すぎてもう意味分からん」（スポーツ報知）,https://news.yahoo.co.jp/articles/5e35d67237d8c3bd222ac13132ff812ca79887f3,https://newsatcl-pctr.c.yimg.jp/t/amd-img/20260601-05311155-sph-000-2-view.jpg?exp=10800,2026-06-01T07:51:17+09:00,2026-06-01T11:15:15+09:00,スポーツ報知,sph,スポーツ報知,324,"町田啓太のインスタグラム（＠ｋｅｉｔａ＿ｍａｃｈｉｄａ＿ｏｆｆｉｃｉａｌ）より
俳優の町田啓太の「美しすぎる」オフショットが、話題を呼んでいる。

　日本テレビ系連続ドラマ「タツキ先生は甘すぎる！」（土曜・後９時）で主演を務めている町田は、５月３１日までに自身のインスタグラムを更新。撮影のひとコマや、一転してリラックスした表情を浮かべたオフショットなどをアップし「この先も是非見届けてください」と呼びかけた。
【写真】幼少期から「王子様」だった？激レアショット
この投稿にファンからは「オフショットが美し過ぎます」「とっても爽やか～」「どこを切り取っても美しい」「かっこ良すぎてもう意味分からん」「絵になる」などの声が寄せられている。
報知新聞社",[],[]
今井達也、相手が悪かった…ブルワーズのミジオロウスキーがＭＬＢ史上最多の１００マイル超５７球、圧巻７回３安打０封（スポーツ報知）,https://news.yahoo.co.jp/articles/87460a4fc00669e7e45ca50f8396b40524e8f31f,https://newsatcl-pctr.c.yimg.jp/t/amd-img/20260601-06011036-sph-000-1-view.jpg?exp=10800,2026-06-01T07:42:09+09:00,2026-06-01T07:42:09+09:00,スポーツ報知,sph,スポーツ報知,610,"ブルワーズのミジオロウスキー（AP）
◆米大リーグ　アストロズ０―２ブルワーズ（３１日、米テキサス州ヒューストン＝ダイキンパーク）
【写真】ポケモン愛あふれる怪物右腕ミジオロウスキーが特注グラブ披露「本当はルギアなんだけど…」　佐々木朗希とも談笑
アストロズ・今井達也投手（２８）が３１日（日本時間６月１日）、本拠地・ブルワーズ戦で先発登板。メジャー自己最多の１１０球を投げ、６回３安打２失点、５奪三振の好投を見せて２試合連続でクオリティースタート（ＱＳ）をクリアした。最速９７・６マイル（約１５７・１キロ）もマークしたが、味方の援護に恵まれず３敗目（２勝）を喫した。

　相手が悪かったとしか言い様がない。ブルワーズ先発は今季１００マイル（約１６０・９キロ）台を毎登板で連発しているミジオロウスキーだった。この日は８８球を投げて５７球が１００マイル超。公式に球速測定が始まった２００８年以降で従来の記録はＨ・グリーン（レッズ）の４７球（２２年９月１７日）だったが、大幅に更新した。

　１０１マイル（約１６２・５キロ）超は２９球で同３位。１位は前回登板で記録した４０球。この日の最高球速は１０３・１マイル（約１６５・９キロ）だった。

　ア軍のエスパーダ監督は「本当に素晴らしい球だった。いくつか芯で捉えることはできた。あと一本安打が出ていれば違った展開になったと思う」と初対戦した怪物右腕の印象を語った。
報知新聞社",[],[]
掛布雅之氏　阪神は交流戦２勝４敗スタートで首位陥落も「大きな傷口にはならない。突き抜けるチームない」「慌てず、騒がず」自身のＹｏｕＴｕｂｅで語る（スポーツ報知）,https://news.yahoo.co.jp/articles/62ad6e79be332bbcc04a88c628ac00a34c849870,https://newsatcl-pctr.c.yimg.jp/t/amd-img/20260601-06011033-sph-000-2-view.jpg?exp=10800,2026-06-01T07:33:03+09:00,2026-06-01T07:33:55+09:00,スポーツ報知,sph,スポーツ報知,364,"藤川球児監督
阪神ＯＢ会長の掛布雅之氏が１日、自身のＹｏｕＴｕｂｅ「憧球チャンネル」を更新。交流戦２勝４敗スタートでセ・リーグ首位から陥落した阪神について語った。
【写真】掛布雅之ＯＢ会長　横田慎太郎さんの自宅訪問「一番印象に残っている選手で、忘れてはいけない選手」
「（交流戦残り４カードで）楽天に対して取りこぼし（負け越し）がなければ、西武、ソフトバンク、オリックスには１勝２敗でもいいと思っている。借金で交流戦が終わるかもしれないけど、大きな傷口にはならない。この交流戦で突き抜ける（セ・リーグの）チームはない」と指摘。「（首位の）ヤクルトが仮に逃げたとしても、８月、９月の後半にまだまだ勝負できる戦力がある。交流戦に関しては慌てず、騒がず。大きな波をつくらずに乗り切ることが連覇へのポイントになる」と語った。
報知新聞社",[],[]
大谷翔平、第４打席は打球角度４８度の右飛　飛距離は出ず本拠地ため息　ロバーツ監督５４歳誕生日の“祝砲”お預け（スポーツ報知）,https://news.yahoo.co.jp/articles/71fcaf6f28193aa8898ca8b754fae4c1d5b410b5,https://newsatcl-pctr.c.yimg.jp/t/amd-img/20260601-06011022-sph-000-2-view.jpg?exp=10800,2026-06-01T07:27:19+09:00,2026-06-01T07:28:11+09:00,スポーツ報知,sph,スポーツ報知,797,"ドジャース・大谷翔平（AP）
◆米大リーグ　ドジャース―フィリーズ（３１日、米カリフォルニア州ロサンゼルス＝ドジャースタジアム）
【動画】大谷の超魔球！変化量がとんでもない！！
ドジャース・大谷翔平投手（３１）が３１日（日本時間６月１日）、本拠地・フィリーズ戦に「１番・ＤＨ」で先発出場。６点リードの６回先頭で迎えた第４打席は右腕シュガートの前に右飛に倒れた。打球角度４８度で天高く舞い上がったが、飛距離が出ず球場はため息に包まれた。

　フィリーズの先発は今季メジャーデビューした身長２０１センチの長身右腕・ペインターだった。この日はロバーツ監督の５４歳の誕生日ということもあり、大谷には“祝砲”となる２試合ぶりの１１号に期待がかかる。初回先頭の第１打席では右前打を放って４試合連続安打、打者として出場した試合の連続出塁を「１６」に伸ばしていた。２回２死二塁の第２打席は空振り三振、４回１死の第３打席は左腕バンクスから左飛だった。

　この日は５月最終戦。大谷は今年の５月はこの日まで２４試合で打率２割８分３厘、４本塁打、１８打点。昨年の５月は球団＆自己最多タイ記録の月間１５発と打ちまくったが、今年はやや控えめな数字となっている。大谷といえば“ミスター・ジューン”で６月に絶好長期を迎えることが多い。２３年の１５本を含めて月別最多の６２本塁打をマークしており、勢いをつけて突入できるだろうか。

　前日３０日（同３１日）の同戦では今季ワーストタイとなる１試合３三振。難敵左腕ルサルドから３回に右前打を放って３試合連続安打としたが、今季初の３戦連発は逃した。それでも、２９日（同３０日）には３回に６年連続２ケタ本塁打となる１０号ソロ。「センター中心にいい感じで打てている。あとは、打球角度がしっかり出てくれば、長打になるのかなと思います」と量産態勢に入りそうな気配を漂わせていた。
報知新聞社",[],[]
女装した人気芸人が「かわいすぎる」「信じられん」と話題に…「レインボー」池田直人の近影に騒然（スポーツ報知）,https://news.yahoo.co.jp/articles/4fb531de566a484f124f6837d99dd241b7d22672,https://newsatcl-pctr.c.yimg.jp/t/amd-img/20260601-05311176-sph-000-3-view.jpg?exp=10800,2026-06-01T07:21:04+09:00,2026-06-01T11:17:16+09:00,スポーツ報知,sph,スポーツ報知,394,"池田直人のインスタグラム（＠ｉｋｅｎａｏ０９１９）より
お笑いコンビ「レインボー」池田直人の２ショットにフォロワーは騒然となった。

　池田は５月３１日に自身のインスタグラムを更新。「マネモネアありがとうございました！紅しょうがさせてもらいました。」とつづり、相方のジャンボたかおと、お笑いコンビ「紅しょうが」にふんした姿をアップ。「夏子さんもさせてもらいました。吉田さんに…女性芸人さんばっかやらせてもらってる気がします。」と続け、お笑いタレント・横澤夏子にふんした姿も公開した。
【写真】別の女性芸人になりきったショットも
コメント欄では「紅しょうが最高でした！破壊力がすごすぎて大爆笑でした」「めっちゃ面白かったです　池田さんかわいすぎるし」「めっっちゃ可愛かったしめっっちゃ面白かったです」「ちょー美人で面白かったー！！！」「信じられんほど綺麗」とフォロワーが沸いた。
報知新聞社",[],[]
山本由伸が６回途中無失点で今季最多タイ圧巻１０Ｋの快投　今季５勝目の権利を得て降板、本拠地ファン総立ちで拍手　抜群コントロールで“ロボ審判”で３三振（スポーツ報知）,https://news.yahoo.co.jp/articles/2bcc3a9be1110223fed9a6442a0786bc8a39715d,https://newsatcl-pctr.c.yimg.jp/t/amd-img/20260601-06011025-sph-000-7-view.jpg?exp=10800,2026-06-01T07:12:48+09:00,2026-06-01T07:31:41+09:00,スポーツ報知,sph,スポーツ報知,854,"先発したドジャース・山本由伸（AP）
◆米大リーグ　ドジャース―フィリーズ（３１日、米カリフォルニア州ロサンゼルス＝ドジャースタジアム）
【動画】圧巻！ビタビタコントロールで見逃し三振奪取の山本由伸
ドジャース・山本由伸投手（２７）が３１日（日本時間６月１日）、本拠地・フィリーズ戦に先発し、６回途中で４安打無失点で、今季最多タイとなる１０奪三振の快投で今季５勝目の権利を持って降板した。本拠地ファンは総立ちとなって盛大な拍手を送った。

　初回には珍事が起きた。初回は先頭のメジャートップ２２発のシュワバーをカウント２―２から内角低めに投げ込むと、一時はボールと判定されたが、ＡＢＳチャレンジの末にストライクに覆った。続くターナーを遊ゴロに打ち取ると、続くハーパーもフルカウントから、“ロボ審判”で外角低めのカッターが再びストライク判定に。正確無比なコントロールを見せつけ、上位を２奪三振を含む３者凡退で抑え、上々の立ち上がりを見せた。

　３回まで無安打投球を続けていたが、４回には先頭ターナーに遊撃後方へのポテンヒットを許すと、２死一塁からボームに左前打を許してピンチを招いたが、最後はストットを左飛に打ち取って無失点で切り抜けた。

　５回は１死二、三塁でシュワバーを迎えたが、カウント１―２から９７・５マイルの外角直球で空振り三振。さらに続くターナーは２球追い込むと、３球目は外角低めいっぱいのシンカー。１度はボールと判定されたが、ＡＢＳチャレンジの末にストライクに。この日３つ目となる“ロボ審判”での三振を奪った。

　前回２４日（同２５日）の敵地・ブルワーズ戦では先発し、７回９２球を投げて７安打を浴びて３奪三振のみだったが、１３個のゴロアウトを奪って１失点で抑え４勝目。防御率は３・０９となっていた。試合後には、「積極的に振ってきていたので、とにかく丁寧に、しっかりいいところに狙って、投げていきました。失投がないように集中して投げられたのでよかったと思います」と振り返っていた。
報知新聞社",[],[]
貴島明日香、肩見せプライベートショットが「激烈に美しい」　サングラス×タンクトップ姿に反響！（スポーツ報知）,https://news.yahoo.co.jp/articles/0557f2ab9e97ccb84740c6a07b1c72bf92223f8b,https://newsatcl-pctr.c.yimg.jp/t/amd-img/20260601-05311135-sph-000-3-view.jpg?exp=10800,2026-06-01T07:12:02+09:00,2026-06-01T11:21:19+09:00,スポーツ報知,sph,スポーツ報知,259,"貴島明日香のインスタグラム（＠ａｓｕｋａ＿ｋｉｊｉｍａ）より
モデルでタレントの貴島明日香がシェアしたプライベートのひとときに、ファンの心を和ませた。
【写真】貴島明日香、沖縄の浜辺での姿が「脚長〜い」「可愛すぎん？」
貴島は５月３１日に自身のインスタグラムを更新し「家族とぷらぷら散歩」とコメント。タンクトップにパーカーを羽織って美肩を披露し、テラスで頬をつき、端麗な横顔ショットをアップした。

　この投稿にファンからは「かわいい」「アンニュイ」「激烈に美しいです」「キレイ」などの声が寄せられている。
報知新聞社",[],[]
掛布雅之氏が交流戦で苦戦の阪神のドラ１・立石正広を語る「日本ハムの伊藤投手に崩された」「三振しても構わないから堂々と構えて、さぁいらっしゃいの雰囲気を」自身のＹｏｕＴｕｂｅで（スポーツ報知）,https://news.yahoo.co.jp/articles/bf0295ae1112ecc985739b3ada37e228511a4e8d,https://newsatcl-pctr.c.yimg.jp/t/amd-img/20260601-06011032-sph-000-2-view.jpg?exp=10800,2026-06-01T07:06:22+09:00,2026-06-01T07:30:24+09:00,スポーツ報知,sph,スポーツ報知,519,"立石正広
阪神ＯＢ会長の掛布雅之氏が１日、自身のＹｏｕＴｕｂｅ「憧球チャンネル」を更新。阪神のドラフト１位の立石正広の交流戦での打撃を振り返った。
【写真】【阪神】掛布雅之ＯＢ会長　横田慎太郎さんの自宅訪問「一番印象に残っている選手で、忘れてはいけない選手」
５試合連続安打の華々しいデビューから一転、日本ハム戦は３試合連続ノーヒットに抑えられるなど、６試合で２４打数３安打の打率１割２分５厘。「伊藤（大海）投手に崩されたね」と、交流戦の初戦で日本ハムのエースに力負けして、リズムが崩れたと分析。それでも「打席で（伊藤のボールを）経験したことは、これからすごく彼にプラスになっていく」と貴重な財産になったと指摘した。

　その上で「もう１段、２段、階段を上がるためには、上体でボールに合わせに行くのではなく、下半身リード。左足を踏み込む形をつくっていかないと」とスイングの改善点にも言及。「巨人戦で打っていたときはすごく大きく構えて、さぁいらっしゃいみたいな形。今は（ボールが）どこに来るのかなみたいな、追っかけにいくような。三振しても構わないから堂々と構えて、さぁいらっしゃいの雰囲気を出してもらいたい」とエールをおくった。
報知新聞社",[],[]
アストロズ監督が６回２失点の今井達也を称賛「以前とは違う存在感を放っている」…６回投げ終え続投志願「自信深まっている」（スポーツ報知）,https://news.yahoo.co.jp/articles/395b317762bd360e8ab7d9c07fc119b9eb7e9e93,https://newsatcl-pctr.c.yimg.jp/t/amd-img/20260601-06011031-sph-000-2-view.jpg?exp=10800,2026-06-01T07:01:19+09:00,2026-06-01T23:09:00+09:00,スポーツ報知,sph,スポーツ報知,671,"６回３安打２失点と好投したアストロズ・今井達也投手（ＡＰ）
◆米大リーグ　アストロズ０―２ブルワーズ（３１日、米テキサス州ヒューストン＝ダイキンパーク）
【動画】今井もベンチを飛び出す！継投ノーヒッター達成の瞬間、大喜び！
アストロズ・今井達也投手（２８）が３１日（日本時間６月１日）、本拠地・ブルワーズ戦で先発登板。メジャー自己最多の１１０球を投げ、６回３安打２失点、５奪三振の好投を見せて２試合連続でクオリティースタート（ＱＳ）をクリアした。最速９７・６マイル（約１５７・１キロ）もマークしたが、味方の援護に恵まれず３敗目（２勝）を喫した。

　エスパーダ監督は「今井とチーム全体についての話になるが、３月・４月は１２勝２０敗だったが、５月は１５勝１４敗で終えた。チームとして、我々は非常に大きな調整を遂げたと感じている」と２登板連続で好投した今井を称賛。「好打者がそろうブルワーズ相手に持ち味を発揮してくれた。ファウルをたくさん打たれて球数が増えたが、ゾーンを攻め続け、質の高い投球を維持したことは、非常に素晴らしい兆候だ。６回が終わって戻ってきた時『まだ行ける。あと１回行かせてほしい』と言ってきた。自信が深まっている様子を見られたのは本当に良かった。以前とは違う存在感を放っている」と賛辞が続いた。

　２試合連続で好投した今井だったが、ブルワーズ先発は１００マイル超の速球を連発するミジオロウスキー。早くもサイ・ヤング賞候補とされる右腕相手にア軍打線は７回まで３安打８三振に封じられ、今井を援護することはできなかった。
報知新聞社",[],[]
【ボートレース】めざせスーパーガール！石村日奈那、女子大生からレーサーへ～素顔のクイーン（スポーツ報知）,https://news.yahoo.co.jp/articles/8795ac5ee737be9e74440a2eb0a7e8f8c0299707,https://newsatcl-pctr.c.yimg.jp/t/amd-img/20260601-05291048-sph-000-2-view.jpg?exp=10800,2026-06-01T07:00:11+09:00,2026-06-01T08:56:52+09:00,スポーツ報知,sph,スポーツ報知,1836,"石村は、日々仕事にまい進して地力アップを狙う
◇素顔のクイーン

　石村日奈那（２４）＝東京・１３５期＝は今年１月、２０２４年１１月のデビューから１年２か月で待望の初１着をゲット。デビュー前は一般の大学生だったが、就活で迷ったタイミングでボートレースと出会って一目ぼれ。ファンへの感謝も忘れず、水面で奮闘している東京支部期待のヤング女子レーサーだ。（構成・三池　和輝）

　今年１月１１日、地元の多摩川でデビュー初１着。６コースからコンマ０９のトップスタートを決めると一気呵成（かせい）に内をたたき切っての豪快な白星だった。

　「まさか勝てるとは思いませんでした。上を行こうと決めていましたけど、まさか一番先に回れるとは…。自分が先頭でターンマークを回ったので、そこからはとにかくターンマークを外さないように、転ばないように、走っていましたね。アドバイスをくれた先輩方や、家族の応援、ファンのみなさまの応援や後押しに感謝の気持ちがすごくわき上がってきました。その辺の気持ちを感じながら道中走っていたので、自分でも冷静に走れていたんだと思います」

　会心の白星を振り返ると笑顔がこぼれた。初勝利の裏には、東京支部の心優しい先輩の後押しもあった

　「今は戸塚邦好さんに面倒を見てもらっています。デビューの直後から、アドバイザーとして見てもらっていました。アドバイザーっていう制度があるので。もうほとんど師匠みたいな感じなんですけど、ザ・師匠って言うような関係性ではないと思います。水神祭の後も、すぐにおめでとうって連絡をくれました。いつも、めちゃめちゃ優しいです」

　レーサーになる前は、一人の女子大学生に過ぎなかった。

　「国際系の学部に入っていて、世界の文化とか、英語を勉強していました。でも、就活で何になりたい、何系の仕事がしたい、とかは見つからなくて…」

　そんな時、父から教わったのがボートレース。その存在を目の当たりにして、一目で夢中になった。

　「もともと体を動かすのが大好きで、バレーボール、ソフトボール、フットサルとスポーツをいろいろしていました。体を動かす系の仕事がいいかもな、と思っていた時にボートを教えてもらって、『レーサーになりたい、なる！』と思って目指しました」

　２０２４年１１月２２日にデビューしてから、１年半が経過した。

　「毎日楽しいです。けど、悔しい気持ちもあって半々です。１回でも多く舟券に絡めるようになりたいです。ファンの方が買って応援してくれているので。ちょっとでも、『応援してて良かったな』と思ってもらえるように頑張りたいです」

　そんな石村も、水面を離れれば、ひとりの２４歳の女性だ。

　「休みの日は、練習に行っているか、家でのんびりしていることが多いです。練習は、行ける時は必ず行っています。休みの日はお姉ちゃんと一緒に出かけることが多いですね。１歳上にお姉ちゃんがいて、２人姉妹です。お買い物をしに行ったり、洋服を買いに行ったり、ランチに行ったりします。お姉ちゃんも、たぶん応援してくれてると思います（笑）」

　女子レーサーである以上、最大の目標はクイーンズクライマックス出場。

　「今は大きいことはいえないですけど、年末の大きい女子のレースをいつか走ってみたいです」

　養成所時代には、独特な目標をかかげたという。

　「養成所の修了のパンフレットの目標に“スーパーガール”って書きました。みんな“ＳＧ優勝”とか書いてたんですけど、あいみょんさんの曲でスーパーガールって言う曲があって、それをそのまま書きました。私、あいみょんさんが大好きなんです。どの曲も好きで、全部が好きです。何が一番好きな曲とか、そんなのは選べないくらい好きなんです」

　お気に入りのアーティストから着想を得た、オリジナリティあふれるテーマだ。ファンが作成した石村の横断幕にも「めざせ　スーパーガール」の文字がある。

　「横断幕までつくってくれて、本当にありがたい限りです。これからも応援していただけたらうれしいです。いつも応援してくださるファンの方に、舟券で恩返ししたいですね」

　◆石村　日奈那（いしむら・ひなな）２００１年７月７日生まれ。２４歳。東京都出身。東京支部、１３５期。２４年１１月２２日に多摩川でデビュー、２６年１月１１日、多摩川で初勝利。１５５センチ、４６キロ。アドバイザーは戸塚邦好。
報知新聞社",[],[]
【競輪】和歌山６月１日開幕！南彩乃、３年４か月ぶり第二の故郷参戦に「ただいま！」「ようやく呼んでもらえました」（スポーツ報知）,https://news.yahoo.co.jp/articles/9548b317911424417592c637dca163b0c4456c7c,https://newsatcl-pctr.c.yimg.jp/t/amd-img/20260601-05311266-sph-000-1-view.jpg?exp=10800,2026-06-01T07:00:08+09:00,2026-06-01T07:00:08+09:00,スポーツ報知,sph,スポーツ報知,455,"南彩乃
◆ 競輪投票サービスＢｅｔｉｍｏ杯（Ｆ２、初日・１日、和歌山競輪場）

　和歌山競輪のＦ２開催が６月１日、開幕する。初日・６Ｒ「ガールズ予選１」に出走する南彩乃（２８）＝群馬・１１２期＝に、地元選手や関係者から「おかえり」と声が飛ぶたび、「ただいま！」と笑顔で返した。

　２０１７年７月、群馬所属としてデビュー。結婚、出産を機に和歌山に所属していただけに、「子供２人もここで産んでますし、第二のふるさとですから。めっちゃ久しぶりですけど落ち着きますね」と懐かしむ。２人目の出産から昨年８月に戦列復帰。復帰後は仕事と子育てを両立するため、実家のある群馬に再移籍。和歌山は実に３年４か月ぶりの参戦となる。「ようやく呼んでもらえました。前橋の次に走り慣れてるバンク」だという。

　今年は１着も取れ出して、２、３月には３戦連続で決勝進出など上昇中。「腰痛が出たけどもう大丈夫。前回は慣れない新車がダメだったので今回は戻します。練習の感じも良くなっているので頑張ります」と初日を楽しみにしていた。
報知新聞社",[],[]
黒木華主演「銀河の一票」で秘書役の倉悠貴「鉄仮面で堅い印象が回を重ねるごとにユニークさ増していく」（スポーツ報知）,https://news.yahoo.co.jp/articles/ef7bf0bf92e2629d91247b1d6a5650a669235f92,https://newsatcl-pctr.c.yimg.jp/t/amd-img/20260601-05311071-sph-000-2-view.jpg?exp=10800,2026-06-01T07:00:04+09:00,2026-06-01T17:23:45+09:00,スポーツ報知,sph,スポーツ報知,823,"カンテレ・フジテレビ系連続ドラマ「銀河の一票」に出演する倉悠貴
女優・黒木華が主演するフジテレビ系連続ドラマ「銀河の一票」（カンテレ制作、月曜・後１０時）が１日、第７話の放送を迎える。与党民政党のホープ・松下洸平の秘書役を演じる倉悠貴がコメントを寄せた。
【写真】倉悠貴が黒田官兵衛「とても驚きました」　ＮＨＫ「豊臣兄弟！」新キャスト発表　話題作に立て続けに出演
本作は放送開始以来、新感覚の“選挙エンターテインメント”として注目度が増している。黒木は、政治家の不正を密告する告発文から全てを失った与党幹事長の娘で秘書・星野茉莉役。野呂佳代演じる政治素人のスナックママ・月岡あかりをスカウトして、都知事選に挑む。

　倉は、民政党のホープ・流星（松下）を支える秘書・藤堂昴役として奮闘する。自身の役について「初めは鉄仮面で堅い印象が、回を重ねるごとにユニークさが増していくので、演じていて驚きの連続でした。流星と昴が登場するシーンが、観ている方のちょっとした息抜きのような役割になっていれば嬉しいです。劇中では『何も足さない』という引き算の面白さを勉強させていただきました」と語った。

　共演シーンの多い松下の秘話も披露。「シリアスからコメディーまで、引き出しの多さに勉強する毎日でした。洸平さんは誰に対しても物腰が柔らかく、お芝居の提案も気兼ねなくトライさせていただきました。現場では、８割くらい食事の話をしていました」と笑って明かした。

　話題となっている本作について「少し難しい内容もありますが、とてもドラマ的で心が動かされる作品です。現代社会の問題に鋭く切り込み、政治に詳しくない方でも楽しんで観ていただけるのが魅力だと思っています」。ドラマの展開に触れ「ここからどんどん面白くなります。昴としては、流星と昴の関係性や、彼の有能すぎる活躍、そして増していくユニークさにもぜひ注目していただけたらうれしいです」と呼びかけた。
報知新聞社",[],[]
「スーパーメジャーな皆さんが」アンミカ、豪華芸能人ら集合写真公開に「周りを囲む人がすごい」「華やか」（スポーツ報知）,https://news.yahoo.co.jp/articles/ee2266544bfb20473655eef3a7edb086be752f4d,https://newsatcl-pctr.c.yimg.jp/t/amd-img/20260601-05311194-sph-000-1-view.jpg?exp=10800,2026-06-01T06:53:04+09:00,2026-06-01T06:53:04+09:00,スポーツ報知,sph,スポーツ報知,343,"アンミカのインスタグラム（＠ａｈｎｍｉｋａｏｆｆｉｃｉａｌ）より
モデルでタレントのアンミカが、豪華芸能人らの集合写真を公開した。

　３１日までに自身のインスタグラムで「中村橋之助さん、能條愛未さんの結婚披露宴に参列させて頂いてまいりましたよ」とつづったアンミカは、歌舞伎俳優の中村橋之助、元乃木坂４６の女優・能條愛未が行った披露宴でのショットを公開。俳優の高橋英樹、水谷豊、女優の大竹しのぶ、南果歩ら豪華メンバーが集った様子をアップした。
【写真】能條愛未　美しすぎる花嫁姿　憧れは義母の三田寛子
この投稿にファンからは「スーパーメジャーな皆さんがこれだけ大集合は久々に拝見したかも！！」「周りを囲む人がすごい」「華やか」「豪華な結婚式ですね」などの声が寄せられている。
報知新聞社",[],[]
吉田正尚が守備のミスで同点→勝ち越し２点適時打「少なからず頭にはありました」　ミス挽回の一打（スポーツ報知）,https://news.yahoo.co.jp/articles/e2ca1e7ab24c14f433f305979dfec6026a96b000,https://newsatcl-pctr.c.yimg.jp/t/amd-img/20260601-06011030-sph-000-4-view.jpg?exp=10800,2026-06-01T06:47:05+09:00,2026-06-01T11:40:47+09:00,スポーツ報知,sph,スポーツ報知,718,"２安打を放ったレッドソックス・吉田正尚外野手（ＡＰ）
◆米大リーグ　ガーディアンズ４―９レッドソックス（３１日、米オハイオ州クリーブランド＝プログレッシブフィールド）
【動画】やったぜ！吉田正尚　ミス挽回の劇的な勝ち越し打
レッドソックスの吉田正尚外野手（３２）が３１日（日本時間６月１日）、敵地・ガーディアンズ戦に「４番・左翼」でスタメン出場し、同点の７回の４打席目に２試合連続打点となる勝ち越しの２点適時打を放つなど、５打数２安打２打点でチームの勝利に貢献した。

　３打席目までは凡退していた吉田。１点をリードしていた５回の守備では、１死二塁からラミレスの飛球を見失って走者の生還を許すミス（記録は適時二塁打）が出た。それでも４―４の同点で迎えた７回２死満塁のチャンスで、左腕のヘリンから中前へ勝ち越しの２点適時打。このイニングの６得点につなげ、貴重な一打となった。

　試合後の現地放送のインタビューで吉田は「（守備のミスを）一応切り替えてはいたけど少なからず頭にはありましたし、その前にウィリー（アブレイユ）がいい打席（押し出し四球）でつないでくれたので、また追加点を取れてよかったです。初球スイングをしてボールで空振りだったけど、ある程度あそこで１球をしっかり振れたのはよかった。その次甘いところを打ち返せてよかった」とホッとしたように振り返った。

　吉田は今季、チームの外野や指名打者の選手がやや飽和状態なこともあって、チームはこの試合が５８試合目だが、出場は４１試合目。スタメン出場は２７試合のみと厳しい立場に置かれている。左翼でのスタメンは４試合目。守備ではミスも出たが、バットでしっかりと起用に応えた。
報知新聞社",[],[]
「デート？」紀平梨花、遊園地オフショット　デコルテ大胆見せ「健康的いいねぇ」「最強」大人な雰囲気の最新姿（スポーツ報知）,https://news.yahoo.co.jp/articles/854fe37e2bbbe7d0aac7e29dbaf0bef41f2ce683,https://newsatcl-pctr.c.yimg.jp/t/amd-img/20260601-05311118-sph-000-3-view.jpg?exp=10800,2026-06-01T06:41:02+09:00,2026-06-01T09:51:08+09:00,スポーツ報知,sph,スポーツ報知,570,"紀平梨花のインスタグラム（＠ｒｉｋａｓｋａｔｅ０７２１）より
昨年末のフィギュアスケート全日本選手権アイスダンスで４位となった紀平梨花が、最新ショットを公開した。
【写真】紀平梨花　パートナー男性と「りかしん」ショット
３１日に自身のインスタグラムを更新し、「晴れ！！！」と真っ青な空と遊園地をバックに撮った写真を載せた紀平。ポニーテールヘアで、肩やデコルテまわりを見せたキャミソールにデニムを合わせたコーディネート姿を披露している。

　この投稿にフォロワーからは「健康的いいねぇ」「いつ見ても最高にかわいい」「わがままボディ」「デート？」「可愛くて眩しい」「はい最強、可愛すぎます。」などのコメントが寄せられている。

　紀平は２０２０年１１月に嘱託社員としてトヨタ自動車に入社し、所属先も「Ｎ高東京」から「トヨタ自動車」に変更していた。競技では昨年９月にＳＮＳで「この度、西山真瑚さんとアイスダンスカップルを結成することになりました」とアイスダンス挑戦を報告。同１２月の全日本選手権は４位となり、ミラノ・コルティナ五輪を逃したが「２０３０年のオリンピックを目指して精一杯努力して参ります」と次の五輪を目標に掲げている。最近では、たびたびＳＮＳにプライベート姿を載せ、大人な雰囲気にイメージが変わった様子が話題となっている。
報知新聞社",[],[]
ドジャース戦で珍事　ＡＢＳチャレンジ乱発、４回までに計７度　異例の６連続成功→７度目で初失敗　球場から拍手…山本由伸は初回に“ロボ審判”で２Ｋ（スポーツ報知）,https://news.yahoo.co.jp/articles/612fcfa630ea814938a90be03610b8f9c15d511e,https://newsatcl-pctr.c.yimg.jp/t/amd-img/20260601-06011028-sph-000-1-view.jpg?exp=10800,2026-06-01T06:40:21+09:00,2026-06-01T06:40:21+09:00,スポーツ報知,sph,スポーツ報知,495,"ドジャースの先発・山本由伸（ロイター）
◆米大リーグ　ドジャース―フィリーズ（３１日、米カリフォルニア州ロサンゼルス＝ドジャースタジアム）
【動画】大谷の超魔球！変化量がとんでもない！！
ドジャースとフィリーズの一戦で序盤４回までにＡＢＳチャレンジが、両軍あわせて６回連続で成功する珍事が起きた。

　ドジャースの先発は山本由伸投手。初回は先頭のメジャートップ２２発のシュワバーをカウント２―２から内角低めに投げ込むと、一時はボールと判定されたが、ＡＢＳチャレンジの末にストライクに覆った。続くターナーを遊ゴロに打ち取ると、続くハーパーもフルカウントから、“ロボ審判”で外角低めのカッターが再びストライク判定に覆った。正確無比なコントロールで上位を２奪三振を含む３者凡退に抑え、上々の立ち上がりを見せた。

　だがこれを皮切りにフィリーズも４度連続で成功。異例の両軍合わせて６連続で判定が覆り、どよめきも起こった。それでも４回２死一、二塁のスコットの打席で、この日７度目となるチャレンジは、球審の判定通りに低めに外れてボールに。球審の“７度目の正直”に、球場からは拍手が起きた。
報知新聞社",[],[]
ドジャース２８歳の苦労人が待望のメジャー１号…本拠地デビュー戦を飾る　プレミア１２米国代表＆昨季３ＡでＭＶＰの大器（スポーツ報知）,https://news.yahoo.co.jp/articles/f7fe661246923074c3b32691747e0fa6b4a003aa,https://newsatcl-pctr.c.yimg.jp/t/amd-img/20260601-06011029-sph-000-9-view.jpg?exp=10800,2026-06-01T06:38:11+09:00,2026-06-01T07:10:00+09:00,スポーツ報知,sph,スポーツ報知,662,"メジャー初本塁打を放ったドジャースのＲ・ウォード（ロイター）
◆米大リーグ　ドジャース―フィリーズ（３１日、米カリフォルニア州ロサンゼルス＝ドジャースタジアム）
【動画】待ってました！ウォードが嬉しいメジャー初アーチ　満面の笑みで歓声に応える
ドジャースのＲ・ウォード外野手（２８）が３１日（日本時間６月１日）、本拠地デビュー戦でメジャー初本塁打を放った。

　フィリーズ戦に「７番・左翼」で先発出場。２点リードの４回先頭で貴重な追加点となるソロ本塁打を右翼の敵軍ブルペンに放り込んだ。２０１センチの長身右腕・ペインターの８７・３マイル（約１４０・５キロ）スライダーを捉え、打球速度１０８・４マイル（約１７４・５キロ）、角度２５度、飛距離は４００フィート（約１２１・９メートル）だった。

　ウォードは１９年にドラフト８巡目でドジャースに指名を受けた有望株。昨季はパシフィックコーストリーグ（３Ａ）の最優秀選手に選ばれた。打率・２９０、出塁率・３８０、３６本塁打、１２２打点をマークし、マイナーリーグ全体で本塁打、打点、長打数（７３）、総塁打（３１５）でトップに立っていた。２４年プレミア１２では米国代表に選ばれていたが、ド軍では分厚い選手層もあってなかなかメジャー昇格をつかめずにいた。それでも、今年４月１９日（同２０日）の敵地・ロッキーズ戦で待望のメジャーデビュー。わずか２試合でマイナー降格となっていたが、２９日（同３０日）に再昇格していた。Ｔ・ヘルナンデスらの離脱もあり、その打撃力に期待がかかっている。
報知新聞社",[],[]
山﨑賢人、「たくましい」近影にファンくぎ付け！「あ～かっこいい」「横顔がキレイすぎる！」（スポーツ報知）,https://news.yahoo.co.jp/articles/f02f5c01dbaa17e71cdc5f9266acfd7743bca8ee,https://newsatcl-pctr.c.yimg.jp/t/amd-img/20260601-05311102-sph-000-1-view.jpg?exp=10800,2026-06-01T06:32:04+09:00,2026-06-01T06:32:04+09:00,スポーツ報知,sph,スポーツ報知,264,"山﨑賢人のスタッフのインスタグラム（＠ｋｅｎｔｏｏｙａｍａｚａｋｉ＿ｍｇ）より
俳優・山﨑賢人の近影に、ファンはくぎ付けだ。

　山﨑のスタッフによるインスタグラムが３１日までに更新され、「
＃今日の山﨑さん
」と記して近影がアップされた。Ｔシャツ姿での屋外でのショット。前を見据えた横顔をおさめた。
【写真】すげー！山﨑賢人の超高級腕時計がまぶしい
この投稿にファンからは「キリッとしたお顔」「すっかり夏模様ですね」「あ～かっこいい」「横顔がキレイすぎる！」「胸板厚い」「たくましいなぁ」などの声が寄せられている。
報知新聞社",[],[]
【高校サッカー】藤枝東・ＭＦ望月瑠斗の４戦連発ゴールも静岡学園に敗れる　植松弘樹監督「後手に回ってしまった」（スポーツ報知）,https://news.yahoo.co.jp/articles/e4175f74d5eaa4d715d925ef12842a667fa51182,https://newsatcl-pctr.c.yimg.jp/t/amd-img/20260601-05311404-sph-000-1-view.jpg?exp=10800,2026-06-01T06:30:12+09:00,2026-06-01T06:30:12+09:00,スポーツ報知,sph,スポーツ報知,315,"４戦連続ゴールを決めた藤枝東のMF望月瑠斗（右）
◆静岡県高校総体サッカー▽準決勝　静岡学園６―１藤枝東（３１日・藤枝総合運動公園サッカー場）
【写真】２１代目応援マネジャーは池端杏慈！「ポカリ」ＣＭで話題の美女！
準決勝が行われ、藤枝東は静岡学園に敗れた。静学に新人戦決勝（０●３）のリベンジを狙ったが、屈辱的な大敗を喫した。２点を追う前半３８分には、ＭＦ望月瑠斗（３年）が予告どおりの４戦連発ゴールを左足で決めたが、後半は守備が崩壊し、４点を失った。あまりのショックに号泣する選手もいた。植松弘樹監督（４３）は「後半（１１分）のＣＫで点を決められたところから引いてしまい、後手に回ってしまった」と敗因を振り返った。
報知新聞社",[],[]
【高校サッカー】磐田東・エースＦＷ高田心羽の先制弾もＰＫ戦で敗れる　４年ぶり決勝まであと一歩（スポーツ報知）,https://news.yahoo.co.jp/articles/2765119412eb9524ee57719e9360077f79911a1b,https://newsatcl-pctr.c.yimg.jp/t/amd-img/20260601-05311402-sph-000-1-view.jpg?exp=10800,2026-06-01T06:30:11+09:00,2026-06-01T06:30:11+09:00,スポーツ報知,sph,スポーツ報知,365,"磐田東・高田（中央）が先制点を奪う（カメラ・里見　祐司）
◆静岡県高校総体サッカー▽準決勝　浜松開誠館１―１（ＰＫ４―２）磐田東（３１日、藤枝総合運動公園サッカー場）
【写真】２１代目応援マネジャーは池端杏慈！「ポカリ」ＣＭで話題の美女！
準決勝が行われ、磐田東は浜松開誠館にＰＫ戦で敗れた。ＰＫ戦で２人が枠を外してしまい、イレブンは肩を落とした。４年ぶりの決勝まで、あと一歩だった。前半３９分のセットプレーからエースＦＷ高田心羽（ここは、３年）が先制ヘッド。しかし後半２４分の絶好機を相手ＧＫに阻まれ、直後に同点を許してしまった。フレッシュな選手を次々と投入して流れを呼び込んだ開誠館の「底力を感じました」と伊藤圭佑監督（４２）。高田は「責任を感じます。ゴールを決め切ることを大事にしたい」と秋の県選手権を見据えた。
報知新聞社",[],[]
【Ｊ１清水】ＦＷ小塚和季のアイスタ初ゴールで先制もドロー　吉田孝行監督「清水をもっと強くします。必ず強くします」（スポーツ報知）,https://news.yahoo.co.jp/articles/502a85b3923c360662191c1e1caf132003b3ae5e,https://newsatcl-pctr.c.yimg.jp/t/amd-img/20260601-05311395-sph-000-1-view.jpg?exp=10800,2026-06-01T06:30:10+09:00,2026-06-01T06:30:10+09:00,スポーツ報知,sph,スポーツ報知,627,"後半１１分、先制ゴールを決めた清水の小塚和季（左から３人目）
◆明治安田Ｊ１百年構想リーグプレーオフラウンド　清水１―１横浜Ｍ（３１日・アイスタ）
【写真】サッカー元日本代表「世界のスーパーモデル」と「同級生」
清水エスパルスはホームで横浜Ｍとのプレーオフラウンド第１戦（１３―１４位決定戦）に臨み、１―１で引き分けた。ＦＷ小塚和季（３１）が後半１１分、アイスタでは自身初ゴールとなる先制点を挙げて試合を優位に進めたが、後半２７分に追いつかれて試合を終えた。アウェーの第２戦は６日に行われる。

　　浮き球のパスを胸で収めると、小塚はそのまま前を向いて左足でゴールに流し込んだ。後半１１分に加入２年目でアイスタ初ゴールとなる先制点。「大事な場面で取れたことは、個人としてうれしい」と振り返ったが勝利には届かなかった。後半２７分に同点弾を献上。追加点を奪えず、ホーム最終戦はドローに終わった。

　シュート１０本を放ち、相手のシュートを２本に抑えるなど主導権を握ったがあと一歩届かなかった。試合後のセレモニーで、吉田孝行監督（４９）は「自分の中で何を改善すればいいのか分かったハーフシーズンでもあった。成長した選手もいることはポジティブな点。清水をもっと強くします。必ず強くします」と力強く宣言した。６日にはアウェーで横浜Ｍとのプレーオフラウンド第２戦が控える。今大会最後の一戦を白星で終え、新シーズン好発進への足がかりとする。（伊藤　明日香）
報知新聞社",[],[]
【高校バレー】富士見がフルセットの末に静岡サレジオを下して８連覇　殊勲の１年生・田村澪「全国でも勝てるように頑張りたい」（スポーツ報知）,https://news.yahoo.co.jp/articles/e0de4985f860eb3c7a1f4216caec34b8994361f6,https://newsatcl-pctr.c.yimg.jp/t/amd-img/20260601-05311379-sph-000-1-view.jpg?exp=10800,2026-06-01T06:30:08+09:00,2026-06-01T06:30:08+09:00,スポーツ報知,sph,スポーツ報知,828,"８連覇を達成して喜ぶ富士見の選手たち（カメラ・塩沢　武士）
◆バレーボール静岡県高校総体　女子決勝　富士見２―１静岡サレジオ（３１日・このはなアリーナ）
【写真】古賀紗理那、西田有志とラブラブ夫婦ショット
男女とも上位４校による決勝リーグが行われた。２勝同士の対決となった女子は、富士見が初Ｖを狙った静岡サレジオをフルセットの末、２―１で下し、コロナ禍での代替大会を含み８連覇を達成。男子は聖隷クリストファーが浜松修学舎との全勝対決をストレートで制し、３年ぶり１８回目の優勝を飾った。Ｖ校が全国総体（８月上旬・男子は京都、女子は滋賀）の出場権をつかんだ。

　苦しみながら連覇のたすきをつないだ。富士見が１時間１９分の熱戦を制すると、選手たちの笑みがはじけた。３週間前に左足首捻挫で万全ではない中、チーム最多１６得点を挙げた２年生エースの佐藤綾芽は「ホッとした」と、喜びをかみしめた。コロナ禍で全国総体がなかった２０２０年の代替大会を含め、８年連続１５回目の優勝を果たした。

　１年生の田村澪が光った。今井葉羽（３年）ら主力のミドルブロッカー（ＭＢ）陣がけがで不在。身上のブロード（片足で踏み切って横にスライドしながら打つ攻撃）が出せず、攻撃の幅が狭くなる中、ルーキーが救世主となった。アタック２１本中１１得点。５２・４％というチーム一の決定率で「優勝に貢献できた」と、喜んだ。

　セッターの中田萌花主将（３年）は藤枝市にあるクラブチーム・Ａ―ｓｍｉｌｅの先輩。「苦しい時に、トスを上げるよって言ってくれた」と、田村。７月にタイで開催されるＵ１８アジア選手権の日本代表にリベロで選出されているエースの佐藤も「１年生に助けられた」と、賛辞を送った。

　全国総体では昨年の先輩たちに続き４強入りが目標。大会には今井も復帰予定だ。「全国でも勝てるように頑張りたい」と、殊勲の田村が力こぶ。連覇の重圧から解き放たれた選手たちが、大舞台で躍動する。
報知新聞社",[],[]
【高校バレー】聖隷クリストファーが３年ぶり１８回目の優勝　浜松修学舎との全勝対決を制す　エース・伴将弥「思い描いていた試合が出来た」（スポーツ報知）,https://news.yahoo.co.jp/articles/8f39cbd049c86eb10d549f1942d455c54c6e433b,https://newsatcl-pctr.c.yimg.jp/t/amd-img/20260601-05311381-sph-000-1-view.jpg?exp=10800,2026-06-01T06:30:07+09:00,2026-06-01T06:30:07+09:00,スポーツ報知,sph,スポーツ報知,676,"３年ぶり１８回目の優勝を果たした聖隷クリストファーの選手たち
◆バレーボール静岡県高校総体　男子決勝　聖隷クリストファー２―０浜松修学舎（３１日・このはなアリーナ）
【写真】古賀紗理那、西田有志とラブラブ夫婦ショット
男女とも上位４校による決勝リーグが行われた。２勝同士の対決となった女子は、富士見が初Ｖを狙った静岡サレジオをフルセットの末、２―１で下し、コロナ禍での代替大会を含み８連覇を達成。男子は聖隷クリストファーが浜松修学舎との全勝対決をストレートで制し、３年ぶり１８回目の優勝を飾った。Ｖ校が全国総体（８月上旬・男子は京都、女子は滋賀）の出場権をつかんだ。

　聖隷が３連覇を狙った浜松修学舎を圧倒した。２勝同士で争った「事実上の決勝戦」。第１セットを２５―２１で奪うと、第２セットもエンジン全快だ。３―３から田浦慶大（３年）の連続サービスエースで加点すると、今度はチームで２連続ブロックして相手をシャットアウト。試合時間４６分で３年ぶりに県の頂点に立った。

　安定した守備が光った。エースの伴将弥（３年）は、「キャッチが乱れなかったのが大きい。自分たちの思い描いていた試合が出来た」と、胸を張った。サーブレシーブ成功率が相手の５０％に対し、聖隷は７９・２％。確実にセッターにボールを返して多彩な攻撃につなげた。サーブで崩し、ブロックの得点も９―４と修学舎を大きく上回った。

　３年ぶりに夏の全国総体に向かう。「個人的には、途中で足がつりかけたので、もっと体力をつけたい。全国ではベスト４を狙う」と、伴が仲間の思いを代弁した。
報知新聞社",[],[]
【ボーイズ】旭川大雪のトルネード左腕・杉原汰一３回１安打５奪三振無失点　変幻自在の投球フォームで圧巻の投球（スポーツ報知）,https://news.yahoo.co.jp/articles/0982347f59d267555c51ed9ecc9cde05e5ae6a4a,https://newsatcl-pctr.c.yimg.jp/t/amd-img/20260601-05311308-sph-000-1-view.jpg?exp=10800,2026-06-01T06:30:03+09:00,2026-06-01T06:30:03+09:00,スポーツ報知,sph,スポーツ報知,596,"３回無失点と好投した旭川大雪ボーイズの杉原
◆ナガセケンコー杯第３５回北海道支部春季リーグ戦第６節　旭川大雪ボーイズ１３－０ようていボーイズ＝４回コールド＝（３１日・野幌軟式球場）
【写真】旭川大雪ボーイズ出身、旭川明成の樽井新太が早くもデビュー
リーグ戦５試合が行われた。旭川大雪ボーイズはダブルヘッダーの２試合目に先発した左腕の杉原汰一投手（３年）が、３回１安打５奪三振無失点と好投。２試合連続コールド勝ちで５勝目を挙げた。北広島Ｆビレッジボーイズは５回コールド勝ちで４勝目を手にした。

　旭川大雪の杉原が相手打線を寄せ付けなかった。テンポのいい投球で的を絞らせず、打たれた安打は３回先頭打者に許した右前打の１本のみ。二塁を踏ませず３回５奪三振無失点と好投した。「テンポがいいのは自分の持ち味。真っすぐをストライクゾーンにどんどん投げ込めたので良かった」と涼しい表情で振り返った。

　複数の投球フォームで打者を手玉に取った。時にはクイック、体を後ろに大きくひねるトルネード投法でタイミングを外し、次々と空振りを誘った。今季から新たに始めたトルネードの狙いについて「いろんな投げ方をして打者を惑わせるため」と説明。「勢いある球がいく」と手応えはバッチリだ。これでチームはリーグ戦負けなしの５勝。「テンポよく投げて、チームに勢いをもたらす投球がしたい」と次の出番を待ち望んだ。
報知新聞社",[],[]
“３８０億円男”が幸運タイムリー　ドジャース補強の目玉がまさかの不振も…ロバーツ監督「一生懸命努力している」（スポーツ報知）,https://news.yahoo.co.jp/articles/bc790c8385f716660b1c343f2eb4243f2cf8cef7,https://newsatcl-pctr.c.yimg.jp/t/amd-img/20260601-06011027-sph-000-1-view.jpg?exp=10800,2026-06-01T06:26:22+09:00,2026-06-01T06:26:22+09:00,スポーツ報知,sph,スポーツ報知,764,"ドジャースのタッカー（ロイター）
◆米大リーグ　ドジャース―フィリーズ（３１日、米カリフォルニア州ロサンゼルス＝ドジャースタジアム）
【動画】大谷の超魔球！変化量がとんでもない！！
ドジャースのＫ・タッカー外野手（２９）が３１日（日本時間６月１日）、本拠地・フィリーズ戦に「５番・右翼」で先発出場。３回２死二塁で打球が一塁ベースに当たるラッキーな適時打を放ち、５試合ぶりの打点を挙げた。

　カブスから４年２億４０００万ドル（約３８０億円＝契約時のレート）で電撃加入したタッカーは、昨季まで５年連続２０本塁打を記録しているスラッガー。しかし、今季は試合前の時点で５５試合で打率２割３分６厘、４本塁打、２６打点と本来の調子とは程遠かった。５月はわずか１本塁打で、この日まで２１試合ノーアーチとなっている。

　この日の試合前、ロバーツ監督はタッカーの不振に関して「答えは分からない。彼がそれを乗り越えるために一生懸命努力していることは知っている。彼が普段のようなペースで四球を選んでいない、あるいは四球を得ていない時、それは一種の危険信号であることは分かっている。また、初球であれ全体であれ、スイング率が彼のキャリアの中でこれまでより高くなっていると思う。それが原因の一部だと思う。なぜなら、彼は本質的に２ストライクに追い込まれても平気な男だからだ。しかし、彼が私の記憶にあるよりも過剰に攻撃的になっているように見える」と指摘した。

　３０日（同３１日）の試合前練習では普段は行わない屋外フリー打撃を実施するなど、タッカーももがいており、指揮官は「彼がグラウンドで通常の打撃練習をせず、早い時間に速い球を打ち、その後にグラウンドで打撃練習を行ったことは今どのような状態にあるかを非常によく物語っている」と話していた。
報知新聞社",[],[]
「とびっきり最高です」綾瀬はるか、シックなオフショルドレスで美デコルテ披露！「世界で一番」「笑顔が輝いてる」（スポーツ報知）,https://news.yahoo.co.jp/articles/5bc4540804d5f09b0a532d1073423bb5d80e3f66,https://newsatcl-pctr.c.yimg.jp/t/amd-img/20260601-05311146-sph-000-1-view.jpg?exp=10800,2026-06-01T06:24:03+09:00,2026-06-01T06:24:03+09:00,スポーツ報知,sph,スポーツ報知,314,"綾瀬はるかのスタッフによるインスタグラム（＠ａｙａｓｅｈａｒｕｋａ_ｏｆｆｉｃｉａｌ_ｓｔａｆｆ）より
女優の綾瀬はるか（４１）のスタッフＳＮＳが３１日までに更新され、ドレス姿が公開された。
【写真】綾瀬はるか、オフショル＆美しすぎる背中が「神々しい」
インスタグラムで綾瀬の主演映画の公開を報告し、舞台挨拶での衣装ショットを披露。シックな黒のオフショルドレスで美しいデコルテを惜しげもなくみせ、華やかな笑顔を浮かべたショットがアップされた。

　この投稿には「ニコニコはるかちゃんかわいい」「世界で一番ドレスが似合う」「ほんとにお美しい」「笑顔もとびっきり最高です」「笑顔が輝いてますね」などの声が寄せられている。
報知新聞社",[],[]
今井達也「日本の時に近いような感覚」「すごく自信になった」　３敗目も収穫の１１０球＆６回２失点（スポーツ報知）,https://news.yahoo.co.jp/articles/9dfb4675f650fd89bdff3cea472fe66d0b5a40c6,https://newsatcl-pctr.c.yimg.jp/t/amd-img/20260601-06011026-sph-000-1-view.jpg?exp=10800,2026-06-01T06:23:19+09:00,2026-06-01T06:23:19+09:00,スポーツ報知,sph,スポーツ報知,1134,"１１０球を投げたアストロズ・今井達也投手（ロイター）
◆米大リーグ　アストロズ０―２ブルワーズ（３１日、米テキサス州ヒューストン＝ダイキンパーク）
【動画】今井痛恨の一球…粘投続けるもバウアーズに２ラン被弾
アストロズ・今井達也投手（２８）が３１日（日本時間６月１日）、本拠地・ブルワーズ戦で先発登板。メジャー自己最多の１１０球を投げ、６回３安打２失点、５奪三振の好投を見せて２試合連続でクオリティースタート（ＱＳ）をクリアした。最速９７・６マイル（約１５７・１キロ）もマークしたが、味方の援護に恵まれず３敗目（２勝）を喫した。

　今井は試合後の現地放送のインタビューで「セットポジションに入った時から、これは力を入れてもそんなに引っかけたり抜けたり、暴れなそうだなというポジションを、やっと日本の時に近いような感覚を見つけられたので今日はそれがすごく大きな収穫かなと思います」と手応えを口にしながら、１１０球を投げたことについても「初回に比べて投げるうちにどんどん、今日感覚がいいなという風にどんどん徐々に力を入れていって投げられた。ライオンズの時も球数は１番投げられると監督やコーチも分かっていた。投げる体力は人一倍あると思っているので、１００球を越えても球速が落ちないで投げられたのはきょうすごく自信になった」と涼しい顔だった。

　初回は先頭の１８年ＭＶＰイエリチを二ゴロに打ち取るなど３者凡退で好発進を切ると、２回も１死から２者連続三振を奪うなど３者凡退で抑えた。

　３回は１死から８番のハミルトンに中前安打。この回も無安打に抑えれば２試合にまたいで９回無安打無失点の”ノーヒットノーラン”だったが、自身９イニングぶりに安打を浴びて、さらに二盗、三盗を許すなど１死一、三塁のピンチを迎えたが、イエリチを空振り三振、ミッチェルを二ゴロに抑えて切り抜けた。

　投手戦が続き、両軍無得点の４回は、１死からボーンに右前安打を許すと、バウアーズに左翼へ９号２ランを被弾。自身１０イニングぶりの失点で先取点を与えた。５回は先頭のハミルトンに四球。二盗と犠打で１死三塁のピンチとなったが、イエリチから空振り三振を奪うなど後続を抑えて追加点は与えなかった。

　６回もマウンドに上がった右腕。メジャー７試合目の登板で初めて投球数が１００を越えたが、３者凡退で抑えたが、援護がなく黒星がついた。

　今井は前回登板の２５日（同２６日）敵地・レンジャーズ戦で、初回に３四球を与えながら２回以降修正し、６回無安打無失点、２奪三振、４四球と好投。７回以降もリリーフ陣が無安打無失点でつなぎ、３投手の継投によるノーヒットノーランに貢献し、２勝目（２敗）を挙げていた。
報知新聞社",[],[]
巨人・リチャード、実戦復帰後初アーチ　大田コーチ、２打席連続空振り三振後に「ホームランを打つのが仕事」と声掛け（スポーツ報知）,https://news.yahoo.co.jp/articles/557647d6c97bd4a595bb99acc773885e3118c4ef,https://newsatcl-pctr.c.yimg.jp/t/amd-img/20260601-05311387-sph-000-1-view.jpg?exp=10800,2026-06-01T06:15:04+09:00,2026-06-01T06:15:04+09:00,スポーツ報知,sph,スポーツ報知,625,"６回２死、右中間へソロを放ちナインに迎えられるリチャード（カメラ・堺　恒志）
◆ファーム・リーグ　巨人２―０阪神（３１日・ジャイアンツタウンスタジアム）

　巨人のリチャード内野手（２６）が３１日、下半身のコンディション不良から実戦復帰後初アーチを描いた。「早く１軍に行けるように頑張りたいです」と気を引き締めた。
【写真】元ＨＫＴ４８の外薗葉月と新婚ラブラブ２ショット
ファーム・リーグ、阪神戦（Ｇタウン）に「４番・ＤＨ」で先発出場し、１―０の６回２死の第３打席。先発右腕・今朝丸の低め１４４キロ直球をはじき返すと、打球は伸びて右中間スタンドに飛び込む２号ソロとなった。

　１、２打席目は空振り三振。このまま終わるわけにはいかなかった。大田２軍打撃コーチが「リチャードはホームランバッターだから、こういう試合展開のときはホームランを打つのが仕事だよ」と声を掛けた。力むことなく、低めの直球に対して丁寧にアプローチ。逆らわず、逆方向に打ち返した。大田コーチは「そこらへんは自分で考えている。本当に打ってすごい」と手放しで褒めた。

　２日の同・広島戦（同）で左手骨折から２か月ぶりに実戦復帰。いきなり本塁打を放ち、５日の同・ハヤテ戦（ちゅ～る）まで４試合に出場したが、その後は下半身のコンディション不良を発症して再び故障班に合流していた。２７日に復帰後は１１打数５安打と好調。「淡々とできることをやります」。最善を尽くす。（臼井　恭香）
報知新聞社",[],[]
「イケメン確定」中川翔子、“ダブル抱っこ”で双子の成長を報告！「美形遺伝子すごすぎる」「たくましい母！」（スポーツ報知）,https://news.yahoo.co.jp/articles/4bb89d5ec1c93f2178d899ac4b09986d96f7dc08,https://newsatcl-pctr.c.yimg.jp/t/amd-img/20260601-05311123-sph-000-1-view.jpg?exp=10800,2026-06-01T06:12:05+09:00,2026-06-01T06:12:05+09:00,スポーツ報知,sph,スポーツ報知,411,"中川翔子のインスタグラム（＠ｓｈｏｋｏ５５ｍｍｔｓ）より
昨年９月３０日に双子の男児出産を発表したタレントの中川翔子が、双子の成長を伝えた。
【写真】お目目パッチリ！「４１」にレベルアップした中川翔子
中川は３１日までに自身のインスタグラムを更新。「双子、今日で８か月！はやい！夢のようにはやく過ぎていく日々」と、出産から８か月を迎えたことを報告した。

　続けて、「重い！ダブル抱っこいつまでいけるかな！笑顔や表情感情つかまり立ちできる表現がどんどん増えていく！双子に出会えて本当に幸せ」と記し、両腕に双子を抱えた「ダブル抱っこ」を披露。大きな目でカメラを見つめる双子のショットなどもシェアした。

　この投稿には「大きくなったね」「こんな可愛すぎる双子ちゃん見たことない」「一度に抱っこはしょこたんすごい」「たくましい母ですね！」「美形遺伝子すごすぎる」「イケメン確定かも」などのコメントが寄せられている。
報知新聞社",[],[]
【高校野球】報徳学園、主将・山田瑛太が値千金の満塁弾　乱打戦制し１６年ぶり２度目の春近畿王者（スポーツ報知）,https://news.yahoo.co.jp/articles/133fcf5df9275c886b6c70a557bea41cdcc48aa0,https://newsatcl-pctr.c.yimg.jp/t/amd-img/20260601-05311348-sph-000-1-view.jpg?exp=10800,2026-06-01T06:00:13+09:00,2026-06-01T06:00:13+09:00,スポーツ報知,sph,スポーツ報知,1022,"９回１死、満塁本塁打を放ち、雄たけびを上げる報徳学園・山田瑛太
◆春季近畿大会　▽決勝　報徳学園１１―１０智弁和歌山（３１日・わかさスタジアム京都）
【写真】プロ注目の龍谷大平安・川島謙心の投球フォーム
土壇場の５得点で猛追され、リードはわずか１点の９回２死満塁。一打逆転サヨナラ負けの場面をしのいだ報徳学園ナインは、マウンド上で喜びをぶつけ合った。智弁和歌山を振り切り、２０１０年以来、１６年ぶり２度目の近畿大会優勝を果たした。

　苦しんだ主将・山田瑛太左翼手（３年）が歓喜の勝利をもたらした。２点リードの９回１死満塁で内角直球を強振し、打球は左翼席で弾んだ。公式戦１号がグランドスラム。「みんながつないでくれた。スタンドもベンチも喜んでいて『やってやったぞ！』と思った」。３回の右前適時打を含め、５打点の大暴れだ。

　新チームの主将に就任したが「自分が引っ張ろうとすぎて…」と空回りした。大角健二監督（４６）の判断で３月から１か月、主将の肩書を外された。「周りを見るいい機会になった」と冷静になり、再登板後はチームの一体感を生み出した。「苦しいことも経験しているので、彼の本塁打はチームにとって大きかった」と指揮官。エース・沢田悠佑（３年）も「瑛太ならやってくれると信じていた」と自分のことのように喜んだ。

　今大会は「野手が投手を育てよう」という狙いで、全試合で先攻を選択。指揮官は「１番から９番まで色んなところでチャンスメークできた」と、うなずいた。４番・藤本碧空三塁手（３年）も「みんなで、やぞ！」と叫び続けて“つなぎ”を意識づけた結果が、この日の１３安打１１得点だ。

　山田主将は「ホッとしたのは一瞬。夏に切り替えていかないと」と、すぐに気持ちを引き締め直した。春の近畿王者は１６年以降（中止の２０年を除く）、夏の甲子園に出場している。さらなる進化を果たし、目指すのは夏切符ではなく全国制覇だ。（高柳　義人）

　〇…智弁和歌山は６点を追う９回に怒とうの反撃も及ばず、３年連続の準優勝。９回は打者１１人の猛攻で５点を返し、１点差まで迫った。３回に３ラン、９回に適時打を放って３戦９打点の荒井優聖一塁手（３年）は「最後の最後に自分たちの弱さが出た」と唇をかんだ。相手を上回る１５安打に、中谷仁監督（４７）は「（打撃戦は）想定していた展開。最後まで食らいついていけた攻撃陣は良かった」と夏に向けての手応えを口にした。
報知新聞社",[],[]
読売テレビ・足立夏保アナウンサー、５年目２６歳が２番組メインキャスターでドンドン成長中（スポーツ報知）,https://news.yahoo.co.jp/articles/32692bb2973e392c13d35eef0d7bf68a2469d7d3,https://newsatcl-pctr.c.yimg.jp/t/amd-img/20260601-05311230-sph-000-1-view.jpg?exp=10800,2026-06-01T06:00:13+09:00,2026-06-01T06:00:13+09:00,スポーツ報知,sph,スポーツ報知,1718,"インタビューに答える読売テレビ・足立夏保アナウンサー（カメラ・渡辺　了文）
読売テレビの足立夏保アナウンサー（２６）、いや「ドン・カホ・アダーチ」が“裏ボス”として情報番組を支配する（！？）。昨年４月の放送開始から、同局制作の日本テレビ系「サタデーＬＩＶＥ　ニュース　ジグザグ」（土曜・前１１時５５分）をメインキャスターとして率いた手腕を買われ、今年３月からは「かんさい情報ネットｔｅｎ．」（月～金曜・後３時５０分）の火曜メインキャスターにも起用された。失敗も糧にして、５年目アナウンサーがドンドン成長している。（田中　昌宏）
【写真】「かんさい情報ネットｔｅｎ．」木、金曜日サブキャスターの読売テレビ・吉澤真彩アナ
今年１月に放送された「ジグザグ」新春ＳＰでのひとコマ。番組ナビゲーターの俳優・小澤征悦（５１）に「『ジグザグ』の裏のドンは足立さんです。俺はＭＣでは素人。肝の据わった感じがありがたいんで、心の中で『裏ボス』って呼んでます」と独特の表現でたたえられたのだ。「もうちょっといい名前ありませんか？」とツッコんだところ、間髪入れずに飛び出したのが「ドン・カホ・アダーチ」だった。

　「小澤さんには『変なあだ名で呼ばないでください』って言っているんですけど、実はキャッチーで気に入っています（笑）。入社５年目。まだまだ気持ちは若手なんですが、いつまでも若手とは言ってられないなと思うので、自信を持ってこの『ドン・カホ・アダーチ』というニックネームを背負えるように頑張りたいですね」

　そんな名優の“あしらい方”を心得ているところも、ドンのドンたるゆえん。

　「表現が難しいのですが“陽気なおじさま”…って言っていいんですかね（笑）。いつも会話に小ボケを入れたり、あえて世代を感じさせるような発言をして、イジられるように仕向けたり。最近はもう（ボケられても拾わずに）『はーい、分かりましたー』って（笑）」

　親子ほどの年齢差。“娘”がニュースを分かりやすく伝え、“パパ”が視聴者目線でリアクションする。温かい雰囲気が昼の番組にマッチしているのだろう。一方、夕方の「ｔｅｎ．」は、２３年１月から務めたサブキャスターから、今年３月に火曜メインキャスターへと昇格。月、水～金曜担当の中谷しのぶアナ（３７）、足立アナと入れ替わりで卒業した黒木千晶アナ（３２）を師と仰ぎ、奮闘している。

　「お話をいただいた時は不安が大きかったです。ただ、ずっと背中を追いかけ続けていたので、いざやってみた時に『あ、中谷さんだったらああしているな。黒木さんだったらこうしているな』っていうことを、ふと思い出すことが多くて。生放送中に救われたことが多いです」

　ただし、そこは新米メインキャスター。まだまだ失敗も多い。

　「いっぱいありますよ！　いまだにカメラの位置が分かっていない（笑）。『（カメラのランプが）光るから分かるよ』って言われるんですけど『どこだどこだ？』ってなってしまって。家に帰ってオンエアを見返したら、全然違う方向を見てしゃべっている。（両先輩は）とってもいい感じに、かっこ良くやってはるのに」

　徐々にではあるが「足立色」も出しつつある。

　「等身大の２６歳として素直に話すことが、自分らしさにつながるのかな。基本的に会社では『足立はスキップしてるみたい』って言われています。いや、していないですよ（笑）。常に『ルンルンしている』と思われているようで。『ｔｅｎ．』の柔らかい雰囲気の中で、生かせていけたらいいなと思います」

　その日生まれた命を祝福する名物コーナー「めばえ」など、ルンルンとスキップしたくなるような話題とトークで、“ドン”が関西を、全国を、明るく染めていく。

　◆足立　夏保（あだち・かほ）１９９９年７月、シンガポール出身。２６歳。東京、米国、大阪、京都で育ち、早大を経て２２年に読売テレビ入社。かつてはインドア派だったが、最近の趣味は２泊３日のプチ旅行で自然を満喫すること。「阿蘇の雄大な景色や高知の“滝サウナ”でリフレッシュしてきました」。台湾、韓国、香港などへのグルメ旅も大好き。
報知新聞社",[],[]
ＤｅＮＡ・尾形崇斗「本当にこのチームに来てよかった」衝撃「１対２」トレードで重圧も「受け入れて糧に」移籍後初登板初勝利（スポーツ報知）,https://news.yahoo.co.jp/articles/ec9a0d606802edd9c7afa582a7afc05dd6f1e4e1,https://newsatcl-pctr.c.yimg.jp/t/amd-img/20260601-05311428-sph-000-1-view.jpg?exp=10800,2026-06-01T06:00:12+09:00,2026-06-01T06:00:12+09:00,スポーツ報知,sph,スポーツ報知,636,"ＤｅＮＡ・尾形崇斗
ウィニングボールを手にしたＤｅＮＡ・尾形は「試合中も『尾形～』って声援が聞こえていましたし、ヒーローインタビューでもたくさんの声援が飛んできた。本当にこのチームに来てよかった」と、移籍後初登板初勝利の余韻に浸った。
【動画】移籍後初登板初勝利！尾形崇斗が喜びのヒーローインタビュー！
初回先頭のカナリオを１５８キロの直球で空振り三振に仕留めて波に乗った。序盤は自身最速タイ１５９キロの直球とスライダーを軸に、２巡目以降はカーブとスプリットを織り交ぜ西武打線を手玉に取った。５回２安打無失点７奪三振。９１登板目の初先発で価値ある１勝目をつかんだ。

　１２日に井上とともに移籍してきたばかり。ソフトバンクに移ったレギュラー捕手の山本祐と「１対２」の交換トレードだった。年俸面でも“不均衡”に映るだけに、編成に対するベイ党の懐疑的な意見がＳＮＳ上を飛び交った。その分、重圧も感じたが「受け入れて投球の糧に」と力に変えた。

　尾形は言った。「これからも山本君も自分も井上も全員で頑張っていければ」。常勝軍団でならした剛腕が新天地でさらに己を高めていく。（長井　毅）

　◆尾形　崇斗（おがた・しゅうと）１９９９年５月１５日、宮城県生まれ。２７歳。学法石川から１７年育成ドラフト１位でソフトバンクに入団。２０年３月に支配下登録。昨年は自己最多の３８試合登板で１勝１敗５ホールド、防御率４・６７。１８２センチ、９０キロ。右投左打。年俸２７００万円。
報知新聞社",[],[]
【Ｊ２札幌】ＤＦ内田瑞己が初先発でフル出場　右足関節遊離体手術からの復帰を果たし「素直に楽しかった」（スポーツ報知）,https://news.yahoo.co.jp/articles/26b44e8d6abb4d3553e851054e0ea08797c30312,https://newsatcl-pctr.c.yimg.jp/t/amd-img/20260601-05311369-sph-000-1-view.jpg?exp=10800,2026-06-01T06:00:10+09:00,2026-06-01T06:00:10+09:00,スポーツ報知,sph,スポーツ報知,567,"左足でミドルシュートを放つJ２札幌DF内田瑞己（中央、カメラ・砂田秀人）
◆明治安田Ｊ２・Ｊ３百年構想リーグ▽プレーオフラウンド５―８位決定戦第１戦　秋田１―１（延長０―０、ＰＫ５―４）札幌（３１日・ソユースタジアム）
【写真】Ｊ２札幌が今季初の３バックで１９年ぶりクラブ最多タイ７連勝
Ｊ２北海道コンサドーレ札幌が１２０分間の激闘後のＰＫ戦で、Ｊ２秋田に敗れた。敵地での戦いは後半３分にＦＷ大森真吾（２５）のゴールで先制。しかし追加点を奪えず、同２０分に追いつかれ、１―１でＰＫ戦に突入。５人が決めた相手に対し、札幌は１人が外し、４―５で涙をのんだ。主導権を握り続けた前半の好機を生かせなかったことが響き、地域リーグラウンドから連敗となった。リーグ７位をかけた特別大会最終戦は、６日にアウェーでＪ２新潟と行われる。

　札幌は今季加入したＤＦ内田瑞己（２６）が初先発し、フル出場。「素直に楽しかった」と振り返った。３月に１試合途中出場した後、右足関節遊離体の手術を受けた。「自分の思い描いていたシーズンとはかけ離れていた。本来だったら間に合わなかった」。何とか今大会中の復帰を果たし、１対１の場面では「自分の強み。負けたくなかった」と互角に渡り合った。存在感を示したが「イージーミスも多かったしまだまだ」と高みを目指す。
報知新聞社",[],[]
【J２札幌】１２０分激闘後のＰＫ戦で秋田に苦杯　大森真吾が先制弾も「前半あれだけ押し込んでいた中、点を取ることが大切だった」（スポーツ報知）,https://news.yahoo.co.jp/articles/92dd8f4700d2a1e267db5e774a021aec95e3d581,https://newsatcl-pctr.c.yimg.jp/t/amd-img/20260601-05311360-sph-000-1-view.jpg?exp=10800,2026-06-01T06:00:09+09:00,2026-06-01T06:00:09+09:00,スポーツ報知,sph,スポーツ報知,1017,"秋田戦の後半３分、先制点を挙げて絶叫するJ２札幌FW大森真吾（中央、カメラ・砂田秀人）
◆明治安田Ｊ２・Ｊ３百年構想リーグ▽プレーオフラウンド５―８位決定戦第１戦　秋田１―１（延長０―０、ＰＫ５―４）札幌（３１日・ソユースタジアム）
【写真】Ｊ２札幌タイ人ＦＷティラパットの来季残留が決定
Ｊ２北海道コンサドーレ札幌が１２０分間の激闘後のＰＫ戦で、Ｊ２秋田に敗れた。敵地での戦いは後半３分にＦＷ大森真吾（２５）のゴールで先制。しかし追加点を奪えず、同２０分に追いつかれ、１―１でＰＫ戦に突入。５人が決めた相手に対し、札幌は１人が外し、４―５で涙をのんだ。主導権を握り続けた前半の好機を生かせなかったことが響き、地域リーグラウンドから連敗となった。リーグ７位をかけた特別大会最終戦は、６日にアウェーでＪ２新潟と行われる。

　あと一歩のところで、札幌が勝利を逃した。前半はピッチを広く使ったパスがつながり、主導権を握った。後半３分にはＦＷ大森が５試合ぶりゴールを決めて先制もした。しかしその後、徐々に秋田に流れが傾き、同点とされ、ＰＫ戦まで突入しての敗戦。ＧＫ田川知樹（２４）は「勝ち切れなかったことが悔しい」と表情は硬いままだった。

　負傷者が複数出た影響もあり、川井健太監督（４４）は「今いる選手で最適なものは何か」とシステム変更に踏み切った。今季２度目の３バックに加え、ＭＦ木戸柊摩（２３）を１ボランチにして前線に人数をかけ、攻撃を活性化させた。指揮官は「やり方は一緒だが少しエッセンスを変える。そこができたのは良かった」と一定の評価はしたが、複数得点には至らず。大森は「前半あれだけ押し込んでいた中、点を取ることが大切だった」と結果に表れなかったことを反省した。

　勝利は得られなかったが、気温２５度を超える敵地で堂々の戦いを演じた。対戦相手が決まったのは１週間前。様々な移動手段を考えねばならず、試合前日の３０日に仙台から陸路、３時間かけて秋田入りした。田川は「移動はかなりタフだった」としながらも「たくさんの人が応援してくれていたので。どんな形でも勝ち切ることしか考えてなかった。次は必ず勝たせたい」と雪辱を誓った。

　第１戦に敗れ、今大会最終戦は新潟と全体７位をかけて戦う。大森は「ファン、サポーターの皆さんが、来季に期待を抱いてもらえるような試合にしたい」と勝利締めへ、口元を引き締めた。（砂田　秀人）
報知新聞社",[],[]
【高校サッカー】静岡学園がゴールラッシュで新人戦に次ぐ２冠王手　ＦＷ沢井翼が４戦連続の２得点「２ケタに乗せたい」７日に浜松開誠館と決勝戦（スポーツ報知）,https://news.yahoo.co.jp/articles/e3aa4211b63d7892d846f6eb8917b88cb90374fb,https://newsatcl-pctr.c.yimg.jp/t/amd-img/20260601-05311328-sph-000-1-view.jpg?exp=10800,2026-06-01T06:00:08+09:00,2026-06-01T06:00:08+09:00,スポーツ報知,sph,スポーツ報知,906,"前半１９分、DF陣に囲まれながらゴールを奪う静学・沢井（中央）（カメラ・里見　祐司）
◆静岡県高校総体サッカー▽準決勝　静岡学園６―１藤枝東（３１日・藤枝総合運動公園サッカー場）
【写真】２１代目応援マネジャーは池端杏慈！「ポカリ」ＣＭで話題の美女！
準決勝が行われ、浜松開誠館と静岡学園がファイナルに進んだ。磐田東と対戦した開誠館は０―１の後半２９分にＤＦ大石櫂（３年）のゴールで追いつくと、ＰＫ戦を４―２で制した。静学はＦＷ沢井翼（３年）の４戦連続のマルチ得点などで、藤枝東に６―１で大勝した。開誠館の２連覇か、静学の２年ぶりか。決勝は７日午後０時３５分からエコパで行われる。

　静学がゴールラッシュで藤枝東を粉砕。新人戦に次ぐ２冠に王手をかけた。

　エースＦＷ坂本健悟（３年）が前日の脳しんとうで欠場したピンチを、相棒の沢井が救った。オウンゴールで１点をリードして迎えた前半１９分、ＤＦラインの裏を狙った味方のパスに鋭く反応。２人に挟まれながら右足で蹴り込んだ。「いいパスが来たので決めるだけでした」

　さらに後半１５分にも追加点。４戦連続の２得点だ。前日の準々決勝後に「坂本を決勝に連れて行くためにも点を取る」と宣言していたストライカーが、有言実行の大暴れを見せた。

　Ｂチームだった昨年１１月に右足を負傷。手術を受け、復帰できたのは新人戦後の２月だった。新チームのスタートに出遅れた分、今大会は燃えていた。前線で当たり負けしない１７９センチ、７２キロ。川口修監督（５２）も「運動能力が高い。決定力もある」とうなずいた。

　１８６センチの長身を誇るＤＦ飯尾善（３年）の今大会初ゴールも効いた。前半終了間際に１点を返され、藤枝東に流れが傾いた。そんな嫌なムードで迎えた後半１１分、ＣＫ後の混戦から蹴り込み、ライバルを突き放した。本来は坂本が位置するファーサイドに陣取っての一撃。「中学ではＦＷだったのでシュートは得意なんです」と笑った。

　さあ決勝だ。昨夏の準決勝で敗れた開誠館との雪辱戦。「点を決めたい」と飯尾。沢井も「２点取って、２ケタに乗せたい」と活躍を誓った。（里見　祐司）
報知新聞社",[],[]
【高校サッカー】浜松開誠館がＰＫ戦制して連覇王手　ＤＦ大石櫂が同点ゴール「めちゃくちゃうれしかった」…７日に静岡学園と決勝戦（スポーツ報知）,https://news.yahoo.co.jp/articles/d3b963846ce372cd378b26605a123949943581a2,https://newsatcl-pctr.c.yimg.jp/t/amd-img/20260601-05311324-sph-000-1-view.jpg?exp=10800,2026-06-01T06:00:04+09:00,2026-06-01T06:00:04+09:00,スポーツ報知,sph,スポーツ報知,918,"後半、浜松開誠館の大石（手前）が同点ゴールを決める（カメラ・里見　祐司）
◆静岡県高校総体サッカー▽準決勝　浜松開誠館１―１（ＰＫ４―２）磐田東（３１日・藤枝総合運動公園サッカー場）
【Ｗ杯メンバー＆背番号一覧】森保監督が選んだ２６人
準決勝が行われ、浜松開誠館と静岡学園がファイナルに進んだ。磐田東と対戦した開誠館は０―１の後半２９分にＤＦ大石櫂（３年）のゴールで追いつくと、ＰＫ戦を４―２で制した。静学はＦＷ沢井翼（３年）の４戦連続のマルチ得点などで、藤枝東に６―１で大勝した。開誠館の２連覇か、静学の２年ぶりか。決勝は７日午後０時３５分からエコパで行われる。　

　浜松開誠館の連覇へ望みをつないだのは、左サイドバック・大石の左足だった。１点を追う後半１９分、右からのＣＫのチャンス。ＭＦ森下力陸（２年）のキックが前方にこぼれたところへ飛び込み、利き足でゴールに突き刺した。同点に持ち込んで迎えたＰＫ戦では磐田東が２本を外し、決勝進出が決まった。

　「めちゃくちゃうれしかったですよ」。丸刈りの背番号６は、殊勲のゴールを振り返りながら破顔した。３回戦の浜名戦に続く今大会２得点目は角度のないところからの難易度の高いシュートだったが「シュート練習でやっている角度なので。浮かさないように意識した」。制御をかけて、グラウンダーで決めた。

　今年の新人戦では出番はほとんどなく、レギュラーに定着したのは４月に開幕した高円宮杯Ｕ―１８プリンスリーグ東海から。もともとはボランチだったが、前線が攻めあぐねた時のサイドからの的確な攻撃参加で定位置をつかんだ。ＤＦだが、得点のことは「意識しています」と胸を張った。

　決勝の相手は静学。昨年は準決勝で０―０の末ＰＫ戦（４―３）で退けたが、今年は一層手ごわそうだ。青嶋文明監督（５７）は全国大会を経験した昨年とのチーム力の差を問われると、状況判断力の不足などを挙げて「全然ですね」と苦笑した。発展途上であることは、選手たちも自覚している。昨年の経験を生かし、チームを支えるＤＦ磯部舜也主将（３年）は「（昨年の）チームを超えていかないといけない」と誓うように言った。（甲斐　毅彦）
報知新聞社",[],[]
やっと決めた１点にそれ以上の価値あり　北澤豪氏「競争」と「ジョーカーの存在」（スポーツ報知）,https://news.yahoo.co.jp/articles/86788a5ac3e47bf72f7b14031d05a5662f9e6c35,https://newsatcl-pctr.c.yimg.jp/t/amd-img/20260601-05311454-sph-000-1-view.jpg?exp=10800,2026-06-01T05:50:02+09:00,2026-06-01T05:50:02+09:00,スポーツ報知,sph,スポーツ報知,538,"後半４２分、ヘディングシュートで先制点を決めガッツポーズする小川航基（カメラ・山崎　賢人）
◆サッカーＷ杯北中米大会　壮行試合　日本１―０アイスランド（３１日、ＭＵＦＧ国立）
【動画】Ｗ杯本番も任せた！小川の決勝ヘディング弾！
ＦＩＦＡランク１８位の日本代表は、Ｗ杯前最後の実戦となる同７５位のアイスランド代表との壮行試合を後半４２分にＦＷ小川のゴールで１―０で下した。スポーツ報知評論家で元日本代表MFの北沢豪氏が、小川が決めたゴールの価値を解説。本大会での戦いを見据えた上で、２つの重要さを説いた。

＊　＊　＊　＊　＊

　小川はジョーカー（スーパーサブ）の働きができることを改めて証明した。森保監督は今回、前線（１トップ、シャドー＝１・５列目）で、かなりの人数（プレー可能は１１人）を選んだ。この試合を見て、その意図が伝わってきた。堅い試合が見込まれる本大会では、試合を動かせる途中出場組をどれだけ持っているか、という戦いでもある。それを想定して、どんどん前に出て行ける、仕掛けられる選手をメンバーに入れたのだと感じた。先発した上田にそこまでチャンスシーンがなかった中で、途中出場の小川が点を決めたのはチームにとって重要だ。（スポーツ報知評論家・北澤　豪）
報知新聞社",[],[]
あのちゃん　ハーフツイン＆レースのキュートな最新ショットを投稿！「尊…」「ギャップ萌え」と反響（スポーツ報知）,https://news.yahoo.co.jp/articles/67e65e0bba994419cdef34c1f58331011dde443e,https://newsatcl-pctr.c.yimg.jp/t/amd-img/20260601-05311243-sph-000-2-view.jpg?exp=10800,2026-06-01T05:41:02+09:00,2026-06-01T05:42:15+09:00,スポーツ報知,sph,スポーツ報知,279,"あのちゃんのインスタグラム（＠ａ＿ｎ＿ｏ２ｍａｓｓ）より
「あのちゃん」こと歌手でタレントのあのが、近影を公開した。

　あのは３１日に自身のインスタグラムで「メトロック出番後はコレサワことコレちゃんとシール交換できた」とつづり、オフショットをアップ。ハーフツインヘアにレースのトップスでフルーツを手にした上目遣いのショットなどショットを披露した。
【写真】“２ショット”もアップ
この投稿には「かわいすぎる」「あのちゃん偉いなぁ」「好きな人同士の遭遇嬉しい！」「顔面バブすぎる」「尊…」「ギャップ萌えにやられています」などの声が寄せられている。
報知新聞社",[],[]
森保一監督が審判に激高　盟友の北澤豪氏が解説「不服を伝えるためではない…」（スポーツ報知）,https://news.yahoo.co.jp/articles/a7f48a302d7efd64c4f742776fe1f56815f33b0c,https://newsatcl-pctr.c.yimg.jp/t/amd-img/20260601-05311450-sph-000-8-view.jpg?exp=10800,2026-06-01T05:40:10+09:00,2026-06-01T14:43:08+09:00,スポーツ報知,sph,スポーツ報知,604,"後半、判定に怒りの表情を見せる森保一監督（カメラ・山崎　賢人）
◆サッカーＷ杯北中米大会　壮行試合　日本１―０アイスランド（３１日、ＭＵＦＧ国立）
【写真】吉田麻也の魂は北中米へ…長友佑都と肩組み２ショ
ＦＩＦＡランク１８位の日本代表は、Ｗ杯前最後の実戦となる同７５位のアイスランド代表との壮行試合を後半４２分にＦＷ小川のゴールで１―０で下した。スポーツ報知評論家で、元日本代表ＭＦの北澤豪氏が森保一監督が後半３５分、レフェリーに猛抗議したシーンを解説。決勝ゴールが生まれるきっかけになったと指摘した。

＊　＊　＊　＊　＊

　森保監督が決勝ゴールを呼び込んだと言っても過言ではない。後半３５分、レフェリーに対して強く抗議する監督の姿があった。レフェリーや判定への不服を伝えるためではない。明らかに選手に向けてとった行動だ。ホームのW杯壮行試合で、０―０。監督自ら、この試合にそれだけの感情を傾けて、勝ちたいっていうことを見せた。試合に出ているのだから結果を出しなさい、絶対に勝つぞ、と。

　実際にそこから火がついた。小川のゴールをアシストした菅原は、振ろうとした左足を戻し、より得点の確率の高い右足クロスを送った。ゴール前には、後藤も塩貝も入っていた。ゴールへの選択肢は、小川以外にも複数作ることができていた。さすがは、W杯２大会を率いる森保監督だと感じた。（スポーツ報知評論家・北澤　豪）
報知新聞社",[],[]
【巨人記録室】開幕から５２戦目のチーム初完投は球団最遅　ドラ１・竹丸和幸がプロ初で達成（スポーツ報知）,https://news.yahoo.co.jp/articles/43e5c6b53bb26f51e82f64f089cc7cb0afb5e44e,https://newsatcl-pctr.c.yimg.jp/t/amd-img/20260601-05311382-sph-000-1-view.jpg?exp=10800,2026-06-01T05:40:09+09:00,2026-06-01T05:40:09+09:00,スポーツ報知,sph,スポーツ報知,488,"プロ初完投も８回３失点で４敗目を喫した竹丸（カメラ・宮崎　亮太）
◆日本生命セ・パ交流戦　２０２６　日本ハム３―０巨人（３１日・エスコンフィールド）
【写真】あどけない！竹丸和幸の高校時代貴重ショット！
巨人は新人の竹丸が８回を３失点で完投負け。今年はセ・リーグの６球団で巨人だけ完投がなかった。開幕からは５２試合目。チームでは昨年の４６試合目を上回る最も遅い初完投だ。

　竹丸は４月２２日の中日戦以来、２度目の１０奪三振。巨人のルーキーで２ケタ奪三振を記録した投手は竹丸が１２人目（２６、２７度目）。

　２度以上は０３年に６度の木佐貫洋、１３年に４度の菅野智之、９９年に３度の上原浩治に次ぎ、３６年秋の沢村栄治、７９年の江川卓、０３年の久保裕也、１７年畠世周の２度と並んで８人目になる。

　チームの新人が１０三振以上を奪った２７度のうち、その試合で敗戦投手になったのは、５９年９月２日の大洋戦で８回を１１三振の伊藤芳明、１７年７月２６日広島戦で６回１１三振の畠に次ぎ３人目の不運。２ケタ奪三振で完投負けは同じく左腕の伊藤以来、２人目となった。（阿部　大和）
報知新聞社",[],[]
【高校野球】クラーク春の北海道大会初優勝逃すも夏へ手応え十分　佐々木啓司監督「（投手は）一本柱があるから大丈夫。打線はいいでしょ」（スポーツ報知）,https://news.yahoo.co.jp/articles/5c5dae3ce21a2619ee0a7be70bfa8752a38e0c50,https://newsatcl-pctr.c.yimg.jp/t/amd-img/20260601-05311300-sph-000-1-view.jpg?exp=10800,2026-06-01T05:40:08+09:00,2026-06-01T05:40:08+09:00,スポーツ報知,sph,スポーツ報知,438,"決勝で敗れ相手の校歌を聞くクラークの選手たち（カメラ・島山　知房）
◆春季北海道高校野球大会　▽決勝　旭川志峯８―５クラーク（３１日・札幌モエレ沼公園）
【写真】報徳学園が１６年ぶり春の近畿王者
５７年ぶりの北北海道勢による決勝が行われ、旭川志峯が８―５でクラークに勝利し、初優勝を飾った。大逆転負けで地区敗退に終わった昨秋の悔しさをバネに成長し、決勝は無失策で頂点に立った。同勢２校目の道大会春夏連覇、そして２年連続の甲子園出場へ、夏の北北海道大会は６月２４日に開幕する。

　クラークは初優勝には届かなかったが、夏に向けて大きな収穫を得た。準々決勝から２試合連続完投のエース・佐々木俊介（３年）は連投の影響もあり、４回途中４失点で降板。２番手以降の投手陣に課題を残したものの、攻撃は相手を上回る１４安打で意地を見せた。佐々木啓司監督（７０）は「（投手は佐々木の）一本柱があるから大丈夫。夏は春ほど連戦にならないからね。打線はいいでしょ」と手応えを口にしていた。
報知新聞社",[],[]
【高校野球】旭川志峯が昨秋の大逆転負けから守備力強化で春の北海道大会初Ｖ　１９８７年の帯広北以来史上２校目の北北海道勢春夏連覇に挑む（スポーツ報知）,https://news.yahoo.co.jp/articles/6ca6b53877c252d4215e9d81ca72b511c690e0d5,https://newsatcl-pctr.c.yimg.jp/t/amd-img/20260601-05311265-sph-000-1-view.jpg?exp=10800,2026-06-01T05:40:03+09:00,2026-06-01T05:40:03+09:00,スポーツ報知,sph,スポーツ報知,1041,"初優勝を達成した旭川志峯の選手たち（カメラ・島山　知房）
◆春季北海道高校野球大会　▽決勝　旭川志峯８―５クラーク（３１日・札幌モエレ沼公園）
【注目】“夏の旭川志峯”が北北海道勢では稚内大谷以来３７年ぶり春の全道Ｖ
５７年ぶりの北北海道勢による決勝が行われ、旭川志峯が８―５でクラークに勝利し、初優勝を飾った。大逆転負けで地区敗退に終わった昨秋の悔しさをバネに成長し、決勝は無失策で頂点に立った。同勢２校目の道大会春夏連覇、そして２年連続の甲子園出場へ、夏の北北海道大会は６月２４日に開幕する。

　最後まで白い歯を見せることなく、旭川志峯ナインがスタンドに一礼した。夏の甲子園１１度出場の名門が初めて手にした「春」のタイトル。それでも、億貞（おくさだ）壮汰主将（３年）は「春は立ち位置を知る大会。浮かれずに一から全部員でやっていかないといけない」。集合写真撮影時も表情を崩すことなく、開幕まで１か月を切った夏に視線を向けた。

　先発に抜擢された伊林柊歩（とあ）投手（３年）は序盤から制球に苦しみ、３回に先制点を献上。それでも、４回以降は立ち直り、７回１失点と好投した。今大会初登板の左腕を打線が援護し、４回に３番・中村寧央（ねお）一塁手（３年）の公式戦初本塁打などで６得点の猛攻。バントヒットなどの小技も絡めながら４試合連続２ケタ安打を放ち、優位に試合を進めた。

　昨夏の甲子園レギュラーメンバーが４人残り、迎えた昨秋。旭川地区代表決定戦の旭川実戦で一時８点リード、コールド勝ちまであと３アウトの状況からまさかの大逆転負けを喫した。

　計４失策と伝統の守備が乱れての敗戦。試合後のミーティングで億貞は危機感をチームメートに伝えた。「このままでは甲子園に行けない」。グラウンドの雪が溶けてからの守備練習では「守備の意識を高く持って常日頃からやってきた」と主将。甲子園メンバーを中心に守り勝つ野球の土台を築き、終盤に追い上げられたこの日の決勝も無失策でリードを守り抜いた。

　北北海道勢の優勝は史上７校目で、そのうち同一年の夏の甲子園出場を果たしたのは１９８７年の帯広北のみ。２年連続で聖地への切符をつかむまでには険しい道が待ち受ける。山本博幸監督（４６）は「勝ったら隙しか生まれない。もう負けられない試合が続くので、ミスがない野球を出来るように１か月準備していきたい」。夏の開幕まで２４日。勝って兜の緒を締め、次に待ち受ける鬼門を突破してみせる。（島山　知房）
報知新聞社",[],[]
今井達也１１０球で６回２失点、２登板連続ＱＳも３敗目　ノーノーからの２連勝ならず（スポーツ報知）,https://news.yahoo.co.jp/articles/4621db315e347e085531600d082d7af6103830f5,https://newsatcl-pctr.c.yimg.jp/t/amd-img/20260601-06011023-sph-000-2-view.jpg?exp=10800,2026-06-01T05:39:22+09:00,2026-06-01T06:24:52+09:00,スポーツ報知,sph,スポーツ報知,979,"１１０球を投げるも３敗目を喫したアストロズ・今井達也投手（ＡＰ）
◆米大リーグ　アストロズ０―２ブルワーズ（３１日、米テキサス州ヒューストン＝ダイキンパーク）
【動画】今井痛恨の一球…粘投続けるもバウアーズに２ラン被弾
アストロズ・今井達也投手（２８）が３１日（日本時間６月１日）、本拠地・ブルワーズ戦で先発登板し、メジャー自己最多の１１０球を投げ、６回３安打２失点、５奪三振の好投を見せて２試合連続でクオリティースタート（ＱＳ）をクリアし、最速９７・６マイル（約１５７・１キロ）もマークしたが、味方の援護に恵まれず３敗目（２勝）を喫した。

　昨季メジャーデビューしたばかりながら最速１０３・６マイル（約１６６・７キロ）を誇り、「怪物」の異名も持つ２４歳右腕のミジオロウスキーとの投げ合い。初回は先頭の１８年ＭＶＰイエリチを二ゴロに打ち取るなど３者凡退で好発進を切ると、２回も１死から２者連続三振を奪うなど３者凡退で抑えた。

　３回は１死から８番のハミルトンに中前安打。この回も無安打に抑えれば２試合にまたいで９回無安打無失点の”ノーヒットノーラン”だったが、自身９イニングぶりに安打を浴びて、さらに二盗、三盗を許すなど１死一、三塁のピンチを迎えたが、イエリチを空振り三振、ミッチェルを二ゴロに抑えて切り抜けた。

　投手戦が続き、両軍無得点の４回は、１死からボーンに右前安打を許すと、バウアーズに左翼へ９号２ランを被弾。自身１０イニングぶりの失点で先取点を与えた。５回は先頭のハミルトンに四球。二盗と犠打で１死三塁のピンチとなったが、イエリチから空振り三振を奪うなど後続を抑えて追加点は与えなかった。

　６回もマウンドに上がった右腕。メジャー７試合目の登板で初めて投球数が１００を越えたが、３者凡退で抑えた。投げ合ったミジオロウスキーは７回３安打無失点で６勝目。最速１０３・１マイル（約１６５・９キロ）と圧巻の投球を見せて防御率が１・６５となり、今井は白星はつかめなかった。

　今井は前回登板の２５日（同２６日）敵地・レンジャーズ戦で、初回に３四球を与えながら２回以降修正し、６回無安打無失点、２奪三振、４四球と好投。７回以降もリリーフ陣が無安打無失点でつなぎ、３投手の継投によるノーヒットノーランに貢献し、２勝目（２敗）を挙げていた。
報知新聞社",[],[]
吉田正尚が勝ち越し２点適時打＆マルチ安打　「４番・左翼」の起用に応える（スポーツ報知）,https://news.yahoo.co.jp/articles/20cb2fe7169a483b65718867a9b8fa98a207c6a6,https://newsatcl-pctr.c.yimg.jp/t/amd-img/20260601-06011024-sph-000-2-view.jpg?exp=10800,2026-06-01T05:35:36+09:00,2026-06-01T05:36:47+09:00,スポーツ報知,sph,スポーツ報知,615,"７回、勝ち越しの適時打を放ったレッドソックスの吉田正尚外野手（ロイター）
◆米大リーグ　ガーディアンズ４―９レッドソックス（３１日、米オハイオ州クリーブランド＝プログレッシブフィールド）
【動画】お待たせ！吉田正尚待望の今季１号は雨降る中でのメモリアル弾
レッドソックスの吉田正尚外野手（３２）が３１日（日本時間６月１日）、敵地・ガーディアンズ戦に「４番・左翼」でスタメン出場し、同点の７回の４打席目に２試合連続打点となる勝ち越しの２点適時打を放つなど、５打数２安打２打点でチームの勝利に貢献した。

　チームは初回、デュランの１０号先頭弾で先制点を奪取。１死一塁の吉田の１打席目は、先発右腕・バイビーの前に３球で空振り三振を喫した。２回に逆転され、１―２で１点を追う４回先頭の２打席目は二飛。３―４となった６回先頭の３打席目も二ゴロに倒れた。

　それでも４―４の同点で迎えた７回２死満塁のチャンスで、左腕のヘリンから中前へ勝ち越しの２点適時打。このイニングの６得点につなげ、貴重な一打となった。９回にも中前安打を放ち、出場した試合では５試合ぶりのマルチ安打もマークした。

　吉田は今季、チームの外野や指名打者の選手がやや飽和状態なこともあって、チームはこの試合が５８試合目だが、出場は４１試合目。スタメン出場は２７試合目のみと厳しい立場に置かれている。左翼でのスタメンは４試合目だったが、しっかりと起用に応えた。
報知新聞社",[],[]
松山千春、「俺のことが大嫌いだった」伝説のロックミュージシャンへの思い吐露「和解というか話し合うことなく亡くなってしまった」（スポーツ報知）,https://news.yahoo.co.jp/articles/7a8e93e06087faf965ea4dda4843b0b3a8c2ceba,https://newsatcl-pctr.c.yimg.jp/t/amd-img/20260601-05311437-sph-000-1-view.jpg?exp=10800,2026-06-01T05:33:04+09:00,2026-06-01T05:33:04+09:00,スポーツ報知,sph,スポーツ報知,931,"松山千春
歌手の松山千春（７０）が３１日、自身がパーソナリティーを務めるＦＭ　ＮＡＣＫ５「松山千春　ＯＮ　ＴＨＥ　ＲＡＤＩＯ」（日曜・午後９時）に生出演。１７年前に亡くなった伝説のロックミュージシャンへの思いを明かす一幕があった。
【写真】松山千春のことが「大嫌いだった」という伝説のロックミュージシャン
この日、ライブツアーで６月には東京国際フォーラム公演を行うという話題に絡め、「東京出身のアーティストと言えば、ＲＣサクセション。忌野清志郎。もう１７年前に５８歳で亡くなってしまいましたが…」と話し出した松山。

　「清志郎は俺のことが大嫌いだった」と唐突に明かすと「俺は全然、ＲＣサクセションを聞いてたし、いいヤツだなあって感じだったんだけど、清志郎の事務所の社長がさ。俺がデビューしたら『コンサートツアーをさせてください』って俺のところに来るわけだな。社長が俺の方にすり寄ってきたから、清志郎としては面白くなかったんだろうな。それで『俺は松山千春が大嫌いだ！』ってなってな」と経緯を説明した。

　その上で「俺としては清志郎にそんな思いは持ったことがないし、ＲＣサクセションは好きなグループだしみたいな感じだったんだけどな」と続けると「和解というか話し合うことなく清志郎は亡くなってしまったんだけど、もちろん今でも彼が、ＲＣサクセションが残していった曲の数々というのは、とても好きだし、ちょうど俺が中学から高校に入った頃かな。クラスの中でＲＣサクセションが好きだというヤツは多かったし、フォークソングというカテゴリーじゃなくて、ＲＣサクセションという一つのカテゴリーだった気がするわな」と振り返った。

　最後に「俺としても忌野清志郎はフォークシンガーという感じではなかったんだな。やっぱり楽しい、面白い歌を歌うシンガーという感じで見てました」と続けると「なあ、清志郎。俺も７０になっちゃったし…。ぜひ会って、お互い誤解を解いて楽しくやれれば良かったのにな」とポツリ。

　リスナーに向かって「みんなもあるだろ？　何十年経ってからも、あの時、ああしておけば良かったとか」と語りかけると、ＲＣサクセションの名曲「ぼくの好きな先生」をかけていた。
報知新聞社",[],[]
北澤豪氏　復帰組の遠藤航、冨安健洋に見えた本来の姿「状態面の不安は感じられなかった」（スポーツ報知）,https://news.yahoo.co.jp/articles/d35ce391f7a685d9c03cb9ac0ea9391145454332,https://newsatcl-pctr.c.yimg.jp/t/amd-img/20260601-05311447-sph-000-1-view.jpg?exp=10800,2026-06-01T05:30:02+09:00,2026-06-01T05:30:02+09:00,スポーツ報知,sph,スポーツ報知,613,"前半、ボールを拾う遠藤航(カメラ・今成　良輔)
◆サッカーＷ杯北中米大会　壮行試合　日本１―０アイスランド（３１日、ＭＵＦＧ国立）
【動画】Ｗ杯本番も任せた！小川の決勝ヘディング弾！
ＦＩＦＡランク１８位の日本代表は、Ｗ杯前最後の実戦となる同７５位のアイスランド代表との壮行試合を後半４２分にＦＷ小川のゴールで１―０で下した。スポーツ報知評論家で、元日本代表MFの北澤豪氏は、負傷から復帰した遠藤航、冨安健洋の状態について、W杯で不安視する必要はないとした。

＊　＊　＊　＊

　遠藤、冨安は状態面の不安は感じられなかった。アピールしようと鼻息が荒くなってもおかしくない中で落ち着いていた。遠藤は、セカンドボールをよく拾っていた。試合勘があって、研ぎ澄まされていないとなかなか反応できないものだが、ここも、あそこも拾うのか、と。短期決戦のＷ杯は堅い試合が多く、攻守が切り替わるタイミングからしかチャンスが生まれないことも多々ある中で、奪える遠藤の存在は大きいとあらためて感じた。

　冨安は、右サイド前方の堂安、久保の連係が素晴らしく、そこに伊東も流れてきた。自分が前で絡んだら、バランスが崩れると判断し、無理はしなかった。そして機を見たボレーシュート。あそこまで攻め上がれるのも、冨安らしさだ。けがの不安があった２人が１００％で出発できると分かったことこそが、一番の収穫だった。（スポーツ報知評論家・北澤　豪）
報知新聞社",[],[]
西田陸浮、終盤の得点機で代打出され途中交代…負傷離脱した村上宗隆の代役２４歳が初安打（スポーツ報知）,https://news.yahoo.co.jp/articles/c4a93daadb9dfe60e024194a28f416a5b3052614,https://newsatcl-pctr.c.yimg.jp/t/amd-img/20260601-05311412-sph-000-5-view.jpg?exp=10800,2026-06-01T05:29:45+09:00,2026-06-01T23:23:10+09:00,スポーツ報知,sph,スポーツ報知,459,"ホワイトソックス・西田陸浮（ロイター）
◆米大リーグ　ホワイトソックス―タイガース（３１日、米イリノイ州シカゴ＝レートフィールド）
【写真】村上宗隆と談笑する西田
ホワイトソックス・西田陸浮外野手（２５）が３１日（日本時間６月１日）、本拠地・タイガース戦に「９番・右翼」でスタメン出場。２打数１安打で途中交代した。

　西田は０－１の３回２死で初球の高め直球を二遊間へはじき返し、相手二塁手が追いついたもののボールが手につかず内野安打となった。６回先頭の第２打席は相手先発右腕・モンテロのナックルカーブに空振り三振に倒れた。

　２－１と逆転した７回２死一、三塁で第３打席が回ってきたが、相手が左腕に代わっていたこともあり右打ちのグリチェクが代打に送られ、西田はベンチに下がった。この日は２打数１安打で、打率は２割３分５厘になった。

　村上宗隆の代役でマイナーから昇格し「６番・一塁」で起用された２４歳のＪ・ゴンザレスは１－１の７回１死一塁で左前安打を放ち、メジャー初安打を記録。その後の逆転劇を呼んだ。
報知新聞社",[],[]
山本由伸、初回に珍事　“ロボ審判”で２Ｋ、正確無比な制球でシュワバー、ハーパーを三振斬り…上々の３者凡退スタート（スポーツ報知）,https://news.yahoo.co.jp/articles/85c9d92d20199704c124129640e3bf22828d6e2c,https://newsatcl-pctr.c.yimg.jp/t/amd-img/20260601-06011004-sph-000-5-view.jpg?exp=10800,2026-06-01T05:21:13+09:00,2026-06-01T08:00:10+09:00,スポーツ報知,sph,スポーツ報知,517,"ドジャース・山本由伸投手（ＡＰ）
◆米大リーグ　ドジャース―フィリーズ（３１日、米カリフォルニア州ロサンゼルス＝ドジャースタジアム）
【動画】圧巻！ビタビタコントロールで見逃し三振奪取の山本由伸
ドジャース・山本由伸投手（２７）が３１日（日本時間６月１日）、本拠地・フィリーズ戦に先発し、初回に珍事が起きた。初回は先頭のメジャートップ２２発のシュワバーをカウント２―２から内角低めに投げ込むと、一時はボールと判定されたが、ＡＢＳチャレンジの末にストライクに覆った。続くターナーを遊ゴロに打ち取ると、続くハーパーもフルカウントから、“ロボ審判”で外角低めのカッターが再びストライク判定に覆り、上位を２奪三振を含む３者凡退で抑え、上々の立ち上がりを見せた。

　前回２４日（同２５日）の敵地・ブルワーズ戦では先発し、７回９２球を投げて７安打を浴びて３奪三振のみだったが、１３個のゴロアウトを奪って１失点で抑え４勝目。防御率は３・０９となっていた。試合後には、「積極的に振ってきていたので、とにかく丁寧に、しっかりいいところに狙って、投げていきました。失投がないように集中して投げられたのでよかったと思います」と振り返っていた。
報知新聞社",[],[]
大谷翔平、初回に右前打で４試合連続安打＆出場１６試合連続出塁　５月最終戦…ロバーツ監督５４歳誕生日に“祝砲”１１号なるか（スポーツ報知）,https://news.yahoo.co.jp/articles/ce1196b2499cdb36856762d41209b781b9692139,https://newsatcl-pctr.c.yimg.jp/t/amd-img/20260601-06011010-sph-000-5-view.jpg?exp=10800,2026-06-01T05:20:52+09:00,2026-06-01T23:05:07+09:00,スポーツ報知,sph,スポーツ報知,761,"初回に右前打を放ったドジャース・大谷翔平（ロイター）
◆米大リーグ　ドジャース―フィリーズ（３１日、米カリフォルニア州ロサンゼルス＝ドジャースタジアム）
【動画】ありがとうフリーマン　大谷翔平が盟友にペコリ
ドジャース・大谷翔平投手（３１）が３１日（日本時間６月１日）、本拠地・フィリーズ戦に「１番・ＤＨ」で先発出場。初回先頭の第１打席で右前打を放ち、４試合連続安打とした。打者として出場した試合の連続出塁は「１６」に伸ばした。

　フィリーズの先発は今季メジャーデビューした身長２０１センチの長身右腕・ペインター。大谷は１ストライクから２球目の内角９８・５マイル（約１５８・５キロ）直球を捉えた。この日はロバーツ監督の５４歳の誕生日ということもあり、大谷は２試合ぶりとなる１１号の“祝砲”に期待がかかる。先発の山本由伸投手（２７）を早めに援護したいところだ。

　この日は５月最終戦。大谷は今年の５月はこの日まで２４試合で打率２割８分３厘、４本塁打、１８打点。昨年の５月は球団＆自己最多タイ記録の月間１５発と打ちまくったが、今年はやや控えめな数字となっている。大谷といえば“ミスター・ジューン”で６月に絶好調期を迎えることが多い。２３年の１５本を含めて月別最多の６２本塁打をマークしており、勢いをつけて突入できるだろうか。

　前日３０日（同３１日）の同戦では今季ワーストタイとなる１試合３三振。難敵左腕ルサルドから３回に右前打を放って３試合連続安打としたが、今季初の３戦連発は逃した。それでも、２９日（同３０日）には３回に６年連続２ケタ本塁打となる１０号ソロ。「センター中心にいい感じで打てている。あとは、打球角度がしっかり出てくれば、長打になるのかなと思います」と量産態勢に入りそうな気配を漂わせていた。
報知新聞社",[],[]
帰ってきた遠藤、富安、板倉　経験豊富な３人がチーム力を底上げ…冨安「フルでやろうと思えばやれた」（スポーツ報知）,https://news.yahoo.co.jp/articles/0a11a930f73409ed479efdf69e90e36abba4561f,https://newsatcl-pctr.c.yimg.jp/t/amd-img/20260601-05311444-sph-000-1-view.jpg?exp=10800,2026-06-01T05:20:07+09:00,2026-06-01T05:20:07+09:00,スポーツ報知,sph,スポーツ報知,705,"前半、ボールを拾う遠藤航（カメラ・今成　良輔）
◆サッカーＷ杯北中米大会　壮行試合　日本１―０アイスランド（３１日・ＭＵＦＧ国立）
【動画】Ｗ杯本番も任せた！小川の決勝ヘディング弾！
森保ジャパンを支えてきた男達が、Ｗ杯目前にして帰ってきた。左足手術から約３か月半ぶりに試合復帰したキャプテンＭＦ遠藤、度重なるケガから約２年ぶりに代表復帰のＤＦ冨安、背中のケガから昨年１１月以来の代表復帰となるＤＦ板倉が先発に並んだ。

　ボランチに入った遠藤は、これが復帰後の初試合とあって本来の持ち味である球際の強さを十分に発揮するには至らず。足に違和感が出たことで、前半４５分のみで交代した。しかし本人は手術箇所は問題なく、周囲に張りが出やすいことを明かし「本当はもうちょっとプレーしたかったけど。９０分やるつもりでいたけど、それができた方がおかしい。これで足には逆にいい負荷がかかって、良くなっていくと思います」と語り、完全復調に向けたプロセスを踏んだことを強調した。

　また右センターバック（ＣＢ）として後半３８分までプレーした冨安は、落ち着いたプレーで実力の一端を示した。前半終了間際には攻撃参加からシュートも放ち「フルでやろうと思えばやれた。６０分以降、少し落ちたかなという感覚はありましたけど、それは上がっていくと思います。日本代表としてプレーする責任はありますし、ピッチに立てない選手もいる中で選んでもらっている以上、やるべきことをやりたい」と話した。板倉も後半２８分までプレーし、本大会に向けて間に合った。Ｗ杯を前に経験豊富な３人の復帰は、チーム力の底上げとなることは間違いない。（金川　誉）
報知新聞社",[],[]
「初完投は大きな自信」高木豊氏が認めた巨人・竹丸和幸のスタミナ「エースとしての道を着実に歩んでいる証し」（スポーツ報知）,https://news.yahoo.co.jp/articles/2f61ff7572720e4cb6ed76353ac296f266cfc807,https://newsatcl-pctr.c.yimg.jp/t/amd-img/20260601-05311371-sph-000-1-view.jpg?exp=10800,2026-06-01T05:20:06+09:00,2026-06-01T05:20:06+09:00,スポーツ報知,sph,スポーツ報知,593,"プロ初完投も８回３失点で４敗目を喫した竹丸（カメラ・小林　泰斗）
◆日本生命セ・パ交流戦　２０２６　日本ハム３―０巨人（３１日・エスコンフィールド）
【写真】坂本も！Ｇ戦士７０人私服で大集合！
竹丸が３回に郡司に打たれた２点二塁打は、チェンジアップを狙われた。前日の８回に大勢から本塁打。状態が上がってきたから要注意打者ではあったが、責められる球ではなかった。

　岸田のリードも良く、右打者の外角低めにズバッと真っすぐを投げ込んで取った見逃しの４つを含めて１０奪三振。気候の優しい北海道で、球場の屋根もオープン。投げやすい環境だったとはいえ、最後の球となった１１１球目にＭＡＸの１５２キロをマークするなどスタミナも抜群だった。

　負けはしたが、自身初の完投は大きな自信になったと思う。そしてチームとしても初完投。日曜日のゲームで中継ぎを休ませることができたというのは、２日間の休養を与えることになる。チームに対して大仕事を成し遂げたのは、エースとしての道を着実に歩んでいる証しといってもいい。

　ソフトバンク、日本ハムという打力が強い２チームと対戦し、５割で終えたのは上々の交流戦滑り出しと評価すればいい。だが、打線で奮起が望まれるのは泉口。浦田ではなく１番に起用しているのは、期待と同時に責任を感じてほしいという首脳陣のメッセージだ。（スポーツ報知評論家・高木　豊）
報知新聞社",[],[]
【宏太’Ｓチェック】秋田戦はシュートやクロスの質にこだわればもっと簡単に勝てた試合　前半無得点で相手を勇気づかせた（スポーツ報知）,https://news.yahoo.co.jp/articles/5059d21db194ac55d41274034588fd456f58afc5,https://newsatcl-pctr.c.yimg.jp/t/amd-img/20260601-05311372-sph-000-2-view.jpg?exp=10800,2026-06-01T05:20:02+09:00,2026-06-01T11:32:17+09:00,スポーツ報知,sph,スポーツ報知,650,"PK戦で秋田に敗れて肩を落とすJ２札幌GK田川知樹（中央、カメラ・砂田秀人）
◆明治安田Ｊ２・Ｊ３百年構想リーグ▽プレーオフラウンド５―８位決定戦第１戦　秋田１―１（延長０―０、ＰＫ５―４）札幌（３１日・ソユースタジアム）
【写真】小野伸二さん、稲本潤一さんの“暴走”暴露
タフに戦ってくる秋田相手に、見応えある試合だった。ＰＫ戦はどっちが勝ってもおかしくないもので結果は仕方ない。ただ勝利に至らなかったのは、圧倒していた前半に点を取れなかったことで、相手を勇気づかせ、足を最後まで動かせてしまったことに尽きる。

　シュートやクロスの質にこだわればもっと簡単に勝てた試合。決定機を決めきれないのは札幌の永遠の課題でもあるが、もう少し意識を高く持っていければ、上に行けるところまでは間違いなく来ている。得点シーンは左サイドから原が相手を完全にはがしてクロスを上げたから決まった。ただそれ以外ははがし切る前に蹴っていたから、効果的なボールにならなかった。前半のパス回しなど、可能性を感じさせるプレーは随所にあったのだから、より突き詰めていって欲しい。

　失点の場面は最初のティラパット、その後の白井とプレスが甘くなった。最後に押し込まれた時も２人はゴール前に戻っていなかった。対して秋田はゴール前で全員が体を張ってブロックしていた。札幌もあれくらい気持ちを出して戦えるようになっていかないといけない。もう一段階、力強さを身に着けていくことは必要だ。（吉原　宏太、１９９６～９９年札幌ＦＷ）
報知新聞社",[],[]
南野＆三笘不在の左シャドー　伊東純也ら起用も森保監督「まだまだ足りない」（スポーツ報知）,https://news.yahoo.co.jp/articles/2a463d28dd48051b1cdf749f42184c3f94abc696,https://newsatcl-pctr.c.yimg.jp/t/amd-img/20260601-05311443-sph-000-1-view.jpg?exp=10800,2026-06-01T05:10:09+09:00,2026-06-01T05:10:09+09:00,スポーツ報知,sph,スポーツ報知,713,"前半、ドリブルを仕掛ける伊東純也（カメラ・山崎　賢人）
◆サッカーＷ杯北中米大会　壮行試合　日本１―０アイスランド（３１日・ＭＵＦＧ国立）
【動画】Ｗ杯本番も任せた！小川の決勝ヘディング弾！
アイスランド戦では、Ｗ杯メンバーから選外となったＭＦ南野拓実（モナコ）、三笘薫（ブライトン）が務めた左シャドー（１トップ後方）の代役探しが注目ポイントだった。ＭＦ伊東が初めて同位置で先発したが、４５分間の出場で不発。本来右ウィングバック（ＷＢ）や右シャドーが主戦場でスピード、推進力が持ち味の伊東の前方に十分なスペースはなく、課題を残した。

　後半開始からは左ＷＢの中村を１列上げ、終盤はＦＷの後藤もテストした。森保監督はこの日起用した３人について「完成度からすればまだまだ足りないところはあるが、テストとしては間違いなく今後につながる。相手との（実戦の）プレー機会で選手たちが感覚的にいい手応えをつかんでいると思う」と一定の評価を与え、向上の余地を残した。

　ただ、終了間際に相手ゴールをこじ開けたものの、左シャドーに関してはドリブル突破が持ち味の三笘、森保ジャパン最多の２６得点をたたき出した南野の不在があらためて浮き彫りとなった。右鎖骨の骨折からの試合復帰を目指すＭＦ鈴木唯人（フライブルク）の回復も待たれる中、１４日（日本時間１５日）のＷ杯初戦・オランダ戦まで残された時間は少ない。

　指揮官は「今日プレーした３人と周りのコンビネーションはＷ杯に向けて上がっていくと思う。我々の戦術の選択肢としては間違いなく手応えをつかめて、増やせた」と前向き。最適解を見つけられるかが、世界一へのカギとなる。（岩原　正幸）
報知新聞社",[],[]
巨人・橋上監督代行、打順の再検討を示唆「竹丸を見殺しにしてしまった」　５月は先制すれば１０勝０敗、先制されると２勝１３敗（スポーツ報知）,https://news.yahoo.co.jp/articles/2175d567fe66296562ee18f4496aa14b3a7fb3ce,https://newsatcl-pctr.c.yimg.jp/t/amd-img/20260601-05311358-sph-000-1-view.jpg?exp=10800,2026-06-01T05:10:04+09:00,2026-06-01T05:10:04+09:00,スポーツ報知,sph,スポーツ報知,903,"試合後、厳しい表情の橋上監督代行（カメラ・小林　泰斗）
◆日本生命セ・パ交流戦　２０２６　日本ハム３―０巨人（３１日・エスコンフィールド）
【写真】巨人の決起集会が楽しそう！　坂本勇人から新人まで大盛り上がり！
好機は相手よりも多かった。それでも本塁が遠かった。巨人・橋上秀樹監督代行（６０）は「序盤のチャンスで１点でも取れていれば竹丸をもう少し楽に投げさせられた。竹丸を見殺しにしてしまった。序盤は圧倒的にこちらの方がチャンスが多かったので」と反省点を挙げた。８回３失点でプロ初完投と力投の左腕を打線が援護できず、今季６度目の完封負けを喫した。

　相手先発の北山には６回３安打５四死球ながら無失点に抑えられた。「昨年からすると万全ではなかった印象はあったんですけど、要所で仕留めきれなかった」。２回１死一、二塁から中山が三振、松本が遊ゴロ。３回１死一、二塁では吉川が遊ゴロ併殺で先制機を逃した。５回２死一、三塁、６回１死一、二塁、８回２死一、三塁も生かせず９残塁の拙攻だった。

　５月は１２勝１３敗で負け越し。先制すれば１０勝０敗、先制されると２勝１３敗と顕著に傾向が出た。月間の１試合平均２・９６得点の打線が課題の一つ。今月は１、２番の並びが１６通りで、打率は計１割６分５厘と試行錯誤が続いた。「先に点を取れるように、オーダーも含めてやっていきたい」と打順の再検討を示唆した。

　投手ではリリーフの「勝ちパターン」がいずれも連投中だった。ベンチ入りメンバーに名を連ねたが、大勢とマルティネスは先を見据えて３連投回避を決め、試合中に帰京。田中瑛はセーブ機会の９回限定で３連投予定とした。そんなブルペン事情を救う竹丸の完投。「最後の方も１５０キロ出てましたし、意地を感じた。だからこそ何とかしてあげたかった」と振り返った。

　阿部前監督の辞任に伴い５月２６日のソフトバンク戦（東京Ｄ）から、オフェンスチーフコーチから監督代行に就任して３勝３敗。２日からのオリックス戦（東京Ｄ）に向け「先に点を取ってあげて少しでも投手を楽にしてあげるのは非常に必要」と先行逃げ切りを掲げた。（片岡　優帆）
報知新聞社",[],[]
佐々木朗希が捕手参戦　ＸＧが始球式、ＪＵＲＩＮが華麗なワンバン投球　７人組の人気音楽グループ、ドジャースタジアムに降臨（スポーツ報知）,https://news.yahoo.co.jp/articles/053a77f2b1f152aee0800867bbb595e780f61ebb,https://newsatcl-pctr.c.yimg.jp/t/amd-img/20260601-06011021-sph-000-5-view.jpg?exp=10800,2026-06-01T05:09:48+09:00,2026-06-01T09:29:46+09:00,スポーツ報知,sph,スポーツ報知,382,"ドジャースタジアムを訪れた「ＸＧ」
◆米大リーグ　ドジャース―フィリーズ（３１日、米カリフォルニア州ロサンゼルス＝ドジャースタジアム）
【別カット写真】ドジャースタジアムを訪れたＸＧ
７人組音楽グループ「ＸＧ」が３１日（日本時間１日）、始球式を務めた。ＪＵＲＩＮは「緊張してるんですけど、楽しみたい」と意気込んでいたが、本番では捕手役で参戦した佐々木朗希にワンバウンドで華麗な投球を披露し、球場を沸かせた。

　ＸＧはＣＨＩＳＡ、ＨＩＮＡＴＡ、ＪＵＲＩＮ、ＨＡＲＶＥＹ、ＪＵＲＩＡ、ＭＡＹＡ、ＣＯＣＯＮＡの７人組音楽グループ。２月から２度目のワールドツアーを開催中で、６日には、「Ｃａｐｉｔａｌ’ｓ　Ｓｕｍｍｅｒｔｉｍｅ　Ｂａｌｌ　２０２６」（英・ロンドンのウェンブリースタジアム）に日本のアーティストが初出演する予定など、世界中から人気を集めている。
報知新聞社",[],[]
今井達也が米自己最多１１０球の熱投、６回２失点も３勝目ならず…最速１６６キロミジオロウスキーと投げ合い（スポーツ報知）,https://news.yahoo.co.jp/articles/65b641c8cfbb86f7f1c8ef8b617bef6fdbbfe247,https://newsatcl-pctr.c.yimg.jp/t/amd-img/20260601-05311408-sph-000-6-view.jpg?exp=10800,2026-06-01T05:01:05+09:00,2026-06-01T05:13:45+09:00,スポーツ報知,sph,スポーツ報知,1108,"ブルワーズ相手に先発したアストロズ・今井達也投手（ＡＰ）
◆米大リーグ　アストロズ―ブルワーズ（３１日、米テキサス州ヒューストン＝ダイキンパーク）
【動画】今井痛恨の一球…粘投続けるもバウアーズに２ラン被弾
アストロズ・今井達也投手（２８）が３１日（日本時間６月１日）、本拠地・ブルワーズ戦で先発登板し、メジャー自己最多の１１０球を投げ、６回３安打２失点、５奪三振の好投を見せて最速９７・６マイル（約１５７・１キロ）もマークしたが、味方の援護に恵まれず３勝目の権利をつかめずに降板した。

　昨季メジャーデビューしたばかりながら最速１０３・６マイル（約１６６・７キロ）を誇り、「怪物」の異名も持つ２４歳右腕のミジオロウスキーとの投げ合い。今季１２試合目の登板となった若き新星は、試合開始前の時点で５勝２敗、防御率１・８３、６４回を投げて１００奪三振と圧巻の成績を残していた。

　初回は先頭の１８年ＭＶＰイエリチを二ゴロに打ち取るなど３者凡退。２回も１死から２者連続三振を奪うなど３者凡退で抑えた。３回は１死から８番のハミルトンに中前安打。この回も無安打に抑えれば２試合にまたいで９回無安打無失点の”ノーヒットノーラン”だったが、自身９イニングぶりに安打を浴びて、さらに二盗、三盗を許すなど１死一、三塁のピンチを迎えたが、イエリチを空振り三振、ミッチェルを二ゴロに抑えて切り抜けた。

　投手戦が続き、両軍無得点の４回は、１死からボーンに右前安打を許すと、バウアーズに左翼へ９号２ランを被弾。自身１０イニングぶりの失点で先取点を与えた。５回は先頭のハミルトンに四球。二盗と犠打で１死三塁のピンチとなったが、イエリチから空振り三振を奪うなど後続を抑えて追加点は与えなかった。

　６回もマウンドに上がった右腕。メジャー７試合目の登板で初めて投球数が１００を越えたが、３者凡退で抑えた。ミジオロウスキーは６回まで３安打無失点、最速１０３・１マイル（約１６５・９キロ）と圧巻の投球を見せ、白星はつかめなかった。

　今井は前回登板の２５日（同２６日）敵地・レンジャーズ戦で、初回に３四球を与えながら２回以降修正し、６回無安打無失点、２奪三振、４四球と好投。７回以降もリリーフ陣が無安打無失点でつなぎ、３投手の継投によるノーヒットノーランに貢献し、２勝目（２敗）を挙げた。

　試合後には「ちょっとあまり積極的にレンジャーズ打線がスイングしてこなかったので、なんとかどんどんストライクを先行できるようにリズム、タイミングをフォームで大事にしてからポンポン、どんどんストライクを取れたと思います」とうなずいていた。
報知新聞社",[],[]
小川航基がＷ杯スーパーサブ！代表１５戦１１発　驚異の決定力「僕という存在はチームにとって大事」（スポーツ報知）,https://news.yahoo.co.jp/articles/0200e83bec14fce447a1fe76a1626ce60da9a6dd,https://newsatcl-pctr.c.yimg.jp/t/amd-img/20260601-05311442-sph-000-1-view.jpg?exp=10800,2026-06-01T05:00:14+09:00,2026-06-01T05:00:14+09:00,スポーツ報知,sph,スポーツ報知,1592,"後半４２分、決勝点を決める小川航基（カメラ・山崎　賢人）
◆サッカーＷ杯北中米大会　壮行試合　日本１ー０アイスランド（３１日、ＭＵＦＧ国立）
【動画】Ｗ杯本番も任せた！小川の決勝ヘディング弾！
北中米Ｗ杯に臨むＦＩＦＡランク１８位の日本はホームでの壮行試合で、後半４２分にＦＷ小川航基（２８）＝ＮＥＣ＝が得点して同７５位アイスランドを１―０で下した。代表通算１５戦１１得点という驚異の得点力を誇るストライカーが、大会前最後の実戦で存在感を放った。世界一を目指す森保一監督（５７）は負傷明けのＭＦ遠藤航（３３）＝リバプール＝らを先発起用し、状態を最終チェック。８大会連続出場の日本は２日に事前合宿地メキシコ・モンテレイへ出発し、１４日（日本時間１５日）の初戦オランダ戦へさらに精度を高め、世界で嵐を巻き起こす。

　ここしかないスペースにＦＷ小川が飛び込んだ。０―０の後半４２分。右サイドのＤＦ菅原のクロスをエリア内で倒れ込みながら頭で合わせる。左ポストに当たったボールがゴールの内側へ入ると、雄たけびを上げた。後半開始からピッチに立って主役となり「あれは自分のストロングポイント。証明できて良かった」。２５年１０月パラグアイ戦以来の代表通算１１点目は、Ｗ杯に挑む森保ジャパンに弾みをつける、殊勲の決勝点となった。

　本大会を想定しても、価値あるゴールとなった。０―０の膠着（こうちゃく）状態を打破するべく、後半２８分から２トップにシステムを変更。攻撃的にシフトした中で、ストライカーの仕事はただ一つ。「点を取ることに関しては僕が１番だと思っているし、そこで負けるつもりもない。そこが一番、僕の強さ」。前半から菅原とはベンチでクロスからの得点のイメージを共有しており、最高の結果に。６万２２１２人で埋まった国立の重苦しいムードを一変させた。

　森保ジャパンのエースにはオランダリーグで得点王に輝いたＦＷ上田が君臨するが、流れを変えるスーパーサブの役割や、ターンオーバーした時には、１５戦１１発の驚異の得点力を誇る小川の存在は大きい。「絶対に得点を取らなきゃいけない試合がたくさんあると思うので、その中で僕という存在はチームにとって大事だと思っているし、楽しみ」と自信をみせた。

　１７年Ｕ―２０Ｗ杯では１次リーグ第２戦で左膝前十字じん帯断裂の大けがに見舞われ、２１年東京五輪も選外となるなど国際大会には悔しさが伴ってきただけに、初のＷ杯へ懸ける思いは強い。「Ｗ杯で得点を取ることが僕の夢。夢へのチャンスをつかんだところだと思うので、ここからが勝負」。どんな状況下にいても言霊のように「Ｗ杯でゴールを決める」と言い続けるストライカー。世界中が注目する大舞台で、その本領を発揮する。（後藤　亮太）

　◆２２年カタール大会の日本代表スーパーサブ

　▽ＦＷ浅野拓磨　大会２か月前に膝を負傷し以降、公式戦復帰がない中で代表メンバー入り。１次リーグ初戦のドイツ戦で後半１２分に途中出場すると同３８分に１―１の同点から決勝ゴールを決めた。

　▽ＭＦ三笘薫　全４試合で途中出場し、１次リーグ第３戦のスペイン戦では、１―１の後半６分にクロスをゴールラインに割る寸前で折り返し、それをＭＦ田中碧が押し込んだ。２分間のＶＡＲチェック後ゴールが認められ、折り返しの「三笘の１ミリ」が話題に。

　◆小川　航基（おがわ・こうき）１９９７年８月８日、横浜市生まれ。２８歳。桐光学園高から２０１６年に磐田へ加入。１９年夏に水戸へ期限付き移籍、２２年から横浜ＦＣ入りし、同年２６得点でＪ２得点王と同ＭＶＰを獲得。２３年７月にオランダ１部のＮＥＣに期限付き移籍し、２４年７月に完全移籍。１９年１２月の東アジアＥ―１選手権・香港戦、ハットトリックで日本代表デビュー。右利き。１８６センチ、７８キロ。
報知新聞社",[],[]
巨人・竹丸和幸が見せた意地の１１１球　敗戦の中で見せた進化　プロ初＆今季チーム初完投も援護なく黒星（スポーツ報知）,https://news.yahoo.co.jp/articles/177fdd03df3862f852cf9843537ac4e7e272952d,https://newsatcl-pctr.c.yimg.jp/t/amd-img/20260601-05311349-sph-000-1-view.jpg?exp=10800,2026-06-01T05:00:13+09:00,2026-06-01T05:00:13+09:00,スポーツ報知,sph,スポーツ報知,1180,"プロ初完投も８回３失点で４敗目を喫した竹丸（カメラ・宮崎　亮太）
◆日本生命セ・パ交流戦　２０２６　日本ハム３―０巨人（３１日・エスコンフィールド）
【写真】あどけない！竹丸和幸の高校時代貴重ショット！
巨人は竹丸和幸投手（２４）が８回４安打３失点で今季５２試合目にしてチーム初、自身も初完投。しかし、打線が無得点に終わり、日本ハム３連戦３連勝を逃した。ドラフト１位左腕はこの日ラストボールの１１１球目にプロ入り後自己最速を更新する１５２キロをマークするなど、敗戦の中で成長を見せた。打線は好機を作るも、あと一本が出ず６安打９残塁で今季６度目の完封負け。チームは本拠地に戻り２日からオリックス、ロッテとの６連戦に臨む。

　最後の１球がプライドの証しだった。竹丸はあふれる自信をボールに乗せた。０―３で迎えた８回２死。第２打席で先制の２点二塁打を浴びた郡司を、プロ入り後最速を更新する自己最速タイの１５２キロ、低めの直球で見逃し三振に仕留めた。「最後まで投げ切れたのは良かった」。８回自己最多タイ１１１球でプロ初、今季５２試合目にしてチーム初完投。援護はなかったが、成長した姿を見せつけた。

　球数を抑え、粘り強く投げ抜いた。初対戦の日本ハム打線に対し、２回までは完全投球。だが、３回２死から連打と盗塁で二、三塁のピンチを招くと、郡司に真ん中低めのチェンジアップを捉えられた。決勝打となった左翼フェンス直撃の１球に「３ボールにしたくなかった。次の打者がレイエス選手だったので、郡司選手で終わりたかった。しっかり振れる高さになってしまった」と悔しさを押し殺した。７回には万波に中越えの特大ソロを被弾し、３失点。だが、失点した３回、７回以外は全て３者凡退と意地の投球。初回からエスコンのマウンドに対応し、４安打、１四球と耐えた。

　ルーキーがブルペンを休ませた。前日までに田中瑛、大勢、マルティネスが２連投。これ以上リリーフ陣に負担はかけたくなかった。「少しでも長くという思いがありました」。出力を調整するとともにテンポ良く投げ、これまでの自己最長だった、５月６日のヤクルト戦（東京Ｄ）での６回２／３、１１１球から大幅に“効率化”。「だいぶ（ペース）配分に慣れてきた」と負けはしたが、先発としてチームに貢献した。

　この日は両親が応援に駆けつけていた。普段から頻繁に連絡を交わすわけではないが、自分の投球で元気な姿を見せるのが最大の親孝行。ネット裏から投球を見届けた母・美貴恵さんは「ここからでしょうね。何とか一歩ずつ頑張ってもらいたい」とエールを送った。

　杉内投手チーフコーチは、最後まで全力を出し続けた左腕を「負けたくないという気持ちが伝わった。見ていて気持ちが良い」とたたえた。敗戦の中で見せた進化を、次回登板の糧にする。（北村　優衣）
報知新聞社",[],[]
【阪神】立石正広、初クリーンアップ「５番」でマルチ安打＆プロ初盗塁（スポーツ報知）,https://news.yahoo.co.jp/articles/3bfb4bf02f244d576d1bd585875f3e0343ce22e0,https://newsatcl-pctr.c.yimg.jp/t/amd-img/20260601-05311376-sph-000-1-view.jpg?exp=10800,2026-06-01T05:00:12+09:00,2026-06-01T05:00:12+09:00,スポーツ報知,sph,スポーツ報知,557,"４回２死一塁、打者・高寺望夢の時、二塁盗塁を決めた立石正広（カメラ・越川　亙）
◆日本生命セ・パ交流戦　２０２６　ロッテ４―２阪神（３１日・ＺＯＺＯマリン）

　阪神・立石正広内野手（２２）が、初のクリーンアップで存在感を放った。５番に座り、６戦ぶりのマルチ安打をマーク。交流戦開幕から５戦２１打席で１安打と苦しんでいた。「強い打球はいってると思う。打球の角度だったり、修正できるところはしたい」と冷静に振り返った。
【動画】足でも見せます！立石のプロ初盗塁
粘り強さで復調の兆しを見せた。４回２死、初球を振り抜いたボテボテの打球が中前に抜けた。直後に「２死だったので、自信を持っていった」と初球にスタートを切って二盗を決め、プロ初盗塁をマーク。２点を追う９回１死の打席では、激走で遊撃内野安打をもぎとった。「全力で走ったり、そういうところで貢献できる」。結果に一喜一憂することなく、がむしゃらにプレーを続ける。

　この日はロッテに逆転負けで３連勝を逃した。７日ぶりに首位から陥落したが、自身が１９日・中日戦（倉敷）でデビューして以降、チームは１１戦７勝。「投手陣に支えてもらっている試合が多いので、もっと頑張りたい」。泥くさい２安打を復調のきっかけとし、チームに勢いをもたらしていく。（藤田　芽生）
報知新聞社",[],[]
【オリックス】博志です。緊急登板で２回２／３を１失点で古巣・中日から白星挙げたとです（スポーツ報知）,https://news.yahoo.co.jp/articles/6df22d0fa24c555c0d67661e914b7dedc9d2e818,https://newsatcl-pctr.c.yimg.jp/t/amd-img/20260601-05311377-sph-000-1-view.jpg?exp=10800,2026-06-01T05:00:11+09:00,2026-06-01T05:00:11+09:00,スポーツ報知,sph,スポーツ報知,743,"２回途中からマウンドに上がったオリックス・博志
◆日本生命セ・パ交流戦　２０２６　オリックス７―５中日（３１日・京セラドーム大阪）
【動画】グラブなしで硬球が飛んできた！“絶体絶命”で見せた驚異の反射神経！
オリックス・博志投手（２９）は冷静だった。「こういう場面でも多く投げてきた」。先発・高島が２点リードから逆転を許して１回１／３で降板した２回、なおも１死二、三塁のピンチ。村松に左犠飛を許してリードを２点に広げられたが、福永を中飛に封じ、傷口を最小限にとどめた。ブルペンで投げたのは１０球未満という緊急登板で２回２／３を１失点にまとめ、逆転勝利の流れを演出。古巣・中日から初白星を挙げ、セ・リーグ６球団勝利も達成した。

　１７年ドラフト１位で中日に入団。当時は春季キャンプ初日から５０００メートル走のメニューが組み込まれ、「２００メートル、１００メートル、２００メートル、１００メートル、２００メートル走」×６セットの超ハードランで倒れそうになる日もあった。午後３時まで昼食を食べられなかったこともあり「きつくて、みんなで文句を言いながらも必死にやっていたのが一番の思い出です（笑）」と回顧。プロとしての土台をつくってくれた古巣に、熱く「恩返し」をした。

　５回からは山崎が３回無失点でつなぎ、８回は椋木が３者凡退でリーグ最多の１５ホールド目。最後はマチャドが、自身が持つ球団記録を更新する１４試合連続セーブで締めた。リリーフ勢がそろったお立ち台の最後は「ヒロシです。このような試合が１試合でも増えるように頑張るので、明日からも応援よろしくお願いします」と真剣なまなざしで４人の思いを代弁。簡単には崩れないチームワークこそが、岸田オリックスの強みだ。（南部　俊太）
報知新聞社",[],[]
【大学野球】天覧試合の早慶戦で初の天皇陛下御前アーチ　早大・霜結太が歴史的一発「すごすぎて何も言葉にできない」（スポーツ報知）,https://news.yahoo.co.jp/articles/5a2ac0e1c525941253656d0f860f68efdc912956,https://newsatcl-pctr.c.yimg.jp/t/amd-img/20260601-05311384-sph-000-1-view.jpg?exp=10800,2026-06-01T05:00:10+09:00,2026-06-01T05:00:10+09:00,スポーツ報知,sph,スポーツ報知,967,"７回１死、左中間にソロ本塁打を放った早大・霜結太（カメラ・桜井　彩乃)
◆東京六大学野球春季リーグ戦最終週第２日▽早大５ｘ―４慶大（３１日・神宮）

　天皇陛下と長女の愛子さまが来場され、リーグ３２年ぶりとなった天覧試合は初のサヨナラとなり、早大が慶大を下した。霜（しも）結太外野手（２年）が２戦連発となる代打弾をマーク。４度目となった天覧試合の早慶戦において、天皇陛下の御前での本塁打は初の偉業となった。慶大は１日の３回戦で勝てば、勝ち点５の完全優勝で５季ぶり４１度目の優勝。慶大が敗れると、明大の２季連続４５度目の優勝が決まる。
【写真】劇勝に歓喜の早大ナイン　小宮山悟監督「恥ずかしい試合できない」
３２年ぶりの天覧試合で、早大の「ラッキーボーイ」が主役になった。２点を追う７回１死、代打起用されたのは３０日の１回戦でリーグ戦初打席初本塁打の離れ業を成し遂げた霜。１ボールから高めの直球を振り抜くと、打球は左翼席に飛び込んだ。１点差。球場の空気を一変させる一振りに、「すごすぎて何も言葉にできない」と興奮を隠せなかった。

　４回表終了後の午後２時過ぎ。天皇陛下と愛子さまが貴賓席に姿を見せると、両軍がグラウンドで一列に整列して出迎えた。そんな特別な一戦で、霜が歴史に名を刻む一発を放った。過去の天覧試合の早慶戦では９４年に２本塁打が出ているが、ともに天皇陛下の来場前に打ったもの。この日の徳丸快晴（２年）の一発も２回。陛下の御前での本塁打は霜が初となった。リーグ戦初打席初本塁打から２試合連発も、０４年秋の早大・田中幸長以来２２年ぶりとなり「天皇陛下の前で本塁打を打ったと親に言いたい」と胸を張った。

　９回にも見せ場を作った。無死二塁から左前安打で好機を拡大し、徳丸のサヨナラ打を呼び込んだ。天覧試合でのサヨナラ決着と言えば、１９５９年６月２５日の巨人―阪神戦（後楽園）。長嶋茂雄のサヨナラ弾が有名だが、早慶戦では史上初の劇的な幕切れとなった。８歳だった１９６８年１０月以来の観戦となった陛下は、関係者に「すばらしい試合でした」と声をかけた。

　慶大の優勝に待ったをかける劇的勝利で、１勝１敗のタイに持ち込んだ。運命の３回戦へ霜は「勝つしかない。１００％で挑みます」。短い言葉に決意がにじんだ。（渋谷　拓人）
報知新聞社",[],[]
【ソフトバンク】「嵐ありがとう！たくさん元気をいただきました」　栗原陵矢が両リーグ最多１６号２ランでタカ党に“Ｈａｐｐｉｎｅｓｓ”届けた　月間１１本塁打で“Ｍｏｎｓｔｅｒ”級の活躍（スポーツ報知）,https://news.yahoo.co.jp/articles/70f6314527b987896cc051cbfb00bf03d466a2cf,https://newsatcl-pctr.c.yimg.jp/t/amd-img/20260601-05311344-sph-000-2-view.jpg?exp=10800,2026-06-01T05:00:09+09:00,2026-06-01T12:01:15+09:00,スポーツ報知,sph,スポーツ報知,797,"６回１死二塁、右越え２ラン本塁打を放つ栗原陵矢（カメラ・岩田　大補）
◆日本生命セ・パ交流戦　２０２６　ソフトバンク３―１広島（３１日・みずほペイペイ）
【写真】嵐が９７５６日の活動に幕　ラストライブ肩を寄せ合い「みんな、バイバ～イ！」
ソフトバンク・栗原陵矢内野手（２９）は、日曜日の球場に詰めかけたタカ党に“Ｈａｐｐｉｎｅｓｓ”を届けた。１点を先制した直後の６回１死二塁で初球を捉えた。確信歩きで見届けるほど“遠くまで”飛んだ打球は、右翼席に着弾。両リーグ最多の１６号２ランに「やっぱりチームが勝つことが一番うれしい」と“スマイル”を浮かべた。

　５月は主に４番に座り、１２球団断トツの月間２６打点の荒稼ぎ。月間１１本塁打は、福岡移転後の球団で柳田が１７年６月の１２発に次ぐ２位タイ。まさに“Ｍｏｎｓｔｅｒ”級の活躍に、自身でも「振りに行く球に対してのアプローチが良くなっている」と、うなずく。

　本塁打直後には「嵐ありがとう！たくさん元気をいただきました」とコメントを残した。この日、嵐が東京Ｄでラストライブを行い、２６年半のグループ活動に幕を下ろした。栗原は、試合前練習でグラウンドに姿を見せ、開口一番で「（練習中のＢＧＭ）きょうは嵐でしょ！」とリクエスト。２０年末の活動休止まで約１３年間放送された「ＶＳ嵐」のイメージが強いという。好きなメンバーは「動物好きなので相葉くん」と“Ｌｏｖｅ　ｓｏ　ｓｗｅｅｔ”な笑顔。活動終了については「悲しさと、感謝と…」と“―カンゲキ雨嵐”の様子だった。

　チームは６戦５勝で交流戦首位に浮上した。日本一連覇に向けて波に乗ってきたが、小久保監督は「一戦必勝」と目の前の試合だけを見据える。栗原は「６月も入り（初戦）から勝てれば」と“Ｓｔｅｐ　ａｎｄ　Ｇｏ”の構え。頼もしい選手会長が、引き続き“Ｈｅｒｏ”を担っていく。（森口　登生）
報知新聞社",[],[]
【阪神】藤川球児監督「勝負どころで甘くなる」ＫＯのモレッタに奮起促す　５月は１３勝１２敗で３、４月に続いて月間勝ち越し（スポーツ報知）,https://news.yahoo.co.jp/articles/f33cd7c13d936e7ea5489bc05b952ac3ba1564dd,https://newsatcl-pctr.c.yimg.jp/t/amd-img/20260601-05311331-sph-000-1-view.jpg?exp=10800,2026-06-01T05:00:08+09:00,2026-06-01T05:00:08+09:00,スポーツ報知,sph,スポーツ報知,301,"メンバー表を交換した藤川球児監督　(カメラ・越川　亙)
◆日本生命セ・パ交流戦　２０２６　ロッテ４―２阪神（３１日・ＺＯＺＯマリン）

　痛恨の逆転負けで連勝は２で止まり、７日ぶりに首位陥落だ。同点の８回に登板したモレッタが誤算。１死一塁から西川に四球を与えてピンチを広げ、山口に右中間へ勝ち越し２点二塁打を浴びた。
【動画】足でも魅せます！立石プロ初盗塁
藤川監督は「攻めていかなければいけないところで、引いてしまって四球。勝負どころで甘くなる。次また頑張ってもらう」と奮起を促した。それでも、５月は１３勝１２敗で３、４月に続いて月間勝ち越し。６月２日からパ首位の西武を甲子園で迎え撃つ。
報知新聞社",[],[]
【広島】新井貴浩監督が謝罪「勝つところをお見せできず…」球団ワースト更新の交流戦開幕６連敗　ミスで流れ手放し借金１２（スポーツ報知）,https://news.yahoo.co.jp/articles/173d1b9eda6c78a58183839209a4a9c7c298e6fb,https://newsatcl-pctr.c.yimg.jp/t/amd-img/20260601-05311325-sph-000-1-view.jpg?exp=10800,2026-06-01T05:00:07+09:00,2026-06-01T05:00:07+09:00,スポーツ報知,sph,スポーツ報知,310,"メンバー表を交換した新井貴浩監督（カメラ・岩田　大補）
◆日本生命セ・パ交流戦　２０２６　ソフトバンク３―１広島（３１日・みずほペイペイ）
【写真】旦那さんが「羨ましい～」広島で活躍するあの選手の奥さんが...
広島は球団ワーストを更新する交流戦開幕６連敗で、借金は今季ワーストの１２に膨らんだ。初回に名原が先頭安打も、続く大盛がフルカウントから見逃し三振。名原は盗塁死で三振ゲッツーとなり、ミスで流れを手放した。

　新井監督は「大盛も分かっていると思う。（ファンに）勝つところをお見せできず申し訳ない」と声を落とした。敵地でのソフトバンク戦は１８年６月１７日の勝利が最後で、１分けを挟み１０連敗となった。
報知新聞社",[],[]
【中日】高橋宏が無期限の２軍再調整へ　井上一樹監督「何がダメなのかを見つけておいで、と話をした」　４回途中５失点ＫＯで３戦連続５失点に「話せることはありません」（スポーツ報知）,https://news.yahoo.co.jp/articles/1e307243fae13460fc5f52ae33721a65a8434bbd,https://newsatcl-pctr.c.yimg.jp/t/amd-img/20260601-05311327-sph-000-1-view.jpg?exp=10800,2026-06-01T05:00:02+09:00,2026-06-01T05:00:02+09:00,スポーツ報知,sph,スポーツ報知,305,"試合が終わり厳しい表情でグラウンドを見つめる高橋宏斗（右）（カメラ・朝田　秀司）
◆日本生命セ・パ交流戦　２０２６　オリックス７―５中日（３１日・京セラドーム大阪）
【写真】中田翔さん「見るたびに後悔」激変姿
中日・高橋宏が、今季最短の４回途中５失点ＫＯを食らった。井上監督は「何がダメなのかを見つけておいで、と話をした」と無期限の２軍再調整を命じた。初回いきなり２失点と苦しい立ち上がり。その後に打線が逆転し、５―３で迎えた４回は先頭四球から失点を重ねて降板。３戦連続の５失点に「話せることはありません」と意気消沈。チームは交流戦４連勝スタートからの連敗で、またセ最下位からの脱出はならなかった。
報知新聞社",[],[]
吉田正尚が７回に貴重な勝ち越し２点適時打、２試合連続打点…１イニング６点の猛攻につなげる（スポーツ報知）,https://news.yahoo.co.jp/articles/744954676abe6019aae92a1c3b682bf58daf5fb7,https://newsatcl-pctr.c.yimg.jp/t/amd-img/20260601-06011020-sph-000-1-view.jpg?exp=10800,2026-06-01T04:59:10+09:00,2026-06-01T04:59:10+09:00,スポーツ報知,sph,スポーツ報知,637,"レッドソックスの吉田正尚外野手（ＡＰ）
◆米大リーグ　ガーディアンズ―レッドソックス（３１日、米オハイオ州クリーブランド＝プログレッシブフィールド）
【写真】マッチョサンタ×３　サトテル＋糸井さん＋正尚！！
レッドソックスの吉田正尚外野手（３２）が３１日（日本時間６月１日）、敵地・ガーディアンズ戦に「４番・左翼」でスタメン出場。同点の７回の４打席目に２試合連続打点となる勝ち越しの２点適時打を放った。

　チームは初回、デュランの１０号先頭弾で先取点をゲット。１死一塁の吉田の１打席目は、先発右腕・バイビーの前に３球で空振り三振を喫した。２回に逆転され、１―２で１点を追う４回先頭の２打席目は二飛。３―４となった６回先頭の３打席目も二ゴロに倒れた。

　それでも４―４の同点で迎えた７回２死満塁のチャンスで、左腕のヘリンから中前へ勝ち越しの２点適時打。このイニングの６得点につなげ、貴重な一打となった。

　吉田は今季、チームの外野や指名打者の選手がやや飽和状態なこともあって、チームはこの試合が５８試合目だが、出場は４１試合目。スタメン出場は２７試合目のみと厳しい立場に置かれている。左翼でのスタメンは４試合目だった。

　２４日（同２５日）の本拠地・ツインズ戦では今季３６試合目の出場、１０７打席目にして待望の１号を放ったが、その後も５試合中２試合でスタメンを外れた。前日３０日（同３１日）も代打での途中出場。２打席目に押し出し四球を選んで勝利に貢献した。
報知新聞社",[],[]
岡本和真が１７連戦最終戦無安打「対応できなかった」「一区切りという感覚はない」…同僚がまさかのアクシデント（スポーツ報知）,https://news.yahoo.co.jp/articles/21caf47633795a6ef7130deac0a5fd34a4a413f0,https://newsatcl-pctr.c.yimg.jp/t/amd-img/20260601-06011019-sph-000-2-view.jpg?exp=10800,2026-06-01T04:49:17+09:00,2026-06-01T19:59:02+09:00,スポーツ報知,sph,スポーツ報知,781,"ブルージェイズ・岡本和真内野手（ＡＰ）
◆米大リーグ　オリオールズ９―５ブルージェイズ（３１日、米メリーランド州ボルティモア＝オリオールパークアットカムデンヤーズ）
【写真】岡本和真、敵地で悪役に大変身！スター・ウォーズ・ナイトに登場
ブルージェイズ・岡本和真内野手（２９）は３１日（日本時間６月１日）、敵地・オリオールズ戦に「４番・三塁」でフル出場し、２打数無安打、２三振２四球、１得点で３試合ぶりに安打が出ず、打率は２割１分４厘となった。前日３０日（同３１日）にサヨナラ負けしたブルージェイズは５―９で敗れて２連敗。今季最長の１７連戦を１０勝７敗で乗り切った。

　８回に４点を奪う反撃は遅すぎた。前夜の９回５失点のサヨナラ負けの後遺症か、疲労困憊のブルペンデーが機能せず、打線は相手先発右腕のブラディッシュに手こずった。

　岡本のバットも沈黙だ。スピン率が高く、約１４インチ（約３５センチ）の曲がり幅を誇るブラディッシュのスライダーは空振り率３０％を誇る。岡本は第１打席、スライダー連続３球で空振り三振。第２打席は四球を選んだが、第３打席は再び空振り三振に倒れ、「対応できなかった」と悔しそうだった。

　６回には、オリオールズ・ホリデーの打席中に右翼手のサンチェスが、子供が外野から投げたボールが右手に当たって負傷退場。レントゲン検査の結果、骨に異常はなかったが、ありえないアクシデントに「驚きました。キャッチボールをしたいと思ったみたい」とサンチェスも当惑気味だ。

　１５日から続いた今季最長１７連戦は１０勝７敗。２８日には勝率５割に戻したが、最後は２連敗で再び借金「２」で５月も終了だ。「シーズンは続くので、一区切りという感覚はない。明日は休んで、またしっかり試合に備えたいと思います」と岡本。束の間の休日、有効にリフレッシュしたい。
報知新聞社",[],[]
英人気歌手デュア・リパ、「ファンタスティック・ビースト」俳優カラム・ターナーと結婚　月末にシチリア島で盛大な披露宴を予定（スポーツ報知）,https://news.yahoo.co.jp/articles/9699789f3b1c8150de5ac93e6c25f230835a3bf1,https://newsatcl-pctr.c.yimg.jp/t/amd-img/20260601-06011018-sph-000-5-view.jpg?exp=10800,2026-06-01T04:48:59+09:00,2026-06-01T08:06:48+09:00,スポーツ報知,sph,スポーツ報知,719,"デュア・リパ（ロイター）
英人気シンガー・ソングライターのデュア・リパ（３０）が５月３１日（日本時間６月１日）に英ロンドンで英俳優のカラム・ターナー（３６）と結婚式を挙げた。英メディアが報じた。
【写真】夫となったカラム・ターナーとラブラブ２ショット
デュア・リパとターナーはロンドンのオールド・メリルボーン・タウンホールで親しい関係者のみを招き結婚式を挙げた。英紙「ザ・サン」「デイリー・メール」が入手した写真によると民事婚を終えたデュア・リパは青みが入った白のセットアップスーツに白いつば広帽、白の手袋をはめた手には控えめな黄色い花束を持ち、濃紺のスーツ姿のターナーとライスシャワーを浴びながら役所から出てきた。

　昨年６月に婚約を発表した２人は今月末にイタリア・シチリア島で３日間にわたる盛大な披露宴を開く予定だとしている。

　１９９５年８月２２日、ロンドン生まれのデュア・リパは２０１５年にデビュー。１７年リリースのファーストアルバム「Ｄｕａ　Ｌｉｐａ」の収録曲「Ｎｅｗ　Ｒｕｌｅｓ」が世界的大ヒットとなってブレイク。２１年にはアルバム『Ｆｕｔｕｒｅ　Ｎｏｓｔａｌｇｉａ』が第６３回グラミー賞で最優秀ポップ・ボーカル・アルバム賞を受賞した。また日本のジブリ作品ファンで自身のインスタグラムにはたびたびジブリ画像を投稿している。

　ターナーは１９９０年２月１５日、ロンドン生まれ。ファッションモデルを経て２０１１年に俳優デビューした。１８年公開の映画「ファンタスティック・ビーストと黒い魔法使いの誕生」、２２年の「ファンタスティック・ビーストとダンブルドアの秘密」でエディ・レッドメイン演じる主人公の兄役を演じた。
報知新聞社",[],[]
松井裕樹が好リリーフ、防御率０・６０に　今季初めてイニングまたがず１回パーフェクト（スポーツ報知）,https://news.yahoo.co.jp/articles/4b73818dbd3143f2a46756b7d2704fb0ff6c5188,https://newsatcl-pctr.c.yimg.jp/t/amd-img/20260601-06011017-sph-000-1-view.jpg?exp=10800,2026-06-01T04:40:34+09:00,2026-06-01T04:40:34+09:00,スポーツ報知,sph,スポーツ報知,433,"パドレス・松井裕樹投手（ＡＰ）
◆米大リーグ　ナショナルズ―パドレス（３１日、米ワシントンＤＣ＝ナショナルズパーク）

　パドレス・松井裕樹投手（３０）が３１日（日本時間６月１日）、敵地・ナショナルズ戦でリリーフ登板し、１回で１２球を投げ、無安打無失点、１奪三振で抑える好投を見せた。

　０―３で３点を追う６回から２番手で登板。二ゴロ、空振り三振、投ゴロと１２球で３者凡退に抑えた。するとパドレス打線は直後の７回表にフランスの適時二塁打などで２点を奪って１点差に迫った。１点差となった７回のマウンドには上がらず降板となった。

　松井はキャンプ中に左股関節を痛めてワールド・ベースボール・クラシック（ＷＢＣ）の出場を辞退。開幕も負傷者リスト（ＩＬ）で迎えて出遅れていたが、この日が今季８試合目の登板だった。これまでの７登板はすべてイニングをまたいでの登板だったが、この日は今季初めて１イニングのみ。今季の成績は８登板で勝敗なし、防御率０・６０となった。
報知新聞社",[],[]
ＸＧがドジャースタジアムに登場、始球式の大役にＪＵＲＩＮ「緊張してるんですけど楽しみたい」　英人気フェスに日本アーティストとして初出演予定、７人組の人気音楽グループ（スポーツ報知）,https://news.yahoo.co.jp/articles/4f549d02d3f40d294c9b9d58b68f2d9cd335075e,https://newsatcl-pctr.c.yimg.jp/t/amd-img/20260601-06011006-sph-000-7-view.jpg?exp=10800,2026-06-01T04:17:59+09:00,2026-06-01T09:30:17+09:00,スポーツ報知,sph,スポーツ報知,427,"ドジャースタジアムを訪れた７人組音楽グループ「ＸＧ」（カメラ・竹内　夏紀）
◆米大リーグ　ドジャース―フィリーズ（３１日、米カリフォルニア州ロサンゼルス＝ドジャースタジアム）
【写真】「真美子さんの背中ぁぁぁぁぁあ」後ろ姿がスゴい！
７人組音楽グループ「ＸＧ」が３１日（日本時間１日）、ドジャース―フィリーズ戦の始球式を務めるため、ドジャースタジアムを訪れた。ＪＵＲＩＮは「緊張してるんですけど、楽しみたいです」と意気込み。他のメンバーから「Ｈａｖｅ　ｆｕｎ！（楽しんで）」とエールが送られた。　

　ＸＧはＣＨＩＳＡ、ＨＩＮＡＴＡ、ＪＵＲＩＮ、ＨＡＲＶＥＹ、ＪＵＲＩＡ、ＭＡＹＡ、ＣＯＣＯＮＡの７人組音楽グループ。２月から２度目のワールドツアーを開催中で、６日には、「Ｃａｐｉｔａｌ’ｓ　Ｓｕｍｍｅｒｔｉｍｅ　Ｂａｌｌ　２０２６」（英・ロンドンのウェンブリースタジアム）に日本のアーティストが初出演する予定など、世界中から人気を集めている。
報知新聞社",[],[]
大谷翔平の２５年本塁打全６３本がプレミアムデザインボトルで登場！　「お～いお茶」渋谷駅前に巨大広告も（スポーツ報知）,https://news.yahoo.co.jp/articles/86eae96101a6e220c53410a4cefe582f195233c2,https://newsatcl-pctr.c.yimg.jp/t/amd-img/20260601-06011014-sph-000-1-view.jpg?exp=10800,2026-06-01T04:00:11+09:00,2026-06-01T04:00:11+09:00,スポーツ報知,sph,スポーツ報知,551,"特別デザインの「お～いお茶」大谷翔平ホームランボトル（提供写真）
伊藤園が展開する無糖緑茶飲料ブランド「お～いお茶」は１日、２５年シーズンにドジャース・大谷翔平投手（３１）が放ったポストシーズンを含む６３本の本塁打をモチーフにしたプレミアムデザインボトル
【写真】真美子さん「ビジュ爆発」デコピンはどこ見てる？
「Ｏｉ　Ｏｃｈａ　ＳＨＯＨＥＩ　ＯＨＴＡＮＩ　ＡＬＬ　ＨＯＭＥ　ＲＵＮＳ　ＢＯＴＴＬＥ　２０２５　ＳＥＡＳＯＮ　５５＋８　ＥＤＩＴＩＯＮ（以下『「お～いお茶」大谷翔平ホームランボトル』）」を、２２日から販売開始すると発表した。

　２５年シーズンに大谷が放ったレギュラーシーズン５５本、ポストシーズン８本のホームランの名シーンをそれぞれイラスト化。大谷の歴史的快挙を一連のストーリーとして表現したプレミアムデザインボトルとなっている。ホームランが生まれた瞬間の躍動感や記憶に残るシーンを描くことで、２５年シーズンを振り返りながら楽しめるコレクション仕様となっているという。

　全６３本のボトルのビジュアルを渋谷駅前の巨大屋外広告に掲載し、一斉に公開する。さらに、１日には世界最速で『「お～いお茶」大谷翔平ホームランボトル』全６３種が集結する展示ブースを１日限定でオープンする。
報知新聞社",[],[]
真新しさよりも定番演出が軸　「嵐は嵐のまま」心の宝箱にしまい、未来へ歩き出す覚悟がにじんだステージ　担当記者が見た（スポーツ報知）,https://news.yahoo.co.jp/articles/32568a9bce5cb3652236d942140ed7a45409ff85,https://newsatcl-pctr.c.yimg.jp/t/amd-img/20260601-05311455-sph-000-3-view.jpg?exp=10800,2026-06-01T04:00:10+09:00,2026-06-01T12:00:09+09:00,スポーツ報知,sph,スポーツ報知,718,"ラストライブを行った嵐
数々の伝説を作ってきた嵐。５人がそろっての「最後の雄姿」を、ＳＴＡＲＴＯ　ＥＮＴＥＲＴＡＩＮＭＥＮＴ担当の奥津友希乃記者が「見た」。
【写真】嵐が９７５６日の活動に幕　ラストライブ肩を寄せ合い「みんな、バイバ～イ！」
×　×　×　×　×

　２０２３年から現場を取材してきた記者にとって、嵐のライブを見るのは今回が最初にして最後。青春期に嵐の楽曲を聴いて育ったこともあり、稚拙な表現だが「これが嵐だ！」としっくり感と感動を覚えた。

　変わらぬ大野智の美声をはじめとした５人の耳心地よいユニゾン（合唱）、スケール感あるセットの中でも埋もれない個性とスター性、ＭＣで見せる平和なわちゃわちゃ感。きっと熱心なファンではなくても、一度はメディアなどを通して見聞きしたことがある「あの時に見た嵐」がステージにいた。

　演出は真新しさよりも、ファンが期待する「定番」が軸で、５人の真心を端々から感じた。松本潤考案の客席の上を移動する透明な可動式ステージ「ムービングステージ」で観客に急接近。何度も至近距離から目を合わせ、手を振り「誰一人取りこぼさず感謝を伝える」という気概を感じた。

　お茶の間からも圧倒的な人気と信頼を誇った「仲の良さ」も健在で、ＭＣでは愛のあるツッコミや笑いが絶えない。互いを心から思いやることで生まれる絶対的な安心感がステージを包んだ。約３時間半、スーパースターぶりと親近感が絶妙に調和する５人に、最後まで魅せられた。

　未来での「再結成」の可能性よりも、ラストステージを悔いなくやり切った印象。「嵐は嵐のまま」心の宝箱にしまい、それぞれの未来へ歩き出す覚悟がにじむステージだった。
報知新聞社",[],[]
大野智　芸能界引退は明言せず　嵐ラストステージをもって事務所退所…メンバーの今後は？（スポーツ報知）,https://news.yahoo.co.jp/articles/8d9fa90234e9d278d44d02d5fdb064b8c50c952f,https://newsatcl-pctr.c.yimg.jp/t/amd-img/20260601-06011001-sph-000-8-view.jpg?exp=10800,2026-06-01T04:00:09+09:00,2026-06-02T01:04:40+09:00,スポーツ報知,sph,スポーツ報知,882,"ラストライブを行った嵐
「嵐」が活動終了日の３１日、東京ドームでラストツアー「Ｗｅ　ａｒｅ　ＡＲＡＳＨＩ」（５都市計１５公演、約４９万人動員）のファイナル公演を開催し、約２６年半の歴史に幕を下ろした。１９９９年のデビュー曲「Ａ・ＲＡ・ＳＨＩ」など全３３曲を、会場や生配信で見守った世界中のファンに届けた。結成から９７５６日分の感謝を伝えながら、最後の瞬間まで５人で駆け抜け「嵐らしい最高の一日」を作り上げた。
【写真】美声を響かせ熱唱する大野智
＊　＊　＊　＊

　ファンクラブは６月１５日まで運営を継続するが、５人は「ＳＴＡＲＴＯ　ＥＮＴＥＲＴＡＩＮＭＥＮＴ」とのグループとしてのエージェント契約を終了し、それぞれの道を進む。

　リーダーの大野智は、この日をもって「ＳＴＡＲＴＯ―」を退所し、フリーとなる。他事務所との契約予定はなく、アイドルや俳優業を中心とした３１年半の芸能活動に一区切りをつけるとみられる。

　今年２月２８日、この日のラストライブとともに退所を発表した際には、自身の進退について「嵐活動終了後は、自分らしくマイペースに出来る事をやっていけたらと思っています」。この日も引退か活動継続かについては明言しなかった。

　歌、ダンスのセンスは一級品。非凡な才能への評価とは裏腹に、かねて自由な生き方への思いは強い。１７年に「一度、何事にも縛られず自由に生活してみたい」とメンバーに打ち明けたことを契機に、グループは２０年末に活動休止。大野は個人活動も休止し、離島でスローライフを送っていた。過去には個展を開くなどアートの才能にも優れており、今後は自然体な生き方に重きを置くとみられる。

　二宮和也と松本潤は、それぞれが設立した新会社「オフィスにの」「ＭＪＣ　Ｉｎｃ．」を基盤に芸能活動を行う。

　櫻井翔と相葉雅紀は、６月以降も「ＳＴＡＲＴＯ―」に継続して所属。櫻井は、１日にキャスターを務める日本テレビ系報道番組「ｎｅｗｓ　ｚｅｒｏ」（後１１時）に出演を予定しており、ラストステージから一夜明けた心境に言及があるか注目が集まる。
報知新聞社",[],[]
嵐が９７５６日の活動に幕　５９５公演目のラストステージは３時間２５分、全３３曲　最後は肩を寄せ合い「みんな、バイバ～イ！」（スポーツ報知）,https://news.yahoo.co.jp/articles/44f14a17ad319833961dc4641811ee0f3b3306db,https://newsatcl-pctr.c.yimg.jp/t/amd-img/20260601-06011002-sph-000-10-view.jpg?exp=10800,2026-06-01T04:00:08+09:00,2026-06-02T01:05:44+09:00,スポーツ報知,sph,スポーツ報知,2362,"ラストライブを行った嵐
「嵐」が活動終了日の３１日、東京ドームでラストツアー「Ｗｅ　ａｒｅ　ＡＲＡＳＨＩ」（５都市計１５公演、約４９万人動員）のファイナル公演を開催し、約２６年半の歴史に幕を下ろした。１９９９年のデビュー曲「Ａ・ＲＡ・ＳＨＩ」など全３３曲を、会場や生配信で見守った世界中のファンに届けた。結成から９７５６日分の感謝を伝えながら、最後の瞬間まで５人で駆け抜け「嵐らしい最高の一日」を作り上げた。
【全曲一覧】「嵐」ラストライブのセットリスト！あなたの好きな一曲は入ってる？
５人で始めた物語のフィナーレは、ライブでお決まりのコール＆レスポンスだった。「俺らの名前はなんだ！？」の掛け声に、ファンが「嵐～！！」と呼応。２６年半、大事に育み、守り続けたグループの名前がドーム中に響き渡った。５人は目を潤ませながら「ありがとう！」と、とびきりの笑顔を見せ、最高のハッピーエンドを飾った。

　２０００年の初ライブから５９５公演目となるステージ。東京ドームは初単独公演を行った０７年４月以降、イベントを含め歴代アーティスト最多の９１回の公演を重ねた思い出の場所だ。２０年末の活動休止直前はコロナ禍で無観客開催だったため、５年を経て「ファンに直接感謝を伝える」約束を５人で実現させた。

　２０年末から個人活動も休止していた大野智（４５）は「生きてたよ～！」とおどけ、櫻井翔（４４）は「ただいま～！」と胸いっぱいの表情。「ヘイ！　世界中のみんな、調子はどうだ！」と定番のあいさつで熱狂へといざなった。会場は「おかえり～！！」と大歓迎し多幸感に包まれた。

　胸熱演出も連発した。有観客では今ツアーで初披露の「Ｗｈｅｎｅｖｅｒ　Ｙｏｕ　Ｃａｌｌ」「カイト」を立て続けにパフォーマンス。ファンは「ようやく生で聴けた」と言わんばかりに聴き入った。０５年の楽曲「Ｙｅｓ？Ｎｏ？」では若かりしメンバーの映像が流れ、５人が縦一列に並んで手を動かす当時の“千手観音風”振り付けを再現。軌跡をたどるエモい演出で沸かせた。

　最終盤にはスポットライトに照らされる中、一人ずつ思いを語った。松本潤（４２）は、メンバーと熱いハグを交わし「今までとは形は変わるけど、バカみたいにいろんな話がしたい。２６年半、マジで楽しかったです。これにつきます」と男泣き。二宮和也（４２）は、あえて旧事務所名を口にし「ぼくは３０年間のジャニーズ人生を終えようと思います。改めて幸せ者だなと思います」と深々と頭を下げ、「最高だよ、大好き」と不滅の愛を伝えた。

　相葉雅紀（４３）は「世界中に嵐を巻き起こせたのはみんなのおかげ。何度生まれ変わってもこの景色は絶対見られない」と目を赤くした。大野は１０秒以上、言葉に詰まりながら「こんなリーダーをずっと支え続けて受け止めてくれて、本当にありがとうございました。みんなで作り上げた嵐はこれからも生き続けます！」と宣言した。

　音楽史に数々の記録を打ち立てた５人だが、「誰一人欠けることなく、ステージで最後の日を飾る」という最大の恩返しは、どんな偉業にも勝る。櫻井はメンバーの名前を呼び「僕たちが嵐でした！　５人のままゴールテープを切れたこと、万感の思いです」。フィナーレでは５色のペンライトが揺れる中、新曲「Ｆｉｖｅ」を熱唱。３時間２５分、３３曲を歌いきると、仲むつまじげに肩を寄せ合い、「みんな、バイバ～イ！」とステージを後にした。（奥津　友希乃）

　大野智「こんなリーダーをずっと支えてくれて、メンバー４人があなたたちだったから僕は今日までここに立ててます。僕ら５人、誰一人欠けることなく、このみんなで作った嵐を２６年間守り切れて本当によかった。こんなにも真剣に人生を生きさせてくれて本当に感謝してます。僕らの活動は終わりますが、みんなで作り上げた嵐はこれからも生き続けます。僕も大切に心にしまってこれからも生きていこうと思ってます」

　櫻井翔「誰か一人が持っている鍵ではなくて、５人それぞれの鍵を持ち寄って宝箱を開けたら、こんなにきれいなペンライトの海を宝箱にきちんとしまうことができました。２６年半の特大の感謝の思いを込めて、皆様それぞれのことを思い続けていく。嵐の楽曲たちをこれからも愛してあげてください。『あんなハッピーなやつらがいたんだよ』って、まだ嵐に出会ってない人に知ってもらえたら」

　相葉雅紀「みんなの前でみんなと同じ空気を吸って直接感謝の思い、気持ちを伝えられる場所ができて本当に幸せ。世界中に嵐を巻き起こせたのは一人ひとりの応援のおかげ。何度生まれ変わってもこの景色は絶対見られない。嵐は僕の人生の全てだったと思うし、人生全てをかけた嵐を支えて応援してくれて、どうもありがとうございます。嵐でよかったし、この４人に出会えて本当によかった」

　二宮和也「最高だったぜ。最後の最後に、こんなにもたくさんの人たちとコンサートができるなんて。こんなふうに表現できるというのは改めて幸せ者。（入所から）３０年間で僕が学んだことは、できるかできないかではなく、やるかやらないかです。できないからやらないんじゃない。やるんです。もし人生で迷うことがあったら、ちょっとでも思い出してくれたら前に一歩進めるんじゃないか」

　松本潤「メンバーの皆さん、楽しかったね。あなたたちは最高です。この５人だったからずっとやってこれたし、数々の困難を乗り越えられたと思うし、素敵な景色を見られた。愛してるぜ。ファンのみんな、マジでありがとう。これに尽きます。これからもいろいろと新しいこともチャレンジしていくと思うので、これに懲りず一度つながった縁をまたつないでもらえたらというふうに思います」
報知新聞社",[],[]
桑田佳祐、新ＣＭに４曲を書き下ろし　当初は１曲予定も自らサプライズで演歌からロックまで４曲を制作（スポーツ報知）,https://news.yahoo.co.jp/articles/837dc9c635ee7831ebd0d0ad56ec8872410a5e7a,https://newsatcl-pctr.c.yimg.jp/t/amd-img/20260601-05311165-sph-000-1-view.jpg?exp=10800,2026-06-01T04:00:03+09:00,2026-06-01T04:00:03+09:00,スポーツ報知,sph,スポーツ報知,468,"「カンロ」の新CMに新曲を提供した桑田佳祐
サザンオールスターズの桑田佳祐が、１日から公開される菓子メーカー「カンロ」の新ＣＭに書き下ろしの新曲を提供した。
【写真】桑田佳祐＆竹内まりや、日本武道館でライブ初共演、デビュー年も結婚した年も同じ「長い付き合い」
曲は「みたらし慕情／演歌編」「飴とミラーボール／ディスコ・ヴァージョン」「飴ちゃんマン／ロック編」「聖なるカンロ飴／ドゥーワップ・ヴァージョン」の４つ。当初は１曲を提供する予定だったが、桑田のサプライズで演歌、ディスコ、ロック、アカペラと幅広いジャンルの４種類を提供することになり、ＣＭも急遽４種類の映像を制作した。

　ＣＭでは、カラオケ喫茶でエキストラの前で桑田が楽曲を披露する模様をスマートフォンで動画撮影。臨場感と親近感あふれる映像に仕上がっている。

　古希を迎えた今年は、６月２５日に３年半ぶりとなる新シングル「人誑し／ひとたらし」を発売予定。７月からは同じく３年半ぶりとなるソロでの全国アリーナツアーも控えており、節目の一年を精力的に過ごすつもりだ。
報知新聞社",[],[]
岡本和真が無安打も２四球で８戦連続出塁　ブルージェイズ１７連戦ラストで２連敗、借金２（スポーツ報知）,https://news.yahoo.co.jp/articles/92b1d92e1144b58f319d3583e0c4b08540cca4c2,https://newsatcl-pctr.c.yimg.jp/t/amd-img/20260601-06011016-sph-000-1-view.jpg?exp=10800,2026-06-01T03:56:01+09:00,2026-06-01T03:56:01+09:00,スポーツ報知,sph,スポーツ報知,835,"無安打に終わったブルージェイズ・岡本和真内野手（ロイター）
◆米大リーグ　オリオールズ９―５ブルージェイズ（３１日、米メリーランド州ボルティモア＝オリオールパークアットカムデンヤーズ）
【動画】久しぶりのスポドリシャワーで和真が飛び跳ねた！
ブルージェイズ・岡本和真内野手（２９）が３１日（日本時間６月１日）、１７連戦最終戦となる敵地・オリオールズ戦に「４番・三塁」でスタメン出場。２打数無安打２四球、２三振で８試合連続出塁となったが、快音は響かなかった。チームは終盤追い上げを見せるも２連敗で借金２となった。

　オリオールズの先発は２３年に１２勝を挙げた実績も持つ２９歳右腕のブラディッシュ。岡本は初対戦だった。初回２死一塁の１打席目は３球で空振り三振。０―６とリードを許した４回２死走者なしの２打席目は四球を選んで出塁も得点にはつながらなかった。

　６回にはさらに３点を失い、０―９と大量リードを許したブルージェイズ。７回先頭の岡本の３打席目も空振り三振に倒れた。８点を追う８回２死一塁の４打席目は右腕・ウェルズから四球。ピニャンゴの３号３ランで生還した。

　岡本は、２７日（同２８日）の本拠地・マーリンズ戦で、５日（同６日）の敵地・レイズ戦以来、出場した試合では１９試合ぶりとなる１１号を放つと、２９日（同３０日）の敵地・オリオールズ戦でも５点差からの逆転勝ちに貢献する２試合ぶりの１２号を放った。

　前日３０日（同３１日）は、８回の４打席目に左翼へ２点適時二塁打。１打席目には左翼手の好捕に阻まれたが、データサイト「Ｂａｓｅｂａｌｌ　Ｓａｖａｎｔ」によると３０球団の本拠地のうち、２７球場であれば本塁打になっていた左翼への飛距離３７３フィート（約１１４メートル）の惜しい当たりもあった。チームは４点リードの９回１死走者なしから５点を失ってサヨナラ負けを喫し、連勝が４で止まって借金１となっていた。２連敗で借金は２。１７連戦は１０勝７敗だった。
報知新聞社",[],[]
大谷翔平、次回登板は日本時間４日の敵地・Ｄバックス３戦目に決定…球団発表（スポーツ報知）,https://news.yahoo.co.jp/articles/adc89995a7540a6d047ad7a1de516459e8140c3e,https://newsatcl-pctr.c.yimg.jp/t/amd-img/20260601-06011015-sph-000-3-view.jpg?exp=10800,2026-06-01T03:45:10+09:00,2026-06-01T03:52:36+09:00,スポーツ報知,sph,スポーツ報知,580,"ドジャース・大谷翔平投手（ロイター）
◆米大リーグ　ドジャース―フィリーズ（３１日、米カリフォルニア州ロサンゼルス＝ドジャースタジアム）
【動画】大谷翔平、圧巻投球に観客も大興奮！６回無安打１失点の“ノーヒット・ワンラン”
ドジャース・大谷翔平投手（３１）の次回登板が３日（日本時間４日）の敵地・ダイヤモンドバックス３戦目に決まった。３１日（同６月１日）に球団が発表。１戦目からシーハン、ラウアー、大谷、ロブレスキの順を予定している。

　大谷は前回登板５月２７日（同２８日）の本拠地・ロッキーズ戦では「１番・投手、指名打者」で出場し、６回無安打１失点、７奪三振の好投で５勝目（２敗）を挙げて防御率が規定投球回未到達ながら０・８２。打っても初回先頭の１打席目に、菅野智之投手（３６）から９号先頭打者本塁打を放ち、決勝打となる先制点をたたき出していた。

　この日は５月最終戦となる本拠地・フィリーズ戦で、スタメンに「１番・ＤＨ」で名を連ねた。大谷は今年の５月はこの日まで２４試合で打率２割８分３厘、４本塁打、１８打点。昨年の５月は球団＆自己最多タイ記録の月間１５発と打ちまくったが、今年はやや控えめな数字となっている。６月に絶好調期を迎えることが多い大谷。２３年の１５本を含めて月別最多の６２本塁打をマークしており、勢いをつけて突入したいところだ。
報知新聞社",[],[]
ド軍ロバーツ監督「感謝の気持ちを持つ日」　５４歳の誕生日、会見場で祝福に笑顔「いつも試合をしている気がする」（スポーツ報知）,https://news.yahoo.co.jp/articles/4ea7c48bd4d45710fa0cec4ba84a0064bab287e6,https://newsatcl-pctr.c.yimg.jp/t/amd-img/20260601-06011013-sph-000-1-view.jpg?exp=10800,2026-06-01T03:30:19+09:00,2026-06-01T03:30:19+09:00,スポーツ報知,sph,スポーツ報知,412,"試合前に会見したドジャース・ロバーツ監督（カメラ・村山　みち）
◆米大リーグ　ドジャース―フィリーズ（３１日、米カリフォルニア州ロサンゼルス＝ドジャースタジアム）
【動画】大谷２戦連発！シュワバーの前で６年連続１０号！！
ドジャースのデーブ・ロバーツ監督が現地時間３１日、５４歳の誕生日を迎えた。同日（日本時間６月１日）の本拠地・フィリーズ戦を前に会見した。

　会見場に現れたロバーツ監督は、報道陣から「お誕生日おめでとうございます」と祝福されると「ありがとう！」と笑顔。指揮官は「試合に勝つことを楽しみにしている。誕生日にはいつも試合をしている気がするね。特別な日というより、少し感謝の気持ちを持つ日だね。まずはこのカードに勝ち越したいね」と、５４歳の初白星に向けて意気込んだ。

　この日は５月最終戦。大谷翔平投手（３１）が「１番・ＤＨ」でスタメンに名を連ね、山本由伸投手（２７）が５勝目を狙って先発する。
報知新聞社",[],[]
ブルージェイズ戦で前代未聞のアクシデント！球場騒然　観客が投げたボールが選手直撃で途中交代（スポーツ報知）,https://news.yahoo.co.jp/articles/9bd0987bc8b782d1b44b723e3499da0ecaa9e609,https://newsatcl-pctr.c.yimg.jp/t/amd-img/20260601-06011012-sph-000-9-view.jpg?exp=10800,2026-06-01T03:25:31+09:00,2026-06-01T19:59:40+09:00,スポーツ報知,sph,スポーツ報知,533,"スタンドから何かが投げ込まれた後、右手を気にするブルージェイズの右翼手・サンチェス（右、ＡＰ）
◆米大リーグ　オリオールズ―ブルージェイズ（３１日、米メリーランド州ボルティモア＝オリオールパークアットカムデンヤーズ）
【写真】リグリーフィールドに珍客が“襲来”
ブルージェイズ・岡本和真内野手（２９）が「４番・三塁」でスタメン出場した３１日（日本時間６月１日）の敵地・オリオールズ戦で、前代未聞とも言えるアクシデントが起きた。

　０―６でブルージェイズが６点ビハインドだった６回裏。ブルージェイズは無死一、二塁のピンチを迎えると、タイムを取って捕手のバレンズエラがマウンドに向かって投手のジェンガーと言葉を交わしていた。そのタイミングで右翼席からグラウンドにボールが投げ込まれると、右翼手・サンチェスの右手に直撃。サンチェスが痛がってシュナイダー監督らが駆け寄ると、そのまま途中交代となって球場は騒然となった。

　サンチェスはドミニカ共和国出身の２８歳。昨季まではマーリンズ、アストロズでプレーし、今季からブルージェイズに加わった。昨季までは５年連続で２ケタ本塁打を放ち、今季も５７試合の出場で、６本塁打、２８打点、打率２割８分７厘をマークしている。
報知新聞社",[],[]
大谷翔平、５月最終戦　得意の６月へ弾みつけられるか　フィリーズ戦「１番・ＤＨ」　山本由伸は５勝目狙う（スポーツ報知）,https://news.yahoo.co.jp/articles/64606591cf99121ae4edb28c73b3598f7eb25e1a,https://newsatcl-pctr.c.yimg.jp/t/amd-img/20260601-06011007-sph-000-4-view.jpg?exp=10800,2026-06-01T02:02:23+09:00,2026-06-01T03:53:39+09:00,スポーツ報知,sph,スポーツ報知,832,"ドジャース・大谷翔平（ＡＰ）
◆米大リーグ　ドジャース―フィリーズ（３１日、米カリフォルニア州ロサンゼルス＝ドジャースタジアム）
【動画】大谷２戦連発！シュワバーの前で６年連続１０号！！
ドジャース・大谷翔平投手（３１）が３１日（日本時間６月１日）、本拠地・フィリーズ戦のスタメンに「１番・ＤＨ」で名を連ねた。山本由伸投手（２７）が５勝目を狙って先発する。

　この日は５月最終戦。大谷は今年の５月はこの日まで２４試合で打率２割８分３厘、４本塁打、１８打点。昨年の５月は球団＆自己最多タイ記録の月間１５発と打ちまくったが、今年はやや控えめな数字となっている。大谷といえば“ミスター・ジューン”で６月に絶好調期を迎えることが多い。２３年の１５本を含めて月別最多の６２本塁打をマークしており、勢いをつけて突入したいところだ。

　前日３０日（同３１日）の同戦では今季ワーストタイとなる１試合３三振。難敵左腕ルサルドから３回に右前打を放って３試合連続安打としたが、今季初の３戦連発は逃した。それでも、２９日（同３０日）には３回に６年連続２ケタ本塁打となる１０号ソロ。「センター中心にいい感じで打てている。あとは、打球角度がしっかり出てくれば、長打になるのかなと思います」と量産態勢に入りそうな気配を漂わせていた。

　この日のフィリーズ先発は今季メジャーデビューした身長２０１センチの長身右腕、ペインター。初対戦の相手から２試合ぶりのアーチをかけたいところだ。

　山本は前回２４日（同２５日）の敵地・ブルワーズ戦で７回７安打１失点と好投し、４勝目（４敗）を挙げた。自身２連勝で白星を先行させることができるだろうか。

　スタメンは以下の通り。

（１）指　大谷翔平

（２）中　パヘス

（３）一　フリーマン

（４）遊　ベッツ

（５）右　タッカー

（６）三　マンシー

（７）左　ウォード

（８）捕　ラッシング

（９）二　フリーランド

投＝山本
報知新聞社",[],[]
浦和ＦＷオナイウ阿道がサポーターへ中指立てる侮辱的行為　クラブが事実認定、厳正処分へ（スポーツ報知）,https://news.yahoo.co.jp/articles/f4de2ed538b6d3475a57edc1809723df88ce0035,https://newsatcl-pctr.c.yimg.jp/t/amd-img/20260601-06011008-sph-000-1-view.jpg?exp=10800,2026-06-01T01:39:16+09:00,2026-06-01T01:39:16+09:00,スポーツ報知,sph,スポーツ報知,379,"浦和は31日、明治安田J1百年構想リーグ・プレーオフラウンド第1戦（対ファジアーノ岡山）の試合終了後、FWオナイウ阿道が浦和サポーターに向けて中指を立てる侮辱的行為を行ったと発表した。クラブは公式ホームページで「深くお詫び申し上げます」と謝罪し、今後厳正に対処する方針を示した。

　試合終了後、選手たちが浦和サポーターの待つスタンドへ挨拶に赴いた際のやり取りの中で発生。直後にクラブスタッフが現地で事実確認を行ったところ、オナイウ本人および複数のサポーターから証言が得られたため、侮辱的行為があったと認定した。

　オナイウは行為について深い反省の念を示しているというが、クラブは「いかなる状況であっても浦和レッズの理念に反し、スポーツマンシップに反する行為」と重く受け止めている。今後は詳細の把握を急ぎ、処分内容が決まり次第、改めて発表する。
報知新聞社",[],[]
ＧＥＮＥＲＡＴＩＯＮＳ・中務裕太　マイケル・ジャクソンの名曲スペシャルダンスで嵐に対抗！？「こっちもＭＪで！」（スポーツ報知）,https://news.yahoo.co.jp/articles/0a8b7a7b63265b56e2816ab57a46f64c21aa20ab,https://newsatcl-pctr.c.yimg.jp/t/amd-img/20260601-06011005-sph-000-2-view.jpg?exp=10800,2026-06-01T01:05:35+09:00,2026-06-01T01:06:39+09:00,スポーツ報知,sph,スポーツ報知,669,"イベントでダンスを披露した中務裕太と浅田真央
ＧＥＮＥＲＡＴＩＯＮＳの中務裕太が３１日、都内で行われた映画「Ｍｉｃｈａｅｌ／マイケル」（アントワーン・フークア監督、６月１２日公開）のイベントにフィギュアスケート元世界女王の浅田真央さんと出席した。
【写真】元フィギュア女王とレッツ、ダンス！
マイケル・ジャクソン（享年５０）の軌跡を描いた同作に合わせ、マイケルについてのトークセッションとダンスセッションも開催。マイケルの印象について問われると、中務は「神です。説明するのもおこがましいくらいの存在というか、本当に生きている間に会いたかったなっていうのは今でも思います。『一番会いたい人は？』って聞かれたら『マイケル・ジャクソンかな』って、即答できるくらいです」と興奮気味に話した。

　同じアーティストとして尊敬している点について「イヤモニをつけずにスタジアムで一気にズレもなく歌うスキルだったり、ダンスの音ハメだったり音を大切にしている感覚がすごく素敵だなって（思う）。ダンサーですけど、学ぶことがたくさんあるなと思います」とステージに立つ人間だからこそ分かるすごさを熱弁した。

　ダンスセッションでは、１２６人のキッズダンサーと名曲「今夜はビート・イット」のスペシャルダンスを披露。この日、東京ドームでは嵐のラストライブが開催されたことから、ＭＣが「ＭＪ（松本潤のあだ名）旋風が湧き起こっていますが、こちらもＭＪの嵐を巻き起こしましょう」と呼びかけると、中務も「こっちもＭＪで（頑張りましょう）！」と気合を入れていた。
報知新聞社",[],[]
ＮＥＸＺ、ファンに感謝の思い伝える「クリクリした目で見てくれて幸せ」「皆さんの自慢のＮＥＸＺになれるように」（スポーツ報知）,https://news.yahoo.co.jp/articles/169b5ba5caa86495b498b5640956d00e44f58198,https://newsatcl-pctr.c.yimg.jp/t/amd-img/20260601-05311414-sph-000-2-view.jpg?exp=10800,2026-06-01T00:00:07+09:00,2026-06-01T11:59:06+09:00,スポーツ報知,sph,スポーツ報知,1864,"全国アリーナツアーの東京公演を開催したNEXZ(C)田中聖太郎
７人組ボーイズグループ「ＮＥＸＺ（ネクスジ）」が３１日、東京・代々木第一体育館で全国アリーナツアーの東京公演を開催した。３０日からの２日間で計２万人を動員し、「Ｈｅｌｌｍａｔｅ」「Ｃａｎ’ｔ　ｈｉｄｅ」など全２８曲をパフォーマンス。約３時間にわたってファンを魅了し、アンコールＭＣでは１人ずつ感謝の思いを口にした。
【写真】ＮＥＸＺ・ユウキ、接近自撮りショットが「美！！！」「ビジュ良すぎ」ファン大興奮
ＭＣは以下の通り（一部抜粋）

　▼ＳＥＩＴＡ「ダンスブレイクを追加したり、カバー曲をしたり、いろいろスペシャルなことが盛りだくさんあってうれしかったけど、どうすればファンを喜ばせてあげられるか、どうすればステージがもっとすてきなものになるのか一生懸命準備したんですよ。準備して実際に（ファンに）会って喜んでもらって感じるのは、僕一人じゃなかったら絶対にここまでできてなかったなって思います。ファンの皆さんがいるからこそ頑張ろうって思えるし、メンバーがいるからこそ支え合って来られた。いろんな人にありがとうを伝えたいです。今日のステージを通してＮＥＸＺのことをもっと好きになってくれたんじゃないかなと思います。これから先、大変なことがあったらこの日を思い出して糧になれば良いなと思います」

　▼ＨＹＵＩ「ステージに本気にさせてくれるのはファンの皆さんのおかげ。感謝を伝えたいと思います。昨日、家族が来てくれて終わった後に電話で『めっちゃ良かった』って言ってくれたんですけど、心に残った言葉が『これがあんたのやりたかったことやったんやなと思った』って。本当にアーティストという職業をやってて良かったなと思います。ファンの方がステージを待ってくれるお陰で準備とか本気で頑張れます。皆さんの自慢のＮＥＸＺになれるように頑張ります」

　▼ＹＵＫＩ「一人ひとりの笑顔が目に入った瞬間に本当にパワーもらってます。去年、ホールツアーやらせていただいてそのときから１年がたってステージも大きくなったし来てくれる方の人数も多くなった。変わったことも多いけど、変わらないことは僕の目に見えるファンの笑顔だったり、ステージが盛り上がって喜んでる姿。今日も始まる前はすごく緊張していたけど、ステージに上がった瞬間に緊張だったり不安だったりが一切なくなった。全力で楽しませようっていう一心やった。どこから（力が）湧いてくるんやろうなと思ったら、見てくれるファンのおかげなんじゃないかなって。皆さん、僕の原動力になってくれてありがとう」

　▼ＳＯ　ＧＥＯＮ「ファンを見ると生きてて良かったなって。こうやってステージに立つ度にたくさんの愛をもらうのでうれしい気持ちの反面、大丈夫かなっていう気持ちもあるんですけど、客席回ってるときに一人ひとりがクリクリした目で見てくれるので幸せだし愛されるって幸せなんだなって。ファンの温かくて熱い愛を感じたのでしびれました。この一瞬一瞬を大切にするので、ファンの皆さんもこの瞬間瞬間を心に受け止めてくださったらうれしいです」

　▼ＨＡＲＵ「（ラップパフォーマンスを）ファンの皆さんが喜んでくださって一安心でうれしいなって思います。努力した結果よりも努力した時間が輝いてるって言葉が大好きなんですけど、最初は僕のラップを期待した目で見ている人は誰もいなかったと思うんですけど、僕はこの言葉をずっと信じて頑張ってました。努力し続ければ結果は出てくると思って頑張ってきた。なので、ファンのみんなも努力して結果が出てこないと思っても、成功のためにも失敗は必要なので一緒に頑張りましょう」

　▼ＹＵ「応援棒（ペンライト）を振ってくれた方向が全部一緒だった。口合わせしてないのに同じ方向で動いてるからきれいだなって。これが一つになることかなと。それを見て感動を受けました。後々、ドームだったりスタジアムだったり目指しているので必ず行きます。誓います。一生懸命頑張って大きなステージに立てるようになりたいと思います」

　▼ＴＯＭＯＹＡ「一人ひとりの顔を見て感動と元気をもらいました。感謝を伝えたいのがスタッフさん。こんな規模でこんなすてきで豪華な演出でやらせていただきありがとうございます。次のアルバムを準備しながら夜遅くまで頑張って練習して、努力した意味あったなと思って、またもう一度頑張ろうと思いました。次もたくさん公演やりたいと思います」
報知新聞社",[],[]
ＮＥＸＺ、初のアリーナに酔いしれる「熱気がすごい！」夢のドーム＆スタジアム公演に大きく前進（スポーツ報知）,https://news.yahoo.co.jp/articles/57173ada5cd5d89cab517410cffbd34bda819a3a,https://newsatcl-pctr.c.yimg.jp/t/amd-img/20260601-05311410-sph-000-2-view.jpg?exp=10800,2026-06-01T00:00:03+09:00,2026-06-01T11:59:36+09:00,スポーツ報知,sph,スポーツ報知,579,"全国アリーナツアーの東京公演を開催したNEXZ(C)田中聖太郎
７人組ボーイズグループ「ＮＥＸＺ（ネクスジ）」が３１日、東京・代々木第一体育館で全国アリーナツアーの東京公演を開催した。
【写真】ＮＥＸＺ、初の武道館公演で大粒の涙
デビューから丸２年で実現した初のアリーナツアー。同所では３０日からの２日間で計２万人を動員し、ＨＡＲＵは「熱気がすごい！」と過去最大級の歓声に酔いしれた。

　デビュー当時はあどけなさも残る７人だったが、年を追うごとにクールな顔つきに変化。この日もＨＡＲＵは艶っぽい表情と声で「かわいくねえよ」と男らしさ全開でファンを魅了した。

　約３時間にわたって全２８曲をパフォーマンス。６月２４日に発売する日本３枚目ＥＰのタイトル曲「Ｈｅｌｌｍａｔｅ」や収録曲「Ｃａｎ’ｔ　ｈｉｄｅ」など新曲もちりばめた。

　今年は１、３月にそれぞれ台湾と香港での単独公演も経験。８、９月には米とブラジルで大型フェスへの出演も控えるなど世界規模で活躍の場を増やしている。

　７人が見据えるのはドームやスタジアムでのステージ。客席を見渡しながらＹＵは「この景色を見て思いが強くなったので、一生懸命頑張って成長して大きな舞台に立てるように頑張りたい。必ず行きます。誓います」と決意を新たにした。大きな夢に向かって、７人は着実に前進している。
報知新聞社",[],[]
