headline,mainEntityOfPage,image,datePublished,dateModified,author,media_en,media_jp,str_count,body,images,external_links
當真あみらが“継承”した『ちはやふる』の真髄　“青春を懸ける”が詰まったセミファイナル（リアルサウンド）,https://news.yahoo.co.jp/articles/2e377ee981d2c64417625b56642d01594ab953c2,https://newsatcl-pctr.c.yimg.jp/t/amd-img/20250903-00010062-realsound-000-1-view.jpg?exp=10800,2025-09-03T23:20:16+09:00,2025-09-03T23:20:16+09:00,リアルサウンド,realsound,リアルサウンド,1677,"『ちはやふる－めぐり－』©日本テレビ
右手の怪我が再発し、東京都予選を棄権した風希（齋藤潤）の主治医として、そして名人である新（新田真剣佑）に次ぐ“準名人”として、ついにこの『ちはやふる－めぐり－』（日本テレビ系）の世界に登場した太一（野村周平）。
【写真】原田先生（國村隼）の立場となった太一（野村周平）
言わずもがなライバル校である瑞沢のOBの太一からの教えを受けて風希は、瑞沢――つまりはそのエースである懸心（藤原大祐）に勝って全国へ行くために、利き手ではない左手でかるたを取る特訓に励んでいく。

　9月3日に放送された『ちはやふる－めぐり－』は終盤の大一番を目前に控えた第9話。梅園と瑞沢、北央、そしてアドレの4校で東京都の第2代表を争う熾烈な――前回の八雲（坂元愛登）の言葉を借りれば“地獄”の最終予選へ向けて、各校が猛練習に打ち込む。そこで挿入歌として流れるのは、『ちはやふる -上の句-』『ちはやふる -下の句-』で主題歌として使用されたPerfumeの「Flash」。今回のエピソードの前半は、ひたすら“かるたを取る”という動作の躍動が重ねられていく。この光のようなスピードこそが、漫画やアニメでは成し得なかった実写『ちはやふる』の真髄なのである。

　さて、今回の終盤で瑞沢かるた部のOB・OGが全員集合を果たすわけだが、なかでも太一の登場――冒頭で述べたように、風希の師匠として登場することがこの物語にどのような作用をもたらすのかは明白だ。それは、懸心が新のもとを訪れて一緒にかるたを取る姿も描かれることからもわかるように、かつて太一がいたポジションに風希が、新がいたポジションに懸心が入るという“継承”である。もちろん両者のあいだに欠かすことのできない千早（広瀬すず）の位置付けは、めぐる（當真あみ）である。

　純然と“かるたを取る”という面では凪（原菜乃華）こそ千早の正統継承者ではあるが、第4話で風希がめぐるへの好意を自覚したように、また今回のエピソードで新が千早を言い表した言葉を聞いて懸心がめぐるを思い浮かべたように、千早・太一・新がつくりあげた青春模様は、そのままめぐる・風希・懸心に受け継がれるといってもいい。要するに、今回めぐるが瑞沢戦に臨む直前に風希に言う、「私たち6人はこれからもずっとかるたを続けていく」という言葉の先には、風希が怪我を乗り越え、10年後に懸心と“名人”の座を争う未来が待ち受けていることを示唆していると捉えることができるのだ。

　では太一のポジションを風希が継承するとして、太一はどこへ向かうのかと考えると、これはもう原田先生（ドラマ版には登場していないが、映画版では國村隼が演じている）のポジションに他ならないだろう。『上の句』で、「青春全部懸けたって、俺はあいつ（新）に勝てない」と呟いた太一に原田が言った「懸けてから言いなさい」の言葉を、太一は今回、同じように懸心に勝てないと呟いた風希へと渡す。

　また、めぐるにかるたのスタイルを変えるよう提案するのは、原作で原田が千早に言った「速く取るのをやめなさい」にも通じている。よくよく考えてみれば、原田と太一は医師である点も準名人（原作では原田が若き日に準名人だったと語られ、25巻第132首でその座に返り咲いている）である点も共通しているではないか。

　今回のエピソードタイトルに選ばれている菅家の〈このたびは ぬさもとりあへず たむけやま もみぢのにしき かみのまにまに〉の歌は、まさに『上の句』のなかで「懸けてから言いなさい」の直前に原田が太一に伝えていた歌だ。「神様だの運だのを語っていいのは、やれることを全部やった人間だけの特権」と原田は言っていた。今回の劇中では、めぐると奏（上白石萌音）が最終予選直前に神社で必勝祈願をするシーンでもこの歌が登場する。梅園かるた部は最終予選に向けてやれることを全部やった。あとは神の御心のままに。この歌にこそ、本作の主題である“青春を懸ける”の意味が集約されているのである。
久保田和馬",[],[]
『大追跡』堂々の完結も続編に期待　最後の“名波マウント”は相葉雅紀×遠藤憲一の特別版に（リアルサウンド）,https://news.yahoo.co.jp/articles/009c232ff56f9028056503785111842c3a642f20,https://newsatcl-pctr.c.yimg.jp/t/amd-img/20250903-00010061-realsound-000-1-view.jpg?exp=10800,2025-09-03T23:10:10+09:00,2025-09-03T23:10:10+09:00,リアルサウンド,realsound,リアルサウンド,1826,"『大追跡～警視庁SSBC強行犯係～』©テレビ朝日・東映
大森南朋、相葉雅紀、松下奈緒がトリプル主演を務める水9ドラマ『大追跡～警視庁SSBC強行犯係～』（テレビ朝日系）が、9月3日に最終回を迎えた。
【写真】『大追跡』最終回カット（40枚）
最終回のタイトルは「逃げ切れると思うなよ」。本作のキービジュアルに使われているキャッチコピーであり、第1話から伊垣（大森南朋）が犯人を追跡するときに使用してきた『大追跡』を象徴する名セリフだ。

　第8話、そして今回の第9話（最終回）で描かれる事件の犯人は、坂崎龍（板橋駿谷）。22年前に久世（佐藤浩市）の部下を殺害し、元警察官で伊垣の先輩だった加茂雄作（螢雪次朗）に向けて発砲、さらに青柳（松下奈緒）を拉致した凶悪犯だ。最終回は、室温60℃となった猛暑のトラックに閉じ込められた青柳を、伊垣と名波（相葉雅紀）が救出するシーンからスタートする。

　捜査が進むにつれて浮かび上がってくるのは、弟の坂崎蘭（渡邊圭祐）の存在。彼は幼い頃に天才ハッカーと呼ばれ、14歳で独自のコンピュータウイルスを開発し、警察のパソコンをハッキングしていた。そこから得た情報を兄の龍に教えたことで、加茂の拳銃が奪われ、久世の部下が撃たれた。つまりは蘭が事件の黒幕ではあるが、今に繋がる直接的な犯行に及んできたのは龍ということになる。

　青柳と伊垣が捜査一課とSSBC強行犯係、デジタルとアナログの融合の捜査で、龍を追い詰めていく一方で、名波は久世がなぜ22年前にこだわるのかがどうしても引っかかっていた。そのことは最終回ラスト5分で明らかになる。

　それは甥の名波も驚く、久世のもう一つの顔だった。22年前の事件では、警察官が奪われた拳銃によって警察官が殺され、さらに広域暴力団を取り逃す失態、それがバレたら国民の信用を失い、警察内部では久世も含めた何人もの首が飛ぶ。ハッキングの時効は3年。「このことが世に出ることはないだろう」と安堵する久世に、名波は驚きと失望の眼差しを向ける。

　「権力を持つ人間というものはな、常に物事の裏で何が起こっているのか知らなければならない。逆に言えば、知らないということは恐怖だ。常に自信に満ち溢れ、怯えている。それが権力を持とうとする人間の宿命なんだよ。凛太郎、お前もいずれ身をもって分かる時がくる」。

　そう諭す久世に、肩を落とし去っていく名波。そこにスッと現れる（特撮のような画角！）のが、SSBC強行犯係の係長・葛原（光石研）だ。ここまでの名波と久世の話を聞いていたということになり、それほどまでに久世から信頼を置かれている人物ということになる。

　さらに驚くのが、女将・しず（白川和子）がついに話し始めること。肩を落とし小料理屋「まえだ」にやってきた名波にしずは、加茂が撃たれた日、店にやってきた久世が「死ぬなよ……加茂さん」とつぶやいていたことを告げる。「22年前の真相を知りたいだけなら、加茂さんが死のうが助かろうがどうでもいいはずだろ？　本当のことは言わないのよ。あの人。そういうもんさ。将来、総理大臣になろうかって人は」というシズの言葉からは、久世が権力トップに立つ上での矜持とその裏にある正義が垣間見える。

　最終回では恒例の“名波マウント”は、名波と八重樫（遠藤憲一）がぴったり声を揃える、ラストに相応しいスペシャルバージョンに。八重樫の会見も青柳を巻き込みながら、お土産コーナーも八重樫を迎えたほのぼのとしたカットで幕切れとなった。

　これで『大追跡』は最終回を迎えたわけだが、やはり2ndシーズンを期待してしまう。『大追跡』がスタートする前に開かれた会見で、大森南朋は自身が演じる伊垣について「キャラクターがこれからどうなっていくのかは、3rdシーズンぐらいでわかると思います」と冗談混じりに話していたが、脚本を手がけた福田靖は最終回の放送にあわせて、「僕としてはまだまだキャラクターを描き切れてないんです。手探りのまま終わった気持ちもちょっとあるので、機会があれば……もっとキャラクターをくっきり際立たせていきたいなと想いはあります」とコメントしている。

　最終回で存在感が際立っていた葛原やしずを含め、まだまだベールに包まれたキャラクターも多く存在している。何よりも、3年後に昇進して警察で局長、つまり八重樫の上司になる名波の姿が見てみたい。
渡辺彰浩",[],[]
『良いこと悪いこと』W主演に間宮祥太朗×新木優子　森本慎太郎、深川麻衣、剛力彩芽ら共演（リアルサウンド）,https://news.yahoo.co.jp/articles/5a2b01dcbb72206d4d21c8f309ae64d0e3df7c3c,https://newsatcl-pctr.c.yimg.jp/t/amd-img/20250903-00010060-realsound-000-1-view.jpg?exp=10800,2025-09-03T23:00:57+09:00,2025-09-03T23:00:57+09:00,リアルサウンド,realsound,リアルサウンド,3352,"『良いこと悪いこと』メインキャスト13名 ©日本テレビ
10月11日より日本テレビ系で放送がスタートする新土曜ドラマ『良いこと悪いこと』のキャスト13名が発表。間宮祥太朗と新木優子がW主演を務め、森本慎太郎（SixTONES）、深川麻衣、戸塚純貴、剛力彩芽、木村昴、藤間爽子、工藤阿須加、松井玲奈、稲葉友、森優作、水川かたまり（空気階段）が出演する。
【写真】間宮祥太朗インタビューカット（4枚）
本作は、『こんなところで裏切り飯』（中京テレビ・日本テレビ系）のガクカワサキが脚本を手がけるノンストップ考察ミステリードラマ。

　「あなたは、いい子ですか？　わるい子ですか？」。同窓会で集まった、小学校の同級生。タイムカプセルから出てきたのは、6人の顔が塗りつぶされた卒業アルバム。そしてはじまった、同級生の不審死。一体誰が、なんのために……。事件を止めるため動き出した2人の同級生。しかし彼らにも秘密があり……。容疑者は同級生。真犯人は誰なのか。

　演出を『だが、情熱はある』（日本テレビ系）の狩山俊輔、『笑いのカイブツ』の滝本憲吾、『街並み照らすヤツら』（日本テレビ系）の長野晋也が担当する。

　小学生のときはクラスのリーダー的存在で「キング」と呼ばれ、現在は実家の塗装屋を継いだ一児の父・高木将を間宮、高木の同級生で「どの子」と呼ばれていた、現在は“美人すぎる記者”としても活躍している猿橋園子を新木がそれぞれ演じる。

　そのほか、高木の親友である小山隆弘をSixTONESの森本、園子と同期の『週刊アポロ』記者・東雲晴香を深川、高木や宇都見が集うスナック「イマクニ」の店主・今國一成を戸塚、専業主婦のゆきを剛力、「イマクニ」常連客の宇都見啓を木村、区民事務所職員の小林紗季（委員長）を藤間、居酒屋「北の桜」店主・カンタローを工藤、ホステスの中島笑美を松井、美容師の豊川賢吾を稲葉、ニートのちょんまげを森、薬剤師の貧ちゃんを空気階段の水川がそれぞれ演じる。

コメント
間宮祥太朗（キング／高木将役）
平成真っ盛りを過ごした同級生達のドラマを作るという話を聞いたときは、そうか“平成”はしっかりと懐かしいものになりつつあるのかと不思議な感慨深さを覚えました。同じ年に生まれ、同級生という奇妙な縁で繋がった登場人物達の抱く過去と現在が、またしても奇妙な縁で交錯していく群像劇。平成真っ盛りを生きた同世代として、高木将を演じることが楽しみです。

新木優子（どの子／猿橋園子役）
猿橋園子役を演じさせていただきます、新木優子です。
お話をいただいた時に、誰もが感じる懐かしさの中にミステリー要素が詰まっていて、物語にグッと引き込まれる魅力を感じました。
ここまでたくさんの同世代の俳優の方々とご一緒する機会はなかなかないので、刺激をいただきつつ、楽しみながらこの作品で園子として生きていけたらと思っています。
ぜひ楽しみに待っていただけたら嬉しいです！

森本慎太郎（小山隆弘役）
小山隆弘役を演じさせていただきます、森本慎太郎です。
主演の間宮くんとは普段から仲良くさせていただいてるので、また共演できることがすごく楽しみです。
台本を読んでいて先の展開がとても気になり、自分なりの考察がとても楽しかったので、早くみなさんにもたくさん考察して、作品を楽しんでいただきたいです。

深川麻衣（東雲晴香役）
登場人物たちと同じ世代なので、台本に懐かしい平成ワードが出てくる度に読んでいてワクワクしましたし、一つの現場でここまでたくさんの同年代の皆さんとご一緒できる機会はなかなかないので、今からとても楽しみです。
考察して楽しめるサスペンス的な要素がありながら、無自覚の暴力に対して深く考えさせられるお話です。

戸塚純貴（今國一成役）
同級生というのは、不思議な存在です。
笑い合った時間と同じだけ、心に深い傷を残すこともある。かつては机を並べて「給食のプリンは誰が取った？」なんて騒いでいた記憶が、笑い飛ばせるものだったのか、それとも誰かの人生を狂わせるものなのか。
今作の持つテーマとしっかり向き合い、目が離せなくなるような作品を目指したいと思います。

剛力彩芽（ゆき役）
初めて台本を読ませていただいたときからドキドキとソワソワが止まりませんでした。
自分にとっての“良いこと悪いこと”
相手にとっての“良いこと悪いこと”
誰かにとっての“良いこと悪いこと”
人それぞれ違ってどれもがきっと正しくて……観てくださる方がいろんな視点から
ストーリーを感じていただけるよう頑張ります。

木村昴（宇都見啓役）
大変楽しみにしておりました！　台本に“しがない公務員”と書いてあったので、しがない感を意識して頑張りたいと思います。最近した良いことは、迷っていたおばあちゃんに道案内をしてあげたことです！

藤間爽子（委員長役）
このドラマのタイトルにあるように何が正しく、何が悪なのか、その境界が曖昧な世の中になりました。
本来であれば善意として受け取られるはずの親切さえも、ときに誤解され、悪とされてしまう恐ろしい世の中です。
このドラマはそんな裏テーマを持ちつつ、皆さんには推察や平成のエモさも楽しんで頂きたいと思っています。どうぞお楽しみに！

工藤阿須加（カンタロー役）
良いこと悪いこと……すごく楽しみです。エモさもあり、怖さあり、サスペンスあり、僕自身もまだ結末を知らないのですが、考察したくなるドラマです。参加させていただけることを嬉しく思っていますし、撮影も同年代の俳優さんが多いので楽しみです。
皆さまも楽しみにしていてください。

松井玲奈（中島笑美役）
中島笑美を演じさせていただきます、松井玲奈です。
同年代の方々とご一緒する機会はこれまで多くなかったので、新鮮な気持ちで準備や撮影に臨んでいます。
脚本には幼少期に触れた懐かしいものがたくさん登場し、夢中になって読み進め、さらに先の読めない展開にも引き込まれ、どうなるのだろうとドキドキしながらページをめくっていました。
ご覧いただく皆さんにも、懐かしさを感じながら次の展開を想像して楽しんでいただけたら嬉しいです。

稲葉友（豊川賢吾役）
豊川賢吾役を演じます稲葉友です。脚本を読む中で90年代前半に生まれた僕らにとっての懐かしさに痺れました。そして今の時代を生きる人たちに届いて欲しい声が物語の中に詰まっています。同世代が多く集まりどんな化学反応が生まれるのか、心から楽しみです。世代問わずたくさんの方々に届いてほしいです、ぜひともご覧ください。

森優作（ちょんまげ役）
平成という時代、自分自身が感じてきたことや見てきたことを心に留めながら、もの作りができたらなと思います。
実際にも近い同世代の方たちと共演させてもらえるのがすごく楽しみです。
毎話を面白く観てもらえるよう精一杯頑張ります。よろしくお願いします。

水川かたまり（貧ちゃん役）
おはようございます！　水川かたまりです！　暑い日が続いていますが、水分補給を忘れずに今日も張り切っていきましょう！
夏の朝に書いたので、夏の朝用の挨拶です！　秋の夜に読んでいる方、本当にすみません！
世界の皆さま『良いこと悪いこと』を観て、年越しの準備を着実に一歩ずつ進めていきましょう！　ハッピーニューイヤー！

鈴木将大（プロデューサー）
36歳になりました。大人の倍です。
助けてもらうことより教えることが、甘えることより支えることが、怒られることより叱ることが増えた、大人です。
でも時々思います。
教えたり、支えたり、叱れるほど、ちゃんと大人なのだろうか？
誰かのミスをつついたり、責めたり、誰かの人生に口出しできるほど、
自分はちゃんとした人間なのだろうか？　人生なのだろうか？　ちゃんと大人になれてるのだろうか？
取り返しがつかなくなる前に、反省会の意味も込めてこのドラマを企画しました。
素敵なキャスト、スタッフが集まって、完全オリジナルな物語を、ひとつずつ丁寧に作っていきます。ひとりでも多くの方に見ていただけたら嬉しいです。
リアルサウンド編集部",[],[]
『ちはやふる－めぐり－』最終回、“めぐる”當真あみと“凪”原菜乃華が激突　梅園VS瑞沢再び（リアルサウンド）,https://news.yahoo.co.jp/articles/7c7fa4b431ca1fb6af531a78bb33f8ed3899079d,https://newsatcl-pctr.c.yimg.jp/t/amd-img/20250903-00010059-realsound-000-1-view.jpg?exp=10800,2025-09-03T23:00:49+09:00,2025-09-03T23:00:49+09:00,リアルサウンド,realsound,リアルサウンド,970,"『ちはやふる－めぐり－』©日本テレビ
日本テレビ系で放送中の水曜ドラマ『ちはやふる－めぐり－』最終回のあらすじが公開された。
【写真】『ちはやふる－めぐり－』最新カット（50枚）
原作は、2007年から2022年まで講談社『BE・LOVE』で連載され、シリーズ累計発行部数2900万部を突破する、末次由紀による同名コミック。2016年から2018年にかけて映画化された『ちはやふる-上の句・下の句・結び-』では、瑞沢高校に入学した主人公の綾瀬千早（広瀬すず）が、仲間と共に競技かるた部をゼロから作り、全国大会優勝を目指し、成長していく物語が描かれ、シリーズ累計興行収入45億円を突破する大ヒットを記録した。

　映画シリーズのメインスタッフも参加し、キャストを一新する本作の舞台は、映画から10年後の世界。主人公・藍沢めぐる役を演じるのは、連続ドラマ初主演となる當真あみ。梅園高校の非常勤講師でかるた部顧問の大江奏を、映画シリーズから続投となる上白石萌音が演じる。

　9月3日に放送された第9話では、全国大会東京都予選の敗者復活戦がいよいよ最終局面を迎え、運命の最終決戦が描かれた。最終予選は、梅園、北央、瑞沢、アドレの4校による総当たり戦。梅園は、前日に大江奏が届けた袴を身に着けて決戦に挑むも、初戦でアドレに負けてしまった。しかし、北央を破り1勝1敗。最終戦は再び王者・瑞沢との決戦になった。運命のオーダーで、瑞沢OBで主治医の・真島太一（野村周平）のもとで猛特訓を重ねた白野風希（齋藤潤）と、名人・綿谷新（新田真剣佑）から団体戦の極意を伝授された瑞沢のエース・折江懸心（藤原大祐）が対戦することに。藍沢めぐるは遂に月浦凪（原菜乃華）と激突。そして、読手を務めるのは、凛とした袴姿の大江奏。綾瀬千早（広瀬すず）、太一、西田優征（矢本悠馬）、駒野勉（森永悠希）、花野菫（優希美青）、筑波秋博（佐野勇斗）の瑞沢OBも集結し、それぞれの想いを胸に令和の高校生たちの青春を見守る。いよいよ梅園 VS 瑞沢の運命の決戦が始まり、ドラマはクライマックスへ向かう。

　9月10日に放送される最終回では、廃部寸前だった弱小・梅園かるた部が、王者・瑞沢に真っ向勝負を挑む。団体戦は何が起こるかわからない。世紀の大番狂わせなるか？
リアルサウンド編集部",[],[]
Snow Man 深澤辰哉、ギャル男に変身のMVオフショット　「脚の細さにビックリ」「平成男子かっこよすぎる」（リアルサウンド）,https://news.yahoo.co.jp/articles/b51c0bbf3c8e21b6d195d367edb61641e3788eab,https://newsatcl-pctr.c.yimg.jp/t/amd-img/20250903-00010058-realsound-000-1-view.jpg?exp=10800,2025-09-03T21:02:19+09:00,2025-09-03T21:02:19+09:00,リアルサウンド,realsound,リアルサウンド,495,"深澤辰哉 公式Instagramより
Snow Manの最新曲「カリスマックス」のダンスプラクティス映像が公開された。深澤辰哉が撮影時のオフショットを自身のInstagramに公開している。
【写真】Snow Man 深澤辰哉、ギャル男に変身！　「平成男子かっこよすぎる」
公開された映像では、Snow Manのメンバー9人がそれぞれ、消防士、平成のギャル男、野球部員、警察官、医者、高校生、ホスト、オタク、そして『芸能人が本気で考えた！ドッキリGP』（フジテレビ系）のキャラクター マッサマンといったキャラクターに扮して登場。深澤は平成のギャル男を担当している。

　深澤は「ギャル男さんをやってみた！　服装は自分が通ってきた感じ」「楽しかった」「
#懐かしい
」と綴り、メッシュの髪色にウルフカット、レザージャケット、とんがり靴といったギャル男ファッションに身を包んだ姿をアップしている。

　コメント欄には「ギャル男、似合ってて、かっこいいです」「足めっちゃ長いし金髪メッシュ入ってるのも最高」「脚の細さにビックリです！」といったファンからの声が寄せられている。
リアルサウンド編集部",[],[]
SKE48 大村杏1st写真集、タイトルは『杏仁豆腐』に　ランジェリーカットにも挑戦（リアルサウンド）,https://news.yahoo.co.jp/articles/55c9878d65c1105a600ad874ba99607b0de1ba73,https://newsatcl-pctr.c.yimg.jp/t/amd-img/20250903-00010057-realsound-000-1-view.jpg?exp=10800,2025-09-03T21:00:43+09:00,2025-09-03T21:00:43+09:00,リアルサウンド,realsound,リアルサウンド,568,"SKE48大村杏1st写真集『杏仁豆腐』
SKE48・大村杏の1st写真集『杏仁豆腐』（秋田書店）が9月20日に発売される。
【写真】SKE48・大村杏の1st写真集は「タイでのホームステイ生活」
2022年3月からSKE48の11期生として活動し、2025年3月に発売された34thシングル『Tick tack zack』のc/w『心よ 声を上げろ！』で初のセンターに抜擢されたSKE48・大村杏。このたびの1st写真集が、本人の20歳の誕生日当日でもある9月20日に発売決定。表紙とともに『杏仁豆腐』というタイトルが発表された。

　今作のロケ地は“微笑みの国”と称されるほど親しみやすい国民性で知られるタイの首都バンコクとリゾート地パタヤ。「タイでのホームステイ生活」をテーマにバンコクのローカルな町や民家で生活したり現地の人と触れ合ったりする様子や、パタヤの澄み渡った綺麗なビーチや大型ウォーターパーク、またプールヴィラなどで休日を楽しく過ごす様子を撮影。

　また今作では自身初となるランジェリーカットにも挑戦。本人が熱望したAKB48の『ヘビーローテーション』のMV衣装をオマージュしたラブリーなランジェリーに加え、今までに見たことのないドキッとするような大人っぽいランジェリー姿も収録される。
リアルサウンド ブック編集部",[],[]
浜崎あゆみ、松浦勝人氏と一緒にTRFのライブで大はしゃぎ　YU-KIとの裏話に「後輩ayuかわいい」（リアルサウンド）,https://news.yahoo.co.jp/articles/7651d9f8a9f988130e1ea243cc9b9d83b1e6f6c1,https://newsatcl-pctr.c.yimg.jp/t/amd-img/20250903-00010056-realsound-000-1-view.jpg?exp=10800,2025-09-03T20:38:25+09:00,2025-09-03T20:38:25+09:00,リアルサウンド,realsound,リアルサウンド,763,"浜崎あゆみ 公式Instagramより
浜崎あゆみが9月2日、自身のInstagramを更新。8月31日に出演した『a-nation 2025』での本番終わりの集合写真やTRFのステージを見る様子など、オフショットを公開している。
【写真】浜崎あゆみ、松浦勝人氏と一緒にTRFのライブで大はしゃぎ
『a-nation』史上最多となる20回目の出演を果たし、豪華絢爛な演出とダンサーたちとの熱いパフォーマンスを披露し、見事な大トリを飾った浜崎は、Instagramに「本番終わり、夏をやり切った戦友達とビッシャビシャな姿で集合写真」とコメントし、ダンサーたちと笑顔でピースをする集合写真を投稿。

　続けて、「そして！マサ @max_matsuura の隣でTRFさんのステージを最初から最後まで爆踊り&歌いながら観たよ（わたしだけが終始うるさくて、マサはいつもな感じで淡々としてた笑）」と綴り、avex代表取締役会長・松浦勝人氏とTRFのステージを関係者ブースから楽しんでいる姿を公開。一緒に踊ったり、拍手を送ったり、ステージに向かって手を振ったり、全身でTRFのパフォーマンスを楽しんだ様子の浜崎は、「avexに入った時から今でもずーっと、1番の憧れで1番手が届かなくて、これからも1番眩しい先輩方」と思いを綴った。

　また、ハッシュタグで「
#夏の振り返り
#実はここだけの話
#出番前にYUKI様から
#ボイトレして頂いた
#図々しく色々聞いた
#全部教えて下さった
#ちなみに私は昔から
#Queenと呼んでいる
」とTRFのボーカル・YU-KIとの裏話も披露している。

　コメント欄には「あゆちゃんがTRFの一番のファン過ぎて」「後輩ayuかわいい」など、TRFを楽しむ浜崎の姿に多くの反響が寄せられた。
本 手",[],[]
青山剛昌、あだち充、けらえいこ……ドラえもんの誕生日を人気漫画家たちがお祝い！　ヒグチユウコのちょっと不気味な？ドラえもんも（リアルサウンド）,https://news.yahoo.co.jp/articles/869e8c8c8dda1162366f4520968c455d097c1574,https://newsatcl-pctr.c.yimg.jp/t/amd-img/20250903-00010055-realsound-000-1-view.jpg?exp=10800,2025-09-03T20:30:27+09:00,2025-09-03T20:30:27+09:00,リアルサウンド,realsound,リアルサウンド,1176,"ドラえもん公式 X @doraemonChannel
ドラえもんの誕生日が盛り上がっている。

　2112年9月3日に生まれた（る）ドラえもん。老若男女問わず愛され続けるドラえもんの誕生日のため、ドラえもん公式X （@doraemonChannel）では、人気漫画家たちがお祝いイラストを描き下ろす「ドラえもん誕生日&まんが連載55周年記念！トリビュート企画」も行われた。カウントダウン形式で、高橋留美子に始まり、萩尾望都、ヤマザキマリら錚々たる面々が参加し、生誕を華々しく彩った。
【画像】人気漫画家たちが描くドラえもんの誕生日イラスト
誕生日当日に投稿されたのは青山剛昌が描いたお祝いイラスト。『名探偵コナン』とドラえもんのコラボレーション。青山剛昌タッチで描かれたドラえもんの隣にコナンくんが描かれている。上部には「ドラえもん55周年 おめでとォ♪」という直筆コメントも。

　同じく小学館にて漫画を描き続けているあだち充は、タケコプターをつけて空を飛ぶドラえもんを描いた。下にはあだち作品でお馴染みの”パンチ""が「祝」と吠えて（？）いる。「私事」と記した横には「F先生デビューの年に生まれた漫画家もどき ドラえもん連載年にデビューした漫画家もどき 息子がドラえもんと同じ9月3日生まれ」とコメントが。ドラえもんとの”すこしふしぎ""な縁を明かした。

　『あたしンち』で知られるけらえいこのお祝いイラストもポストされた。のび太の玄孫であるセワシとドラえもんが机の引き出しから飛び出している。手前にはそれに驚いているのび太と、『あたしンち』の母のような後ろ姿が……。「小学2年生のときひきだしから出てきた瞬間を目撃できたことは人生の宝だよー！」とのコメントも書かれている。

　『スキップとローファー』の高松美咲もお祝いイラストを描いた。「HAPPY BIRTHDAY」のろうそくが刺さった大きなどら焼きの前で、舌を出して嬉しそうなドラえもん。横にはプレゼントの箱を持ったのび太が描かれている。「ドラえもん たん生日おめでとう ございます」のコメントと共に「ずっと大好きです！」と高松のドラえもん愛が見て取れる。

　映画公式（@doraeiga）や、開館14周年を迎えた藤子・F・不二雄ミュージアム（@FUJIKOMUSEUM）も新規イラスト・ロゴと共にお祝いの言葉を贈っている。

　漫画業界のみならず、画家のヒグチユウコやイラストレーターの中村佑介も自身が描いたドラえもんと共にお祝いコメントを投稿していた。

　また、誕生日を記念してARフォトフレーム「ドラえもん どこでもカメラ」も公開されたというニュースも。87年後、ドラえもんが生まれるとされる時代にはまさに夢の様なテクノロジーも誕生しているかもしれない。
リアルサウンドブック編集部",[],[]
シャオ・ジャンが螺螄粉に夢中になる姿が　『氷に恋したサンシャイン』メイキング映像（リアルサウンド）,https://news.yahoo.co.jp/articles/976edc03c6f1900b0eadde712e312646180c230c,https://newsatcl-pctr.c.yimg.jp/t/amd-img/20250903-00010054-realsound-000-1-view.jpg?exp=10800,2025-09-03T20:03:09+09:00,2025-09-03T20:03:09+09:00,リアルサウンド,realsound,リアルサウンド,807,"『氷に恋したサンシャイン -驕陽伴我-』©2023 New Classics Media, All rights reserved.
シャオ・ジャンが主演を務めた中国ドラマ『氷に恋したサンシャイン -驕陽伴我-』のメイキング映像が公開された。
【写真】『氷に恋したサンシャイン -驕陽伴我-』場面カット
本作は、26歳の新人デザイナー盛陽（ション・ヤン）が10年前から想いを寄せる、36歳のCM監督・簡氷（ジエン・ビン）と広告業界を舞台に繰り広げられる格差越えラブストーリー。

　主人公・盛陽を演じるのは、中国時代劇『陳情令』のシャオ・ジャン。ヒロイン・簡氷を『モンスター・ハント』などのバイ・バイハーが演じた。

　公開された映像は、BOX3に収録される約40分のメイキング映像から抜粋されたもの。映像の冒頭では、撮影の合間に“螺螄粉”の話題で盛り上がるシャオ・ジャンとバイ・バイハーの姿が映し出される。「さっき1椀食べた」と明るく語るバイ・バイハーに、羨ましそうな表情を浮かべるシャオ・ジャン。笑顔を交わしながら螺螄粉を頬張る2人の自然体な姿が切り取られている。

　BOX3にはこのメイキング映像に加え、予告編やシャオ・ジャンのコメント映像も収録。初回限定版には、サイン（印刷）入りL判ブロマイド1枚が封入され、さらに、各巻の初回限定版には豪華プレゼントキャンペーンの応募券も同梱。抽選でキャスト直筆サイン入りブロマイドが当たるチャンスも。また、法人別のオリジナル特典として、Amazon.co.jpではL判ブロマイド10枚セット（対象：各巻）、全国アニメイト（通販含む）ではミニフォト3枚セット（対象：各巻）、コリタメドットコムではBOXごとに絵柄が異なるポストカード全3種（対象：各巻）、楽天ブックスではアクリルフォトフレームとブロマイド9種セット（対象：全巻）が付属されている。
リアルサウンド編集部",[],[]
TVアニメ『違国日記』2026年1月より放送　高代槙生役は沢城みゆき、田汲朝役は森風子（リアルサウンド）,https://news.yahoo.co.jp/articles/0e8702df0c46791c7e1563e590cc93fee35369d3,https://newsatcl-pctr.c.yimg.jp/t/amd-img/20250903-00010053-realsound-000-1-view.jpg?exp=10800,2025-09-03T20:01:50+09:00,2025-09-03T20:01:50+09:00,リアルサウンド,realsound,リアルサウンド,2362,"TVアニメ『違国日記』キービジュアル第1弾©ヤマシタトモコ・祥伝社／アニメ「違国日記」製作委員会
TVアニメ『違国日記』が2026年1月より放送開始されることが決定し、キービジュアル第1弾とPV第1弾が公開。高代槙生役を沢城みゆき、田汲朝役を森風子が演じることも発表された。
【写真】高代槙生を演じる沢城みゆき
原作は、2017年から2023年にかけて『FEEL YOUNG』（祥伝社）で連載された、ヤマシタトモコによる同名漫画。人見知りな小説家・高代槙生と、その姪で両親を亡くした少女・田汲朝による、手探りで進んでいく同居生活が描かれる。

　アニメーション制作を手がけるのは、『夏目友人帳』シリーズなどの朱夏。監督は大城美幸、構成・脚本は喜安浩平、キャラクターデザインは羽山賢二、音楽は牛尾憲輔がそれぞれ担当する。

　人見知りの小説家・高代槙生は、姉夫婦の葬式で両親を亡くした姪の田汲朝を、勢いで引き取ることになる。思いがけずはじまった同居生活によって、それまで静かだった槙生の日常は一変。他人と暮らすことに不慣れな性格のため、15歳の朝との生活に不安を感じていた。一方、両親を亡くし居場所を見失った朝は、はじめて感じる孤独の中で、母とはまるで違う“大人らしくない”槙生の生き方に触れていく。人づきあいが苦手で孤独を好む槙生と、人懐っこく素直な性格の朝。性格も価値観もまるで違うふたりは、戸惑いながらも、ぎこちない共同生活を始めていく。

　公開されたキービジュアル第1弾では、“違う国”に住むかのような、槙生と朝の対照的な日常のワンシーンが描かれている。

　あわせて公開された新PVでは、槙生と朝のセリフを聞くことができる。強い意志を持ちながらも人見知りの一面を持つ槙生を沢城が感情豊かに、無邪気ながらもまだ繊細な状況に置かれている朝を、今作で初めてメインキャラクターを務める森が瑞々しく演じている。

　また、アニメ公式サイトがリニューアルされ、公式Instagramがオープンした。公式X（旧Twitter）では、各種情報解禁を記念してキャンペーンも開催されている。

　続報はTVアニメ『違国日記』公式サイト、各種公式SNSで発表される。

コメント
沢城みゆき（高代槙生役）

高代槙生の声を担当させていただくことになりました、沢城みゆきです。なんとか原作から香りたつままの槙生を、限りなく肉声でも継承できないかと集中しましたが……、かつて中学生の女の子と暮らしたことがあったなぁ、と言うような、まるで自らの人生の中に起きたことのように、“朝”を、『違国日記』の収録を思い返します。私は、他者である槙生の言葉をちゃんと口にできていたでしょうか。彼女の砂漠に起立できていたでしょうか。絵と音楽と手を携えて皆様にお会いできる日を、期待と不安いっぱいで静かに待っているところです。

森風子（田汲朝役）

私事ですが、『違国日記』はアニメのオーディションで初めてお役をいただいた作品です。
原作を読んで私が一番に思ったことは、「槙生ちゃんに会いたい！」でした。
朝としてこの作品に関わることで、その願いを間接的に叶えることができて、とても嬉しく思います。
拙い私を支えてくださった皆さんに、心から感謝しています。
『違国日記』は、人が人に心を掛ける、その難しさと尊さに気付かせてくれる作品です。
私が心打たれたものが、少しでも皆様に伝わればと思いながら演じさせていただきました。
この作品が、心に砂漠を持つ人のオアシスとなれますように祈っています。
アニメ『違国日記』、お楽しみいただければ幸いです。

大城美幸（監督）
この作品が好きなのでアニメ化したいと声を上げてからかなりの時間が経ってしまいましたが、ようやく叶えることができそうです。
原作の読後感を大切にしつつ、アニメならではの『違国日記』を表現してみました。素敵な声と音楽と共に楽しんでもらえたら嬉しいです

喜安浩平（構成・脚本）
最終話の脚本をお渡ししてから2年と半年です。その間、現場が稼働し続けていたことを思うと、今作に限らず世のアニメーションをソファに寝転がってながら見するなど憚られます。さらに放送までまだ少し時間があり、きっと今も現場は動いているはずです。その粉骨砕身の日々に敬意を表し、その全貌を目の当たりにする瞬間を正座待機で迎えたいと存じます。
しかしそうなると、私が原作に触れたのは3年以上も前ということで。あの頃と今では、世相も創作を取り巻く諸々も、いくらか様変わりしたような気がしないでもないかもしれませんがどうでしょうか。
ただ、槙生と朝の、あの二人を取り巻く生活だけは、いつだって変わらずそこに在るのだと信じられます。こんこんと湧く泉のように。誰かと語り合うべき普遍的で大切な物語は、いつだって、たとえ紀元前だって、誰かの孤独で個人的な心の反応と共に生まれてくるのだ。そんな創作の大原則をヤマシタさんと『違国日記』が教えてくれているように思うのです。
登場人物たちの営みに触れるたび、私は同じ痛みや喜びを味わえる自信があります。ぜひ一緒にご覧ください。

羽山賢二（キャラクターデザイン）
スタッフ一同精一杯頑張ります。
よろしくお願いいたします。

牛尾憲輔（音楽）
連載時から数年。
今、もう一度作品にふれたところ、まったく違う視点をもって
まったく違う箇所で心震えたことにびっくりしました。
年を経て、私は朝でしたでしょうか。槙生でしたでしょうか。それとも葬式の親族？
自問のまま、音楽を作りました。
せめて、すべてのひとに寄り添えますように。
……ただ、いくつになっても、乾いた寿司は殺す。
リアルサウンド編集部",[],[]
黒島結菜、出産や子育ての経験を語る　INI・許豊凡も登場『CREA』2025年秋号（リアルサウンド）,https://news.yahoo.co.jp/articles/c34890aee28a012d0ad44b1ecd0739bad1724aa8,https://newsatcl-pctr.c.yimg.jp/t/amd-img/20250903-00010052-realsound-000-1-view.jpg?exp=10800,2025-09-03T19:10:26+09:00,2025-09-03T19:10:26+09:00,リアルサウンド,realsound,リアルサウンド,397,"『CREA』2025年秋号
黒島結菜が表紙を飾る『CREA』2025年秋号（文藝春秋）が9月5日に発売される。
【写真】黒島結菜、INI・許豊凡が『CREA』誌面に登場
表紙に登場するのは、昨年結婚と出産を発表した黒島。本特集では黒島が出産や子育ての経験から感じたこと、婚姻制度への疑問から、理想の家族像に至るまでを初告白。

　またグローバルボーイズグループ・INIのメンバーとして活躍する、中国浙江省出身の許豊凡（シュウ・フェンファン）も登場。「男らしさ」をテーマに話を伺った。これまでも、ステレオタイプなジェンダー観に対する違和感や、プライド月間の啓蒙などを積極的に発信してきた許。日本への留学でマイノリティとなったことで感じた“学び”、ファンと向き合う中で深まっていったジェンダー観まで、当たり前とされてきた社会の構造や価値観に一石を投じる許の内面に迫る。
リアルサウンド ブック編集部",[],[]
SixTONESが証明し続ける確固たる実力　フェスでも“アイドルとしての矜持”を胸に闘い抜く6人のライブ力（リアルサウンド）,https://news.yahoo.co.jp/articles/7f792dd74dbb6471d5f01705d7b604b1cbfab436,https://newsatcl-pctr.c.yimg.jp/t/amd-img/20250903-00010051-realsound-000-1-view.jpg?exp=10800,2025-09-03T19:04:12+09:00,2025-09-03T19:04:12+09:00,リアルサウンド,realsound,リアルサウンド,2999,"SixTONES（© SUMMER SONIC All Copyrights Reserved.）
2025年も、SixTONESの快進撃が止まらない。

　遡ること、2025年1月。筆者は、5大ドームツアー『SixTONES LIVE TOUR 2025「YOUNG OLD」』の東京ドーム公演を観て、攻めて攻めて攻めまくる6人の熱烈な気概を全編を通して強く感じた。革新的なアイドルポップスを大胆に繋いだセットリストや、規格外とも言えるダイナミックな演出をはじめ、彼らが“攻めている”と感じた理由はいくつもある。
【ライブ写真】『SUMMER SONIC 2025』のステージに立つSixTONES
では、なぜ彼らは“攻めている”のか。ライブを観終えた後に感じたのは、彼らにとって“攻めている”とは、つまり“闘っている”ということなのだろう、ということだった。それは言うなれば、アイドルの可能性を拡張するための大胆不敵で果敢な闘い。きっと6人なら、アイドルとしての信念と矜持を大切に保ったまま、日本のアイドルポップスの可能性を、これまで誰もリーチしきれなかった遥かな地平まで押し広げてくれるような気がした。

　先述した東京ドーム公演を含むツアーを終えた後も、SixTONESは足を止めずに攻め続けた。彼らは2024年以降数々の大型フェスへの出演を重ねており、そうしたチャレンジングな姿勢は今年に入ってからも継続中。この夏には、8月10日の『CANNONBALL 2025』と8月16日の『SUMMER SONIC 2025』東京会場への出演を果たした。前提として、ワンマンライブとフェスでは、アーティストを取り巻く環境が大きく変わる。主に自分たちのファンが集まるワンマンライブとは異なり、フェスの会場にはその日出演するさまざまなアーティストのファンが一堂に会する。常に複数のステージでアーティストのライブが並行して進行することの多いフェスで、出演アーティストたちは「自分のステージを選んでもらえるか」「最後まで観てもらえるか」という試練に向き合うことになる。

　アーティストによっては、そのステージで“アウェイ”な空気を感じることもあるかもしれない。SixTONESは、そうした現実をすべて引き受けた上で、今年もフェスのステージに立った。それができるのは、自分たちの音楽に対する深い自信があるからだろう。しかし、きっとそれだけではない。彼らの胸の中には、いまだ出会ったことのない人々と出会うために、そして、その人たちに自分たちが追求する新しいアイドルの形を見せるために、まだ見ぬフィールドへ果敢に越境していきたいという使命感があるのではないか。その想像は、実際に『SUMMER SONIC』のステージを観て確信に変わった。

　『SUMMER SONIC』は、数ある国内フェスの中でも特に多様なアーティストと観客が集うフェスであり、今年はその“多様さ”が例年以上に際立っていた年だったと思う。あの日あの場で初めてSixTONESのライブを観たという観客も多かったはず。しかし、彼らはそうした現実から決して目を背けることなく、むしろ好機として捉え、いつものように攻めて攻めて攻めまくるライブを展開してみせた。彼らに与えられたスロットは、同フェス最大規模のステージ「MARIN STAGE」のトップバッター。これまでのフェス出演時と同様に、今回もバンドセットでの出演だ。

　1曲目は、SixTONESの名刺代わりのミクスチャーロックナンバー「こっから」。これまでもそうだったように、フェスのステージに臨む時の彼らは、やはりいつにも増してギラギラしている。ワイルドでパワフル。スリリングでセクシー。先ほど、“闘っている”という表現を用いたが、この日も明確な“闘志”を感じた。何より、その“闘い”を大胆不敵に楽しんでいるようにも見えた。そして、さすがアイドルというべきか、2024年から「MARIN STAGE」に新設された花道も存分に使いこなしていた。あまりにも華々しい。
「BOYZ」「バリア」「Stargaze」で“最新”表現を提示　『サマソニ』に刻んだ熱狂
痺れたのが、2025年に入ってからリリースした「BOYZ」「バリア」「Stargaze」を畳み掛けた中盤の展開。世間的に知名度が高い曲は他にもあるが、きっと彼らの中に「自分たちの最新型の表現を提示したい」という意志があったのではないかと想像する。容赦なく会場をアジテートして震わせていくナンバーの中で、特に際立った存在感を放っていたのが、RADWIMPSの野田洋次郎が提供した最新曲「Stargaze」。果てしなく広がる星空を想起させる壮大なロックバラードだ。ZOZOマリンスタジアムという野外スタジアムのシチュエーションで、非常に鮮やかに映えわたっていた。この曲で歌われるのは、6人自身のこれまでの軌跡と、これから先の未来に向けた展望。言うまでもなく、そこにはメラメラとした野心が滲んでいる。それは、初出演の『SUMMER SONIC』の舞台を一つの通過点として、こっからさらにギアを上げて突き進んでいかんとする“闘志”とも言い換えられるかもしれない。〈夢に見てた先の景色〉をクリアにイメージできたような気がした。

　ラストの2曲は、すべてのパラメータを攻撃力に全振りしたかのようなハードなHIPHOPナンバー「ABARERO」と、SixTONESのライブにおいて毎度熱狂のピークを叩き出すEDMナンバー「WHIP THAT」。彼らのライブを初めて観た者は、その容赦のなさに圧倒されたはず。そして同時に、こうした攻めのナンバーはSixTONESにとっての変化球ではなく、むしろ王道であることに気づいたはずだ。自分たちの音楽を見せつけ、イメージを大きく覆し、深く魅了していく。そうした“闘い”に彼らはこの日も全力で臨み、そして見事に会場全体を鮮烈なバイブスで満たしてみせた。

　『CANNONBALL』を含め、今年の夏にフェスで初めてSixTONESのライブを観た人は、彼らの音楽はロックが好きなリスナー、およびロックを軸としたフェスと相性が抜群によいことに気づいたはず。『CANNONBALL』のマキシマム ザ ホルモンのステージで、彼らがサプライズで登場して「恋のバタリアン」（マキシマムザ亮君による提供曲）をコラボレーション披露したことも、とても象徴的なトピックだったと思う。

　きっと6人は、今年の夏もフェスのステージに立つ中で大きな手応えを得たはずで、そこで得た刺激や深めた自信は間違いなく今後の表現へとフィードバックされていくのだろう。彼らはこれからも挑戦者として次々と越境を繰り返しながら、自分たちの可能性を拡張させ、それを高らかに提示し続けていくはずだ。そして、オセロの石を一つずつひっくり返していくように、これからも自分たちの音楽に共鳴してくれる人たちを増やし続けていくはずだ。

　毎年のようにドームツアーを成功させるようになってもなお、彼らの“闘い”は終わらない。むしろ6人の“闘志”は、今ますます熱く燃えたぎっているように思う。次に彼らがどんな景色を見せてくれるのか、期待せずにはいられない。
松本侃士",[],[]
小森純、“伝説黒ギャル”と対面 　変貌した姿に驚愕『愛のハイエナ4』10話（リアルサウンド）,https://news.yahoo.co.jp/articles/c4908931aacbfb17612ae819a77cb55d480f3795,https://newsatcl-pctr.c.yimg.jp/t/amd-img/20250903-00010050-realsound-000-1-view.jpg?exp=10800,2025-09-03T19:02:35+09:00,2025-09-03T19:02:35+09:00,リアルサウンド,realsound,リアルサウンド,1112,"（C）AbemaTV,Inc.
「愛のハイエナ」シーズン4の10話が9月2日に放送された。

　今回は2000年代、一世を風靡した黒ギャルの現在に迫る企画が始動。カリスマギャルモデルの小森純が2人の元黒ギャルに迫った。
【写真】小森純も驚愕した“伝説の黒ギャル”の現在の姿
まず1人目は、ギャルサーの中でも血気盛んだったというサークル・アンジェリークで副代表をしていたきょんさん。安室ちゃん好きから、誰よりもギャルを極めよう、もっと強くなろうと意識した結果、黒ギャルになったのだという。クラブでもコアタイムは殴り合いOKで性別関係なしに殴り合っていたのだそうだ。

　そして、今は2人のお子さんと共に生活をしているきょんさん。動画編集などを生業としているとのことだ。さらに、仕事以外で力を入れている活動があるのだそう。それは、なんとアンジェリークの復活。人数は13人、8～27歳が所属しているそうで、黒ギャルに憧れる人たちを引っ張る存在として、今もなお輝いている。

　続いて密着したのは、伝説の黒ギャル・でみ。黒ギャル最後のサークル、ブラックダイアモンドに所属していたという。しかも地元が静岡だったというでみさんは、静岡から渋谷までギャルの服装のまま移動していたとのこと。自分が座ると、電車で人が離れていくというのが当たり前だったというが、それもそれで快感だったと話した。

　そんなでみさんは、今保育士として働いているとのこと。学生時代、職業体験で保育園に行って、子どもたちが分け隔てなく接してくれたのが嬉しく、夢に向かって邁進して今叶えたとのことだ。

　番組の後半には、結婚できないセクシー女優が結婚相談所に登録し、本気で婚活をする新企画「婚活女優」の2回目が配信。

　今回登場したのは、昨年8月にデビューしたばかりの北村海智。彼女には4年間セックスレスだったという過去があり、性に貪欲すぎるという悩みがあった。しかし、これについて結婚相談所を運営する佐竹悦子さんは「お見合いという場では、もう少し差し障りのない話をした方が良い」とアドバイス。

　しかし、いざお見合いが始まると北村は佐竹の言いつけを守らず、自分が性に貪欲であることなどをガンガンと話す。これに42歳のお見合い相手・Tさんはノリよく答える様子。一方でそこまで性に対しての欲がないIさんとは仮交際に進まないとの結論を下した北村。順調に仮交際相手を見つけるが、どうしても性の話をしてしまう彼女はこの後、果たして結婚相手と巡り合うことができるのか。次回からは、澁谷果歩も登場予定とのこと。女優たちの婚活はうまくいくのか。まだまだ目が離せない。
於ありさ",[],[]
アニメ『東島丹三郎は仮面ライダーになりたい』10月4日より放送　松崎しげるがOP曲に参加（リアルサウンド）,https://news.yahoo.co.jp/articles/2c8576f7a8450d51fabeb7d6704d1f9803449298,https://newsatcl-pctr.c.yimg.jp/t/amd-img/20250903-00010049-realsound-000-1-view.jpg?exp=10800,2025-09-03T18:00:31+09:00,2025-09-03T18:00:31+09:00,リアルサウンド,realsound,リアルサウンド,901,"松崎しげる
アニメ『東島丹三郎は仮面ライダーになりたい』がTOKYO MXほかにて10月4日より放送されることが決定し、オープニングテーマに松崎しげるが参加することが発表された。
【写真】収録中の松崎しげる
『東島丹三郎は仮面ライダーになりたい』は、『エアマスター』『ハチワンダイバー』の柴田ヨクサル作、石森プロと東映の協力による漫画作品。『月刊ヒーローズ』にて2018年より連載され、現在はマンガ配信サイト「コミプレ-Comiplex-」にて連載中だ。

　「仮面ライダーになりたかったから」。40歳になっても本気で「仮面ライダー」になろうとしていた東島丹三郎（とうじまたんざぶろう）。だが、その夢を諦めかけたとき、世間を騒がす「偽ショッカー」強盗事件に巻き込まれる。

　9月3日にTOKYOMXで放送された情報バラエティ番組『5時に夢中！』内の番宣コーナーにて、ゲストとして歌手・タレントの松崎しげるが登場し、本作のオープニングテーマ及び楽曲情報を発表した。オープニングテーマは「Wanna be」で、作詞はKonnie Aoki、作曲・編曲はTeddyLoid, EMME,TOPHAMHAT-KYO（FAKE TYPE.）、そして歌はTeddyLoid feat. Shigeru Matsuzaki accelerated by TOPHAMHAT-KYO （FAKE TYPE.）が担当する。楽曲内でサビのパートを歌い上げるのは松崎。YouTubeでは発表を記念したコメント映像も公開された。松崎は「仮面ライダーは日本の宝。携われるのはとってもすごいこと！」と、今回の起用についての喜びに触れており、「新しい作曲家とのコラボレーションは、自分に刺激を与える。今回はバッチリ刺激がありますよ！」と意気込みを熱くコメントしている。

　番組内では、TOKYO MXでの放送開始日も松崎から発表され、10月4日より毎週土曜24時30分より放送される。そのほか、BS11、とちぎテレビ、群馬テレビ、MBS、CBCテレビ、北海道放送、RKB毎日放送で毎週土曜深夜に放送される。
リアルサウンド編集部",[],[]
『その着せ替え人形は恋をする』第22話先行カット　お泊まりイベントにドキドキの海夢（リアルサウンド）,https://news.yahoo.co.jp/articles/506ac00d385b22ffb3a9d4d6c164f321ec05eec8,https://newsatcl-pctr.c.yimg.jp/t/amd-img/20250903-00010048-realsound-000-1-view.jpg?exp=10800,2025-09-03T18:00:18+09:00,2025-09-03T18:00:18+09:00,リアルサウンド,realsound,リアルサウンド,516,"『その着せ替え人形は恋をする』Season2©福田晋一/SQUARE ENIX・アニメ「着せ恋」製作委員会
TVアニメ『その着せ替え人形は恋をする』第22話「今から全部するって事!?」のあらすじと先行カットが公開された。
【写真】ドキドキが止まらない海夢（5枚）
『ヤングガンガン』（スクウェア・エニックス）にて掲載、福田晋一による人気原作をCloverWorksがアニメ化した本作。主人公は、雛人形の顔を作る“頭師”を目指す男子高校生・五条新菜。真面目で雛人形作りに一途な反面、同世代の流行には疎く、なかなかクラスに馴染めずにいる。そんな新菜にとって、いつもクラスの輪の中心にいる人気者・喜多川海夢はまるで別世界の住人。けれどある日、思わぬことをきっかけに、海夢と秘密を共有することに。決して交わるはずのなかった2人の世界が動き出す。

　第22話では、電車の運転見合わせで家に帰れなくなってしまった新菜が、心配した海夢に説得され、喜多川家にお世話になることに。思わぬお泊まりイベント発生につい嬉しくなる海夢だが、買い出し中に新菜から飛び出た「俺、今夜寝るつもりないので」という言葉に、ドキドキが止まらない。
リアルサウンド編集部",[],[]
吉岡里帆が熱演！　『九龍ジェネリックロマンス』が放つ“懐かしさの魔法”　不便で不完全であることの魅力とは（リアルサウンド）,https://news.yahoo.co.jp/articles/7b9aa5f32000debf98092b940db20540afb771f1,https://newsatcl-pctr.c.yimg.jp/t/amd-img/20250903-00010047-realsound-000-1-view.jpg?exp=10800,2025-09-03T17:50:10+09:00,2025-09-03T17:50:10+09:00,リアルサウンド,realsound,リアルサウンド,1492,"©眉月じゅん／集英社・映画「九龍ジェネリックロマンス」製作委員会
※本稿は映画『九龍ジェネリックロマンス』の内容に触れる部分があります。未視聴の方はご注意ください。
【写真】『九龍ジェネリックロマンス』吉岡里帆がノースリーブのチャイナドレスに身を包む
累計160万部を突破した眉月じゅんの人気漫画『九龍ジェネリックロマンス』が、8月29日に実写映画として公開された。舞台はかつて香港に実在したスラム街「九龍城砦」をモデルにした妖しくも美しい街・九龍。雑然とした建物、屋台、路地裏の灯り、そして空に浮かぶ幻想的な装置……。便利で効率的な現代では得られない「心地よい不便さ」と、胸に残る懐かしさを映像で体感できる作品に仕上がっている。

　物語の主人公は、九龍の不動産屋で働く鯨井令子（吉岡里帆）。先輩社員の工藤発（水上恒司）に心惹かれる彼女は、工藤に連れられて街を巡る日々を過ごす。しかし二人の距離はなかなか縮まらない。令子は靴屋の楊明（梅澤美波）、アルバイト仲間の小黒（花瀬琴音）ら大切な友人にも囲まれ、九龍での暮らしに満足していた。そんなある日、令子は1枚の写真から工藤にはかつて婚約者がいたことを知る。その婚約者はなんと自分と瓜二つだった――。

　“もう一人の鯨井令子”の存在に気づき、自分が過去の記憶を失っていると認識したことで、SFサスペンス要素が一気に加速。失われた過去、もう一人の自分の正体、そして九龍に隠された巨大な謎――映画は原作漫画の幻想的な雰囲気をしっかり映像に落とし込み、観る人に「現実なのにどこか夢を見ているような感覚」を与えてくれる。

　そんな作中においてキーワードとなっているのが「懐かしさ」だ。令子や工藤の恋、九龍の街の風景、失われた時間の記憶、すべてがこの感情を強く観客に印象づける仕掛けとなっている。

　そしてこのノスタルジックな感情に心が揺さぶられる背景には、現代社会との鮮やかな対比が見えてくる。スマートフォンやAI、タイパ重視の即レス文化に囲まれ、人間関係は希薄になり、心は窮屈だ。飲み会の誘いはパワハラ扱い、雑談は無駄、異性との会話も制約される。効率的で快適なはずの生活が、知らず知らず私たちの心の余白を削ってしまう。そんな時代だからこそ、九龍の街は観る者に独特の温もりと懐かしさを与える。何をやるにも手間がかかる不便さ、効率から外れた時間。しかしそこには人と人の距離の近さ、自由の感覚、心のゆとりがある。その不完全さこそが、九龍の魅力であり、胸に残る“魔法”でもある。

　また、「懐かしさ」とは、過去の記憶に想いを馳せる感情であり、作中でも令子が「懐かしい気持ちは、誰かを好きになることと似ている」と語っている。振り返った出来事そのものよりも、その時の気分や今の自分の感情で、美しく思い出したり逆に切なくなったりする。まるで雲をつかむようにふわっとしてるけど、忘れられない。映画ではそんな感情が“九龍”という不思議な街を通して目に見える形で表現されている。

　『九龍ジェネリックロマンス』の核心は、「鯨井令子」が何者なのか、という点だ。“懐かしさ”を感じられることは、人である証であり、変えられない過去や叶わぬ恋に思いを巡らせる行為には人間らしい切なさが宿る。だからこそ、クライマックスで吉岡演じる令子が「私」として生きようと必死にもがく姿は、観客に勇気を灯す。原作がまだ完結していないぶん、ファンは映画をひとつの区切りとして楽しめる。そして観終わったあとに、前向きな気持ちと懐かしい余韻を同時に味わうことになるだろう。
蒼影コウ",[],[]
成田凌×ナ・イヌが見つめあう姿も“夏のおもいで”　『初恋DOGs』最終回オフショット（リアルサウンド）,https://news.yahoo.co.jp/articles/613aff35ef538a44f215d45fadffedffb91b9872,https://newsatcl-pctr.c.yimg.jp/t/amd-img/20250903-00010046-realsound-000-1-view.jpg?exp=10800,2025-09-03T17:40:31+09:00,2025-09-03T17:40:31+09:00,リアルサウンド,realsound,リアルサウンド,731,"成田凌公式Instagramより
俳優の成田凌が公式Instagramを更新し、9月2日に最終回を迎えたドラマ『初恋DOGs』（TBS系）のオフショットを公開した。
【写真】見つめあう成田凌×ナ・イヌの様子（複数あり）
『初恋DOGs』は、犬を通じて出会い、やがてかけがえのない関係になっていく弁護士の愛子（清原果耶）、獣医の快（成田凌）、そして韓国財閥の御曹司ソハ（ナ・イヌ）の3人を中心に描いた物語。成田と清原果耶に加え、深田恭子や岸谷五朗ら日本を代表する俳優陣と、ナ・イヌのほかチャ・ハギョンやハン・ジウンといった韓国ドラマに欠かせない俳優たちのコラボレーションが実現した。最終話では、快の病院を陥れようとしていた黒幕に勝利し、再び集まった3人。ソハのアシストもあって、ついに快と愛子の想いが通じ合った。

　公開された写真には、「初恋DOGs最終回　夏のおもいでになっていますように」というメッセージと共に、快が保護した“将軍”とくっついている愛らしいショットや、清原と海辺で撮った2ショット、そしてナ・イヌと見つめ合う姿が収められている。これに対しコメントには「本当にいい夏の思い出になりました！！！」「火曜ロスになりそう」「しんどかった8月を乗り越えるのにとっても助けられました」などの声が寄せられている。

　今後、成田は映画『ブラック・ショーマン』『平場の月』、Netflixシリーズ『匿名の恋人たち』の公開を控えており、清原はNetflixシリーズ『イクサガミ』に出演予定。また、ナ・イヌは現在ディズニープラスにて配信中の『TWELVE トゥエルブ』にサプライズ登場し、注目を集めたばかり。3人の次なる活躍に期待が高まる。
リアルサウンド編集部",[],[]
『よふかしのうた』第10話先行カット公開　「コウを殺す」と焚きつける餡子にナズナが激昂（リアルサウンド）,https://news.yahoo.co.jp/articles/bff0308136b5cddf166ceb918fcadc2826e9b466,https://newsatcl-pctr.c.yimg.jp/t/amd-img/20250903-00010045-realsound-000-1-view.jpg?exp=10800,2025-09-03T17:15:21+09:00,2025-09-03T17:15:21+09:00,リアルサウンド,realsound,リアルサウンド,609,"TVアニメ『よふかしのうた Season2』©2025コトヤマ・小学館／「よふかしのうた」製作委員会
フジテレビ系“ノイタミナ”にて放送中のTVアニメ『よふかしのうた Season2』第10話「せめてお前に」のあらすじと先行カットが公開された。
【写真】『よふかしのうた』第10話先行カット（複数あり）
累計発行部数530万部（電子含む）を突破したコトヤマによる人気コミックスをアニメ化した本作。夜に眠れない日々が続いている不登校中の夜守コウは、ある日、吸血鬼の七草ナズナと出会う。夜に、そしてナズナに魅了されていくコウは、彼女に「俺を吸血鬼にしてください」と頼む。吸血鬼になることへの戸惑いを乗り越え、ナズナを“好き”になることを決めたコウと、コウに“惚れさせる”決意をしたナズナ。そんな彼らに吸血鬼を殺そうと企む探偵・鶯餡子の手が、すぐそこまで迫る。コウ、ナズナ、餡子……楽しい「よふかし」では終わらない、新たな“夜”がはじまる。

　思い出の学校、文芸部部室で対峙するナズナと餡子。「コウを殺す」と焚きつける餡子に、ナズナは激昂。ふたりの攻防が続く中、餡子はコウへとメールを送る。それを受け取ったコウはすかさず走り出す。「早くしないと......探偵さんが死んじゃう......!!」。

　公開された場面写真では、吸血鬼化するナズナをはじめ、笑みを浮かべる餡子の姿などが切り取られている。
リアルサウンド編集部",[],[]
Neo-Porte初の公式レギュラー番組『限界ギリギリ！Neo-Porte』がスタート　初回は「渋谷ハル監禁事件」（リアルサウンド）,https://news.yahoo.co.jp/articles/b7dd4fe1838a94d547098199e4d8ea1b840bd2ff,https://newsatcl-pctr.c.yimg.jp/t/amd-img/20250903-00010044-realsound-000-1-view.jpg?exp=10800,2025-09-03T17:14:28+09:00,2025-09-03T17:14:28+09:00,リアルサウンド,realsound,リアルサウンド,521,"「渋谷ハル監禁事件」番組KV
Neo-Porte初の公式レギュラー番組『限界ギリギリ！Neo-Porte』がニコニコチャンネルにて開始が決定した。初回の生放送では、オーナーの渋谷ハルが監禁される企画「渋谷ハル監禁事件」を放送する。
【画像あり】番組のキービジュアル、意気込みを語ったコメント一覧
本番組は、普段の配信では見られないメンバーの新たな一面を引き出すため、“限界ギリギリ”な挑戦企画を毎月生放送で届ける内容だ。キービジュアルでは、今回のために撮り下ろされた各メンバーの「限界表情」を見ることができる。

　なお、番組を全編見るには有料プランへの加入が必要。月額880円のスタンダードプランと月額2,200円の応援プランの2種類が用意されている。会員特典には生放送の視聴以外に、限定動画やスタッフブログなども含まれる。

　また、9月30日まで早期入会キャンペーンも実施しており、チャンネルに入会した人全員に番組のために作成した非売品の「オリジナルクリーニングクロス」がプレゼントされる。メンバー22名それぞれがデザインされた全22種の限定グッズであり、スタンダードプランでは1種、応援プランでは2種選べる形だ。
リアルサウンド編集部",[],[]
TOMORROW X TOGETHER・TAEHYUN、ブルーの髪色を披露　「言葉と思考」がテーマ『CREA』表紙に（リアルサウンド）,https://news.yahoo.co.jp/articles/45a9ffd3ba3c6aaabeb8152d278d1c6a8771c556,https://newsatcl-pctr.c.yimg.jp/t/amd-img/20250903-00010043-realsound-000-1-view.jpg?exp=10800,2025-09-03T17:10:06+09:00,2025-09-03T17:10:06+09:00,リアルサウンド,realsound,リアルサウンド,749,"『CREA』（文藝春秋）
TOMORROW X TOGETHER・TAEHYUNが表紙を飾る『CREA』、2025年秋号特別版の『CREA Due』2025 Autumn SPECIAL EDITIONが9月5日（金）に文藝春秋より発売される。
【画像】TOMORROW X TOGETHER・TAEHYUN、ブルーのヘアカラーで知的な雰囲気のカット
圧倒的なボーカルでメロディラインを支えつつ、ダイナミックなパフォーマンスで魅了するTAEHYUNへのテーマは「言葉と思考」。弱冠23歳ながらK-POP界の誇る〝名言製造機〟とも称されるTAEHYUNの心の内に迫った。

　衣装は、知的な雰囲気とリラックス感をあわせ持つ3つのルックを用意。中でもカバーを飾ったロエベのスタイルは、ブルーがかったヘアカラーと美しく調和し、TAEHYUNも「今回はブルーがかった髪色なので、衣装と合わなかったらどうしようと悩んだのですが、実際に着てみたらすごくよく合っていますよね」と笑顔を見せた。紙が舞う中でTAEHYUNが何かを思考しているシチュエーションの撮影では、スタッフが上から撒いた紙を一緒に拾ってくれるという気遣いをみせる姿も。

　インタビューでは、テーマにちなみ「言葉と思考」について思い浮かぶことを尋ねるやいなや、さっそく新たな名言が誕生。7月にリリースされた4thAlbum『The Star Chapter: TOGETHER』に収録された、自身初のソロ楽曲「Bird of Night」の制作秘話から、「僕のファンなので、僕が気遣いをしないといけません」と語るMOA（TOMORROW X TOGETHERのファンの総称）への深い愛情を感じられるエピソードも収録。
リアルサウンドブック編集部",[],[]
ギャル曽根の“ちくわ大量消費レシピ”に反響　ナポリタンから海老の代用までコスパ最強メニューがすごい（リアルサウンド）,https://news.yahoo.co.jp/articles/c596a822eb3a27ec9ff10bcc4c82657e42776462,https://newsatcl-pctr.c.yimg.jp/t/amd-img/20250903-00010042-realsound-000-1-view.jpg?exp=10800,2025-09-03T16:59:12+09:00,2025-09-03T16:59:12+09:00,リアルサウンド,realsound,リアルサウンド,697,"動画サムネイルより
タレントのギャル曽根が、自身のYouTubeチャンネルを更新し、「ちくわ」を使った簡単で手頃なレシピを3品紹介した。その手軽さと意外なアイデアに、多くの視聴者から絶賛の声が寄せられている。
【写真】ナポリタンから海老の代用まで、ギャル曽根が作る珠玉の「ちくわ大量消費レシピ」
動画の冒頭でギャル曽根は、ちくわが和洋問わずさまざまな料理に使える万能な食材であると紹介。今回は、そんなちくわを主役にした大量消費レシピを3つ披露した。

　最初に紹介されたのは「ちくわのナポリタン」。ちくわを大きくカットし、ケチャップやみりんと共に炒めるという一品だ。ギャル曽根は、みりんを加えて炒めることでケチャップの酸味を飛ばし食べやすく工夫する。ちくわを使うことで「ご飯のおかずにもなるナポリタン」としてアピールした。

　続いて、お弁当にもぴったりな「ちくわのチーズ春巻き」を調理。春巻きの皮を半分に切り、ちくわの穴にチーズを詰めて巻いていくだけという手軽さだ。多めの油でカリカリに焼き上げることで、食感も楽しい一品に仕上がるという。

　最後に、エビの代わりにちくわを使った「ちくわのガーリックシュリンプ風」を紹介。大きめに切ったちくわを茹でたブロッコリーと共に、バターとニンニクで香ばしく炒めて完成となる。高価なエビを使わず、コスパ最強のちくわで手軽に満足感のある味を楽しめる点を強調した。

　この一連のレシピ紹介に対し、視聴者からは「大量消費レシピシリーズが大好き」「エビだと殻を抜くのが面倒だったから助かる」といった声が寄せられており、料理に注目されているのが分かる。
東雲りん",[],[]
『28年後... 白骨の神殿』2026年1月16日に日米同時公開　予告編＆オリジナル版ポスターも（リアルサウンド）,https://news.yahoo.co.jp/articles/a807f3aa3c4448c9378f01411944a31716bc31ce,https://newsatcl-pctr.c.yimg.jp/t/amd-img/20250903-00010041-realsound-000-1-view.jpg?exp=10800,2025-09-03T16:52:42+09:00,2025-09-03T16:52:42+09:00,リアルサウンド,realsound,リアルサウンド,1531,"『28年後... 白骨の神殿』オリジナル版ポスター
『28年後...』の続編『28 Years Later: The Bone Temple（原題）』が、『28年後... 白骨の神殿』の邦題で2026年1月16日に日米同時公開されることが決定。あわせて予告編とオリジナル版ポスタービジュアルが公開された。
【写真】前作『28年後...』の場面カット（複数あり）
ダニー・ボイルとアレックス・ガーランドがタッグを組み、“人間”と“感染者”の命がけの攻防を描いたサバイバルスリラー『28年後...』は、2025年6月20日に日米同時公開され、ヒットを記録。本作は、前作のラストから続く続編となる。前作で監督を務めたボイルに代わり、『マーベルズ』のニア・ダコスタが新たにメガホンを取った。

　主人公の少年スパイク（アルフィー・ウィリアムズ）は、最愛の母親（ジョディ・カマー）の死後、父親（アーロン・テイラー＝ジョンソン）が暮らすホーリーアイランドを離れ、ウイルス感染が蔓延するイギリス本土でたった一人で生きる決意。感染者に襲われそうになったところをジミー・クリスタル（ジャック・オコンネル）をリーダーとした全員金髪の謎の集団に助けられる。

　公開された予告編では、この謎の集団を中心とした映像が展開される。紫の衣装に金の装飾品を身に着けたジミーは、「ジミーズ」と呼ばれる全員金髪の“暴力的なカルト集団のリーダー”だ。彼らは、本土で生き延びる人間を縄で縛り付け、ナイフで身体を傷つける。罰と恐怖により人間を支配していることが窺える。その中には集団の 一員となった金髪のスパイクの姿もあり、恐怖におびえる表情をみせる。

　一方、ドクター・ケルソン（レイフ・ファインズ）も登場し、人骨を積み上げた塔の地下空間での生活が垣間見られる。そこには、書物、医療器具、手回し蓄音機が置かれ、壁には数枚の写真が貼られている。そこはおそらく診療所であり、書斎であり、そして感染症が蔓延する前の過去を慈しむ神殿のようにも見える。

　“人間”と“感染者”の戦いは続き、前作でも登場した、感染者の中でも最も身体が大きく凶暴なアルファとケルソンが対峙し、何かを伝えようとする様子も。そして予告編の後半、ドクター・ケルソンが暮らす“白骨の神殿”にジミーズたちがナイフをもって足を踏み入れる様子が映る。彼らとケルソンの繋がりは。そして彼らがケルソンを追う目的とは。

　今回の予告編でナレーションのように使用されている古びた音声は、『2001年宇宙の旅』の作者であるイギリスのSF作家アーサー・C・クラークが1964年にBBCの『ホライゾン』というテレビ番組で実際に語った映像の音声抜粋し、使用している。“当たり前の日常が突然消滅した時、もはや人間は理解し合えない。病気が蔓延し、暴力が横行する信じがたい変化を経験し、我々は生き残った。さらに驚くべき変化が、この先も起こるだろう”。アーサー・C・クラークが語った未来の予言。不気味な笑みを浮かべながらジミーが語る「準備はいいか？」の意味とは。

　そして映像のラスト、人骨を積み上げた幾十もの塔＝白骨の神殿が円を描くような炎に包まれている。全身が炎に包まれるドクター・ケルソンの衝撃シーン。その叫びは一体どこへ向かうのか。

　オリジナル版ポスタービジュアルもでは、人骨を積み上げた幾十もの塔＝白骨の神殿が炎に包まれた様子が描かれている。両手を大きく開き、天を仰ぐドクター・ケルソンの叫びは、祈りなのか、絶望なのか。「恐怖こそが、新たな信仰（FEAR IS THE NEW FAITH  ）」というコピーの示すものとは。
リアルサウンド編集部",[],[]
キム・ジウンらキャスト陣の“素”の表情が　『チェックイン漢陽』ビハインド映像公開（リアルサウンド）,https://news.yahoo.co.jp/articles/a13a6e8f19720a85dfe91c874a2c70fc4a17c374,https://newsatcl-pctr.c.yimg.jp/t/amd-img/20250903-00010040-realsound-000-1-view.jpg?exp=10800,2025-09-03T16:31:05+09:00,2025-09-03T16:31:05+09:00,リアルサウンド,realsound,リアルサウンド,1033,"『チェックイン漢陽』©Channel A & PONY CANYON All Rights Reserved
韓国ドラマ『チェックイン漢陽（ハニャン）』のビハインド映像が公開された。

　『チェックイン漢陽』は、朝鮮時代の豪華旅閣「龍天楼（ヨンチョンル）」を舞台にした注目の青春ロマンス時代劇。父の死の真相を探るため男装して潜入したホン・ドクス（キム・ジウン）と、王室を守るために飛び込んできた王子イ・ウン（ペ・イニョク）、父によって強制的に入ることになったチョン・ジュナ（チョン・ゴンジュ）、没落した家の復興のために入ってきたコ・スラ（パク・ジェチャン）が、「ハオナ（ですが）四人衆」として数々の試練に立ち向かい、時に対立しながらも強い絆を育んでいく。
【写真】『チェックイン漢陽』ビハインドショット
公開されたビハインド映像は、「ハオナ四人衆」の輝く青春エネルギーが詰まった3つの場面で構成されている。

　ひとつ目は、キム・ジウン演じるホン・ドクスが男装の秘密を守れるかどうかの瀬戸際に立たされる、緊張感とユーモアが同居する名場面の裏側。下下房のハオナ四人衆と最上房がサイコロ勝負で火花を散らす中、イカサマ疑惑から“公平”の名のもとに全員が服を脱ぎ始める展開に。必死で切り抜けようとするドクス、そんな彼女に無邪気に迫るウノたち、そして和気あいあいと撮影が進む現場の空気感。ビハインド映像から受け取れる和やかな雰囲気と本編が、対照的に映し出されている。

　ふたつ目は、正式従業員になるための課題として全員で洗濯をこなすシーン。ハオナ四人衆で肩を組み、ひとつの洗濯籠に入りながら息を合わせる。水しぶきと笑い声が画面いっぱいに広がり、撮影現場そのものが青春のワンカットになっている。

　三つ目は、クォン・ウンビン演じるドギョンのオウムを探すシーンのビハインド。森の中で真剣に捜索するはずが、チョン・ゴンジュが突然オウムの鳴きまねを披露し、キム・ジウンが笑ってNGに。芝生での会話劇のリハーサル、虫に驚くキム・ジウンを見てペ・イニョクがふざけて真似する場面、オウムを探す声の録音の試行錯誤など、キャストたちの素顔が切り取られている。

　ビハインド映像は、DVD＆Blu-ray BOX2特典映像の一部。キャストスペシャルインタビューや台本読み合わせ＆ポスター撮影のビハインド、ハイライトや予告編など、合計約146分にわたって収録されている。
リアルサウンド編集部",[],[]
小山薫堂×森崎博之が札幌を楽しむ　『ふくあじ旅のススメ』J:COMチャンネルで放送（リアルサウンド）,https://news.yahoo.co.jp/articles/3622aff50b42d800a4bc464adbb7c4d8a8ba27a1,https://newsatcl-pctr.c.yimg.jp/t/amd-img/20250903-00010039-realsound-000-1-view.jpg?exp=10800,2025-09-03T16:20:27+09:00,2025-09-03T16:20:27+09:00,リアルサウンド,realsound,リアルサウンド,562,"『ふくあじ旅のススメ ～札幌編～』
旅番組『ふくあじ旅のススメ～札幌編～』が、J:COMチャンネルにて9月15日18時より放送される。
【写真】『ふくあじ旅のススメ ～札幌編～』の様子
「高級ではないけれど、多くの人に愛されている料理」「特別ではないけれど、人を笑顔にする料理」。そんな料理のことを、放送作家の小山薫堂は“ふくあじ”と呼んでいる。そんな全国の“ふくあじ”を、店主や店員、常連客の心の交流と共に届ける旅番組だ。

　J:COMでは、ケーブルテレビの強みを生かし各地域の情報を発信する番組作りが長年進められてきた。小山が提唱する“ふくあじ”が、地域情報発信による地域活性化への取り組みと合致すると考えられ、2021年11月から『ふくあじ』として映像化され、放送が開始された。これまでに取材された店は、全国340店舗にのぼる。

　今回はTEAM NACSのリーダー・森崎博之を迎えて、札幌の街をめぐり、食を通じて出会う人々と触れあう「ふくあじ旅」を楽しむ。 番組では、北海道一の繁華街すすきので働く人々の胃袋と心を支えている「蜂屋」、北海道の大地で育まれた野菜の収穫体験、TEAM NACSの“育てのレストラン”「カリー軒」などを訪れ、札幌の食を通じて、地元の人とのふれあいを楽しんでいく。
リアルサウンド編集部",[],[]
『あんぱん』河合優実、いちごジャムの瓶を掲げて笑顔　「ロールパンナ蘭子かわいすぎる」（リアルサウンド）,https://news.yahoo.co.jp/articles/2030a34b9e98cb819695f7be367ef0fc99a9354f,https://newsatcl-pctr.c.yimg.jp/t/amd-img/20250903-00010038-realsound-000-1-view.jpg?exp=10800,2025-09-03T15:10:42+09:00,2025-09-03T15:10:42+09:00,リアルサウンド,realsound,リアルサウンド,513,"『あんぱん』公式Instagramより
NHK連続テレビ小説『あんぱん』公式Instagramより、蘭子（河合優実）と八木（妻夫木聡）のオフショットが公開された。
【写真】河合優実と妻夫木聡の相合傘、そしてロールパンナ蘭子のショット
投稿では、雨の中で相合傘をする二人のメイキング映像が紹介され、距離が一気に縮まった関係性が映る。赤と青の傘の下で視線を交わす場面に、「二人の今後が気になりますね」と添えられ、ファンの想像をかき立てている。

　さらに別の投稿では、河合がロールパンを手に、八木に開けてもらったいちごジャムの瓶を掲げるショットが披露された。ファンからは「ロールパンナちゃん誕生！」と新たな愛称が生まれ、物語に思わぬ彩りを添えている。

　コメント欄には「ロールパン！　蘭子のキャラやん」「八木さんは蘭子の心の蓋も開けてくれた……でいいですよね？」「ロールパンナ蘭子、かわいすぎる」といった声が寄せられた。

　また「豪ちゃんも蘭子の幸せを一番願ってる」「相手の過去をも丸ごと受け止める、それが大人の恋」といった意見もあり、蘭子が背負う喪失と新たな恋のはざまで揺れる心情に共感が集まっている。
リアルサウンド編集部",[],[]
AKB48 田口愛佳、シャワーでのドキッとするようなカットも　1st写真集『好きと言えたら』（リアルサウンド）,https://news.yahoo.co.jp/articles/efb0bedeb7038ea18f27b824e0f890ae65a10e68,https://newsatcl-pctr.c.yimg.jp/t/amd-img/20250903-00010037-realsound-000-1-view.jpg?exp=10800,2025-09-03T15:00:42+09:00,2025-09-03T15:00:42+09:00,リアルサウンド,realsound,リアルサウンド,564,"田口愛佳
AKB48・田口愛佳の1st写真集『好きと言えたら』（ワニブックス）が9月25日に発売される。
【写真】AKB48・田口愛佳、ベッドでのドキッとするようなカット
第16期生として13歳でAKB48に加入し、今年21歳を迎えた田口愛佳。そんな田口が初の写真集の舞台に選んだのは、かねてより訪れたいと願っていた台湾。ノスタルジックな街並みや美しい自然を背景に撮影が敢行された。

　本作では初挑戦となるランジェリー姿や、ベッド、シャワーでのドキッとするようなカット、無邪気でキュートな笑顔を見せるカットを収録。発売を記念したお渡し会が10月5日に東京・渋谷、10月12日に東京・秋葉原、11月8日に大阪・梅田にて開催予定だ。

■プロフィール
田口愛佳（たぐち・まなか）
2003年12月12日生まれ。東京都出身。2016年、AKB48第16期生としてグループに加入。12歳で最終審査を通過し、同年12月の劇場公演でお披露目された。以降、チームAやチームKのメンバーとして活動し、パフォーマンス力の高さと明るく親しみやすいキャラクターで多くのファンを魅了する。歌唱力にも定評があり、MCなどでもグループを引っ張る存在に。2025年10月より舞城王太郎氏原作のミステリー小説の舞台化作品に出演。
リアルサウンド ブック編集部",[],[]
ディーン・フジオカ、翻訳した絵本にコメント　「ちがいがあることの豊かさ」を描いたストーリー（リアルサウンド）,https://news.yahoo.co.jp/articles/ad8dafac20b4435b8d87eb2c9ed9022fa9835d43,https://newsatcl-pctr.c.yimg.jp/t/amd-img/20250903-00010036-realsound-000-1-view.jpg?exp=10800,2025-09-03T14:00:23+09:00,2025-09-03T14:00:23+09:00,リアルサウンド,realsound,リアルサウンド,1071,"『ありさんシェフの しょうたいじょう』ダリオ・ポモドーロ（講談社）
ディーン・フジオカが翻訳を担当した絵本『ありさんシェフの しょうたいじょう』が2025年10月16日（木）から講談社より発売される。
【画像】ディーン・フジオカ、絵本の翻訳メイキング・コメント
予約開始後Amazonにて1位を獲得した話題作『ありさんシェフの しょうたいじょう』。特典としてしおりがつくことが決定した。原作イラストレーターが、物語の主人公である「ありさんシェフ」をディーンに重ねて描いた“シェフ風ディーン”のイラストをあしらった特別でオリジナルなデザイン。実際に使えばディーンがページにはさまっているようにも見える、その名も“はさまりディーンシェフしおり”だ。ディーンの翻訳メイキングのオフショットまで入っているのも魅力。本作購入者しか手に入らないしおりとなっている。しおりは、なくなり次第終了となる。

　世界各国で翻訳されている温かくユーモアのある物語を、ディーンの丁寧な日本語で紡いだ本作。「絵本の翻訳は言葉を大切にするディーンさんにぴったり」「ディーンさんのお人柄を感じられる訳が楽しみ」などファンを中心にSNS上でも話題となっており、発売に向けて期待が高まっている。ディーンが実際に、『ありさんシェフの しょうたいじょう』の翻訳に取り組む姿も初公開された。日本語版限定の内容として、ディーンの言葉で綴ったあとがきにも注目。「ちがいがあることの豊かさ」や「誰かを思いやる気持ち」を描いたストーリーについて、ディーン自身からのメッセージが記されている。

　ディーンがイタリア・ミラノに赴き、原作の著者ダリオ・ポモドーロ氏やイラストレーターのロレンツォ・サンジョ氏と対談した様子も公開。実際に顔を合わせて話したことで、原作の世界観を分かち合えたと語った。

■あらすじ
ありさんシェフの晩餐会へようこそ！
偉大なるありさんシェフが、動物たちを晩餐会にご招待。
……のはずが、席順を決めるのに一苦労！
ねずみさまは、ねこさまの隣なんてイヤがるだろうし、
ひつじさまは、おおかみさまと同じテーブルじゃ、ごちそうになりかねない！？
ふくろうさまなんて、「暗い部屋で食べたい」って言いそうだし……。
な～んてややこしいパズル！
さてさて、ありさんシェフの晩餐会は、うまくいくのでしょうか！？
パズルのような席決めの果てに訪れる“あっ！”と驚く結末。
子どもも大人も、思わず笑顔になる、ユーモアたっぷりのハートウォーミングな一冊です。
リアルサウンドブック編集部",[],[]
星街すいせいが「世界を変える30歳未満」に抜擢　新たな広がりを見せるバーチャル業界の一週間（リアルサウンド）,https://news.yahoo.co.jp/articles/ff51218f55685ee39c864d06f0e23f7d5162c8ee,https://newsatcl-pctr.c.yimg.jp/t/amd-img/20250903-00010035-realsound-000-1-view.jpg?exp=10800,2025-09-03T13:01:37+09:00,2025-09-03T13:01:37+09:00,リアルサウンド,realsound,リアルサウンド,1910,"9月3日のニュースたち
ビジネス誌『Forbes Japan』が発表する、「Forbes JAPAN 30 UNDER 30」。日本における「世界を変える30歳未満」を30人選出するこの企画で、今年はホロライブの星街すいせいが選ばれた。
【画像】SNSで話題になった“平行な犬”の元ネタ
VTuber／バーチャルシンガーとしては、花譜に続いて2人目。バーチャルな存在のまま、アーティストとして大成してきたその足取りが評価された形だ。最新号の『Forbes Japan』表紙まで飾り（こちらはVTuberとしては初）、その影響か同号は各所で品切れを起こす珍事も起きている。

　いずれにせよ、VTuber業界史にまた新たな一歩が刻まれたことはたしかだろう。『Forbes Japan』最新号には彼女のロングインタビューも掲載されており、業界の外へ「バーチャルな存在の歩み」を伝えるよい資料となっているので、気になる方は（販売が再開したら）手にとってみることをオススメしたい。

　“外に広がる”という意味では、にじさんじ発ユニット・ROF-MAOのロケ動画も捨てがたい。8月27日と8月28日にROF-MAOの公式YouTubeチャンネルに投稿された動画では、ROF-MAO初の海外ロケに挑戦。その行き先はモンゴルである。

　かつて、デビュー時には無人島へメンバーを送り込み、サバイバルする様子をほぼ実写で届けてきたROF-MAOだが、モンゴルロケでもその勢いは健在だ。本物の遊牧民一家のもとで、仕事を手伝いながら交流を深める、体当たりながら力の入ったロケが繰り広げられている。

　そして、おそらく出演陣も想定外のバズが引き起こされた。番組中に登場する、妙に地平線と平行な犬。どこかシュールなこの犬は、あるXアカウントが「こんな犬をタイムラインで見かけた」と投稿したのを皮切りに、「モンゴル犬」の通称で広まっていった。

　そして、モンゴル犬のイラストが急速に描かれ始め、その名とともにさらに広まる、典型的なミーム化が引き起こされている。その過程で「ROF-MAO」に、ひいては初めてVTuberに触れたという人も現れ、体当たりだが真摯なロケ番組に好印象を持つ感想がチラホラ見られた。

　著名なビジネス誌と、予想外に人気が出てしまった犬。経路はどうであれ、外側との間口が広がっていくことはよいことである。

■『VRChat』人気ワールド「NAGiSA」の作者が法人を設立

　『VRChat』で人気の1対1会話ワールド「NAGiSA」作者であり、2018年生まれの古株VTuberでもあるエンジンかずみは、8月25日に株式会社ナギサコネクトを設立した。「NAGiSA」で培った集客力と運営力を活かし、メタバース空間プロデュースや広告事業を行うとのことだ。

　「NAGiSA」の総来場者数は、本記事執筆時点で170万人超。スタンミの配信を起点とする『VRChat』ブームとほぼ同時期に公開され、結果多くの新規層が訪れるワールドとなった。現在もたくさんのユーザーが毎日訪れており、広告メディアとしての価値は高い。ワールドを起点としたビジネス発展の一例として、注目に値する。

　一方、3Dモデル販売プラットフォームのデファクトとされる「BOOTH」運営のピクシブは、4,000人を対象とした『VRChat』ユーザーアンケート結果を発表した。プレイ頻度やプレイ歴、そして様々な意識調査が実施されている貴重なデータだ。

　驚くべきことは、プレイ歴1年未満の回答者が半数を占めるアンケートながら、65.5%のユーザーがほぼ毎日ログインしていること。週に複数回ログインまで範囲を広げれば、88.5%になる。2024年スタートの若いユーザーであっても、すでにヘビーユーザーに至っている可能性を示しており、昨年のブームが一過性に終わっていない証拠でもある。

　一方で、「始めるまでに感じた障壁」などの回答も興味深い。コミュニケーションやコミュニティ参入への不安、デバイスの価格やPCスペック、「アバター改変」などの独自文化や専門用語のハードル……なにが壁を感じたかどうかは、魅力と並ぶ重要な背景情報だ。

　実際、『VRChat』は現時点でも、プレイ開始からステップアップまで様々な知識・技術の習得が必要なタイミングがある。しかし、その多くはプラットフォーム側が提示するものではないため、口伝やメディア発信が頼りである。ユーザー生成コンテンツ文化が強く育まれた土壌ならではの事情を、どう乗り越えていくかは課題だ。
浅田カズラ",[],[]
『あんぱん』嵩と蘭子を支える2人の父　北村匠海は“たっすいがー”から“いごっそう”に？（リアルサウンド）,https://news.yahoo.co.jp/articles/2a3c0651c234562cb6e798c7f94aa1f4db8607e9,https://newsatcl-pctr.c.yimg.jp/t/amd-img/20250903-00010034-realsound-000-1-view.jpg?exp=10800,2025-09-03T13:00:34+09:00,2025-09-03T13:00:34+09:00,リアルサウンド,realsound,リアルサウンド,1451,"『あんぱん』写真提供＝NHK
嵩（北村匠海）はのぶ（今田美桜）とともに駆け上がった階段の先に新たな目標を、蘭子（河合優実）は、いちごジャムの香りと雨のなか降りた階段の先で、自分の気持ちを見つけた。NHK連続テレビ小説『あんぱん』第113話は、迷う嵩と蘭子の背中をそれぞれの父が押す展開となった。
【写真】『あんぱん』最新カット（5枚）
嵩が見つけたのは、『週刊陽向』に掲載されていた漫画コンクール。代表作がないまま、キャリアだけは積んできた嵩は、プライドが邪魔をして大手を振って挑戦とはいかない様子。そんな嵩にのぶは、嵩の父・寛（竹野内豊）の真似をして「いごっそうになれ」と声をかける。これまでのぶは「たっすいがー（弱々しい）はいかん」と声をかけることが多かったが、漫画家へと突き進んでもらうためにも「いごっそう（頑固で大胆不敵に己を貫く男性）になれ」と声をかけているのかもしれない。コンクールという目標が目の前に現れた今こそ、いごっそうになるときだ。

　のぶは「楽しんで描いてみたら？」とアドバイスをするも、やはりベテランとして賞を取らなければならないプライドが邪魔をして、気負いがある嵩。明るく声をかける一方で、のぶは何もできないことが辛いと羽多子に吐露する。力強く支えるときと一歩引くときのバランスを見ながら声をかけるのぶは、以前よりも嵩を支えることにやりがいを感じているように見える。だからこそ、難しさも実感しているのだろう。

　引っ越しを終えた蘭子は、自宅で羽多子（江口のりこ）が焼いたパンに八木（妻夫木聡）が開けたいちごジャムを付けて食べていた。赤くキラキラした甘いジャム。やっと開いた蓋は、蘭子の恋心のメタファーだろうか。とはいえ、蘭子の新居には変わらず、豪のはんてんがかけられている。蘭子の心の蓋の象徴なのかもしれない。そんな蘭子に、羽多子は結太郎（加瀬亮）の帽子をかぶせ、羽多子は結太郎がいたから、のぶは次郎と嵩がいたから、今の自分があると蘭子の背中を押そうとする。羽多子、のぶ、蘭子の会話は、妻と夫、恋人同士の関係性に関するものだったが、この会話からは亡くなった人は自分の人生とともに心の中で生き続けているという亡くなった人への思いが込められた描写のように感じられた。丹念に戦争を描写してきた『あんぱん』だからこそ、大切な人の死を乗り越えるのではなく、大切な人の死と共に生きていく思いがより誠実に伝わってくる。蘭子は豪の死とともに、八木と生きていく決心ができるのだろうか。

　いごっそうになると決心した嵩だったが、コンクールへの投稿作品の進捗は芳しくない様子。退路を断つためにも、コンクールがだめだったら漫画家を辞めるとのぶに宣言をする。そんな嵩に、結太郎の帽子をかぶったまま掃除機をかけていたのぶの姿がヒントとなる。嵩は2日間で漫画『ボオ氏』を完成させた。のぶが結太郎の帽子に願掛けするための行動が、嵩を導いたのだ。

　一見、繋がりのないように見える嵩と蘭子のエピソードを、寛と結太郎という偉大な2人の父が結んだ第113話。死後何年経っていようと、蘭子と嵩にとってはいざというときに心の支えになってくれるあたたかい存在であることが、丁寧に描写される回となった。夫から妻へ、父から娘へ、伯父から甥へ。力強い言葉とともに伝わった愛情は、人生の指針となる。

　『あんぱん』の序盤を支えた2人の父の存在に支えられた嵩と蘭子に、どのような運命が待ち構えているのだろうか。
古澤椋子",[],[]
『大ピンチずかん』鈴木のりたけ、初のインタビュー本『大ピンチを楽しむ』刊行へ　ヒットの舞台裏を語る（リアルサウンド）,https://news.yahoo.co.jp/articles/d33d2e15be935643bbb67ba108473d5b0482493d,https://newsatcl-pctr.c.yimg.jp/t/amd-img/20250903-00010033-realsound-000-1-view.jpg?exp=10800,2025-09-03T13:00:20+09:00,2025-09-03T13:00:20+09:00,リアルサウンド,realsound,リアルサウンド,387,"『大ピンチを楽しむ』
鈴木のりたけのインタビュー本『大ピンチを楽しむ』（ブルーシープ）が9月22日に刊行される。
【写真】鈴木のりたけの思考の変遷が、ラフ画やスケッチでわかる！
子どもが陥る「大ピンチ」をユーモアたっぷりに描く絵本『大ピンチずかん』シリーズ（小学館）。今春刊行された『大ピンチずかん3』は2025年上半期の総合・児童書部門で第1位を獲得（日販調べ）。シリーズあわせて絵本賞など13冠を達成し、累計部数は270万部を突破している。

　本書は作者の鈴木のりたけへのインタビューを通して、『大ピンチずかん』誕生の背景から創作の舞台裏、思考の変遷までを、ラフ画やスケッチとともに収録。

　さらに今夏全国巡回が始まった体験型展覧会「大ピンチ展！」のメイキングや、子ども時代から絵本作家となるまでの歩み、絵本作りの哲学などが紹介される。
リアルサウンド ブック編集部",[],[]
幽霊はなぜ夏の夜に現れる？　後宮はどんな世界？　「非日常」の疑問を解決してくれる新書3選（リアルサウンド）,https://news.yahoo.co.jp/articles/80ef50ff754da096abf3606d0da0e43859edacd1,https://newsatcl-pctr.c.yimg.jp/t/amd-img/20250903-00010032-realsound-000-1-view.jpg?exp=10800,2025-09-03T12:42:00+09:00,2025-09-03T12:42:00+09:00,リアルサウンド,realsound,リアルサウンド,2147,"気になる疑問に答えてくれる新書
言われてみれば確かに気になる疑問というのは、日常だけでなく「非日常」の世界にも存在する。
【画像】幽霊が“見えてしまう”理由を脳科学で解明
たとえば、幽霊はなぜ夏の夜に現れることが多いのか？　向こうで夏休みシーズンに合わせてくれている、とでもいうのか？　そのメカニズムに関する疑問に答えてくれるのが、8月6日に刊行された古谷博和『幽霊の脳科学』（ハヤカワ新書）だ。脳神経内科医である著者によると、幽霊体験は睡眠と深い関係にあることが研究によりわかってきているという。

　寝床で幽霊に遭遇するも金縛りで体が動かないなんて、怪談でよく聞くシチュエーション。それは、「ナルコレプシー」という睡眠障害を持つ人が入眠時に見る幻覚と似ている。〈どうやら、ナルコレプシーの患者さんが頻繁に体験する入眠時幻覚や金縛りが正常人にもまれに起き、それが「怪談や幽霊譚」として語られるのではないか〉という仮説のもと、著者は様々な幽霊の出てくる話を分析。すると、気候や住環境、時刻の数え方といった要素も、幽霊の特徴や出現するタイミングに影響を及ぼしていた可能性が明らかとなる。令和の時代に聞く怪談は、本書のように体験した人の体調や生活に想像を巡らすのも、味わい方の一つになってくるのかもしれない。

　一握りの人だけが入れる世界というのも、部外者からすると非日常感がある。皇帝や天皇など、男性君主のために集められた女性たちの住む「後宮」。『源氏物語』などの古典文学で何となく存在を知り、中東の「ハーレム」のようなイメージもあるそこは、実際どんな世界だったのか？　8月21日刊行の遠藤みどり『日本の後宮　天皇と女性たちの古代史』（中公新書）は、日本における後宮の成立過程とその実態を解説してくれる。

　本書は後宮での色恋沙汰や陰謀などではなく、「制度」の話が大部分を占める。だからといって興醒めとはならないぐらい、後宮にまつわる制度は紐解いてみると興味深いものがある。たとえば後宮は男子禁制かと思いきや、日本では南北朝時代頃まで男性も出入りできていたという。その要因の一端を奈良時代の律令で定められた、キサキ（天皇の女性配偶者）の社会的地位の高さを示す給与制度や、男女共同で天皇に奉仕していたと分かる女官の職務規程などから窺い知ることができる。

　他にも、近年の女性天皇の是非に関する話題で気になってしまう、「なぜ女性は天皇になれなくなったのか？」という疑問。その答えを、自ら天皇となり政治の表舞台にも立てた女性の役割を夫に付き従う「妻」へと変化させた、平安時代の後宮制度改革に見出すことも可能である。皇室の伝統以外の面を映し出す存在としても、後宮は探究しがいのある世界だということが、本書を読むとよく分かるのだ。

　仕事やイベントなどでの異業種との交流というのも、非日常の一つといえる。その際によく使われる、「異種格闘技戦」という言葉。本家である格闘技・プロレスの世界では、意外と聞かないのはなぜだろうか？　8月8日発売の藪耕太郎『アメリカのプロレスラーはなぜ講道館柔道に戦いを挑んだのか　大正十年「サンテル事件」を読み解く』（集英社新書）は、1921年3月に靖国神社の境内でレスラーと柔道家が対戦した際の一連の出来事――通称「サンテル事件」を軸に、異種格闘技戦が時代の異物となる前の歴史を検証する。

　まず話は20世紀初頭のアメリカ西海岸から始まる。日本人が白人を打ち負かしても良い、「非日常の夢」を提供する異種格闘技戦。その中の一ジャンルとして、柔術や柔道は現地の日系社会で受け入れられていた。日本からやってきた柔術家・柔道家が主に対戦するのは、職業レスリングの選手たちである。寝技中心の格闘スタイル「キャッチ・アズ・キャッチ・キャン」を専門とする職業レスリングと柔術・柔道は相性がよく、試合は各所で観客を熱狂させる。そしてそこで次々と勝利を挙げ注目を集めたレスラーこそが、事件の主要人物の一人となるアド・サンテルだった。

　そのサンテルが海を渡り、柔道の総本山である講道館に対戦を迫る。黒船来航のような構図を思い浮かべたくもなるが、舞台裏は複雑な様相を呈していた。本職の職業レスリングではスターの素質がなく噛ませ犬に甘んじ、来日は「侵攻」というよりは現状打破のためのようにも、自分の居場所＝異種格闘技戦を求めての行動のようにも見えるサンテル。柔道も他流試合を通じて発展した過去がある故に対戦に前向きな気持ちと、競技のプロ化・見世物化を認めるべきではないという考えの間で揺れ動く、講道館柔道の創始者・嘉納治五郎。その裏では、異種格闘技戦で一儲けしようと山師たちが暗躍するなど、当時の混沌とした人間模様が本書で浮かび上がってくる。

　そこから異種格闘技戦だけでなく、プロレスと柔道、スポーツにおけるプロとアマチュアといった、それぞれのジャンルの成り立ちと意義も見えてくるこの本。ニッチな話のようでいて、「プロレスは八百長なのか？」「なぜ総合格闘技が生まれたのか？」といった根源的な問いにまで答えてくれる、プロレス・格闘技の入門書としてもお勧めできる一冊なのである。
藤井勉",[],[]
松下奈緒が『大追跡』で示した“新時代の刑事像”　『ゲゲゲの女房』とは異なる新たな魅力（リアルサウンド）,https://news.yahoo.co.jp/articles/32f25cf78df28aa2e6798ebe30cf1382f18aa230,https://newsatcl-pctr.c.yimg.jp/t/amd-img/20250903-00010031-realsound-000-1-view.jpg?exp=10800,2025-09-03T12:30:27+09:00,2025-09-03T12:30:27+09:00,リアルサウンド,realsound,リアルサウンド,1985,"『大追跡～警視庁SSBC強行犯係～』 ©テレビ朝日・東映
『大追跡～警視庁SSBC強行犯係～』（テレビ朝日系）は、防犯カメラやデジタル解析を駆使する組織「SSBC」を舞台にした刑事ドラマである。昭和型の“足で稼ぐ”捜査と、令和型のテクノロジーによる解析。この2つのスタイルが激しく衝突しながらも協働していく人間ドラマは、王道と革新の融合を目指した企画だ。脚本を務めるのは『HERO』（フジテレビ系）やNHK大河ドラマ『龍馬伝』などで知られる福田靖。伝統ある「水曜21時」枠に送り出された完全新作として、その注目度は高かった。
【写真】『大追跡』で美しく強い刑事・青柳遥を演じる松下奈緒
そんな本作で警視庁捜査一課の主任・青柳遥を演じているのが松下奈緒だ。画面に登場するだけで場の空気を変える圧倒的な存在感。冷静沈着に現場を仕切り、時に鋭い言葉で部下や周囲を導く姿を目にして、「これまでの松下奈緒とはまったく違う」と驚かされた視聴者も多かったに違いない。

　遥は、警視庁捜査一課の主任刑事。いわゆるキャリア官僚ではなく、所轄から本庁へ異動してきた“ノンキャリア”の叩き上げである。特徴的なのは、その立ち居振る舞いだ。174cmの長身を生かした立ち姿はそれだけで説得力を放ち、現場での存在感を際立たせる。細部にまで職務へのリアリティが宿っており、刑事という仕事に全力で向き合う人物像が自然に浮かび上がってくる。松下の確かな身体性があってこそ、青柳遥というキャラクターは“実在する刑事”として視聴者の目に映るのだ。

　特筆すべきは、その演技が従来のパブリックイメージを大胆に覆している点だろう。松下と言えば、やはり2010年のNHK連続テレビ小説『ゲゲゲの女房』での布美枝役が象徴的だ。戦後の混乱期に漫画家である夫を献身的に支え続ける姿は、“昭和の良妻”を体現する国民的ヒロイン像として広く愛された。穏やかで清楚、柔らかな微笑み。そうしたイメージが、長らく彼女を語る際の枕詞となってきた。しかし『大追跡』の遥は、その真逆を突き進む。第1話での「クソ野郎を捕まえる」という台詞は、長年のイメージを破壊する強烈な瞬間だった。毅然とした声、冷たい眼差し。そこには“清純派”の面影はなく、職務に誇りをかける一人の刑事の姿があった。このギャップが視聴者に新鮮な衝撃を与えたことは間違いない。 

　また、遥の人物像を複雑にしているのが、大森南朋演じる伊垣修二との関係性だ。2人は元夫婦という設定を背負いながら、それぞれ異なる部署に所属し、ときに協力し、ときに衝突する。部署間の対立がそのまま夫婦としての過去の確執に重なり、会話の裏に未練や後悔が滲む。松下はその繊細な感情を、視線の揺れや会話の“間”といったごく小さな要素に込めていた。説明的なセリフはなくとも、確かに存在した時間を視聴者に感じさせる。その精度の高さが、遥を単なる強気な女性刑事にとどめず、人間味のあるキャラクターへと引き上げていたように思う。

　興味深いのは、脚本家の福田靖自身が「まだキャラクターを描ききれていない」と語っていたことだ（※）。にもかかわらず、遥は完成された存在として強い印象を残した。それは松下が自らの芝居で設定以上の厚みを補完し、余白を埋めていたということだろう。セリフに頼らず、所作や空気の作り方でキャラクターを成立させる。長年にわたって映像と舞台で培ってきた経験が、ここで遺憾なく発揮されたと言えるだろう。

　彼女のキャリアの軌跡を振り返れば、その進化は一層鮮明になる。布美枝は家庭を支える良妻であり、遥は現場を仕切るキャリア刑事。正反対の存在でありながら、どちらも“守るために生きる”という軸を持っている。松下は、対象が変わればまったく異なる人物になれる俳優だ。そこに共通して流れているのは、誰かのために自分を変えられる誠実さである。

　『大追跡』において、知的で冷静、時に苛烈さを見せる“新時代の刑事像”を提示したことは、今後の活動においても大きな意味を持つだろう。高身長を生かしたアクション、組織を率いるリーダー役、あるいは冷徹さと優しさを併せ持つ複雑な役柄。彼女へのオファーの幅は確実に広がっていくはずだ。

　作品全体の評価は賛否が分かれたものの、松下の演技だけは一貫して高い評価を獲得した。与えられたイメージを逆手にとり、ギャップを武器に変えた遥は、彼女にしか生み出せない存在だった。『大追跡』は刑事ドラマの刷新であると同時に、松下という俳優の刷新を告げる作品であり、今後のキャリアを語るうえで必ず参照される一本になるだろう。 

⚫︎参照
※ https://www.tv-asahi.co.jp/daitsuiseki/news/0011/index.html
川崎龍也",[],[]
特典映像にスピンオフ、Podcastも　20年以上におよぶドラマの多様なコンテンツ展開の歴史（リアルサウンド）,https://news.yahoo.co.jp/articles/051558c34d9314761bdc90e71d1c7b7d22a0c2ec,https://newsatcl-pctr.c.yimg.jp/t/amd-img/20250903-00010030-realsound-000-1-view.jpg?exp=10800,2025-09-03T12:30:02+09:00,2025-09-03T12:30:02+09:00,リアルサウンド,realsound,リアルサウンド,3639,"『しあわせな結婚』スピンオフドラマ 後編 ©テレビ朝日
近年、テレビドラマのプロモーションは、SNSやデジタル施策を駆使した多角的な戦略へと進化しつつある。InstagramやTikTokでの公式アカウント運用は今や定番だが、さらに本編の枠を超えたスピンオフドラマやキャスト出演の音声コンテンツ配信など、視聴者がドラマの世界観をより深く楽しめる仕掛けが増えているのだ。
【写真】『初恋アンダーDOGs～負け犬と初恋～』場面写真
例えば、現在放送中のドラマ『しあわせな結婚』（テレビ朝日系）では、ドラマ本編と同じく大石静が脚本を手がけ、主演・阿部サダヲとヒロイン・松たか子も出演する豪華スピンオフドラマをTELASAにて独占配信中。さらにメインキャストによるPodcast配信も実施され、自由なトークがファンの心をつかんでいる。同じく、ドラマ『初恋DOGs』（TBS系）では、サイドストーリー『初恋アンダーDOGs～負け犬と初恋～』をU-NEXT、TVerで配信中。萩原利久、野呂佳代、なだき武らによる会話劇の面白さがドラマウォッチャーの間で話題を呼んだ。

　ドラマの本編から独立したサイドストーリーやSNSプロモーションは、視聴者の作品への理解や愛着をより深める重要な役割を果たしている。

　ところで、このような多様なコンテンツ展開はいつ頃から、どのような形で始まったのだろうか。本稿では、テレビドラマのプロモーションがインターネットやSNSの普及を経て現在のマルチプラットフォーム戦略に至るまでの過程を追い、その背景や効果を分析していこう。

⚫︎インターネットの普及に伴い、オンラインサービスが急速に発達した2000～2010年
　テレビドラマの世界では、物語を補完するサイドストーリーや未公開シーン、撮影現場の様子などを特典映像として提供する手法が早くから定着していた。これらは単なる”おまけ”というより、視聴者の物語世界への没入感をより高めるため、また限定性やコレクション性を重視する層への訴求手段として位置づけられていたのである。特にDVDやBlu-rayなどのパッケージメディアが普及した1990年代後半から2000年代前半にかけては、その傾向がいっそう顕著となった。

　さらに、このようなドラマの“盤外戦術”は、インターネットが普及した2001年から2010年頃にかけて大きな転換期を迎える。インターネットの発展に伴い、当時のオンラインサービスの内容は急速に進化した。はじめは情報を一カ所に集めてわかりやすく提供することを目的としたポータルサイトが数多く登場したが、2005年頃からは利用者が主体となる双方向型サービスが主流となり、ブログやSNSなどのコミュニケーションサービスが次々と登場。インターネットはまたたく間に、単なる情報収集ツールからコミュニケーションの場へと進化を遂げた。個人が自由に情報を発信し、他者と交流できる時代が本格的に始まったのだ。（※1）

　ここで、当時の人気ドラマのプロモーションや特典内容を振り返ってみよう。

　2005年10月から12月にかけて放送された『花より男子』（TBS系）は原作の人気を背景に社会現象となり、DVDの特典映像の充実度も好評を博した。特典ディスクには、未公開映像を含むディレクターズカット版や撮影メイキング、キャストインタビュー、クランクアップ映像など、ファン垂涎のコンテンツが満載。特に「F4」を演じた人気キャストの素顔を垣間見せるトーク映像は、ファンにとってきわめて貴重な特典だった。

　さらに続編『花より男子2（リターンズ）』では、インターネットを活用した異例の試みが話題となる。制作側が「あなたが見たい原作の中のシーン」を事前にインターネット上で募り、人気が高かったシーンを実際の放送に盛り込むという視聴者参加型の仕掛けを導入。第10話と最終話にこのアンケート結果が反映される形となった。また、注目度の高い最終回には、同じくインターネット上で募集した1万人規模のエキストラが出演。従来の一方向的なテレビ放送とは一線を画したこれらの試みは、現在の双方向的なコンテンツ消費のあり方を先取りしたものといえそうだ。

　ドラマ『野ブタ。をプロデュース』（日本テレビ系）でも、特典の充実ぶりが話題を呼んだ。DVD特典には、撮影記録や制作発表用PV、堀北真希演じる小谷信子の”ランチタイム放送”フルバージョンなどの多彩なコンテンツが収録されている。また、亀梨和也と山下智久によるユニット“修二と彰”が歌う主題歌「青春アミーゴ」は、その年のオリコン年間シングルチャートにおいて第1位を獲得し、ドラマの枠を超えて社会現象的な広がりをみせた。

　当時はこのほかのドラマ作品においても、公式サイトで現場レポートやスタッフブログを公開し、制作の舞台裏をひとつのコンテンツとして提供する手法が浸透し始めていた。これらの事例は、テレビドラマに付随するメディア展開が、いかにファンの熱量を維持・拡大させる付加価値戦略として重要であるかを如実に物語っているといえよう。

⚫︎SNSでのドラマ実況や考察が盛んになった2011～2020年
　そして、地デジ移行が完了し、データ放送を活用した双方向サービスがより注目されるようになった2010年代。視聴者がリモコン操作でドラマの世界観に関連するクイズや特典応募に参加できるようになり、視聴体験の幅はさらに広がった。さらに同時期、スマートフォンの普及により、インターネット利用の主役がパソコンからモバイル端末へと移行。インターネットがより身近な存在となったことで、スマートフォン利用者のSNSやオンラインゲーム、動画サイトの利用時間は飛躍的に増加している。

　この変化を背景に、2010年代後半にはテレビドラマの楽しみ方も新しい段階に入った。若年層を中心にTwitter（現X）やInstagramのアカウント運用が一般化し、視聴者によるドラマのリアルタイム視聴と実況ツイートが定番となったのである。

　SNSの普及は、ドラマ視聴の楽しみ方を大きく変えた。例えば、2016年放送の『逃げるは恥だが役に立つ』（TBS系）では、キャストによる「恋ダンス」がSNSで爆発的に拡散し、ドラマ人気の一翼を担っていた。また、2019年放送のドラマ『あなたの番です』（日本テレビ系）や2020年放送のドラマ『テセウスの船』（TBS系）では、犯人予想や人間関係を分析する「考察班」がTwitter（現X）上やYoutubeに多数出現し、視聴者同士の議論が大きな盛り上がりを生むアツい展開に。ドラマ『半沢直樹』（TBS系）では、実況ツイートが世界トレンド1位を連続して記録。SNSの盛り上がりを目にしたことがきっかけで視聴を始めた人も多かったという。（※2）

　「SNSでのバズり＝ドラマの成功度」という認識が浸透し始めたのも、おそらくはこの頃だろう。それにより、従来は放送本編の補助的役割にすぎなかったサイドストーリーや撮影現場の裏話などがSNSを通じて盛んに発信されるようになった。SNSはプロモーション媒体であると同時に、今や作品の一部を形作る重要なコンテンツとしても機能している。

⚫︎オンデマンド視聴が主流になった2020年代
　2020年代に入ると、NetflixやU-NEXT、TVerなどの動画配信サービスが普及し、そこでテレビドラマのスピンオフやサイドストーリーが配信されるケースが増えた。従来はあくまで本編を補完するための追加エピソードにすぎなかったものが、今では本編から独立した作品として制作され、広く視聴されている。オンデマンド視聴が主流となったこともあり、今や配信サービスは単なる補助的な役割を超え、新しい作品を生み出す中心的なプラットフォームへと進化しつつあるといえるだろう。

　そして、人工知能や仮想空間が急速に発展しつつある2025年現在。今後、コンテンツ配信の多様化はさらに進み、ドラマは単なる映像作品を超えて、視聴者との双方向的な体験へと変化するだろう。例えば、AI技術を活用したドラマキャラクターとの対話やメタバース空間でのファンイベントなんてあったら面白そうだ。このように視聴者が物語の世界に自ら参加できる没入型のコンテンツが新たに登場する可能性も、あながちゼロではないのではないだろうか。テレビドラマを愛するいち視聴者として、このような革新的な広がりを大いに期待したいところである。

参照
※1. https://www.soumu.go.jp/johotsusintokei/whitepaper/ja/r01/html/nd111120.html
※2. https://dentsu-ho.com/articles/7649
糸野旬",[],[]
サニージャーニー、抗がん剤治療による体重減に対抗して小樽で爆食い　海鮮を堪能する姿に「元気になって」（リアルサウンド）,https://news.yahoo.co.jp/articles/56ad39bcc498e496d8b533c296804ac1d1bb3a00,https://newsatcl-pctr.c.yimg.jp/t/amd-img/20250903-00010029-realsound-000-1-view.jpg?exp=10800,2025-09-03T12:23:51+09:00,2025-09-03T12:23:51+09:00,リアルサウンド,realsound,リアルサウンド,1225,"動画サムネイルより
日本一周の様子を届けるために夫婦で活動している旅系YouTuber・サニージャーニーが、8月31日にチャンネルを更新。小樽にて爆食いする様子を公開した。
【写真】“デブ活”のため小樽の海鮮を満喫する、サニージャーニー・みずき
サニージャーニーは、妻・みずきと夫・こうへいの2人によって運営されているYouTubeチャンネル。もともと日本一周の様子を届けるために活動していたが、2022年11月に妻・みずきの膵臓がんが発覚し、一時的に旅を中止。それからは闘病生活について情報を発信しており、手術や抗がん剤治療で経過観察になっため、2024年4月からは無理のない範囲で活動を再開していた。しかし、2024年12月3日に膵臓がんが再発したことを明かしている。

　今回の動画では、抗がん剤の影響でどうしても痩せてしまうみずきのために、小樽で食べ歩き企画を実施。副作用で絶食期間ができてしまうため、休薬中の元気なタイミングで体重を増やすように努力していると説明していた。

　まず、朝ごはんを食べるために2人が訪れたのは「小樽洋菓子舗ルタオ本店」で、賞味期限10分のモンブランを注文している。午前中限定・数量限定のレア商品で、その場でクリームを細く絞って提供していた。みずきは、一口食べると「めっちゃ栗」とリアクション。クリームがふわふわな食感だが、しっかり和栗の味がするとレポートしていた。

　その後は、昼食で「庄坊番屋」という海鮮料理店へ。みずきは寿司のセットを頼み、こうへいはいくら丼を注文している。寿司のセットはヒラメやマグロ、ウニ、いくら、サーモンなどがのっており豪華な内容だが、撮影時の価格は3,080円とリーズナブル。みずきは、ヒラメから食べると「なんか熟成された味がする。ワサビが効いてていいですね」と感想を話している。また、特に感動していたのはマグロで、食べた瞬間驚いた表情を浮かべながら「柔らかすぎる」とリアクションしていた。

　海鮮を堪能したあとは、小樽のかまぼこ専門店「かま栄」へ向かう2人。ここでは、かまぼこをパンで巻いて揚げたパンロールやウインナーロールなどを食べている。どれもカロリーが高いことから、デブ活にはぴったりの商品だ。パンロールを食べた際には「この魚介のさ、出汁の味っていうのがすごい美味しいよ」とレポートしていた。

　コメント欄では「やっぱりみずきさんが美味しそうに食べている動画は見ている人を幸せにします ありがとございます！小樽行きたくなりました。」「たくさん食べて、栄養をつけて元気になって下さい いつも応援しています」などの反応が届けられている。

　今回、デブ活のために小樽の食べ物を満喫していた2人。美味しそうな食べ物や仲睦まじく食事をする姿に反響が寄せられていた。また、視聴者のなかには、みずきが美味しそうにご飯を食べる様子を見て、元気をもらっている人も多いようだ。
小林嵩弘",[],[]
豊田利晃監督×渋川清彦主演『そういうものに、わたしはなりたい。』予告編＆ポスター公開（リアルサウンド）,https://news.yahoo.co.jp/articles/fd1d1675c3b684a2a0970284031db778a1f3ec56,https://newsatcl-pctr.c.yimg.jp/t/amd-img/20250903-00010028-realsound-000-1-view.jpg?exp=10800,2025-09-03T12:08:22+09:00,2025-09-03T12:08:22+09:00,リアルサウンド,realsound,リアルサウンド,1982,"『そういうものに、わたしはなりたい。』ポスタービジュアル ©豊田組
10月10日よりユーロスペースにて公開される渋川清彦主演映画『そういうものに、わたしはなりたい。』の予告編とポスタービジュアルが公開された。
【写真】狼蘇山“修行”三部作ポスター＆場面写真
本作は、豊田利晃監督が狼蘇り信仰を軸に作品を作り続ける短編章『狼蘇山シリーズ』の中から、2022年の『生きている。』、2023年の『ここにいる。』、2024年の『すぐにゆく。』の修験者・鉄平をめぐる狼蘇山“修行”三部作を再編集したもの。宮沢賢治「雨ニモ負ケズ」をラストにフィーチャーし、ネット社会から離れ、精神的な修行を行うことの豊かさについて問う、新たな修行映画として完成した。

　主演を務めたのは、豊田組の常連かつ豊田監督の盟友である渋川。音楽は、豊田組常連の切腹ピストルズ、ZAZEN BOYS￥Lの向井秀徳、太鼓芸能集団 鼓童、飛騨高山アンビエントの鬼才・飛騨音響派、そして監督率いる謎の集団・狼蘇らせ隊♡が担当した。

　公開された予告編では、修行の断片が映し出されており、この時代に修行の意味について考えさせるものとなっている。

　あわせて公開されたポスタービジュアルには、仏のような微笑みを浮かべる鉄平（渋川清彦）の描き下ろしイラストが描かれている。このイラストは作品集『火星のパリ』を出版したばかりの画家・花堂達之助が手がけ、躍動感ある題字は飯田団紅（切腹ピストルズ）がしたためた。

　なお、本作の全国配給に向けてのクラウドファンディング「そういうものの製作支援クラファン」が9月20日まで豊田組ショップにて実施中。未発売の『狼蘇山シリーズ』Blu-rayやオリジナルTシャツなどが返礼品となっている。

コメント
渋川清彦（主演）

「どういうものに、わたしはなるだろうか。」渋川清彦
本名、田中清彦。
18の時、生まれ故郷の渋川から上京したが、どうやら上京とは「首府に行くこと。都に上ること。」とAIが言っているが、自分が都の方に出てきて住んだのは千葉県だったので「上京」じゃなく「上県」じゃね？　と昔、友達に言われた。
それでも東京で、右往しながら左往されながらめぐり合えた「役者」。
はじめてまもなく、初めての映画の現場が『ポルノスター』だった。
監督は豊田利晃。豊田さんも初めての監督作品だった。
23くらいの俺は当時「KEE」なんて名前をつけチャラチャラとやっていたが、30を機に国定忠治なんかをきどって、生まれ故郷渋川を名のり今に至る。
そんな俺も30年くらい役者をつづけられ、色々な映画監督と仕事をさせてもらっているが、初監督作品から現在までの全作品に出演させてもらっているのは豊田監督が唯一だ。
『アンチェイン』だけは参加できてないが。
この30年、豊田さんには光を見させてもらったり、闇のようなものを垣間みさせてもらったりしながら、今も一緒に歩ませてもらってる。
そして今、2025年8月20日23時すぎ、豊田さんから電話があり、切腹ピストルズの飯田団紅隊長と江戸部屋という隊長の隠れ家のようなところにいて何やら楽しそうに『そういうものにわたしはなりたい。』のコメントをできれば長い文章でほしいとの事で、文章はまったくもって苦手だが、日が変わり8月21日深夜1時前、勢いで筆を走らせた。

『そういうものにわたしはなりたい。』。
『狼煙が呼ぶ』以降の豊田利晃監督の怒りと祈りと修行。
というか、豊田利晃の人生の修行。
その修行の映画というか映画の修行は、火の粉をかぶったり、階段を全力で駆けあがったり、冷たい滝にうたれたり、地面を這いつくばったり、足を踏みはずしたら死んでしまうようなとこにいたり。
やる前は意気揚々とした心持ちで、「豊田の世界で暴れてやる！」なんて想像するが、いざ現場に入るとつらく大変な事が多く、早く終えて酒でも飲んでゆっくりしたいなんて思ったりもするが、まだこの修行のようなことをやりたいと想う自分もいるし、いつまでやるのかと想う自分もいる。
ただ、ひとついえるのは、豊田さんとの人生の旅のような祭りのようなものは続けていきたいし続けていく。
そしていずれは横に寝そべっている物語『横になる』でしめる。
涅槃。感謝。

豊田利晃（監督）
ひたむきに修行を続ける人たちと出会い、修行とは何かを考えた。
いくら考えても答えが出ないので映画を撮って答えを探した。
答えはいつまでも現れず、修行に終わりがないことを悟った。
僕たちは4年間に渡り、映画の修行を続けていた。
そして、それが僕たちの望む姿なのだと気がついた。
そういう者に、なりたかったのだと。
映画と映画館を愛する人たちに捧げます。

2025年8月8日 豊田利晃
リアルサウンド編集部",[],[]
乃木坂46『全ツ2025』ファイナル直前　神宮4DAYS公演、3期生は活動10年目へ……挑戦と試練の夏を振り返る（リアルサウンド）,https://news.yahoo.co.jp/articles/b1ccce1441ad619522b744f2e48561014d26bc7d,https://newsatcl-pctr.c.yimg.jp/t/amd-img/20250903-00010027-realsound-000-1-view.jpg?exp=10800,2025-09-03T12:07:40+09:00,2025-09-03T12:07:40+09:00,リアルサウンド,realsound,リアルサウンド,2003,"明治神宮野球場 公式Xより
乃木坂46の夏の恒例行事である『真夏の全国ツアー2025』が、いよいよ“聖地”・明治神宮野球場でファイナルを迎える。
【画像】乃木坂46『全ツ2025』座長を務める賀喜遥香、輝く笑顔がかわいい瀬戸口心月
9月4日から7日にかけての4日間、2年ぶりとなる4DAYS公演であり、その舞台はツアーの締めくくりという意味合いだけではなく、グループの現在地と未来を示す節目となることが約束されている。2013年にスタートした全国ツアーの歴史の中でも、この神宮という会場は特別な意味を持ち続けてきた。2016年に開催された大雨のライブや、2023年の4日間快晴での公演は伝説として語り継がれているが、そうした過去を背負いながら、新体制となった乃木坂46がどのような物語を描くのか、期待が高まっている。

　今回のツアーを語る上で欠かせないのが、今年春に加入した6期生の存在だ。彼女たちにとっては、全国をまわる大規模なライブは今回が初めて。4月の『乃木坂46 初披露の会 「はじめまして、6期生です」』で初めてファンの前に立ち、その後の『13th YEAR BIRTHDAY LIVE』で先輩たちとの共演を経て、この夏はいよいよ本格的に乃木坂46の一員としてステージに立つことになった。大阪城ホール公演では早くも6期生楽曲「なぜ 僕たちは走るのか？」が披露され、新メンバーの存在感が鮮やかに示された。観客にとっても、新たな顔ぶれがどのようにしてグループに溶け込み、そしてどのような風を吹き込むのかを目撃する機会となった。

　また、この夏を象徴する楽曲として、乃木坂46には39thシングル表題曲としてリリースされた「Same numbers」の存在がある。ツアー開幕の地、北海道・真駒内セキスイハイムアイスアリーナで初披露されたこの楽曲は、賀喜遥香がセンターを務め、従来の乃木坂46の“夏曲”とは大きく趣を異にした。これまでの「裸足でSummer」や「ガールズルール」といった爽やかで弾けるような楽曲とは違い、「Same numbers」は内省的で儚さを湛え、強いメッセージ性を持っている。そこには、かつての“乃木坂46らしい夏”という定型と季節を飛び超え、今の乃木坂46が“乃木坂46らしさ”そのものをあらためて問い直す姿が映し出されていたように思う。絶対的なエースがグループを引っ張る時代から、メンバーそれぞれの表現が絡み合うことでひとつの世界観を生み出す時代へ。その転換点を、この楽曲は象徴していると言える。

　地方公演では、新体制ならではの景色が生まれた。たとえば、香川ではグループとして初めての全体ライブを行い、JR四国グループとのコラボレーション企画を行うなど、地域との連携を深める新たな試みが行われた。地方ごとにファンとの距離を縮める工夫を取り入れ、乃木坂46が全国に根を張る存在であることを示したツアーでもあった。
乃木坂46が“最強のアイドルグループ”であり続ける証
一方で、神宮4DAYS公演には期待だけでなく、試練も孕んでいる。ドーム公演や神宮公演のチケットが即日完売するのがこれまでの常。今回の公演も、一般発売に伴って開放されたステージバック席を除いて全席が完売し、高い需要が示された。世代交代を経てなお、大規模な動員力を維持できているという事実は、グループが着実に次の時代へと歩みを進めている証であるのと同時に、乃木坂46が“最強のアイドルグループ”であり続けているとも言えるだろう。神宮のステージは、その力をあらためて証明する場となるはずだ。

　今回の神宮公演初日となる9月4日は、2016年に3期生が乃木坂46に加入した記念日でもある。彼女たちは加入9周年を迎え、活動10年目へと突入する。すでに1期生と2期生は全員卒業し、3期生がグループの先頭を行く存在となった。昨年5月に卒業した山下美月がかつて『乃木坂46 真夏の全国ツアー2021』で語った「乃木坂46は私たちが守り続けます」という言葉は、単なる決意表明ではなく、今の乃木坂46の現実そのものとなっている。今回の神宮公演は、グループの過去を継承しつつ、新しい未来へと進んでいく姿を象徴するステージに期待したい。

　『真夏の全国ツアー2025』は、6期生の登場と成長、新曲「Same numbers」が切り拓いた新たな表現を追い風に進んできた。そして、全国をまわる中で積み重ねてきた出来事が、すべて明日からの4日間に集約される。そこで観客が目にするのは、過去と現在と未来が交錯する“今”の乃木坂46の姿。活動10年目を迎える3期生、加入したばかりの6期生、そしてグループ全体で挑む新たな挑戦――。そのすべてを抱えた上で、神宮の空の下に立つ彼女たちは、きっと新しい景色を見せてくれるだろう。
川崎龍也",[],[]
癒し系3Dパズルゲーム『UMAMIパズル』が11月17日に発売決定　温もりあふれる世界観で心を整えよう（リアルサウンド）,https://news.yahoo.co.jp/articles/25f00272c5eecd6a6de2a7e64cbdd23bafed5dd5,https://newsatcl-pctr.c.yimg.jp/t/amd-img/20250903-00010026-realsound-000-1-view.jpg?exp=10800,2025-09-03T12:07:13+09:00,2025-09-03T12:07:13+09:00,リアルサウンド,realsound,リアルサウンド,696,"© 2025 Mimmox LLC. All rights reserved.
Nextingは、海外インディーゲームスタジオMimmoxが開発する3Dパズルゲーム『UMAMIパズル』を、11月17日に日本国内で発売することを発表した。すでに本作は、コントローラー対応デモ版がSteamにて公開中だ。
【画像】11月17日に発売決定となった食べ物×癒し3Dパズルゲーム『UMAMIパズル』
『UMAMIパズル』は、食べ物をモチーフとした心温まる3Dパズルゲーム。木のブロックを動かし、ファンシーでおいしそうな料理やスイーツのワンシーンを完成させることで、まるで“心の中のお弁当箱”を整えるような、やさしく穏やかな時間をプレイヤーへと提供する。

　手描きイラストをもとにした多数のパズルステージや、パズルの合間に登場する愛らしい動物たち、心地よいSEや操作感など癒やされる要素満載の本作。時間制限やミスの概念がなく、誰でもゆったり楽しめる設計となっているので、興味を惹かれた方はぜひデモ版をダウンロードのうえプレイしてみてはいかがだろうか。

■『UMAMIパズル』作品詳細
タイトル: 『UMAMIパズル』
対応プラットフォーム: Steam
言語（字幕）: 日本語、英語、フランス語、イタリア語、ドイツ語、スペイン語、韓国語、ポーランド語、ロシア語 、中国語（簡体字）、トルコ語、ウクライナ語など
ディベロッパー：Mimmox
パブリッシャー（国内）：Nexting
ジャンル: パズルゲーム
プレイ人数: 1名
価格: 未定
発売日: 2025年11月17日（月）
リアルサウンド編集部",[],[]
古川琴音、『あんぱん』ラストを彩る重要キャラに　「参加できることを幸せに思います」（リアルサウンド）,https://news.yahoo.co.jp/articles/da2bcf7d0421551d945f5568eb62294f265dc258,https://newsatcl-pctr.c.yimg.jp/t/amd-img/20250903-00010025-realsound-000-1-view.jpg?exp=10800,2025-09-03T12:03:59+09:00,2025-09-03T12:03:59+09:00,リアルサウンド,realsound,リアルサウンド,1095,"『あんぱん』写真提供＝NHK
NHK連続テレビ小説『あんぱん』に古川琴音が出演することが発表された。

　朝ドラ第112作目となる本作は、『アンパンマン』を生み出したやなせたかしと小松暢の夫婦をモデルとした勇気の物語。実在の人物である2人をモデルとするが、登場人物名や団体名などは一部改称して、フィクションとして描かれる。脚本は、NHK連続テレビ小説『花子とアン』、NHK大河ドラマ『西郷どん』などを手がけた中園ミホが担当する。
【写真】『アンパンマン』の絵本を持っている星子（古川琴音）
古川が演じるのは、柳井のぶ（今田美桜）の茶道の弟子・中尾星子。アンパンマンの魅力に早くからほれ込むようになる。

　『エール』（2020年度前期）以来の朝ドラ初出演となる古川は、本作の出演に際して「大好きで見続けてきた本作に、まさか自分が出演できるなんて……しかも物語のラストを彩る大切な役をいただき、震えるような気持ちでいっぱいです」とコメントを寄せている。

　制作統括の倉崎憲は、「連続テレビ小説『エール』でご一緒して以来、古川さんの純粋なまなざし、不思議な存在感にひかれ、今作でもどこかでご一緒させていただきたいとずっと願っていました」と起用理由を明かしている。

コメント
●古川琴音（中尾星子役）
大好きで見続けてきた本作に、まさか自分が出演できるなんて……しかも物語のラストを彩る大切な役をいただき、震えるような気持ちでいっぱいです。私が演じる中尾星子さんは、やないさんとのぶさんを最後まで支え、2人の想いを引き継ぎアンパンマンを次の世代へ繋げている方。のぶさんに「嵩に似ている」と言われる場面が心に残ります。純粋にアンパンマンを愛し、不器用でも地味でも揺るがない芯を持つその姿に、私自身も励まされながら撮影に臨んでいます。温かいチームの中で、この物語に心を込めて参加できることを幸せに思います。

●倉崎憲（チーフ・プロデューサー／制作統括）
今の時代もアンパンマンが愛され続けているのは、アンパンマン自体の魅力はもちろんですが、やなせ夫婦の思いを受け継ぎその魅力を全国の子どもたちに伝え続けている方々がいるからこそではないでしょうか。古川琴音さんには、やない夫婦の意志を受け継いでいく中尾星子役を担っていただきます。連続テレビ小説「エール」でご一緒して以来、古川さんの純粋なまなざし、不思議な存在感にひかれ、今作でもどこかでご一緒させていただきたいとずっと願っていました。
「あんぱん」の放送も残り1か月をきりましたが、最後まで見届けていただけますと幸いです。
リアルサウンド編集部",[],[]
【漫画家に聞く】極道を束ねるのはもふもふのたぬき？　強面の男とのギャップもかわいい『ごくたぬ』（リアルサウンド）,https://news.yahoo.co.jp/articles/5072fb1c7487aba9e1d2c3ab7581352fc4a98ada,https://newsatcl-pctr.c.yimg.jp/t/amd-img/20250903-00010024-realsound-000-1-view.jpg?exp=10800,2025-09-03T11:51:30+09:00,2025-09-03T11:51:30+09:00,リアルサウンド,realsound,リアルサウンド,1370,"『ごくたぬ』（一膳ほの）
たぬきが集まる極道一家の五代目は年端もいかぬ男の子。幼い跡目の教育係になった人間の男は、内気な五代目の振る舞いに不安を覚えるも……。
【画像】怖……くない？　もふもふ極道漫画『ごくたぬ』
少年たぬきの奮闘がキュートな漫画がXにアップされた。本作は「くろふねピクシブ」（リブレ）に掲載された、漫画『ごくたぬ』の第一話だ。今回は本作の反響やこだわりについて、著者の一膳ほの氏（@ichizen_hn）に話を聞いた。（青木圭介）

ーー本作を創作した経緯を教えてください。

一膳ほの：かわいいモノを、ギャップとともに楽しめる作品を描きたいなと思ったのがきっかけでした。かわいいだけではない少しスパイスが効いた漫画にしたくて、たぬきと極道を掛けあわせてみようと創作を始めたんです。

ーーコミックス第1巻発売当時の反響はどうでしたか？

一膳ほの：実は私、本作の単行本が発売した直後に脳腫瘍が発覚し手術をしているんです。そこで読者さんからお手紙をいただいて、デビュー作なのにと非常に驚いたのを覚えています。病室で『ごくたぬ』を読んでくれた方からの手紙を読み、泣きました。退院した後も、漫画を描き続けたいと思いましたね。デビュー作であり温かい言葉もいただけた本作は、私にとって特別な作品です。

ーーキャラクターを描くうえで大切にしていることは？

一膳ほの：本作ではやっぱり“かわいい”をとても大切にしていて、蕗くんを描く際の子供らしい丸っこさなんかは意識していました。強面な吾朗さんの、ギャップのかわいさも楽しんでもらえてたら嬉しいです。また動物を描くのが好きで、動物もかわいいと思ってもらえるよう頑張って制作しました。

ーー動物を描く際のこだわりはありますか？

一膳ほの：私は毛を一生懸命描くようにしています。絵で描いた動物には触れないし、モフモフ感が伝わりづらいじゃないですか。私自身犬を飼っていたんですけど、やっぱり本物の動物の毛並みは格別なんですよね。それができる限り伝わるよう、モフモフ描きました。

ーー本作のなかで一膳ほの氏自身が気に入っているポイントは？

一膳ほの：一目で興味を持ってもらいたかったので、1ページ目をどうしようかすごく悩んだのを覚えています。蕗くんの少年らしいかわいさを出しながら、2ページ目にかけて子供っぽいかわいい動きを描けたのが気に入っています。

ーー一膳ほの氏が漫画を描き始めたきっかけを教えてください。

一膳ほの：両親が漫画が好きだったので、小さい頃から家にはたくさん漫画がありました。絵を描くのが好きだった母の影響もあり、絵も小さい頃から描き始めましたね。小学生くらいのときから自由帳に漫画を描いていて、友達に見せていました。そのときの友達が本当にいい子ばかりで、誰も否定せずに褒めてくれたのがとても嬉しかったので、絵を好きで描き続けられたのは周りに恵まれたのも大きかったと思います。

ーー最後に、今後はどのような漫画を描きたいですか？

一膳ほの：描きたい題材や設定はたくさんあるのですが、共通して心が温まるような優しいお話を描いていきたいです。せっかく時間を使って読んでいただいた方に、「読んでよかった」と思ってもらえる作品を描けたら嬉しいですね。
青木圭介",[],[]
エドワード・ヤン監督作『ヤンヤン 夏の想い出』4Kレストア版、12月9日公開決定（リアルサウンド）,https://news.yahoo.co.jp/articles/9bec902654b6e4cb85328a2c72d45bdb0ea8404c,https://newsatcl-pctr.c.yimg.jp/t/amd-img/20250903-00010023-realsound-000-1-view.jpg?exp=10800,2025-09-03T11:00:44+09:00,2025-09-03T11:00:44+09:00,リアルサウンド,realsound,リアルサウンド,720,"『ヤンヤン 夏の想い出』©1+2 Seisaku Iinkai
エドワード・ヤン監督作『ヤンヤン 夏の想い出』の4Kレストア版が、12月9日に公開されることが決定した。
【写真】『ヤンヤン 夏の想い出』場面カット
2000年に公開されたエドワード・ヤン監督の『ヤンヤン 夏の想い出』。今回のレストア版は、第78回カンヌ国際映画祭カンヌクラシック部門のオープニング作品として上映された。

　学生のヤンヤンは、コンピュータ会社を経営する父、そして母、姉、祖母と共に台北の高級マンションで幸せを絵に描いたような暮らしをしていた。だが母の弟の結婚式を境に、一家の歯車は狂いはじめる。祖母は脳卒中で入院。父は初恋の人にバッタリ再会して心揺らぎ、母は新興宗教に走る。そして父は、行き詰まった会社の経営を立て直すべく、天才的ゲーム・デザイナー大田と契約するため日本へと旅立つのだが……。

　台湾ニューシネマの巨匠として知られるエドワード・ヤンは、1982年の『光陰的故事』で監督デビュー後、『台北ストーリー』（1985年）、『恐怖分子』（1986年）、『クーリンチェ少年殺人事件』（1991年）といった作品を世に送り出し、国際的な評価を確立した。そして彼の“最後の完成作”として知られる『ヤンヤン 夏の想い出』は、2000年に開催された第53回カンヌ国際映画祭にて監督賞を受賞。その後、アメリカやフランスをはじめとする欧米各国で高い評価を受け、今日まで世界中のフィルムメーカーや映画ファンに影響を与え続けている。

　あわせて公開された特報映像には、映画の冒頭の結婚式のシーンと、少年ヤンヤンとその家族の様子が映し出されている。
リアルサウンド編集部",[],[]
高瀬隼子『うるさいこの音の全部』が川床明日香主演で映画化　「胸をときめかせています」（リアルサウンド）,https://news.yahoo.co.jp/articles/cb8150e52b3c827269ed60e25fdf988ab1aa62e2,https://newsatcl-pctr.c.yimg.jp/t/amd-img/20250903-00010022-realsound-000-1-view.jpg?exp=10800,2025-09-03T10:55:13+09:00,2025-09-03T10:55:13+09:00,リアルサウンド,realsound,リアルサウンド,2190,"川床明日香
高瀬隼子の小説『うるさいこの音の全部』（文藝春秋）が、川床明日香主演で映画化されることが決定した。
【写真】川床明日香インタビュー撮り下ろしカット
芥川賞作家・高瀬の小説『うるさいこの音の全部』で描かれる人間模様を、映画ならではの表現で再構築した本作。ゲームセンターで働く主人公・長井朝陽が、ペンネーム・早見有日として小説家デビューし文学賞を受賞すると、世の中に早見有日が注目され、朝陽自身が兼業作家であったことも職場、友人、地元にも知れ渡るようになっていく。そこから周囲の朝陽に対する接し方が少しずつ変化し、次第に小説の世界が現実を侵食し始めていく。

　NHK連続テレビ小説『虎に翼』のほか、現在公開中の映画『長崎―閃光の影で―』などに出演する川床が、主人公・朝陽を演じる。

　今回結集した映画制作チームは「小説内で描かれている主人公の感情の繊細な動きを、主人公が出会う人物たちとのコミュニケーション（あるいはコミュニケーション不全）を通して表現し、そのうえで映画というフォーマットにおいて、この物語を構築することで生まれる新たな化学反応を多くの方に観ていただきたい」という強い決意のもと、映画化に踏み切った。

　監督を務めるのは、『ぬけろ、メビウス!!』（2023年）の加藤慶吾。脚本は、『ぬけろ、メビウス!!』でも加藤監督とタッグを組んだ村上かのんが担当する。

　今回の映画化にあたって、原作者の高瀬は、「自分の書いた小説が映像化するのは初めてで、人物が、物語が、スクリーンの中でどのように息をするのか、全然想像できなくて、すごく楽しみです」とコメント。本作が初主演作品となる川床は、「同じであるのに違う自分への違和感たちをどう映像に映し出せるのだろうと今から胸をときめかせています」と決意を述べた。

　また、本作のクラウドファンディングも開始予定で、集まった資金は、製作費を中心に充てられ、宣伝・広報費、そして支援者へのリターンに充当される。

　映画『うるさいこの音の全部』は2025年秋に撮影を開始し、2026年冬の公開を目指し、現在鋭意制作が進められている。

コメント
●高瀬隼子（原作）
思春期の頃の「ほんとうの自分ってなんだろう」という悩みを、成長するにつれ、「青くさい」と笑って、なかったことにしましたが、結局はずっと捕らわれ続けているのかもしれません。
こう見られたい自分、そう見られてしまう自分、意識している自分と、意識されている自分。
自分にとってのわたしと、他者にとってのわたしを、イコールでまっすぐ結べないことが、時々叫び出したくなるほどくるしいです。
この物語を書いたのは、そういった「くるしい」が頭の中でがんがん鳴り響き、うるさくてたまらなかった時でした。
自分の書いた小説が映像化するのは初めてで、人物が、物語が、スクリーンの中でどのように息をするのか、全然想像できなくて、すごく楽しみです。

●川床明日香（長井朝陽役）
脚本を読んでみて、
仕事をしている私と生活している私。同じであるけど違う。
私はこれまでにそのことについて何度考えを巡らせたのだろうと思いました。
でもそれは家族や友達といる時の自分、学校や会社での自分といったどんな人も感じたことのあるものなのではないのかと思います。
同じであるのに違う自分への違和感たちをどう映像に映し出せるのだろうと今から胸をときめかせています。
撮影はこれからではありますが、皆様に素敵な作品を届けられるのではないだろうかと確かに感じています。初主演、身が引き締まる思いです。
これまでとこれからの全てに感謝して長井朝陽を生きていきます。よろしくお願いします。

●加藤慶吾（監督）
高瀬隼子さんの書く物語に心から引き込まれ、そして出会ったのが『うるさいこの音の全部』。自分なんかがこの作品を映画化することを考えていいものか・・・映画化するには難易度が高すぎやしないか・・・と逡巡しましたが、頭に駆け巡る映像をどうしても形にしたいという初期衝動から、この企画を立ち上げました。
個人的な話になりますが、私は平日日中に会社員をしながらの映画監督です。そんな自分だからこそ、主人公・朝陽の置かれた境遇に深く共感し、その感情をよりリアルに描けるのではないかと信じています。
この作品のテーマに共鳴してくれた、素晴らしいキャスト・スタッフの方々と共に、秋からの撮影に向けて準備を進めています。本作と向き合えるかけがえのない時間を噛み締めながら、皆様に届けられる日を楽しみに、撮影を進めていきたいと思います。

●村上かのん（脚本）
主人公は「小説を書いている人」から「小説家」になったことで、外野からのうるさい音と自身の中で生じる軋轢音に戸惑います。耳を塞ぎたくなるそれらの音は、新しいステージや節目において誰しもが感じるものなのかもと思ったりします。受け入れると諦めるは似て非なるもの。絡みつく音の中でもがく主人公を応援してください。
高瀬さんからお預かりした大切な物語を壊さないことを第一に、映画には映画の味付けをしました。小説を先に読んでいらっしゃっても、映画を先にご鑑賞になっても、どちらも楽しめる作品になっています。リバーシブルで味わってください。
リアルサウンド編集部",[],[]
柿澤勇人、『トリツカレ男』で声優初挑戦　Awesome City Clubの主題歌流れる本予告も（リアルサウンド）,https://news.yahoo.co.jp/articles/3261f2464c3556d889650a09f8226e2d2d6f0597,https://newsatcl-pctr.c.yimg.jp/t/amd-img/20250903-00010021-realsound-000-1-view.jpg?exp=10800,2025-09-03T10:00:37+09:00,2025-09-03T10:00:37+09:00,リアルサウンド,realsound,リアルサウンド,2732,"（左から）柿澤勇人、（上段左から）山本高広、川田紳司（下段左から）、水樹奈々、森川智之 ©2001 いしいしんじ／新潮社 ©2025映画「トリツカレ男」製作委員会
11月7日に公開されるミュージカルアニメーション映画『トリツカレ男』の本ビジュアルと本予告が公開され、追加声優として柿澤勇人、山本高広、川田伸司、水樹奈々、森川智之の出演が発表された。
【写真】アフレコに挑戦する柿澤勇人
長年多くのファンから愛されている、いしいしんじによる短編小説『トリツカレ男』（新潮文庫刊）をミュージカルアニメーションとして映画化する本作。『映画クレヨンしんちゃん ガチンコ！逆襲のロボと一ちゃん』の髙橋渉が監督を務め、『サマーフィルムにのって』の三浦直之が脚本を手がける。

　主人公・ジュゼッペ役をAぇ! groupの佐野晶哉、ジュゼッペが恋に落ちる風船売りのペチカを上白石萌歌がそれぞれ演じる。

　佐野と上白石が歌う劇中歌を制作したのは、Awesome City Clubのatagi。映画音楽を手がけるのは初となるatagiが、劇中歌5曲と一部劇伴を担当した。また、主題歌はAwesome City Clubが本作のために書き下ろした「ファンファーレ」に決定した。

　声優初挑戦となる柿澤が演じるのは、ジュゼッペの頼れる相棒で、ジュゼッペとペチカの仲を取り持つために奔走するハツカネズミのシエロ。そのほか、ジュゼッペとペチカが住む街のギャングで、ツイストダンスを愛するド派手な性格のツイスト親分を山本、ツイスト親分のライバル・サルサ親分を川田、病気の治療のため入院しているペチカの母を水樹、外国で子どもたちにアイスホッケーを教える、学校の先生タタンを森川がそれぞれ演じる。

　公開された本予告の冒頭では、何にでも夢中になる“トリツカレ男”のジュゼッペがペチカと出会い、恋する様子が映し出されている。しかし、ペチカの笑顔にはどこかくすみがあることに気づいたジュゼッペ。映像中盤では、1枚の写真が映し出される。そこには優しく微笑むタタンの姿が。ペチカの本当の笑顔を取り戻すため必死に奮闘するジュゼッペに「君はバカだ！　世界一のバカだ！」と何かを必死で訴えかけるシエロの叫びや、ジュゼッペの名を呼びながら必死に走るペチカ、最後にはペチカへの一途な気持ちを大声で叫ぶジュゼッペが映し出される。

　本予告の前半はジュゼッペとペチカが出会った高揚感を表現した、佐野と上白石が歌う劇中歌「ファンファーレ～恋に浮かれて～」が使用され、後半には歌詞とアレンジがリライトされたAwesome City Clubが歌う主題歌「ファンファーレ」が使用されている。両楽曲を制作したAwesome City Clubのatagiは、「主題歌は全ての方への人生讃歌になればという想いで作らせていただきました」とコメントした。

　あわせて公開された本ビジュアルには、寂しげな表情を浮かべるペチカと、様々なものに“トリツカレた”ジュゼッペがペチカの笑顔のために奮闘する姿が描かれている。また、キャッチコピーには「きみの笑顔のためなら、なんだってできる」とジュゼッペの心境が表現されている。

　9月30日には、世界最速で本作が観られるプレミア上映会の開催が決定した。

コメント
柿澤勇人（シエロ役）

この度、自身初となるアニメーション映画の声を担当させていただきました。
右も左も分からない僕を手取り足取りサポートしてくださった温かいチームに感謝しています。
僕の演じたシエロは相棒であるジュゼッペの幸せを常に願い奔走するネズミくんです。
佐野さんの可愛くて天真爛漫なジュゼッペとのやり取りは今でも良い思い出です。
この作品は登場人物みんなが大切な誰かを想い、愛を注ぐ物語です。
きっと観終わった後には心が温かくなっていると思います。素晴らしい音楽と共に楽しんでいただけたら幸いです！

山本高広（ツイスト親分役）

ツイスト親分は、ギャングの親分っていうくらいなので、怖いイメージを持っていましたが、コミカルな面白い親分を演じられたんじゃないかと思います。「親分って言っておきながら、こんなにも人間味のある優しいおじさんなんだ。めちゃくちゃ面白いじゃん！」みたいなのを、皆さんに楽しんでいただければ。
実は親分も歌唱シーンがありまして、洋楽の、ロックな感じのツイスト効いている歌を、前半は少し怖い感じを残しつつ、歌も低めに歌って、後半ははっちゃけて歌いあげました。
この映画を通して、人に優しくしたくなる、優しい気持ちを思い出してくれたら嬉しいです。

川田紳司（サルサ親分役）

いただいた台本を読み進むうち、とても温かく優しさに溢れた物語に、すっかりトリツカレてしまいました。
『トリツカレ男』ジュゼッペの驚異的な行動力には本当に脱帽です。
ツイスト親分のライバルであるサルサ親分もまたエネルギッシュな漢なので、迫力満点のアクションシーンを全力体当たりで楽しく演じさせていただきました。
何かに夢中になることの大切さ、美しさ。
みなさん、ジュゼッペの起こす奇跡をぜひ劇場でご覧になってください。

水樹奈々（ペチカの母役）

喉の病気を患っていて、咳が止まらず、儚げなイメージがありますが、実はとてもファンキーなお母さん！
全ての台詞がとても個性的なので、伸び伸びと楽しみながら演じさせていただきました。
全力で人を想うピュアな気持ちに溢れた、心温まる作品になっていますので、ぜひご家族やお友達、大切な人と一緒に観ていただけたら嬉しいです！

森川智之（タタン役）

とても良いものが出来そうな感じがして、アフレコをしている段階で「思い入れのある作品」になっていました。私が演じたタタンは、包容力があって、大人の男性で、僕から見ても「ちょっと惚れちゃうな」っていうくらいとても素晴らしい方。彼の人間性だけでも涙腺が緩む感じ。優しい男です。
人との繋がり、絆を見せてくれる作品です。色んな世代の方が観ても楽しめるし、いつまでも見ていられる映画になるのではないかと思います。ぜひ大きなスクリーンで、ご覧ください！

atagi（主題歌担当／Awesome City Club）

完成した作品を拝見し、何十年も愛される温かく優しい作品だと感じました。
主題歌「ファンファーレ」は、作中のジュゼッペやペチカへ、というのはもちろん、全ての方への人生讃歌になればという想いで作らせて頂きました。
映画公開までのワクワクを、ぜひ私たちと一緒に楽しんでいただけると嬉しいです。
リアルサウンド編集部",[],[]
都会でもマンションでもできる自給自足が人気　はたあきひろ『コップひとつからはじめる 自給自足の野菜づくり百科』（リアルサウンド）,https://news.yahoo.co.jp/articles/f8f50beb46b1c2b35f6870a6ba469077645e1ad2,https://newsatcl-pctr.c.yimg.jp/t/amd-img/20250903-00010020-realsound-000-1-view.jpg?exp=10800,2025-09-03T09:10:10+09:00,2025-09-03T09:10:10+09:00,リアルサウンド,realsound,リアルサウンド,1066,"『コップひとつからはじめる 自給自足の野菜づくり百科』はたあきひろ（内外出版社）
野菜づくり講師はたあきひろの『コップひとつからはじめる 自給自足の野菜づくり百科』（内外出版社）が話題となっている。
【画像】はたあきひろの始めやすい野菜作りのコツ
昨今、物価高や連日暑さが厳しい影響から、野菜の価格が高騰し、旬の夏野菜までも収穫が少なく、例年よりも価格が上がっている。その影響もあり、家庭菜園の人気が復活。それに伴い、野菜づくり講師はたあきひろの『コップひとつからはじめる 自給自足の野菜づくり百科』『ペットボトルからはじめる水耕栽培とプランター菜園』が話題に。都会でもマンションでも、今、住んでいる場所で、自給自足的な暮らしをスタートさせることができる実用書だ。

　実際に街暮らしをしながら自給自足的な暮らしを送る著者が、レッスン形式で野菜づくりのノウハウを豊富なイラストでわかりやすく解説している。最初のステップは、コップひとつでネギの水耕栽培をはじめること。そして、プランターでネギを育て、次に、プランターで様々な野菜の家庭菜園を楽しみ、庭で、やがて畑で、と少しずつステップアップしていける。このレッスンを一歩ずつクリアしていけば、夢の自給自足暮らしが実現できる、今までにない、始めやすい野菜作りを紹介している書籍となっている。

　9月からはイベント『「NHKテレビ講師 はたさん」とはじめる～プランター菜園のある心豊かな暮らし～』も開催される。これまで15年間、NHKのテレビ番組で家庭菜園の講師を担当しながら都市近郊での自給自足を実践する“農的暮らし”の専門家と、日常の中で「買う」から「つくる」へと人生の選択肢が増えることを提唱する編集者が、実演を交えながらオンラインで指導する連続セミナー。セミナー期間中は、講師自らSNSで各自の質問にすべて応える。

■著者プロフィール
はたあきひろ
1967年生まれ。奈良市で家族5人分のお米と野菜を作り、自給自足生活を実践している。大手住宅メーカーの研究所や本社に23年間勤めた後、独立。現在は人と人、人と自然のつながりを大切にし、毎日丁寧に暮らすことを提案する「庭暮らし研究所」の代表。NHK総合テレビ「ぐるっと関西おひるまえ」では、野菜づくり講師として出演。NHK出版WEB「みんなの趣味の園芸」でブログ発信。著書に「現役サラリーマンの自給自足大作戦」（家の光協会）、「ペットボトルからはじめる水耕栽培とプランター菜園」（内外出版社）がある。
リアルサウンドブック編集部",[],[]
『鬼滅の刃』時透無一郎役・河西健吾、アニバーサリーブック『パンパンですが、何か？』（リアルサウンド）,https://news.yahoo.co.jp/articles/d7a46f52f325ed2e1fbd4b6ea81b0c948de218b2,https://newsatcl-pctr.c.yimg.jp/t/amd-img/20250903-00010019-realsound-000-1-view.jpg?exp=10800,2025-09-03T08:48:58+09:00,2025-09-03T08:48:58+09:00,リアルサウンド,realsound,リアルサウンド,479,"河西健吾
河西健吾の40歳を記念したアニバーサリーブック『パンパンですが、何か？』（イマジカインフォス）が8月29日に発売された。
【写真】河西健吾のブロマイド、アクスタなど法人別購入特典も
TVアニメ『鬼滅の刃』時透無一郎役、『怪獣8号』保科宗四郎役、『機動戦士ガンダム鉄血のオルフェンズ』三日月・オーガス役などで知られる声優・河西健吾。

　表紙は全3種類。【通常版】はシンプルな衣装も相まって、飾らない、ナチュラルな表情を。【アニメイト版】はフォーマルなスーツに身を包み、ほほ笑む姿が紳士を思わせる1枚。【インフォスクエア版】は、ネコとの共演で柔らかな表情を見せるオフモードの河西が収められている。

　本書のタイトル「パンパンですが、何か？」は、筋トレ好きで定期的にトレーニングの動画をSNSに投稿している河西を知っている人ならクスっと笑えるワードとして本人が考案。

　10月19日（日）、11月16日（日）にはアニメイト・ゲーマーズでの購入者を対象に発売記念イベントを開催。各法人別特典・限定セットも用意されている。
リアルサウンド ブック編集部",[],[]
ラウールほど美しく画面に収まる俳優はいない　“泥中の蓮”そのものの『愛の、がっこう。』（リアルサウンド）,https://news.yahoo.co.jp/articles/d81fdc85392f8e083b8dd1be86e191181d181233,https://newsatcl-pctr.c.yimg.jp/t/amd-img/20250903-00010018-realsound-000-1-view.jpg?exp=10800,2025-09-03T08:31:00+09:00,2025-09-03T08:31:00+09:00,リアルサウンド,realsound,リアルサウンド,2862,"『愛の、がっこう。』©︎フジテレビ
フジテレビ系で放送中のドラマ『愛の、がっこう。』は、決して過度にセンチメンタルに作られてはおらず、井上由美子の脚本はむしろ冷徹かつ内省的でさえあるが、視聴者の感情を激しく揺さぶってやまない。主演のふたり、木村文乃とラウール（Snow Man）の演技がなんと言ってもすばらしい。特にラウールにとって、新宿歌舞伎町のホスト・カヲル役は俳優キャリアを大きく変えるものとなった。
【写真】カヲル（ラウール）の珠玉のセリフがちりばめられた最も感動的な第6話
私はちょうど1年前、当サイトにラウールへのオマージュを寄稿した（ラウールは日本映画の閉塞性を打破するメルクマールになる　若きカリスマが放つもの）。そこではラウールの2本の主演映画『ハニーレモンソーダ』（2021年）、『赤羽骨子のボディガード』（2024年）に対して「物足りなさを感じている」と書き、さらに「生身の人間としての手応えはあまり感じられない」、「ラウールがこれから歩むべき道は、もっと別なところにあるように思えてならない」と率直に注文をつけた。にもかかわらず、拙稿に対してファンの方々からは苦情や反論は皆無であるばかりか、温かい感想をたくさんいただいた。ラウールは本当にすばらしいファンダムに囲まれているのだなと思い知った。

　拙稿の中で私は次のようにも書いて、それを結論とした。「身長192センチという恵まれた身体能力を使って、生身の人間を、その人の生活を、その人の愛を、喜びを、苦悩を、日常に溶け込む姿を、画面という画面に刻み込んでほしい。そして、ラウールという特別な存在を、リアリズム映画の登場人物として難なく使いこなしてしまう映画監督が登場してほしい」と。手前味噌な話で恐縮であるが、『愛の、がっこう。』の製作者たちは拙稿を読んでくださったのではないか、などと他愛ない邪推をしてしまうほどだ。売れっ子ホストのカヲル、本名・鷹森大雅という役はまさしく「恵まれた身体能力を使って、生身の人間を、その人の生活を、その人の愛を、喜びを、苦悩を、日常に溶け込む姿を、画面という画面に刻み込んで」いるのである。

　ホストクラブでダンスに勢い余って転倒するラウール。「第二百人町ビル」の屋上に冗談めかして現れるラウール。女子高校の校門の鉄格子を鷲摑みして「先生と俺のあいだには、高っけえ壁があんのよ」と訴えるラウール。三浦海岸の砂浜で少しスキップ気味に、砂に棒切れで「先生げんきでな」と書くラウール。顔のアップから全身ショットへ。あらゆるサイズのショットがこれほどまでに美しく画面に収まる俳優はどこを探してもいない。

　本原稿執筆時点で第8話まで放送済みだが、中でも「第6話：二人だけの遠足」がカヲルの珠玉のセリフがちりばめられた最も感動的な回であった。西谷弘の演出も精彩を放っていた。カヲルは生まれつきディスレクシア（dyslexia＝識字障がい）を持つ青年として描かれる。この障がいのために親にネグレクトされ、小学校も中学校もほとんど登校できなかったカヲルに、愛実（木村文乃）が「学校、行きたかった？」と訊ねる。するとカヲルの答え――。

「学校行きたかったか？って訊かれたこと、1回もなかった」

　この答えには、貴方だけが自分の孤独を理解したのだという訴えが込められている。カヲルの人生はこれまで、当たり前のことが当たり前ではなかったのである。そしてその質問は愛実自身の欠落と失調をも照射しているだろう。カヲルと愛実は、欠落と失調がことごとく同期することによって、たがいに惹かれていく。三浦海岸でのデートは、教師とホストという元来は接点のあるはずもないふたりにとって、この日を最後と別離を覚悟して決行された。

「遠足って、夜までないよな」
「普通はね」

　遠足に夜はない、と言いながらも、彼らは精神の夜を見つめている。陽の当たる道から逸脱したことの苦悩と甘美さの両方を噛みしめている。They live by night.（彼らは夜に生きる）

「最悪の逃避行ね」
「でも最悪が楽しいんだよ、きっと」

　最悪の逃避行。でも最悪が楽しい、きっと。ホストと名門女子高の教師の禁断の愛。まるでその構図はある日本映画を――キャバレー社長（田宮二郎）とエリートサラリーマンの妻（若尾文子）の禁断の愛を、ギリシャ悲劇のような格調で描いた増村保造監督の『「女の小箱」より 夫が見た』（1964年）を――彷彿とさせる。愛実の婚約者・洋二（中島歩）の狼狽ぶりは同作における若尾文子の夫（川崎敬三）を思い出させ、父親（酒匂芳）の過剰なまでに封建的かつ家父長的態度も同様である。だとするなら『愛の、がっこう。』も、『「女の小箱」より 夫が見た』のように凄惨な悲劇に終わってしまうのだろうか？
間違った書き順で文字を書く。この身ぶりがこのドラマを象徴している。間違ったなりに、線と点をしたため、一字一句がかろうじて相手に到達する。しかし、その完了をもっていさぎよしとはせずに、書き順の訂正をおそるおそる図るがゆえにもがくことになる。砂浜に棒切れで書いた「先生げんきでな」に、愛実が句読点を書き足し、「先生、げんきでな。」と完成させる。「これは読点。文章が続くときに使います。こっちは句点。文章を終わらせるときに使うの」。愛実とカヲルは、なんども句点の「。」を打っては、また文章を書き繋ぐために「。」を「、」で上書きしてやまぬ存在だ。「愛は情け容赦がない」から。

　愛実とカヲルは先生と生徒という関係である。しかしそれは倒置されうる関係であって、愛については、そして生きる心意気については、カヲルが愛実をおのずと薫育しているのである。手ほどきの相互性は、リチャード・ブルックス監督『暴力教室』（1955年／主題歌「ロック・アラウンド・ザ・クロック」で有名）における熱血教師と不良生徒で結ばれていく友情に通じるものがある。『暴力教室』はニューヨーク・ブルックリンの荒廃した高校が舞台だった。「掃き溜めに鶴」という成句があるが、リチャード・ブルックス監督は「掃き溜めに鶴」を痛みを伴いながらも描き切っていた。

　カヲルは突如として貝のように心を閉ざして、愛実の心中に冷水を浴びせることも少なくない。環境による長い馴致は簡単には緩むことはなく、お人好しだけでは済むはずもない。その頑なさをラウールはみごとに体現する。「蓮は泥中にあっていさぎよし」という成句もある。夜の世界で妖艶に輝きを見せ、また、真っ白な蓮の花のように清廉な一面も見せる。このドラマでは意図的に白い衣裳を着用することが多いように思える。だからよりいっそうラウールの現在形は「泥中の蓮」としてあるように思える。まさに「恵まれた身体能力を使って、生身の人間を、その人の生活を、その人の愛を、喜びを、苦悩を、日常に溶け込む姿を、画面という画面に刻み込」む姿が、そこにある。
荻野洋一",[],[]
『バレリーナ』“殺し屋少女”ならではの戦闘が痛快　アナ・デ・アルマスの大立ち回りを分析（リアルサウンド）,https://news.yahoo.co.jp/articles/d7bac9d7c7e44626e03c53a5ce6c0e35ab2182ae,https://newsatcl-pctr.c.yimg.jp/t/amd-img/20250903-00010017-realsound-000-1-view.jpg?exp=10800,2025-09-03T08:30:46+09:00,2025-09-03T08:30:46+09:00,リアルサウンド,realsound,リアルサウンド,2788,"『バレリーナ：The World of John Wick』®TM&©2025 Lions Gate Entertainment Inc. All Rights Reserved.
『ジョン・ウィック』シリーズのスピンオフとして制作された『バレリーナ：The World of John Wick（以下、『バレリーナ』）』は、運命に翻弄されて殺し屋となっていく少女の物語だ。殺し屋養成機関に放り込まれ、訓練を経てただの少女から殺し屋に変貌していく過程をしっかり観せてくれる序盤部は、『ニキータ』（1990年）や『悪女/AKUJO』（2017年）を思い出す。ともに、女殺し屋ものの名作だ。
【写真】イヴの戦闘IQが高すぎる（15枚）
父を謎の殺人教団に殺され、孤児となったイヴ（アナ・デ・アルマス）を殺し屋の道に導いたのは、ニューヨーク・コンチネンタルホテルの支配人、ウィンストン（イアン・マクシェーン）だ。つれていったのは、暗殺者とバレリーナを養成する組織、ルスカ・ロマである。ウィンストンは、シリーズ全作を通してジョン・ウィック（キアヌ・リーブス）の良き理解者だ。ルスカ・ロマは、かつてジョン・ウィック自身が所属した組織であり、言わばイヴはジョンの後輩にあたる。

　また、シリーズ3作目『ジョン・ウィック：パラベラム（以下、『パラベラム』）』（2019年）で、ジョン・ウィックが古巣、ルスカ・ロマを訪れるシーンがある。本作において、イヴはその際にジョンと接点があったことが描かれている。ついでに、ジョンが焼印を押されて苦悶する場面ものぞき見していた。本作は、『パラベラム』の頃の物語であることがわかる。

　実はいい人のウィンストンがつれていっただけあって、ルスカ・ロマも殺し屋養成機関としては“人情派”な組織に思える。まだ幼いイヴがつれてこられたとき、教官役のノギ（シャロン・ダンカン＝ブルースター）が終始悲痛な表情をしていたことが、印象に残っている。殺し屋の道を進むかわいそうな子供が、また一人増えるのね……。もう慣れっこであるはずなのに、彼女は新しい子供が来るたびにこんな顔をするのだろうか。だとしたら、そもそもこの仕事には向いていないのではないか。いい人すぎる。この性格なら、任務失敗などで元・教え子が死ぬたびに、泣いているのではないか。やはり転職したほうが……。

　こんな組織だから、辞めたくても辞めさせてもらえないのではないか。そう反論されそうだが、そうでもないようだ。練習生時代のイヴと仲の良かったタティアナという少女が、「殺し屋に向いていない」という理由で突然クビになる。闇組織の話なので、当然粛清されたと思っていた。だが後に、「タティアナ」という演者が出ている“表”のバレエ公演を、イヴが観ているシーンがさり気なく描かれている。あのタティアナとこのタティアナが同一人物なら、辞めた後に表舞台に出るような職についてもお咎めなしということだ。かなりホワイトな殺し屋組織である。

　訓練風景もホワイトである。昔から映画や漫画などで描かれてきた殺し屋組織の訓練と言えば、文字通り命がけで行われ、ついてこれない者は死ぬ。そして生き残った一握りの精鋭だけが、プロの殺し屋として現場に出る。このようなパターンが多かった。だがルスカ・ロマは違う。拳銃を使った模擬戦闘では、殺傷力のないゴム弾を使う。格闘術の訓練は、ロシアの軍隊格闘術でもあるコンバット・サンボをベースとしているようだ。スパーリング風景を見ても、殺し合いで有効そうなエグい技術は使わず、スポーツ格闘技の範疇で行われている。安全管理がしっかりしている。ホワイトだ。現実問題として、訓練でガンガン死んでいては効率が悪すぎるし、正しい運営方法だと思う。どうせ現場に出れば、ガンガン死ぬのだ。
イヴ（アナ・デ・アルマス）の多彩な戦闘IQを紐解く
だが、一部このようなホワイトなやり方ではブレイクスルーできない者もいる。主人公のイヴだ。体格でも体力でも勝る男子相手に正攻法で挑んでは、毎度返り討ちに遭う。見かねたノギがアドバイスをする。「あなたは常に相手より弱い。常に相手より小さくて不利。臨機応変に対応してズルをする。女らしく戦うの」

　馬鹿正直に真っ向勝負するような「男らしい」戦いは、文字通り男にやらせておけばいい。「ズルをすること」を言いかえると、「女らしく」戦えとは「頭を使え」ということだ。

　ノギのアドバイスを受けたイヴは、男子とのスパーでいきなり金的蹴りから両掌底で鼓膜を打ち、ひるんだところを寝技に持ち込んで絞め落とす。その後、わざわざ蘇生させてから金的を思いっきり踏みつける。最後の金的踏みつけは明らかに蛇足だし、あの勢いなら潰れていたかもしれない。同門女子に、練習でここまでやられた彼に同情してしまう。せめて、彼もいい殺し屋になっていることを願う。

　やがて彼女は現場に出るが、まだ新人かつ非力であるため、ザコ相手にも苦戦する。ジョン・ウィックなら無人の野を行くかのように倒していけそうなザコたちにも、派手に蹴り飛ばされ、刃物で傷つけられ、ボロボロになる。

　だから彼女は、フィジカル不足を補うかのように頭を使う。使えるものはなんでも使う。シリーズに登場した男の殺し屋たちは、みな殺し屋なりの美学のようなものがあったが、そんなことは言っていられない。そんな余裕もない。

　なにしろ、彼女が乗り込んだ殺人教団の拠点は、一見のどかな東欧の田舎町なのだが、すべての住民が殺し屋なのだ。優しそうなカフェの店員も、カフェでコーヒーを飲んでる普通のおじさんも、辺りの家の善良そうな家族も、みんなみんな殺し屋なのだ。全住民が彼女を殺しにくる。余裕なんかあるはずもない。

　目をえぐる。手榴弾を口に突っ込んで爆殺。手榴弾を顔にガムテで巻き付けて爆殺。極めつけは、火炎放射器による大量焼殺である。すでに火がついてのたうち回っているがそのままなら大火傷ぐらいで助かりそうな相手には、改めて焼き直す念の入れよう。無駄に残酷な殺し方が多い気もするが、これも余裕がないゆえである。温かい目で見てほしい。

　なお、回想シーンにしか出てこないと思われたジョン・ウィックは、きっちりクライマックスにも出てきていいところを持っていった。エンディングも、続編作る気満々な、今までのシリーズを踏襲したような締め方である。

　このイヴというキャラクターが魅力的だったのは、その未完成さゆえである。シリーズ化され、彼女が殺し屋としても人間としても成長する過程を観てみたい。ただそれにともない、殺し方がスマートになったらさびしい気もする。派手な殺しはこの作品の華だ。その点だけは、こだわり続けてほしい。
ハシマトシヒロ",[],[]
『あんぱん』第114話、手嶌治虫（眞栄田郷敦）が嵩（北村匠海）に会いに来る（リアルサウンド）,https://news.yahoo.co.jp/articles/f005445a3fbff006108f01b842b6ad5d527fec44,https://newsatcl-pctr.c.yimg.jp/t/amd-img/20250903-00010016-realsound-000-1-view.jpg?exp=10800,2025-09-03T08:20:37+09:00,2025-09-03T08:20:37+09:00,リアルサウンド,realsound,リアルサウンド,333,"『あんぱん』写真提供＝NHK
毎週月曜日から金曜日まで放送されているNHK連続テレビ小説『あんぱん』（土曜日は1週間の振り返り）。9月4日放送の第114話では、手嶌治虫（眞栄田郷敦）が嵩（北村匠海）に会いに来る。
【写真】のぶ（今田美桜）の出したお茶を飲む手嶌（眞栄田郷敦）
嵩が「これがダメだったら漫画家をやめる」と宣言した第113話。

　第114話では、嵩は漫画懸賞で大賞を受賞する。大喜びののぶ（今田美桜）に、のぶのおかげと感謝を伝える嵩。数日後、八木（妻夫木聡）の会社で受賞祝いが開かれる。嵩を囲んでにぎやかに盛り上がり、楽しいひとときが過ぎていく。翌日、のぶが登美子（松嶋菜々子）に茶道を習っていると、あの手嶌治虫が訪ねてきて……。
リアルサウンド編集部",[],[]
豆原一成×市毛良枝『富士山と、コーヒーと、しあわせの数式』新場面写真　先行上映会も（リアルサウンド）,https://news.yahoo.co.jp/articles/c55c930d188a2aa0be9ec97a050df3aa24bf0a10,https://newsatcl-pctr.c.yimg.jp/t/amd-img/20250903-00010015-realsound-000-1-view.jpg?exp=10800,2025-09-03T08:05:42+09:00,2025-09-03T08:05:42+09:00,リアルサウンド,realsound,リアルサウンド,736,"『富士山と、コーヒーと、しあわせの数式』©2025「富士山と、コーヒーと、しあわせの数式」
10月24日より新宿ピカデリーほかにて全国公開される、JO1の豆原一成と市毛良枝のW主演映画『富士山と、コーヒーと、しあわせの数式』の新場面写真11点が公開された。
【写真】11点の新場面写真
本作は、約100年前、女性の活躍が困難だった時代に現在の文京学院を創立し、教育のために奔走した島田依史子の著作『信用はデパートで売っていない 教え子とともに歩んだ女性の物語』（講談社エディトリアル刊）を原案にしたヒューマンストーリー。彼女が後進に伝え続けた「学ぶことは楽しい」という概念を核に据え、彼女の生きる姿勢のエッセンスをちりばめつつ、孫と祖母の絆が描かれる。『大河への道』などの中西健二が監督を務め、『サイレントラブ』などのまなべゆきこが脚本を手がけた。

　公開された場面写真では、豆原演じる孫・安藤拓磨と市毛演じる祖母・安藤文子の暮らしぶりを中心に、同じキャンパスで学ぶことになり、学ぶ喜びにあふれる文子に少々戸惑う拓磨や、八木莉可子が演じる拓磨と同じバイト先に努める恋人の紗季、さらには祖母・文子が孫・拓磨を誘って、夜、根津神社に赴くシーンのカットなどが切り取られている。また、長塚京三演じる亡き偉志が趣味である絵手紙を文子にみせる様子など、夫婦の仲睦まじい場面もあり、その偉志に導かれるようにして、富士山に集った拓磨、文子、酒井美紀が演じる母・安藤綾らを待つ、温かくかけがえのない家族の時間が感じられるシーンカットとなっている。

　また、本作の完成を記念し、W主演の豆原と市毛が登壇するプレミアム先行上映会が9月18日に実施されることも決定した。
リアルサウンド編集部",[],[]
岩田剛典がぼやきつつも集団金髪デモに立ち向かう　『金髪』本予告＆本ビジュアル公開（リアルサウンド）,https://news.yahoo.co.jp/articles/1d4576d0625e0d1151942603cdb80b8d519a1815,https://newsatcl-pctr.c.yimg.jp/t/amd-img/20250903-00010014-realsound-000-1-view.jpg?exp=10800,2025-09-03T08:03:06+09:00,2025-09-03T08:03:06+09:00,リアルサウンド,realsound,リアルサウンド,1090,"『金髪』本ビジュアル ©2025 映画「金髪」製作委員会
11月21日に公開される岩田剛典主演映画『金髪』の本予告と本ビジュアルが公開された。
【写真】『金髪』ムビチケ特典の特製ポストカード
香港アジア・フィルム・ファイナンシング・フォーラム（HAF）のIDP部門で非香港映画の企画大賞を受賞した本作は、『決戦は日曜日』の坂下雄一郎監督が日本独特のおかしな校則、教師のブラックな職場環境、暴走するSNSやネット報道という社会問題を背景に、脚本も手がけたオリジナル作品。大人になり切れない教師が、生徒たちの金髪デモに振り回されながらも自分がおじさんであることを自覚するという成長が描かれる。

　岩田は、職場で年配の教師たちに囲まれ、“可愛がられる後輩キャラ”が板についてしまった30歳のちょっと“イタい”教師・市川を演じ、教師役に初挑戦。そのほか、白鳥玉季、門脇麦、山田真歩、田村健太郎、内田慈らが共演に名を連ねている。

　公開された本予告は、自分がおじさんだと気付いていない”イタい中学校教師”市川（岩田剛典）が、自身が担任に持つクラスの生徒たちが起こした集団金髪デモと遭遇し唖然とする姿から始まる。そんな市川は生徒の一人・板緑（白鳥玉季）から「校則を変えて欲しいです」と訴えられ、金髪デモを起こした背景を知ることに。中学校内だけに収まるはずだった騒動はいつしか世間を騒がす大騒動へと発展し、担任教師という理由だけで市川に非難の矛先が向いてしまう。そんな理不尽な状況についには市川のぼやきが爆発し、恋人の赤坂（門脇麦）にも「こんな仕事繰り返してたらいつの間にかおじさんになっちゃうんでしょ？」と早口で愚痴を吐く。するとたちまち赤坂から「おじさんになってきてるのにおじさんじゃなくて若いフリして受け入れられてないっていうのがなんか見てらんないんだよね」と鋭く的確な言葉を浴びせられ市川は言葉をなくし唖然とした表情を浮かべる。

　廊下に横たわる無気力な”ダサい”市川だが、実はここから市川の大逆転が始まる。週刊誌の記事については「全部嘘なんです」としらを切り、宿敵であった生徒の板緑から「予定通りですね」と意味深な発言も。果たして市川が打って出る起死回生の作戦とは。

　あわせて公開されたのは、頭を抱える市川とその周りをぐるりと取り囲む金髪の生徒たちを捉えた本ビジュアル。さらに、9月5日より各種前売券が発売される。第1弾特典として、市川と板緑の姿が収められた「特製ポストカード」が数量限定で配布される。また、ノベライズ本の発売日が9月18日に決定した。
リアルサウンド編集部",[],[]
『ウェンズデー』レディー・ガガの日本版声優に渡辺直美　「超テンションぶちあがってます」（リアルサウンド）,https://news.yahoo.co.jp/articles/ca976e4bff1ef01125bd1ad3571b66872ca38662,https://newsatcl-pctr.c.yimg.jp/t/amd-img/20250903-00010013-realsound-000-1-view.jpg?exp=10800,2025-09-03T08:00:24+09:00,2025-09-03T08:00:24+09:00,リアルサウンド,realsound,リアルサウンド,1709,"渡辺直美　Netflixシリーズ「ウェンズデー」シーズン2 パート1：独占配信中、パート2：9月3日（水）より世界独占配信
9月3日より世界独占配信されるNetflixシリーズ『ウェンズデー』シーズン2。レディー・ガガ演じるロザリン・ロットウッドの日本版声優を渡辺直美が担当することが発表された。
【写真】『ウェンズデー』シーズン2に出演するレディー・ガガ
「Netflixで歴代最も視聴された英語シリーズ」に君臨する世界的大ヒットシリーズである本作は、ちょっと不気味で風変わりな一家「アダムス・ファミリー」の長女・ウェンズデーを主人公に迎えたダークファンタジー＆ミステリー。ティム・バートンが監督・製作総指揮を務めている。

　シーズン2では、ジェナ・オルテガ演じるウェンズデー・アダムスが、“のけ者”たちが集うネヴァーモア学園に再び戻ってくるが、そこには新たな敵やトラブルが彼女を待ち受ける。ウェンズデーは家族、友人、そしてかつての因縁と向き合いながら、予測不能で奇妙な事件に再び巻き込まれていく。彼女特有の鋭い機知と無表情な魅力を武器に、ウェンズデーは新たなモンスターの謎と隠された秘密にも挑むことに。

　ガガが演じるのは、ウェンズデーと運命的に出会うネヴァーモア学園の謎めいた伝説の教師ロザリン。ウェンズデーの運命を揺るがす重要なキャラクターとして、比類なきオーラでネヴァーモア学園に妖しい魅力を放つ。そんなロザリンの日本版声優に決定した渡辺は、国外へも活躍の場を広げ、マルチな才能を発揮し続ける人気芸人。生粋のガガファン、“リトル・モンスターズ”である渡辺は、長年ガガのモノマネを続け、ガガがアリアナ・グランデと歌う「Rain On Me」をゆりやんレトリィバァと踊ったパロディ動画は3692万回再生（※8月26日付）を記録。過去にはガガとの対談も果たしている。

　あわせて公開されたインタビュー映像では、ガガ演じるロザリン役の声優を務めることになった渡辺が「めっちゃびっくりしました！　『ウェンズデー』はもちろん観ていますが、世界中の皆さんが大好きな作品で、しかもレディー・ガガさんが演じるロザリン役ということで、ダブルで嬉しくて。超テンションぶちあがっています！」とあふれ出る想いを語る。さらにアフレコをするにあたり実際にガガと対面した経験が活きたそうで、「レディー・ガガさんの声は実際に近くで聞いたことがあるので、演技をするうえで優しい喋り方や声質を意識して演じさせていただきました」と明かしつつ、「ロザリンは結構重要なキャラクターなのでセリフも難しかったのですが、監督と相談しながら役作りをして演じました。すごく楽しかったです！」と熱く感想を語った。

　そんな渡辺は『ウェンズデー』の大ファンでもあり、シーズン1で世界的ブームとなったダンスシーンについて「私も友達と踊りました！　当時はスクロールしてもしてもみんなそのダンスを踊っていたのを覚えています。センセーショナルなブームを巻き起こした作品の、みんなが待ち望んだシーズン2。そんな中で、私が“レディー・ガガさんの役”をいただいていいんですか？　という思いもありましたが、心の中で踊りながら、楽しくアフレコさせていただきました（笑）」と語った。そして好きなキャラクターについては「ハンドが大好きなんです。ハンドが家にいてくれたらなぁ。あとはイーニッドがお気に入りです」と語った。

　さらに作品の魅力については「衣装やメイクも素敵ですし、何よりウェンズデーの内に秘めた心境が丁寧に描かれているところが好きです。ウェンズデーははっきり物事を言うキャラクターですが、今の社会だとそれって中々難しいじゃないですか。私自身、共感というより、“こうなりたいけどなれない”という憧れのような感情を抱いています。“個性とは何か”と悩んでいる方もいらっしゃると思いますが、彼女を見たらスッキリするのではないかなと思います。自分に素直で、表には出さないけど家族や友達想いなところが素敵だなと思います」と『ウェンズデー』の魅力を力説した。
リアルサウンド編集部",[],[]
井戸田潤、購入したばかりの愛車「ホンダX-ADV」をカスタム　最高の出来に「これが上がりのバイク」（リアルサウンド）,https://news.yahoo.co.jp/articles/ad04c00814d903bd889bd4191b7cbbf6f5fa3e8a,https://newsatcl-pctr.c.yimg.jp/t/amd-img/20250903-00010012-realsound-000-1-view.jpg?exp=10800,2025-09-03T07:48:44+09:00,2025-09-03T07:48:44+09:00,リアルサウンド,realsound,リアルサウンド,1432,"動画サムネイルより
“ハンバーグ師匠”ことスピードワゴンの井戸田潤が8月29日、公式YouTubeチャンネル「ハンバーグ師匠チャンネル」に公開した動画で、撮影用車両として購入したバイク「ホンダX-ADV」に施したカスタムを紹介した。
【写真】スピードワゴン井戸田も大満足　カスタム施した「ホンダX-ADV」
ハンバーグ師匠チャンネルでは7月11日に公開した動画で、YouTubeのロケに使用するバイクとして「ホンダX-ADV」を購入。メーカー小売価格は143万8800円だが、バイクショップの店員いわく「（オプションを）もりもりにすると200万円」とのことだった。当初はYouTubeのスタッフが全額負担する予定だったが、井戸田の申し出もあって、スタッフ側が車両本体、井戸田がオプション代（カスタム代）を支払うこととなった。

　「これが上がりのバイクかもしれない。納車したてのX-ADVをガレージで快適バイクにカスタムするぞ！」と題した動画では、井戸田が費用負担した「ホンダX-ADV」のカスタムを見ていくことになった。バイク転倒時に車体へのダメージを軽減する「ヘプコ＆ベッカー フェアリングガード（エンジンガード）」や、ホンダの純正ライダーステップのほか、ハンドル付近には、スマホの急速充電と車両バッテリーの充電ができるスグレモノ「カエディア スマートバッテリー＆USBチャージャーKDR-B13」が搭載されていた。

　また、フェアリングガードと繋げて備え付けることができる「ヘプコ＆ベッカー フロントアッパークラッシュガード」も購入済・入荷待ちの状態で、フォグランプも今後取り付ける予定だという。スタッフによれば、フォグランプは撮影上必要がなく「勢いで頼んでしまった」とのこと。しかし、それを無駄遣いと咎めることなく井戸田は「いいじゃないですか。見栄えもカッコよくなるし」と笑い飛ばした。ちなみに、カスタム代の合計は22万6000円。領収書を手渡された井戸田は「わかりました」と納得したように見せかけて、すぐに「分割でいいですか？」と尋ねていた。

　加えて、高額な純正品の代わりに購入した社外品のリアキャリアとリアボックスがあり、ここから“追いカスタム”を実施していくことになった。価格は、リアキャリアが1万5000円、リアボックスが1万8000円だったという。井戸田は「こいつを取り付けてさらに無敵にしていこうということね。やりましょう」と気合十分だ。早速、車体後部にリアキャリアをあてがうと「なんか素材感もピッタリで。すげぇいいじゃん」と好感触。さらに、リアボックスの堅牢そうな造りにも「すごいしっかりとしてる」と太鼓判を押し、「これ1万8000円！？ 安っ！」と驚きを口にした。

　そこからメガネと手袋をすれば準備は万端。よほど相性の良い社外品だったのか、リアキャリア、リアボックスの取り付けはともにスムーズに進み、わずか30分程度と拍子抜けするほどあっさりと作業は完了した。リアボックスの容量をチェックしたところ、フルフェイスヘルメット2つを格納することができ、井戸田は「すげぇ」と感心。そして、これに加えていくつかのパーツが装備されることを踏まえ「完成が楽しみだな」と期待を寄せた。

　本動画に対し、コメント欄には「これでロングツーリング楽しそう」「社外品だけどしっかり作ってるなあ」「いいバイクだなあ」などの声が寄せられている。
こじへい",[],[]
神尾楓珠＆醍醐虎汰朗、橋本環奈主演『カラダ探し THE LAST NIGHT』に“サプライズ”出演（リアルサウンド）,https://news.yahoo.co.jp/articles/955766701e999e98783b326fe8f44461a37845c6,https://newsatcl-pctr.c.yimg.jp/t/amd-img/20250903-00010011-realsound-000-1-view.jpg?exp=10800,2025-09-03T07:00:24+09:00,2025-09-03T07:00:24+09:00,リアルサウンド,realsound,リアルサウンド,1109,"（上段左から）神尾楓珠、眞栄田郷敦　（下段左から）鈴木福、醍醐虎汰朗　©2025「カラダ探し THE LAST NIGHT」製作委員会
9月5日に公開される橋本環奈主演のホラー映画『カラダ探し THE LAST NIGHT』に、神尾楓珠と醍醐虎汰朗が出演していることがわかった。
【写真】『カラダ探し THE LAST NIGHT』神尾楓珠＆眞栄田郷敦共演シーン
本作は、2022年に公開され興行収入11.8億円、その年のホラー映画No.1興行収入を達成した『カラダ探し』の最新作。前作から引き続き物語の軸を担う主人公・森崎明日香役を橋本、伊勢高広役を眞栄田郷敦が務めたほか、櫻井海音、安斉星来、鈴木福、本田真凜、吉田剛明らが共演に名を連ねている。監督は『暗殺教室～卒業編～』などの羽住英一郎が続投した。

　新たに出演が発表された神尾と醍醐は、前作で清宮篤史役と浦西翔太役をそれぞれ演じた“カラダ探しOBメンバー”。

　神尾が演じた篤史は、高広（眞栄田郷敦）と親友で、前作中では当初引きこもり気味だったものの、仲間たちと“カラダ探し”に巻き込まれるうちに次第に打ち解け、死のループから抜け出すため大きな活躍を見せたキャラクターだ。最新作となる今回も共演を果たすことになった眞栄田は、「めちゃくちゃ久しぶりに楓珠君と会ったんですけど、朝『おはよう！』という挨拶だけで、何かもう大丈夫そうだなと、そういう雰囲気を感じました」と、前作で親友役を演じた信頼関係や絆を、短いやり取りの中でも強く実感したことを明かした。

　醍醐が演じた翔太は、根暗なオタク気質な性格ながら、少しずつ“カラダ探し”メンバーのムードメーカー的存在となっていくキャラクター。鈴木は醍醐との共演を振り返り、「（自身が演じた大和は）前作の中だとコタ君（醍醐）みたいな感じだろうなというイメージを持っていました。5年程前に共演して以来だったんですが、撮影の前に久々に会って一緒に温泉に行ったりしたんですが、本当に何か先輩後輩の関係性みたいなのがありながら撮影できたので楽しかったです」と、撮影外でも交流があったことを語った。

　神尾と醍醐の出演に対して、橋本と眞栄田は「嬉しいよね！」と語り、特に橋本は「前作を観てくださった方がたくさんいらっしゃって、続編があるような終わり方だったので、本当に楽しみにしてくださってる方がいると思う。特にその方々には“サプライズ”的な感じで、こうやって楓珠とか虎汰朗とかが出てきてくれると本当に盛り上がると思う」と、前作を共に引っ張ったキャスト陣と、再び最新作を作り上げられる喜びを噛み締めた。
リアルサウンド編集部",[],[]
北村匠海が出演作ごとに大きな進化　『あんぱん』で見事に立ち上げた“やなせたかし”像（リアルサウンド）,https://news.yahoo.co.jp/articles/79acfb64c702c9a1fed58c1831b478454da12ffe,https://newsatcl-pctr.c.yimg.jp/t/amd-img/20250903-00010010-realsound-000-1-view.jpg?exp=10800,2025-09-03T06:31:23+09:00,2025-09-03T06:31:23+09:00,リアルサウンド,realsound,リアルサウンド,1660,"『あんぱん』写真提供＝NHK
放送中の「朝ドラ」こと連続テレビ小説『あんぱん』（NHK総合）は、いよいよ佳境へ。これは『アンパンマン』の生みの親となった夫婦をモデルに、ヒロイン・のぶ（今田美桜）と、その夫である柳井嵩（北村匠海）の激動の生涯を描いていくものだ。
【写真】『悪い夏』で北村匠海が見せる“闇落ちっぷり”
時代を超えて日本中で愛され続ける作品とキャラクターの誕生の背景に、私たちはこのドラマをとおして触れてきた。そしていままさに、あの『アンパンマン』が生まれようとしているところである。ここではこの物語の先頭を走り続けてきた北村匠海の存在にフォーカスしてみたい。

　いまさら説明は不要だと思うが、北村が演じる柳井嵩は、漫画家・やなせたかしをモデルとしたキャラクターである。つまり実在の人物だ。これまでありとあらゆる役どころを演じてはものにしてきた北村だが、今作ならではのプレッシャーや苦労があったことは想像するに難くない。初回からその再現度の高さが話題となったが、ここまで長い時間をかけ、自身が演じるからこそ生まれるキャラクターを提示し続けてきた。

　この作品の真の主人公はヒロイン・のぶだが、嵩の存在は“主人公の相方”にとどまるものではない。のぶがいるからこそ嵩は存在し、嵩がいるからこそのぶが存在する――そういった関係性や状況を北村は今田とともに作り上げてきた。『東京リベンジャーズ』シリーズ（2021年〜2023年）でも同じような関係性を演じていることも大きく影響しているのかもしれない。

　のぶが「ハチキン（＝男勝りな女性のこと）おのぶ」などといわれるのとは対照的に、嵩は幼い頃から物静かで控えめな性格。今田の声や表情が快活なのとは異なり、北村の感情表現は決して豊かだとはいえない。かなり意識的に抑えているのだろう。いや、丁寧にコントロールしているというべきか。

　事実、私たち視聴者は嵩の心の機微に確実に触れられているだろう。声のトーンはあまり変わらずとも、心情の変化に合わせてそのリズムは変わる。パッと見の表情の変化が乏しくとも、たしかに表情筋は動いている。嵩の内面の変化がどのように顕在化するのかを、私たちの誰もが知っているだろう。“北村匠海＝柳井嵩”が成立している証である。長い時間をかけなければ実現しなかったはずだ。

　『あんぱん』では心優しいキャラクターを立ち上げてみせた北村だが、映画シーンではその真逆ともいえる役どころをこの2025年は演じている。

　主演を務めた『悪い夏』は“クズとワルしか出てこない”がキャッチコピーの作品で、北村はマジメな公務員が極限状態に追い込まれ、やがて闇堕ちしていくさまを妙演。本作の封切り直後に『あんぱん』の放送が開始したものだから、その表現力の振れ幅の大きさに驚くのと同時に、なかなかに複雑な気持ちになってしまったものである。続いて公開された『金子差入店』で演じているのは、凶悪な殺人事件を起こした青年役。エンタメ性の高い『悪い夏』とは毛色の違う作品で、同じく悪人は悪人でもまるでタイプが違う。質感も方向性もまったく違う。『あんぱん』の嵩と対極にあるのは、この青年かもしれない。

　そして、この秋に公開される『愚か者の身分』では、危険すぎる闇バイトに手を染める主人公を演じている。エンタメ寄りではあるものの、恐ろしい作品でもある。林裕太や綾野剛らとともに、演技者としての魂のぶつけ合いを実現させているため必見だ。これまで年に一度くらいのペースで自身の代表作を更新してきた北村だが、今年は出演作ごとに大きな進化を遂げているように感じる。彼の新たな代表作のひとつとなった『あんぱん』が終われば、私たちは“北村匠海＝柳井嵩”とサヨナラをしなければならない。けれども次なるステージには、また新しい俳優・北村匠海が待っている。あともう少しだけ、心優しい嵩との交流を大切にしようではないか。果たしてどんな『アンパンマン』が生まれるのだろうか。
折田侑駿",[],[]
『ちはやふる－めぐり－』が胸アツ展開　現代ドラマは“過去作キャラ”登場がトレンド？（リアルサウンド）,https://news.yahoo.co.jp/articles/7863995a65300ac008b9e9f20710e53833675134,https://newsatcl-pctr.c.yimg.jp/t/amd-img/20250903-00010009-realsound-000-1-view.jpg?exp=10800,2025-09-03T06:30:47+09:00,2025-09-03T06:30:47+09:00,リアルサウンド,realsound,リアルサウンド,1755,"『ちはやふる－めぐり－』©日本テレビ
熱い青春を届けてくれている『ちはやふる－めぐり－』（日本テレビ系）もいよいよ終盤。第9話では、ついに映画『ちはやふる』3部作で活躍した瑞沢OBが勢ぞろいする展開になりそうだ。
【写真】『ちはやふる－めぐり－』最新カット（15枚）
これまでも第1話では、大江奏（上白石萌音）、駒野勉（森永悠希）のデートシーン、インドでかるたを教える綾瀬千早（広瀬すず）が、第3話ではかるた会「府中夕霧会」の会長となった西田優征（矢本悠馬）が、第7話では千早の代わりに瑞沢高校で競技かるた部の面倒を見ている花野菫（優希美青）が登場。そして、第8話ではついに研修医であり、現準名人となった真島太一（野村周平）が姿を見せた。各話で梅園高校のエピソードに絡むかたちでそれぞれのキャラクターが登場していたが、第9話の予告にあったようにあらためて横並び一列で登場するのを見ると、“アベンジャーズ”感がある。

　『ちはやふる－結び－』の劇場公開から7年。役を演じる俳優たちがそれぞれのフィールドで力をつけて、当時とは異なる存在感を放っていることも瑞沢OB勢ぞろいのインパクトに拍車をかけている。『ちはやふる－めぐり－』で競技かるたに燃える現役の高校生のキャラクターたちにとっては立派なOBOGとして、キャストたちにとっては、自分たちの前を歩く尊敬すべき俳優として映っていることだろう。キャラクター、キャストの2つの面で、次世代へと巡らせるという狙いが成功している。

　また、かつては仲間だった瑞沢OBたちが教え子を通して競い合う展開もグッとくるものがある。奏は梅園高校のコーチを務め、特にめぐる（當真あみ）に影響を与えてきた。第8話では、太一が風希（齋藤潤）の右手を診察し、左手で取るかるたの練習に付き合う展開も。西田や駒野も、要所要所で梅園かるた部の面倒を見ている。一方、千早は瑞沢高校の顧問を務め、特にめぐるの幼なじみ・月浦凪（原菜乃華）に幼い頃から影響を与えてきた。菫も千早不在の中、瑞沢の練習を見ているようだ。その証拠に、第9話の予告では千早と菫のみが瑞沢かるた部のTシャツを身につけており、太一は手に持つのみ。瑞沢OB勢ぞろいのシーンではあるものの、大人になった彼らは高校生の頃のように同じ方向を向いているわけではないのも趣がある。彼らが蓄えた知見が、高校競技かるたのレベルの底上げに繋がっていると受け取ることもできるだろう。

　そして、太一の長年の友人兼因縁のライバルであり、現名人の綿谷新（新田真剣佑）は、瑞沢のエース・折江懸心（藤原大祐）を指導しているようだ。これまで、『ちはやふる－めぐり－』はめぐると凪、風希と懸心の対比を描いてきた。そして、その対比に寄り添うかたちで千早と奏、太一と新という過去作とのつながりが見えるように物語が構成されている。『ちはやふる』3部作の物語を知っていれば、この構造に熱さを感じない者はいないだろう。

　『ちはやふる－めぐり－』は、映画『ちはやふる』3部作とは異なる現代の高校生の青春を丁寧に描きつつも、巧みなストーリーテリングで自然と映画の内容との繋がりを見せている。過去作の展開を引用する形で続編との相乗効果を出せれば、過去作のキャラクターの起用は過去と現在のファンを熱狂させる要因になると言えるだろう。

　奇しくも、『ちはやふる－めぐり－』と同じ日本テレビ系で放送されているドラマ『放送局占拠』では、2023年に放送された『大病院占拠』の人気キャラクター・青鬼／大和耕一（菊池風磨）が再登場している。『放送局占拠』第7話では、『大病院占拠』で青鬼と敵対していた主人公・武蔵三郎（櫻井翔）が青鬼の命を救い、般若・伊吹（加藤清史郎）の暴走を止めるために共闘する展開に。過去に敵同士だった2人が、一つの目的のために協力する仲間へと変化したのだ。

　『ちはやふる』シリーズでは、仲間から教え子を通したライバルへ、『占拠』シリーズでは因縁の敵から共闘する仲間へと、過去作と今作では関係性が逆転している。過去作のキャラクターを活躍させる場合、主人公との関係性をこれまでとは真逆のものにするのが、視聴者を高揚させるポイントなのかもしれない。
古澤椋子",[],[]
浅香航大＆川島海荷、『最後の鑑定人』で9年ぶりの共演　殺害＆証拠隠滅を図る恋人同士に（リアルサウンド）,https://news.yahoo.co.jp/articles/5c8daf38ebfc01041b1d08f42c6aa2e1aa48fded,https://newsatcl-pctr.c.yimg.jp/t/amd-img/20250903-00010008-realsound-000-1-view.jpg?exp=10800,2025-09-03T06:01:04+09:00,2025-09-03T06:01:04+09:00,リアルサウンド,realsound,リアルサウンド,1467,"（左から）浅香航大、川島海荷『最後の鑑定人』©︎フジテレビ
フジテレビ系水10ドラマ枠にて放送中の藤木直人主演ドラマ『最後の鑑定人』の第9話に、浅香航大と川島海荷がゲスト出演する。
【写真】浅香航大＆川島海荷の登場シーン（複数あり）
本作は、かつて科捜研のエースとして活躍し“最後の鑑定人”と呼ばれていた主人公が、科学的アプローチを駆使して難事件を解決に導いていくサイエンスミステリー。岩井圭也の同名小説を原作に、『ザ・クイズショウ』（日本テレビ系）の及川拓郎、『白暮のクロニクル』（WOWOW）の山崎太基、『問題物件』（フジテレビ系）の北浦勝大、『対岸の家事～これが、私の生きる道！～』（TBS系）の青塚美穂が脚本を手がける。

　9月3日に放送される第9話では、水原佳南絵（川島海荷）が、自宅に押しかけてきた友人の寺井淳一（浜中文一）に襲われ、身を守るため鈍器で寺井の頭部を殴打して殺害。証拠隠滅のため婚約者の日野卓郎（浅香航大）と共に、遺体を焼却した上で警察に自首していた。佳南絵は正当防衛を訴えるが、検察は証拠の隠滅を図った佳南絵の行動は悪質だと判断。正当防衛は認めずに殺人罪で起訴しようとしていた。正当防衛を立証するためには、遺体が寺井であることを証明する必要があった。しかし、佳南絵らが遺体を激しく燃やしていたため、警察は身元を特定できずにいた。また、遺骨からDNAを抽出できたものの、鑑定に必要な照合試料がなく特定には至らない。佳南絵の弁護を担当する相田直樹（迫田孝也）から正当防衛の立証を依頼された土門誠（藤木直人）は、寺井の痕跡を探すため事件現場に向かう。現場の遺留指紋から佳南絵の証言通り寺井から襲われた形跡が見つかるが、指紋以外に寺井のDNAを照合するための遺留物は何も残っておらず……。

　浅香が演じるのは、水原佳南絵の婚約者・日野卓郎。佳南絵と共に寺井の遺体を燃やして証拠隠滅を図り、正当防衛の立証を土門に依頼するという役どころだ。

　フジ制作の連ドラ出演は『コード・ブルー -ドクターヘリ緊急救命』（2008年／フジテレビ系）以来17年ぶり（※『朝が来る』（2016年／東海テレビ・フジテレビ系）は東海テレビ制作）となる川島が演じる水原は、大学時代からの友人・寺井に襲われ鈍器で頭を殴打して殺めてしまう。警察には正当防衛を主張する。同じく大学時代からの友人で恋人の日野と婚約中。

　なお、浅香と川島は、『福岡恋愛白書11 キミと見る景色』（2016年／KBCテレビ）でも恋人役を演じている。

■浅香航大（日野卓郎役）コメント

・役柄について
人は様々な顔を持つものだと思い、楽しんで演じさせていただきました。心の奥を覗き込むような眼をお持ちの、土門先生(藤木さん)とのやりとりは緊張感がありました。

・『最後の鑑定人』の見どころ
9話は、『最後の鑑定人』の中では、少し特殊な構成のお話となっているので、楽しんでいただけたらうれしいです。

■川島海荷（水原佳南絵役）コメント

・役柄について
私が演じた水原佳南絵は、どこか影を抱えた女性です。彼女の純粋さと危うさを表現できたらと思い、演じました。現場の皆さん優しい雰囲気で、集中できる環境も作ってくださり、充実した撮影期間でした。

・『最後の鑑定人』の見どころ
第9話も最後まで見逃せない展開となっています！　この物語の真相には、私が演じる佳南絵の想いが深く関わっているので、そこもぜひ注目していただけたらと思います。
リアルサウンド編集部",[],[]
清原果耶はたまらなく愛おしかった　『初恋DOGs』最終回が教えてくれた本当に大切なこと（リアルサウンド）,https://news.yahoo.co.jp/articles/1161d041ca2bd241fbf3930c24690d7cb8a24368,https://newsatcl-pctr.c.yimg.jp/t/amd-img/20250903-00010007-realsound-000-1-view.jpg?exp=10800,2025-09-03T06:00:37+09:00,2025-09-03T06:00:37+09:00,リアルサウンド,realsound,リアルサウンド,1551,"『初恋DOGs』©TBS
「錯覚でもいい、そう思ったので本能に従って来てみました」

　傷つきたくないがために頭でっかちになってしまった大人たちが、本当に大切なものに手を伸ばせた『初恋DOGs』（TBS系）最終話。
【写真】愛子と比較するとかなり幼く見える『おかえりモネ』第1話の清原果耶
ソハ（ナ・イヌ）の帰国は、快（成田凌）の病院と、それを弁護する愛子（清原果耶）のピンチを切り抜ける最大の切り札となった。裁判に勝訴したことで、しろさき動物病院の名誉を挽回できたのはもちろんのこと、長年に渡る相良（森崎ウィン）とのわだかまり解消にも繋がった。

　「ごめん、俺はずっとお前のせいにしてた。いつからか人と関わらないようにしてるのは昔のことがあったからって。でもちゃんと話せば良かったんだ、お前とも。友達だったんだから」と、自分のことを陥れようとした相良に頭を下げ、「友達」という言葉を使えた快。彼はソハとの共同生活、また愛子との関わりの中で、自分の心を開くことができ、過去の一件と決別し、乗り越えられたのだろう。病院スタッフのことを飲みに誘い、みんなを驚かせていた快の姿が見られて安堵した。

　そして、ソハは、何より関係性が変わることに臆病になりすぎている快と愛子の2人の背中を大きく押し出した。

 「パートナーになってほしい」というスマートで覚悟あるソハからの告白を断る愛子に、「快さんはどうするの？」とすかさず問いかける。「始まったら終わる、ダメになる、それが怖い？」と問うた後に、自分は風にでも雨にでも虹にでもなるから、自身の気持ちに素直になるようにと愛子の心の強張りを溶かすような声をかける。そんなソハは大人であったかい。

　愛子役を演じる清原は、何かしら自分の殻に閉じこもったところがある役どころを演じるのが上手い。朝ドラ『おかえりモネ』（NHK総合）でのヒロイン役を筆頭に、『ファイトソング』（TBS系）での主人公など、何かを諦めていたり失意の中にいながら、それをも受け入れて淡々とやり過ごそうとする役柄を好演してきた。そこに本作のように“仕事のできる完璧主義者”という要素が加わりラブコメ作品に投入されると、なんとも不器用で歯痒いまでに等身大のキャラクターを魅力十分に演じてくれた。

「ただ会うために待っているなんて、ものすごく好きみたいじゃないですか」

　そんなふうにふてくされる愛子はたまらなく愛おしい。素直になりきれないながらに時に一歩踏み込んでしまう。清原は、快のことが気になって仕方ないし、知りたいし近づきたいと願ってしまう愛子の、本人でも抑えきれない“本能”を控えめな一挙手一投足に宿らせていた。

　過去の一件から人を信じ切ることができない快と、想いは風化していくことを嫌というほど知っている愛子。それぞれに固く閉ざした心の一部分を、風のようなソハが優しくノックし撫で、そして2人が大事なものに向かって駆け出せるように助走を促す。“このまま”なんてことはあり得ないことを一番よく知っているはずの快と愛子でさえ、こと自分たちのこととなると関係性が変わらぬように、何か決定打となるようなことを互いに避けていた。しかし、最後はソハの後押しを受けて、互い思いを伝え合い結ばれることになった。

　これは大人なりに身につけた処世術だったりするが、「誰かを好きになる、それって素敵」と事もなげに言えてしまえるソハの柔和な声の前でそれはあまりに無力だ。ソハはあらためて思いを伝える大切さ、誰かを愛する喜びを教えてくれた。愛子と快、ソハの3人が揃って物語は終えた。犬を通して特別な絆で結ばれた3人のかけがえのない関係性も変わらず続いていることが何より心強く映った。
佳香（かこ）",[],[]
木村拓哉、“声”の仕事が人々の記憶に残るのはなぜ？　蒼井優との対話から伝わる俳優としての覚悟（リアルサウンド）,https://news.yahoo.co.jp/articles/3942d8152de578ba04094c1553f03195529c9038,https://newsatcl-pctr.c.yimg.jp/t/amd-img/20250903-00010006-realsound-000-1-view.jpg?exp=10800,2025-09-03T05:50:16+09:00,2025-09-03T05:50:16+09:00,リアルサウンド,realsound,リアルサウンド,2149,"木村拓哉（C）リアルサウンド
木村拓哉がパーソナリティを務めるラジオ『木村拓哉 Flow』（TOKYO FM）に、8月のマンスリーゲストとして俳優の蒼井優が登場した。今年11月21日公開の山田洋次監督映画『TOKYOタクシー』でキャスト欄に名を連ねている2人。しかし、今作で蒼井が演じたのは現代を生きる、倍賞千恵子演じる「すみれ」の過去パートであったことから、撮影現場を共にすることはなかったとのこと。だが、撮影中に催されたという監督や共演者たちとの食事会を通じて意気投合した様子がうかがえた。
【画像】木村拓哉、初の家系ラーメンでぶっ飛ぶ
木村と蒼井は、2010年にもアニメ映画『REDLINE』で共演。だが、そのときもアフレコの現場は別々だったそう。なかなか直接芝居を交わすことが叶わない2人だが、それでも木村は蒼井の「声」の演技に、「なんてヤツだ」と「一瞬でエンジンに点火された」という経験があると振り返った。

　『REDLINE』では蒼井が先にアフレコを行い、その声に合わせて演じたという木村。「最初は『蒼井優ちゃんの声』というインフォメーションがなかったら、プロの声優さんが（ガイドとして）録ったものなんだろうなと思い込んで作業を続けていた」と、その声が蒼井のものだと瞬時に気づかないほどの仕上がりだったそう。蒼井の声優としての仕事が「あまりにもエグくて」と衝撃を受け、「自分の中で『お前、もう一度ふんどし締め直してやれよ』という感じで本番に挑んだのを覚えています」と明かした。 そう絶賛する木村に、蒼井は「いやー、優しい。全然そんなことないんですけど」と少々謙遜しながらも、「声優のお仕事って実写だと絶対オファーが来ない役もいただける」と声の仕事ならではの醍醐味を語り始めた。

　『REDLINE』で蒼井が演じたソノシー・マクラーレンは、「ん～、もう！」というセリフが似合うキュートでハツラツとした女の子。当時の蒼井は“陰なキャラクター”のオファーが多かったことから、「私のどの作品のどの声を聞いてお話いただいたんだろう？」と驚きを隠せなかったようだ。それでも「思いっきりやろう」と挑んだキャラクターだったという。

　この思いきりの良さと、その世界を楽しむ姿勢が「声優・蒼井優」の大きな魅力だ。8月31日放送回では「声のお仕事って、自分の中で楽しかったりします？」と木村に問いかけられるやいなや「アニメって声だけで空飛べるじゃないですか！ あれがすごい楽しくて」と声を弾ませる。

　いきなり「空を飛ぶ」という想定外のシチュエーションが出てきたことに面を食らった木村が「いやいや、そこ？」と思わず笑ってしまうが、蒼井の「声優さんのお仕事って『世界が飛べる』」「パッて全然違うところに連れてっていただける」という熱く語る言葉に、つながるものがあったようで「ああ、そういうね！」と次第に納得していった。

　木村も、声優界のレジェンドである野沢雅子や池田秀一を例に、様々なキャラクターの“声”が瞬時にその作品へといざなってくれる重要な役割を果たしているのだと熱弁。同時に「自分がその立場になる」ということに実写で映ってなにかを表現する以上に覚悟を強く持つこと。そして、蒼井が話していたように声優を本業にしている人たちがいるなかで、声をかけてもらったことに感謝しながら「お邪魔します」「失礼します！」という心持ちで挑んでいるのだと続けた。

　振り返ってみれば、木村もこれまで様々なアニメキャラクターに「声」で命を吹き込んできた。なかでも、『ハウルの動く城』のハウルは多くの人々の記憶に残っていることだろう。木村の公式YouTubeチャンネルで今年1月に更新された動画『【木村さ～～ん！】木村拓哉「実家」へ帰る』では、ジブリパークでサラッとハウルの声を再現して視聴者を喜ばせたことも記憶に新しい。ハウルを演じたのは今から20年以上も前の作品にもかかわらず、今もセリフを覚えているところもまた、彼がどれほどの覚悟でこの作品に挑んだのかを想像させる。

　蒼井とのトークの中では、山田洋次監督の現場で「すべてが理解で覆われた瞬間に、初めて『本番』になる」という独特な話で盛り上がる場面も。贅沢に時間を使って1カットを撮る。「作品に対する、スタッフ、キャストの愛情というのが全部映画に滲み出る」という蒼井の言葉をきっかけに「ああ、『艶』ね。あの言葉は、自分も聞いていてズドーンとボディーブローのように効きましたね」と木村のテンションが上がる。 もともと持っていた俳優としての並々ならぬ覚悟。そこへ魂を震わせるほど響いた、1カットごとにかける愛情やそこから生まれる「艶」について、蒼井と盛り上がる様子に聞いているこちらまでワクワクした。この2人が実写でも、そして「声」でも、ぜひ直接芝居で対峙しているところが見たくなった。

　どうやら食事会では、山田監督から木村に「すごい情けない役やってほしい」という話があったという。そこに倍賞が「こういうのはいかがですか？」とアイデアを出し、さらに蒼井が「女房役に私が行きます！」と手を挙げたそうだ。そんな贅沢な作品がぜひ実現してほしいものだ。
佐藤結衣",[],[]
新着MVランキング：Stray Kids「CEREMONY」で唱える“Hip hip hooray”　これまでの実績と経験を示す楽曲に（リアルサウンド）,https://news.yahoo.co.jp/articles/8fa9e04b4b17d916abaa54e917cd42a55b37685a,https://newsatcl-pctr.c.yimg.jp/t/amd-img/20250903-00010005-realsound-000-2-view.jpg?exp=10800,2025-09-03T05:50:02+09:00,2025-09-03T14:42:34+09:00,リアルサウンド,realsound,リアルサウンド,1727,"Stray Kids「CEREMONY」MV
毎週更新される「YouTube Music Charts」ウィークリー ミュージック ビデオ ランキングより、MVをはじめとした音楽関連の新着動画から上位10作品／楽曲を取り上げ、ランキング化＆レビューしていく連載「MV  Chart  Focus」。8月22日～8月28日のウィークリー新着のTOP10は以下の通り（※1）。
【画像】Stray Kids、初の日本スタジアムで見せた堂々とした姿
1位：Snow Man「カリスマックス」MV
2位：RIP SLYME「熱帯夜」THE FIRST TAKE
3位：BE:FIRST「Secret Garden」MV
4位：Stray Kids「CEREMONY」MV
5位：ヒカキン＆セイキン「YouTubeテーマソング2」MV
6位：BE:FIRST「Secret Garden」Official Audio
7位：IVE「XOXZ」MV
8位：BE:FIRST「Secret Garden」Dance Performance
9位：『THE LAST PIECE』5th Round Team A「Green Light」Performance Video
10位：HANA「Tiger」1st FANMEETING『HANA with HONEYs』 Live Performance

　Snow Man、RIP SLYME、BE:FIRST……さまざまな世代の人気グループがひしめくなか、今回取り上げるのはStray Kidsの楽曲「CEREMONY」。約2年ぶり、4作目となるフルアルバム『KARMA』のリード曲だ。近未来を舞台に総合格闘技、カーレース、テニス、サッカー、アメリカンフットボールなどのスポーツの大会に参加するメンバーたちの姿を描くMVには、プロゲーマー・Fakerがカメオ出演して話題になっている。

　楽曲としては、オフの時間も猛烈に働き、ヘイターすら糧にすることできらびやかな成功を掴んできた、それが自分たちにとっての報い（＝カルマ）であり、必然なのだというある種のボースティング。そんな自分たちを祝福し鼓舞しよう、というわけで、印象的な「ヒップ・ヒップ・フーレイ」が高らかに唱えられる。下積みの練習生時代からのハードワークを積み重ねてアイドルとして巨大な成功を目指すK-POP産業の精神を象徴するような曲だが、こうした歌詞が成立するのもメンバーたちが自ら楽曲制作に携わり、かつ実際に人気グループとして実績を積んできた彼らだからこそ、だと言えよう。とはいえ、アイドルたちに課される（あるいは自ら望んで課す）ハードワークには個人的に思うところがあり、「いのちだいじに」を信条とする者として、こういう曲を「さすがスキズ！」なんて褒めるのもいかんせん難しいのだが。

　サウンド面にも着目してみよう。公式にはトラップEDMとバイレファンキをミックスしたスタイルと言われているが、バイレファンキ要素はそこまでない。イントロを聴いた瞬間はバイレファンキやラテン系のクラブサウンドを少し連想したものの、基本的にはデカいステージが映えるフェスティバル系のトラップを取り入れたトラックだ。バキバキにアップリフティングなわけではなく、クールな歌唱スタイルに合わせてビートのメリハリは抑えめ。ただ、コール＆レスポンスで盛り上げた後、フェイクドロップ的なシンセリフが登場してベースの効いたフックに突入する展開には、スマートさと爆発力のバランスがとれた巧みさがある。

　楽曲としては申し分ないものの、やはりバイレファンキを謳うには要素が薄いのが少し心残りではある。ちなみに、ちょうどこのMV公開と前後して、ブラジルのドラァグクイーンでシンガーのパブロ・ヴィターが、Stray Kidsと同事務所所属（JYPエンターテインメント）である6人組ガールズグループ・NMIXXとコラボレーションした楽曲「MEXE」をリリースしていて、そちらはアグレッシヴなファンキのサウンドががっつり盛り込まれている。せっかくなのでぜひチェックしてみてほしい。
imdkm",[],[]
『大追跡』クランクアップを迎えた大森南朋×相葉雅紀×松下奈緒からコメント到着（リアルサウンド）,https://news.yahoo.co.jp/articles/adad1355a1aa063c69ee20b16dba0159937811df,https://newsatcl-pctr.c.yimg.jp/t/amd-img/20250903-00010004-realsound-000-1-view.jpg?exp=10800,2025-09-03T05:30:35+09:00,2025-09-03T05:30:35+09:00,リアルサウンド,realsound,リアルサウンド,2146,"『大追跡～警視庁SSBC強行犯係～』©テレビ朝日・東映
9月3日に最終回を迎えるテレビ朝日系水9ドラマ『大追跡～警視庁SSBC強行犯係～』。クランクアップを迎えたトリプル主演の大森南朋、相葉雅紀、松下奈緒からコメントが到着した。
【写真】凛々しい表情の相葉雅紀
福田靖が完全オリジナル脚本を手がけた本作は、テレビ朝日水曜21時に10年ぶりに誕生した新作ドラマ。トリプル主演の大森、相葉、松下に加え、佐藤浩市、遠藤憲一、光石研、伊藤淳史らによる軽妙なテンポの会話劇、最先端の技術を駆使して犯人を追い詰めていくストーリー展開で、“現代捜査のキーマン”とも言うべき最先端のプロフェッショナル集団、「SSBC＝捜査支援分析センター（Sousa Sien Bunseki Center）」の“別班”「SSBC強行犯係」の活躍を描いてきた。

　9月3日放送の第9話でついに最終回を迎える本作。22年前に起きた拳銃強奪事件とホームレス射殺事件に隠されていた、誰も知らなかった真実が明らかに。そして久世官房長官（佐藤浩市）が名波（相葉雅紀）をSSBCに送り込んだ本当の理由も語られる。

　元警察官・加茂（螢雪次朗）を撃った容疑者を追う中、ある1人の男を追って単独行動を取った遥（松下奈緒）が、防犯カメラの死角で突如消息不明に。遥が消えた路地の周辺を調べた伊垣（大森南朋）と名波は、人気のない雑居ビルで特殊詐欺グループのアジトを発見します。そしてそこには、遥の持ち物と思われるアクセサリーが。わずかな手掛かりと防犯カメラ映像をもとに、2人は決死の救出に向かうが……。

　一方、伯父である久世官房長官からSSBC創設の裏側と、22年前のホームレス射殺事件の真相を知らされた名波は、その事実を伊垣に共有。特殊詐欺グループのリーダー・坂崎龍（板橋駿谷）と、天才ハッカーである弟の蘭（渡邊圭祐）が、過去の未解決事件に深く関わっていることを確信し、SSBCメンバーの協力も得て、行方を追うことに。22年前、久世とその周辺には何が起きていたのか。名波が知らされる衝撃の事実とは。

　最終回を前に、トリプル主演の大森、相葉、松下が無事クランクアップ。脚本家の福田、監督の田村直己から花束が渡されると、3人からは次々と笑顔が。大森が「この役（伊垣修二・役）をやって、“俺、刑事モノが好きなんだ”って気づきました。こういう刑事モノを当たり前のように見て過ごしてきて、そのまま大人の役者になったので、あの頃のことをたくさん思い出しましたし、またこの役をやりたいなという気持ちが高まりました」と話すと、相葉も「試行錯誤はしましたが、名波というある種“ミステリアス”な役をやらせていただいたことは貴重な経験になりました。またパワーアップして戻ってきたいです！」と力強く宣言。松下も「のびのびと役を演じさせていただき、皆さんの優しさに本当に救われました。また再会できたらうれしいです！」と笑顔で語り、3人とも灼熱のひと夏を駆け抜けた充実感溢れる表情を見せた。　

　さらに、脚本を手がけた福田からもコメントが到着した。個性豊かなキャラクターや“名波マウント”、八重樫捜査一課長（遠藤憲一）の記者会見シーンや「はぅ」の名ゼリフなどが視聴者に広く愛された本作。福田は「まさかこんなに話題になるとは思ってもみなかったんです（笑）」と驚きつつ、「これがドラマの面白いところですよね。創り手が意図せず、盛り上がるという現象。今後もし書かせていただく機会があるとしたらそこに縛られすぎないようにしないとな、とも思います（笑）」と語った。また、大森演じる伊垣の「逃げ切れると思うなよ」というセリフが、テレビ朝日・六本木ヒルズSUMMER FES サマフェスアリーナでの『大追跡 夏の大感謝祭』イベントの際に歓声を浴びていたことにも、「本当ですか!?　やはり視聴者の皆さんも一緒に創ってくれているような化学反応が面白いですね」と感心。実は苦心していたのは、キャラクター設定よりも、“SSBC”という題材だったことも明かし、「どんなに事件のパターンを考えたとしても、最終的にデジタルエビデンスでSSBCのメンバーが解決に導かないといけないとこのドラマが成立しないといけないので、本当に難しかったです。いくらキャラクターが面白くても犯人側にドラマがあったとしても、それよりなによりデジタルエビデンス…ここにもっていくことが難しかった」と振り返った。

　今夜放送の最終回に向けて、「名波がSSBCにきた理由や、久世官房長官のドラマにおける存在理由も分かってきて…ラストに相応しい内容だと僕は思っています。ど派手な内容ではないものの、満足してもらえる展開だと思いますのでぜひ楽しみにしていただきたいです」と見どころを語った福田。「僕としてはまだまだキャラクターを描き切れてないんです。手探りのまま終わった気持ちもちょっとあるので、機会があれば…もっとキャラクターをくっきり際立たせていきたいなと想いはあります。あと…各キャストの皆さまの代表作のようなものになってくれたらうれしいなと思っています」と今後の展開への期待も滲ませた。
リアルサウンド編集部",[],[]
小関裕太らチーム・ハンサム！メンバーが出演　『君としたキスはいつまでも』放送決定（リアルサウンド）,https://news.yahoo.co.jp/articles/198c63f47293ec28c742e0efdb9fcd181f819be5,https://newsatcl-pctr.c.yimg.jp/t/amd-img/20250903-00010003-realsound-000-1-view.jpg?exp=10800,2025-09-03T05:01:58+09:00,2025-09-03T05:01:58+09:00,リアルサウンド,realsound,リアルサウンド,1010,"『君としたキスはいつまでも』ティザービジュアル ©︎「君としたキスはいつまでも」製作委員会・ABCテレビ
小関裕太らチーム・ハンサム！のメンバーがメインキャストとして出演する10月期のドラマL『君としたキスはいつまでも』が、10月18日よりテレビ朝日にて、10月19日よりABCテレビにて放送されることが決定した。
【写真】小関裕太のキス寸前カット
アミューズ所属の俳優たちがジャンルを超えてドラマ、映画、舞台など多彩な活躍を魅せるチーム・ハンサム！。本作は、恒例ファン感謝祭『SUPER HANDSOME LIVE』（通称・ハンサムライブ）が2025年に20周年を迎える彼らと、ABCテレビによるオムニバスラブストーリーだ。

　ドラマの舞台は、廃校になった小学校をフルリノベーションした湖畔のホテル。オープンを前に、卒業生や小学校に所縁のある人々を招待したプレオープンが行われる中、登場人物たちはそれぞれに思い思いのタイミングで、家族や友人、恋人とともにホテルに集ってくる。ある客は、恋人と初めてのお泊りに。ある客は、亡き妻との思い出を辿るために。またある客は、疎遠になった幼なじみで集まるために……。かつて子どもだった大人たちが思い出の場所に集い、自分自身、そしてなにより大切な人と向き合う時間を過ごしていく。人と人とが向き合った先にある、“君としたキス”は、どんなキスなのか。

　12月27日、28日に『Amuse Presents 20th Anniversary ULTRA HANDSOME LIVE 2025“ZERO”』の開催が決定しているチーム・ハンサム！のメンバーがメインキャストとして出演。ドラマ出演が決定した小関を起用したティザービジュアルも公開された。小関の役柄、またそのほかのキャストと役柄は後日発表される。

　主題歌は、年末のハンサムライブに出演するチーム・ハンサム！書き下ろしの新曲「Here Today」に決定。楽曲は、チーム・ハンサム！の22名全員で歌唱する。

【小関裕太 コメント】
ことし20周年を迎えるチーム・ハンサム！メンバーが出演する、ドラマの制作が決定しました。
これから撮影を迎えますが、久しぶりにお芝居を交えるメンバーが沢山いるので、みんなとの時間を味わえたらと思います。
毎話、どのような物語が紡がれていくのか楽しみにしていてください。
リアルサウンド編集部",[],[]
Snow Man 目黒蓮、『ザ・ロイヤルファミリー』で日曜劇場初出演　物語の鍵を握る重要な役に（リアルサウンド）,https://news.yahoo.co.jp/articles/bab308e1f0560c3ca3c4f36f2b461b18b68f745c,https://newsatcl-pctr.c.yimg.jp/t/amd-img/20250903-00010002-realsound-000-1-view.jpg?exp=10800,2025-09-03T05:01:16+09:00,2025-09-03T05:01:16+09:00,リアルサウンド,realsound,リアルサウンド,1358,"目黒蓮 ©TBSスパークル／TBS
妻夫木聡が主演を務める10月期のTBS日曜劇場『ザ・ロイヤルファミリー』に、Snow Manの目黒蓮が出演することが決定した。
【写真】『ザ・ロイヤルファミリー』で主演を務める目黒蓮
本作は、山本周五郎賞やJRA賞馬事文化賞も受賞した早見和真の同名小説『ザ・ロイヤルファミリー』を原作とした、人間と競走馬の20年にわたる壮大な物語。脚本を手がけるのは、『桐島、部活やめるってよ』『ディストラクション・ベイビーズ』などの喜安浩平。演出は、『アンナチュラル』（TBS系）や『最愛』（TBS系）などのテレビドラマのほか、近年は『ラストマイル』や『ファーストキス 1ST KISS』など映画作品の監督も務める塚原あゆ子らが担当する。

　主演を務める妻夫木のほか、佐藤浩市、松本若菜、沢村一樹、黒木瞳、小泉孝太郎、安藤政信、高杉真宙、津田健次郎、吉沢悠の出演が発表されている。

　目黒が演じるのは、物語の鍵を握る重要な役どころ。その詳細は一切明かされず、ドラマ本編で明らかになる。今作への出演発表とともに目黒が演じる役のビジュアルが公開されたが、アイドルとしての姿やこれまで出演した作品で演じてきた役では見たことのないビジュアルとなっている。

　2025年にデビュー5周年を迎え、Snow Manの一員として活躍するしつつも、役者としても活動する目黒。TBSドラマへの出演は、金曜ドラマ『トリリオンゲーム』（2023年）以来約2年ぶりで、日曜劇場への出演は本作が初となる。また、演出を務める塚原あゆ子とは、映画『わたしの幸せな結婚』（2023年）以来2度目のタッグとなる。

【コメント】
⚫︎目黒蓮
初めて日曜劇場に出演できることや演出の塚原さんとまたご一緒できるということも、ともて嬉しいです。
そして、本当に豪華なキャストのみなさんと一緒にお芝居ができるということもすごく幸せなことだなと思いますし、以前お仕事でご一緒したことがあるスタッフの方々もたくさんいるので、心強いチームの中で撮影できることが今からとても楽しみです。
僕はそこまで競馬というものを経験してきていないのですが、そんな僕でも脚本を通してすごく興味が湧きましたし、次の展開がとても気になるストーリーだなと思いました。
僕が演じるのはとても重要な役どころで、もっと役について紹介したいのですが、今はこれ以上言えません（笑）。
『ザ・ロイヤルファミリー』は人間と競走馬の20年にわたる熱き壮大な物語になっています。皆さんの1週間の楽しみになるようなドラマが作れるように僕も一生懸命頑張るので、ぜひみなさんご覧ください。

⚫︎加藤章一（プロデュース）
妻夫木聡さん、佐藤浩市さんと共に、この物語の大きな鍵を握る役どころを目黒蓮さんに演じて頂きます。
目黒さんとは映画「わたしの幸せな結婚」、TBS金曜ドラマ・劇場版「トリリオンゲーム」でご一緒し、とても難しいキャラクターを見事に演じて頂きました。今回もとても重要な役柄ですが、目黒さんの繊細なお芝居でこの作品をさらに素敵なものにしていただけると確信しています。目黒さんはじめ、豪華な出演者の皆さんが紡いでいく感動のストーリーにご期待ください。
リアルサウンド編集部",[],[]
桜田ひより×佐野勇斗、民放キー局GP帯ドラマ初主演　予測不能な逃亡劇『ESCAPE』放送へ（リアルサウンド）,https://news.yahoo.co.jp/articles/76e1237cbb1a1cc5ff1ce6dea0b0e9f6b0ebc399,https://newsatcl-pctr.c.yimg.jp/t/amd-img/20250903-00010001-realsound-000-1-view.jpg?exp=10800,2025-09-03T05:00:58+09:00,2025-09-03T05:00:58+09:00,リアルサウンド,realsound,リアルサウンド,3521,"（左から）桜田ひより、佐野勇斗『ESCAPE それは誘拐のはずだった』©日本テレビ
桜田ひよりと佐野勇斗がW主演を務める連続ドラマ『ESCAPE それは誘拐のはずだった』が、10月8日より日本テレビ系水曜ドラマ枠で放送されることが決定した。
【写真】『ESCAPE それは誘拐のはずだった』ロゴ画像
本作は、とある誘拐事件をきっかけに出会った2人を描く、オリジナル脚本によるサスペンスドラマ。

　桜田が演じるのは、日本有数の企業、八神製薬社長の一人娘・八神結以。幼い頃から八神家の後継者として大切に育てられてきた。本人は非常に真面目な性格で、社会福祉や貧困問題に関心を持つ。しかし、“ある秘密”を持つことから、人と触れ合うことに抵抗を持ち続けてきた。その“秘密”とは八神家に代々受け継がれてきたものだった。そして20歳のバースデーパーティーが盛大に行われる最中、身代金目的で誘拐されてしまう。しかし、誘拐犯の大介に、一緒に逃げてほしいと懇願する。いったい彼女の目的とは。
　
　同じく主演を務める佐野が演じるのは、誘拐犯グループの一人、林田大介。攻撃的な言動や装いをしながらも、素朴でうそがつけない正直な性格。貧しい環境で育ち特殊詐欺に関与してしまった過去を持つ。しかし結以と共に過ごすことで、今までの人生で出会ったことのない価値観を知るようになり、次第にその心には変化が。そして同様に、大介の無邪気で何気ない行動が、結以に影響を与えるようにもなる。

　桜田と佐野はともに民放キー局GP帯ドラマ初主演となる。

　演出を務めるのは、日本テレビで『3年A組 ―今から皆さんは、人質です―』（日本テレビ系）、『あなたの番です』（日本テレビ系）などを手がけてきた小室直子。脚本は『放課後カルテ』（日本テレビ系）、『花咲舞が黙ってない』（日本テレビ系）のひかわかよが担当する。プロデューサーには、ひかわと『放課後カルテ』でタッグを組んだ秋元孝之が名を連ねた。

　大企業、八神製薬社長の一人娘・八神結以が20歳のバースデーパーティーの日に誘拐された。しかし計画はあえなく失敗に終わり、犯人の一人・林田大介は呆然と立ちすくむ。だが人質のはずの令嬢は「私と一緒に逃げて！」と言い出し、“人質と誘拐犯”、2人の奇妙な逃避行が始まる。張り巡らされる包囲網、そして瞬時に入れ替わる敵と味方。彼女はなぜ逃げることを選んだのか。はたして何から逃げようとしているのか。実は彼女には、ある隠された”秘密”があった。「それは誘拐のはずだった」のサブタイトルが示すように、誘拐事件をキッカケに、2人の数奇な運命が動き出す。現実を変えようとあらがう未完成な2人がたどり着く結末とは。

　そのほかのキャスト陣も近日発表される予定だ。

　また、9月3日放送の水曜ドラマ『ちはやふるーめぐりー』の中で、本作のPR映像が公開される。23時には第1弾PRの30秒Ver.がYouTube「日テレドラマ公式チャンネル」で公開される予定だ。

桜田ひより（主演／八神結以役）コメント
出演が決まったときの率直な感想
まずはタイトルを目にしたとき、サブタイトルに“誘拐”というワードが含まれていることに衝撃を覚えました。でも、脚本に目を通していくと 2人の関係性や取り巻く人たちの内面の感情にどんどん引き込まれていって。自分自身が八神結以として、この世界の中に入れることが純粋にうれしく感じました。またオリジナル脚本ドラマなので、視聴者の皆さんも、ワクワクドキドキしながら最終話まで楽しみに見ていただけるんじゃないかなと思いました。

台本を読んでみての感想
はじめは、“どんな誘拐犯なんだろう、誘拐されるって一体どんな感じなのかな”と読み進めてみたのですが、大介との年があまり離れていないこともあって、2人の掛け合いやエモーショナルなシーンが要所に散りばめられていて。どんなふうにこのシーンが出来上がっていくんだろうという期待感が、とにかく止まらなかったです。

演じる役柄について
私が演じる八神結以は文武両道ですごく頭が切れますが、時折見せる無邪気な姿が等身大の女の子だなと感じています。演じる私もワクワクさせられるような、すごく素敵な女性です。お嬢様というあまり自由が利かない生活をしている中で、自分の気持ちより周りの環境に飲み込まれるところもあるのですが、大介と2人で一緒に居るときに、ちょっと垣間見える彼女の本質や気持ちをうまく出していけたらいいなと思います。

佐野の印象
以前、お芝居を拝見したときも、グループとしての活動でも陽気でキラキラしているイメージを持っていました。今日お会いして、すごく気さくで頭の回転が早い方だと感じました。拝見した作品でのコメディーの芝居では、見ているこちらがすがすがしい気持ちになるくらい、心地よいテンポ感で会話劇を繰り広げられる方だなと思いました。

視聴者へのメッセージ
今回の物語は「誘拐」から始まりますが、そこから想像もつかないいろいろな展開が起きていくとともに、魅力あふれる登場人物も次々と登場します。私たちのことも、“この 2人いいな”とか、“この 2人の関係性これからどうなっていくんだろう”って、ぜひ見守っていただければうれしいなと思います。

佐野勇斗（主演／林田大介役）コメント
出演が決まったときの率直な感想
今まではオタクっぽい役とか内向的な役が多かったので、初めて「誘拐犯」という演じたことが無い役の話が来てうれしかったです。「誘拐から始まる逃亡劇」と聞いて、シリアスなシーンが多いのかなと思っていたのですが、それだけじゃないシーンもたくさんあって。見ている人に“あ、この 2人いいな”と思ってもらえるようになればいいなと思っています。

台本を読んでみての感想
2人の青春っぽいシーンがあるのが意外で、印象的でした。僕はいつも撮影前、すごく緊張したりするのですが、今回は本当に撮影が楽しみなんです。大介のような“ちょっと破天荒な役”をやりたかったのかもしれません。 “アドリブとかも自由にやっていいよ”って言ってくださったので、現場でいろいろ試してみて、役を楽しめたらいいなと思っています。

演じる役柄について
今回演じる林田大介は、素行が悪い犯罪者ではあるのですが、良くも悪くも“思いきりの良さ”がある人物だと思います。普通の人がストップをかけるところを突っ切れる姿には少し色っぽさも感じます。その反面、素直すぎて思ったことを正直に言ってしまったり、バカな一面もありますが、根はすごく人を思う気持ちがある男だと思います。

桜田の印象
桜田さんはずっと前から“いろいろな作品に出続けている”という印象があったので、年齢を聞いて驚きました。僕よりだいぶ年下なのですがしっかりしていると思いました。難しい役やセリフもリアルに落とし込んで芝居されている……すごく“巧い”という印象があります。一方で、今日の取材中に僕が発言した“暗い”を“cry”と勘違いして「泣いているんですか？」と聞いてきたんです（笑）。 天然で面白い所がある方で、すでに翻弄されています（笑）。

視聴者へのメッセージ
『ESCAPE』というタイトル通り、僕らは“逃げて追われて”という立場ですが、2人の関係の変化やそれぞれの成長は、きっと楽しんでいただけると思います。そして僕はこのドラマに“誰もが幸せになっていいんだよ”というメッセージが込められていると思います。いろいろな世代の方々に見ていただき、このメッセージを届けられたらいいなと思っています。

秋元孝之（プロデューサー） コメント
数年前に別のドラマで桜田さんにお会いしたとき、その圧倒的な演技力に衝撃を受け、いつかガッツリご一緒したいと考えていました。
『砂の塔』というドラマを見たとき、佐野さんの圧倒的な存在感に衝撃を受け、いつかガッツリご一緒したいと考えていました。
この度、そんな桜田さんと佐野さんとご一緒できることになりました。しかも、お2人とも地上波G P帯初主演となります。このタイミングでお2人同時にご一緒できるなんて、こんなに嬉しい事はありません。
先日の本読みで、お2人が演じる“ハチとリンダ”と会いました。脚本から飛び出してきたような息ピッタリのお芝居に、桜田さんと佐野さんで本当に良かった！　と確信しました。嬉しくて少し泣きそうでした。
皆さんぜひ、桜田さんと佐野さん演じる“ハチとリンダ”に会ってください。
最高の2人です！
リアルサウンド編集部",[],[]
前田公輝×水沢林太郎W主演ドラマ『おいしい離婚届けます』放送決定　共演に増田梨沙（リアルサウンド）,https://news.yahoo.co.jp/articles/a85e91261be87f1db8915ed1c36dd52afe74eb38,https://newsatcl-pctr.c.yimg.jp/t/amd-img/20250903-00010000-realsound-000-1-view.jpg?exp=10800,2025-09-03T04:00:33+09:00,2025-09-03T04:00:33+09:00,リアルサウンド,realsound,リアルサウンド,1742,"（左から）増田梨沙、前田公輝、水沢林太郎 ©中京テレビ
前田公輝と水沢林太郎がW主演を務める連続ドラマ『おいしい離婚届けます』が、10月1日より中京テレビ・日本テレビ系水曜プラチナイト枠で放送されることが決定した。
【写真】同時間帯2クール連続での連ドラ主演となる前田公輝
本作は、法では結ばれない2人が問いかけるヒューマンリーガルドラマ。公私共にパートナーの弁護士・音喜多初と探偵・伊勢谷海。法的に結ばれることが叶わない彼らは、パートナーの裏切りに苦しむ人のため、離婚弁護を請け負う。戦うは、好感度の裏で後輩女子アナを次々と襲う“下劣な有名司会者”、同性の恋人を裏切り、なぜが異性との結婚を選んだ“気まぐれ女”など曲者ばかり。そしてついには、“死者からの離婚依頼”が。2人が導く「おいしい離婚」とは。

　“最高のパートナー”としてW主演を務めるのは、『完全不倫 ― 隠す美学、暴く覚悟 ―』（日本テレビ系）に続き、同時間帯2クール連続での連ドラ主演となる前田と、地上波連続ドラマ初主演となる水沢。クセ者で頭脳明晰な離婚弁護士・音喜多初を前田、初と同棲中で人懐っこく愛されキャラの探偵・伊勢谷海を水沢がそれぞれ演じる。

　そして、物語の“鍵”となる人物、初と海の前に突如現れた謎の少女・杏奈を、NHK Eテレ『みいつけた！』の4代目スイちゃんを歴代最長の5年間務め、『放課後カルテ』（日本テレビ系）や『日本一の最低男 ※私の家族はニセモノだった』（フジテレビ系）などのドラマに出演し、舞台ミュージカル『SPY×FAMILY』ではアーニャ役を演じた増田梨沙が演じる。

　あわせて15秒のティザー映像も公開。前田演じる敏腕離婚弁護士・音喜多初、そして水沢演じるパートナーで探偵の伊勢谷海の同棲生活の様子が描かれている。さらに、“1週間以内に離婚をしたい”という女性依頼者・及川真央（野村麻純）の登場や、曇りガラスに映る不穏なシルエット、さらに、増田演じる謎の少女・杏奈の姿も。「私があなたを守ります」と力強く宣言する初。果たして初と海は、依頼者にとっての“おいしい”離婚を届けることができるのか。各話を彩るゲストやドラマの詳細は、今後順次発表される予定だ。

【コメント】
●前田公輝（音喜多初役）
日本テレビ系列にて、7月期に引き続きW主演をさせていただくこととなり、とても嬉しく思っています。
離婚をきっかけに「家族ってなんだろう？」と改めて考えさせてくれる、爽快なラブ＆ヒューマンドラマです。
台本を読み、このドラマの鍵は「普通」という言葉だと感じました。人によって「普通」が違うからこそ、人はすれ違ってしまったり、ケンカをしたり…
そんなすれ違いを弁護士・探偵コンビが驚きの方法で解決していきます。僕は、弁護士として法律と心を通じて、ご依頼人と一緒に愛のカタチを探せるよう撮影中です。
ふわっと旨みが広がる“おいしいドラマ”をぜひお楽しみに！

●水沢林太郎（伊勢谷海役）
皆様、初めまして、伊勢谷海役の水沢林太郎です。
お話を頂いた時にはとても嬉しく、そして僕自身にとって大きな挑戦になると感じました。台本を読んでみて、探偵と弁護士がバディになる事はこれまであまりなかったのではないかと思います。それぞれの想いで依頼人と向き合っている二人の姿に、面白さと格好良さを感じています。
作品の世界観の中で繊細に丁寧に「伊勢谷海」に向き合って演じていますので楽しみにして頂けると嬉しいです。

●増田梨沙（杏奈役）
オーディション合格の連絡を頂いた時は、思わず声が出てしまうくらいびっくりして、とてもうれしかったです。
多くの方にたくさん見ていただけるよう、この作品を好きになっていただけるように、頑張りたいなと思いました。
このドラマは、弁護士や探偵や推理などが好きな方も楽しめたり、見ていて気持ちがほっとしたり、楽しめる要素がたくさん詰まっているドラマになっています。
見どころはテンポの良い会話です！
そして、家族や仲間の優しさも感じられて温かい気持ちになります。
夜遅い時間の放送ですが、配信でも見られるので、ぜひ何度でも見ていただけたら嬉しいです。
リアルサウンド編集部",[],[]
