headline,mainEntityOfPage,image,datePublished,dateModified,author,media_en,media_jp,str_count,body,images,external_links
人のように「滑稽で、不器用で、愛らしい」動物たち、思わず微笑んでしまう写真（Forbes JAPAN）,https://news.yahoo.co.jp/articles/bc44be28348dcabb0dfcdaf63765ca5fc2cf1f9b,https://newsatcl-pctr.c.yimg.jp/t/amd-img/20251126-00085694-forbes-000-1-view.jpg?exp=10800,2025-11-26T18:30:00+09:00,2025-11-26T18:30:00+09:00,Forbes JAPAN,forbes,Forbes JAPAN,2448,"スマトラオランウータン（(c) Marco Gaiotti of Genova, Italy. Photos courtesy of Nature's Best Photography, All rights reserved.）
自然写真コンテストのネイチャーズ・ベスト・フォトグラフィー（NBP）では毎年、野生動物の、息をのむようなありのままの美しさを垣間見せる写真が発表される。だが時として、自然は見た目ほど過酷なばかりの世界でないことも思い出させてくれる。動物たちも、人間と同じように、滑稽で、不器用で、愛らしいのだ。
【画像】2025年度NBPの「動物のユーモラスな行動」部門に選ばれた作品
2025年度NBPの「Animal Antics（動物のユーモラスな行動）」部門に選ばれた作品には、純粋な喜びの瞬間が捉えられている。くすぐりあっているようなゴリラの子どもたち、ダンスグループの一員のようにポーズを決めるキツネザル、そして、愛情をストレートに表現するテングザルの姿だ。

これらの瞬間は、生物学者である筆者を笑わせてくれる。単にかわいいからというだけでなく、我々に最も近い霊長類の動物たちに、非常に人間的な側面が見て取れるからだ。

2025年のコンテストから、筆者お気に入りの受賞作を3点ご紹介しよう。どれも、霊長類が野生下で見せる、楽しげな一面を捉えた作品だ。

■1. マウンテンゴリラ（ウガンダ、ブウィンディ原生国立公園）

この写真では、木の枝の上に、2頭の幼いマウンテンゴリラ（学名：Gorilla beringei beringei）がいる。霊長類の動物というより、休み時間の子どもたちのように見える。

彼らに完璧な遊び場を提供しているウガンダのブウィンディ原生国立公園は、この絶滅危惧種にとって最後の生息地の一つであり、ユネスコ世界遺産に指定されている。

撮影した写真家のデイヴィッド・スウィンドラーは、ゴリラの兄弟に遭遇した時の様子をこう記している。「幼い2頭が楽しげに遊ぶ姿は、見ていて愉快だった。ゴリラたちにとって重要な森林生息地をトレッキング中に見かけたものだ」
自らの尾をかじるマダガスカルのワオキツネザル
生物学的な観点から見れば、この写真に捉えられているような遊び行動は、ゴリラが生き抜いていくために不可欠だ。霊長類にとって、互いにじゃれあう行為は、人間の子どもと同様に、社会的スキルや集団内の順位、感情調節を学ぶ手段となる。

学術誌『Genome Research』に発表された研究が指摘するように、ゴリラは人間とDNAの98％を共有している。その意味では、ゴリラの行動が我々と類似していても、さほど驚くことではない。

とはいえ、この2頭の姿には思わず笑みがこぼれる。世界有数の生物多様性を誇る森林の奥深くでさえ、笑いは共通言語であるということを、彼らは思い出させてくれる。

■2. ワオキツネザル（マダガスカル）

このワオキツネザル（学名：Lemur catta Linnaeus）が自らの尾をかじる姿は、紛れもなく貴重な瞬間に感じられる。しかしこれは、動物学者がこれまでに観察した、ワオキツネザルの尾に関連する行動のなかで、最も興味深いものとまでとは言いがたい。

2017年に学術誌『American Journal of Primatology』に発表された研究が説明するように、ワオキツネザルは、「匂いを使った求愛行動」でも知られている。ちょっとばかげているように感じるかもしれないが、これは、オスのワオキツネザルが、臭腺から出る分泌物を尾にこすりつけた後、メスに向かって振りかざして自分を印象づけようとする行為だ。だが、人間の女性の場合と同じく、このような行動は往々にしてオスへの攻撃を招く。
固く抱き合うような2頭のボルネオ島のテングザル
■3. 兄弟愛の抱擁：テングザル（ボルネオ島）

この写真で固く抱き合うような様子を見せる2頭のテングザル（学名：Nasalis larvatus）の姿は、心温まると同時に、どこか笑いを誘う。しかし、彼らの大きく肉厚な鼻は、見た目は滑稽でも、実際には重要な進化上の役割を担っている。

2025年に学術誌『Journal of the Royal Society Interface』に発表された研究が指摘するように、オスの特大の鼻は、生まれ持った広告板と、低音増幅器の役割を兼ねている。具体的には、潜在的な交尾相手やライバルに対して、自身の身体的・性的成熟度をアピールする信号となるのだ。

音響学的効果によって、鼻が大きいほど鳴き声は低くなり、体の大きさをアピールする役割を果たす。つまり、我々には滑稽に見える鼻も、テングザルにとっては自慢のタネなのだ。

また、この鼻から出る声は、彼らの複雑な社会構造において、個体識別を可能にする重要な情報源となっている。

それはそれとして、筆者はこの写真に人間味を感じずにいられない。撮影者のダニエル・ヴァルヴァーデ・フェルナンデスが、この写真を「兄弟愛の抱擁」と題した理由も、おそらくそうだろう。我々にはどうしても、2人の友人が笑いながら、彼らにとっては混沌とした世界で互いをしっかりと支え合っているように見えるのだ。

■野生動物の多面性

2025年のNBPコンテストは、息をのむような風景や、大胆な冒険を届けてくれた。だがそれ以上に、同コンテストは毎年、我々に微笑む理由を与えてくれる。

捕食者が獲物を追う姿や、雄大な北極の景色の下には常に、もっとシンプルな真実がある。動物たちは、好奇心旺盛で感情豊かであり、そして多くの場合は、図らずもユーモラスであるという真実だ。彼らは我々に、驚嘆とユーモアは確かに共存し得ること、そして野生の世界は、その世界なりの喜びに満ちていることを思い出させてくれる。
Scott Travers",[],[]
ネトフリ『トレイン・ドリームズ』はオスカー候補有力作、ロッテントマトで批評家スコア95％（Forbes JAPAN）,https://news.yahoo.co.jp/articles/c6822a0ae5e816a773ce9f26afad03ab3ea69818,https://newsatcl-pctr.c.yimg.jp/t/amd-img/20251126-00085657-forbes-000-1-view.jpg?exp=10800,2025-11-26T18:30:00+09:00,2025-11-26T18:30:00+09:00,Forbes JAPAN,forbes,Forbes JAPAN,1791,"『トレイン・ドリームズ』（Train Dreams）（C）ネットフリックス
ネットフリックスがオリジナルの番組や映画を大量に投入し、当たりを狙って「ショットガン」のように撃ちまくっていることを、筆者はしばしば手厳しく批判してきた。しかし現在、同社が配信しているオリジナル長編映画が、映画評論サイトのロッテントマト（Rotten Tomatoes）で156件を超えるレビューを集め95％のスコアを獲得し、まさに今年最高得点の作品の1つとなっている。
【画像】ネットフリックスのオリジナル長編映画『トレイン・ドリームズ』
その映画とは『トレイン・ドリームズ』（Train Dreams）だ。普段は助演に回ることの多いジョエル・エドガートンが主演を務める。デニス・ジョンソンの2012年の中編小説を原作とし、今回これが見事な映画に仕上げられた。以下は概要である。

『トレイン・ドリームズ』は、20世紀初頭のアメリカという未曾有の変化の時代に生きたロバート・グレイニア（ゴールデングローブ賞ノミネートのジョエル・エドガートン）の、心揺さぶる人物像を描く。幼くして孤児となったロバートは、太平洋岸北西部のそびえ立つ森林の中で大人へと成長し、そこに暮らす風景と同じくらい忘れがたい男たちと肩を並べ、国の鉄道帝国の拡張に従事する。やがて慎ましい求愛を経て、彼はグラディス（アカデミー賞ノミネートのフェリシティ・ジョーンズ）と結婚し、2人は家庭を築くが、仕事のため彼はしばしば妻と幼い娘のもとを離れねばならない。彼の人生が思いがけない方向に転じるとき、ロバートは自らが倒してきた森と木々に、美しさ、残酷さ、そして新たな意味を見いだす。

おっと、フェリシティ・ジョーンズも出演していたな、気付いていなかった。思い出してほしいが、彼女のオスカー2度のノミネートは『博士と彼女のセオリー』（The Theory of Everything）の主演女優賞と『ザ・ブルータリスト』（Brutalist）の助演女優賞である。彼女はまた、新時代の『スター・ウォーズ』（Star Wars）作品でもおそらく最高の出来とされる『ローグ・ワン』（Rogue One）の主演でもあった。

一方のエドガートンは、『ザ・ギフト』（The Gift）から『ブラック・スキャンダル』（Black Mass）、『華麗なるギャツビー』（The Great Gatsby）、『ゼロ・ダーク・サーティ』（Zero Dark Thirty）まで、いくつもの作品で見覚えがあるはずだ。彼は『スター・ウォーズ』にも出演しており、前日譚三部作で若きオーウェン・ラーズを演じ、その役をドラマ『オビ＝ワン・ケノービ』（Obi-Wan Kenobi）でも再演した。私が彼を最初に見たのは、たしか2011年のMMA映画『ウォーリアー』（Warrior）だったと思う。

『トレイン・ドリームズ』（Train Dreams）は現在、ネットフリックスのトップ10で第5位に位置し、6月初旬から同リストに居座っている『KPOPガールズ! デーモン・ハンターズ』（KPop Demon Hunters）を追い抜いた。批評家の評価がここまで高いことを踏まえると、作品そのものに加え、エドガートンやジョーンズがオスカー争いに絡む可能性も十分にあるといえるだろう。明白な有力候補とされる『ワン・バトル・アフター・アナザー』（One Battle After Another）（94％）、『罪人たち（Sinners）』（97％）、『ハムネット』（Hamnet）（88％）、『ブゴニア』（Bugonia）（87％）などのスコアは、同等かそれ以下だ。ネットフリックス作品であることも、初期ほど不利にはならないかもしれない。

同社はこれまでにオスカーで通算73件のノミネーションを得ており、昨年の『エミリア・ペレス』（Emilia Perez）だけで13部門にノミネートされた。配信プラットフォームが作品賞を制した前例もあり、2021年にはApple TVの『コーダ あいのうた』（CODA）が受賞している。

というわけで、『トレイン・ドリームズ』は見逃せない1本のようだ。上映時間は1時間43分しかない。今すぐチェックする価値がある作品だ。
Paul Tassi",[],[]
「人生のつらい時」にこそ効く、カップルの絆を強くする知られざる4つの愛の言葉（Forbes JAPAN）,https://news.yahoo.co.jp/articles/ebede483fa0ceafea28512b77f81226fda6d426b,https://newsatcl-pctr.c.yimg.jp/t/amd-img/20251126-00085326-forbes-000-1-view.jpg?exp=10800,2025-11-26T17:30:00+09:00,2025-11-26T17:30:00+09:00,Forbes JAPAN,forbes,Forbes JAPAN,3125,"Shutterstock.com
結婚カウンセラーで牧師でもあるゲーリー・チャップマンの「5つの愛の言語」は何十年もの間、人がどのように愛情を交わすかを理解するためのシンプルで永続的な枠組みを提供してきた。肯定的な言葉、尽くす行為、贈り物、質の高い時間、身体的な触れ合いは、互いの感情的なニーズを読み解こうとするカップルにとって共通の語彙となった。だが、この5つの言語が親密さについての考え方を変えた一方で、心理学は新しく馴染みのない分野を開拓してきた。

私たちが今知っているように、愛は単なる表現に関するものではなく、調節のシステムでもある。2つの神経系、2つの過去、そして2つの未来が同じ空間に共存するための、ダイナミックで適応的なプロセスとしてとらえることができる。

そしてその変化は、人生で厳しい局面を迎えたときに最も重要だ。パートナーが親の死を悲しんでいるとき、不妊治療がうまくいかなかったとき、突然の解雇で経済的な安定が崩れたとき、持病が長引いているときなどだ。そのようなとき、伝統的な愛の言語はまだ意味があるとはいえ、十分ではないと感じ始める。

そこで新しい語彙が生まれる。心理学の研究により、かすかなつながりの形、つまりカップルが喜びだけでなくプレッシャーを受けながらでも調和した状態を保ち続けるための4つの「秘密」の愛の言語が特定され始めている。その4つを紹介しよう。

■1. 共同調節

ストレスと再生の時期を乗り切ることができる愛は、神経科学者が「共同調節」と呼ぶもの、つまり片方の冷静さが相手の神経系を落ち着かせることができる状態からきていることが多い。

脳神経学者スティーブン・ポージェスのポリヴァーガル理論によると、私たちが他者と一緒にいて安心感を覚えると、身体の社会交流神経系が活性化して心拍がゆっくりになり、呼吸が安定し、口調が柔らかくなる。カップルは、優しい触れ合いや聞き慣れた声、あるいは呼吸のリズムの共有といった微妙な身体的合図によって、文字通り互いの体の状態を調整することができる。

言い争っているカップルを想像してほしい。事態がエスカレートしていることを一方が察知し、すぐに声を和らげ始める。相手がそれを（撤退ではなく）安全への呼びかけだと認識すると、無意識のうちにそのトーンを反映する。短時間のうちに、双方の昂った状態は落ち着き始める。言い争いは解決するまで続くが、脅威をもたらす反応は芽のうちに摘み取られる。

有益な議論の利点は、解決や合意に達することだけにとどまらない。2人の体のシンクロニシティ（同時性）を強化し、あなたの存在にはパートナーを落ち着かせる力があることを思い出させる役割も果たす。
パラレルプレイ
■2. パラレルプレイ

パラレルプレイの愛の言語は、子どもたちにとって最も自然なものだ。子ども2人が並んで座り、1人はゲーム、もう1人は工作をしているとき、それぞれの世界に没頭しながらも互いの存在に安らぎを感じているのを見たことがあるだろう。大人もこのようなつながりを、再発見することができる。

カップルが成長するにつれて、常に関わっていたいという欲求は「一緒にいながら独り」になりたいというよりマイルドな欲求に変わることが多い。恋愛関係の自律性に関する研究では、お互いに心理的な空間を許し合っているカップルは一般的に自分たちの関係に満足しており、パートナーの助けが必要なときには、2人のやり取りはより直接的なものになる。

もしあなたとパートナーが同じ空間にいながら、演技をしたり言葉で場をつないだりする必要なく、それぞれに活動しているのなら、あなたはパラレルプレイという愛の言語を流暢に使いこなしていることになる。部屋でパートナーの反対側に座って静かに本を読む、あなたがキッチンで料理をしている間、パートナーはゲーム観戦する、などが良い例だ。

もちろん共通しているのは、共に存在するという行為だけでなく、そのときに感じるかもしれない、触れることはできないがはっきりとした安心感だ。

■3. 役割交代

どのような恋愛関係においても、カップルはそれぞれに2人の絆のウェルビーイングに貢献する特定の役割を担っている。ある関係では、一方のパートナーが計画を立て、もう一方が行き当たりばったりで行動する。また、片方が感情面での安定を担当し、もう片方が現実的あるいは後方支援的な安定を担当する関係もある。

しかし、一方が常に世話役で、もう一方が常に依存するなど、役割分担が硬直化すると親密さが損なわれ始める可能性がある。最も健全なカップルは、最近の研究で「関係への適応性」と呼ばれるものを持っている。つまり生活の中で必要に応じて役割を流動的に切り替えている。

専門誌『Journal of Marriage and Family（ジャーナル・オブ・マリアッジ・アンド・ファミリー』に2022年に掲載された、現場で働く労働者の恋愛関係の健全さに関する研究では、コミュニケーションや感情の調節といったスキルの中でも、「役割の柔軟性」が激動の時期の恋愛関係の回復力に不可欠だと強調している。

この意味での役割の切り替えは、恋愛関係におけるダンスのようなものと考えることができる。その場の状況に応じてリードする役割と追随する役割を交代するのだ。

健康上の一大事を乗り越えるカップルを想像してみてほしい。数カ月の間、一方のパートナーが日々の細々としたことや予定の管理、緊急度を勘案しながらの感情面での応対を担う。だが最悪の状況が過ぎ去ると、もう一方のパートナーが感情面で主要な役割を担う。そして相手に休んだり悲しんだり、一息ついたりすることを促す番だ。役割は変わるがパートナーシップは強固に保たれる。固定された役割では、関係はもろいもののように感じられる。だが、役割を柔軟に担うようにすると、関係は強靭なものになる。
共感
■4. 共感

短距離選手のように、感情を処理する人がいる。彼らは素早く、表現豊かで、どんな障害も解決しようとする。それとは対照的に、マラソン選手のようにゆっくり動き、よく振り返り、起こったことを消化するのに時間を要する人もいる。このように異なるタイプの人が衝突すると、カップルはペースの違いを愛のすれ違いと勘違いしてしまう。

そこで、時間的な共感が不可欠になる。恋愛科学におけるこの新たな考え方は、カップルが互いの心理的な時間感覚をどれだけ尊重しているかを指す。これには、癒しや意思決定のスピード、変化にどれだけ速く、あるいは遅く適応するかも含まれる。

専門誌『Negotiation Journal（ネゴシエーション・ジャーナル）』に2022年に掲載された論文は、時間的な軌跡が同期している（カップルが決断、修復、人生の転機を同じようなペースで進んでいる）ことで、親密さと信頼が増すと主張している。一方で同期していないと、認知されたコミットメントを損なう。これは、片方のパートナーが同期から外れた場合、パートナーが自分を取り戻し、再調整することができるよう、立ち止まって待つ必要があることを意味する。

例えば、言い争いの後、一方が距離を置く必要があり、もう一方が解決を急ぎたい衝動に駆られるとき、その忍耐は時間的な共感という愛の言語を話していることになる。同様に、物事の消化に時間がかかるパートナーが、相手が感じている決着の必要性を認識し、相手が望むよりも早くそっと踏み出すとき、それも時間を通して伝えられる愛だ。
Mark Travers",[],[]
時給930円から総報酬25億円へ 米レストラン大手「チポトレ」でDXを推進した社長兼CTO（Forbes JAPAN）,https://news.yahoo.co.jp/articles/9135f6d37bdfaf884eec6a0e3d031a690cf8532d,https://newsatcl-pctr.c.yimg.jp/t/amd-img/20251126-00085451-forbes-000-1-view.jpg?exp=10800,2025-11-26T17:00:00+09:00,2025-11-26T17:00:00+09:00,Forbes JAPAN,forbes,Forbes JAPAN,4555,"Shutterstock.com
フォーブスは11月18日、優れた最高技術責任者（CTO）、最高情報責任者（CIO）、最高情報セキュリティ責任者（CISO）を表彰する年次リスト「2025 CIO Next」を発表した。このリストには、50人の優れたリーダーが選ばれる。

米チポトレの社長（President）兼最高戦略・技術責任者（CTO）のカート・ガーナー（56）は、同社のわずか5％だったオンライン売上比率を、全体の3分の1を超えるまでに押し上げた。その実績が評価され「2025 CIO Next」の1人として選出された。

■時代遅れのFAX注文を全廃し、アプリ導入でDXに着手

カート・ガーナーは2015年、メキシコ料理チェーン「チポトレ」初の最高情報責任者（CIO）に就任した。まず衝撃を受けたのは、全米2000店に届く注文のかなりの割合が、時代遅れのFAXで送られたものだったことだ。その年だけで2250万ドル（約35億円。1ドル＝155円換算）の売上がFAXによる注文だった。

「当時は、ウェブサイトにアクセスしてFAXの注文用紙をダウンロードする仕組みだった。客はその用紙に記入し、店に送信する。でも、注文が届いたかどうかの確認はできないし、結局店に行って列に並んで支払う必要があった。本当にちぐはぐな仕組みだった」とガーナーは振り返る。

こうしたFAX注文は、1993年創業の「ファストカジュアル」形式の外食チェーン、チポトレにおけるデジタル売上のわずか0.05％に過ぎなかった。しかしデジタル化を進めるうえで、ガーナーはすぐにこれを廃止し、アプリ注文やリワード型のロイヤルティー制度を軸にしたデジタルトランスフォーメーション（DX）に着手し、オンライン事業の強化に乗り出した。
デジタル売上が総売上の3割を超え、「数千億円規模の成長エンジン」として定着
■デジタル売上が総売上の3割を超え、「数千億円規模の成長エンジン」として定着

その後の10年間、ガーナーはCIOとして、そして現在の社長兼最高戦略・CTOとして改革を主導してきた。その結果、2015年に2億2500万ドル（約349億円。当時の売上45億ドル［約6975億円］の5％）だったデジタル売上は、2024年には40億ドル（約6200億円）近くにまで膨らみ、総売上113億ドル（約1.8兆円）のうち35％超を占めるまでになっている。

●「負債が一切ない。財務基盤は非常に強固」

現在チポトレのデジタル事業は、ガーナーが「数十億ドル（数千億円）規模の成長エンジン」と呼ぶ存在だ。全米3900店と、アクティブ会員数2000万人のリワードプログラムをつなぐ巨大なネットワークを形成し、消費者が支出を抑える局面でも伸びを維持している。「当社は、上場企業の中でも珍しく、負債が一切ない。財務基盤は非常に強固で、この成長が、人々の食習慣そのものを変える原動力になっている」とガーナーは語る。

こうした実績が評価され、ガーナーはフォーブスが11月18日に発表した米企業の最も優れたCIOやCTOを称えるリストの「2025 CIO Next」に選ばれた。

●株価下落と来客数減少の中、「大きな役割」と高額報酬

チポトレの株価は2025年も年初から48％下落している。来客数の減少が続く中で、同社CEOは現在、ガーナーに「大きな役割を任せている」と、チポトレを担当するジェフリーズのアンディ・バリッシュはフォーブスに語った。「カートはチポトレの成功の大部分を担ってきた」とバリッシュは指摘する。

一方で、ガーナーは自身の業績への貢献に見合う報酬を受け取っている。チポトレ幹部の中で3番目に多い株式を保有する彼の持ち株は、700万ドル（約10億9000万円）相当のストックオプションを含めて4200万ドル（約65億円）超に達する。2024年の総報酬額も1600万ドル（約25億円）を超えた。

●デジタル専用レーンの導入などで、高い利益率と効率的な投資回収を実現

チポトレのデジタル売上は、同社にとって最も利益率の高い注文形態だ。現在、全1100店がデジタル注文を重視した設計となっており、「チポトレーン」と呼ばれる専用の受け取りレーンを備える店舗もある。こうした店舗は、売上・利益率・投資回収のいずれの面でも、まだ改装されていない従来型店舗より高い成果を上げる傾向がある。今後オープンする直営店の80％以上は、このチポトレーンが導入される。

「デジタル注文が1日5万件に到達した日のことをよく覚えている。現在では50万件を超えている。私たちは、客が望む形でチポトレにアクセスできるようにしたいだけなんだ」とガーナーは語る。

■ウェンディーズの現場経験から顧客奉仕の精神を学び、スターバックスで改革の実績を積む

オハイオ州コロンバス出身のガーナーは、1991年の厳しい雇用状況の中でITキャリアをスタートさせた。オハイオ州立大学で経済学を学んだにもかかわらず、彼が就いたのは、時給6ドル（約930円）で電話対応を行うウェンディーズのIT部門の臨時職だった。1992年にフロリダをハリケーン・アンドリューが襲い、10店舗が損壊した際、ガーナーはその店から運び出されたレジとコンピューターの修理に名乗りを上げた。

数台を復旧させた後、ガーナーは残りの機器に必要な部品のリストを作った。すると、同僚の1人が彼を揶揄する風刺画を描いているのを見つけたという。彼の上司はその同僚を即座に解雇した上で、ガーナーにその同僚の正社員の職を与えた。ガーナーは、外食産業で働く40年のキャリアを通じて忘れられない教訓をそこから学んだと語る。「レストランでは、どんな仕事も自分の仕事ではないと考えてはいけない。常に客に奉仕する立場でいないといけない。傍観者になるな、ということだ」。

ガーナーは1995年にウェンディーズの国際IT部門ディレクターに昇進し、その2年後、28歳でスターバックスに引き抜かれた。当時のスターバックスは1400店規模の若いコーヒーチェーンだった。その後17年間、ガーナーは同社で改革を進め、2011年にはシニアバイスプレジデントとして大成功を収めたスターバックスのギフトカード事業をデジタル化した。エグゼクティブバイスプレジデント兼CIOに昇進した後の2015年には、モバイルオーダーを導入した。
食中毒事件による危機的状況で、アプリとリワード施策による業績回復を主導
■食中毒事件による危機的状況で、アプリとリワード施策による業績回復を主導

ガーナーがチポトレに転職したとき、FAX注文の問題は同社が抱えていた課題の中ではむしろ些細なものだった。その年、チポトレでは一連の食中毒事件が発生し、大腸菌による感染で60人が発症、22人が入院した。またノロウイルスが2件、サルモネラ菌が1件発生した。株価は急落し、年末を30％安で迎えた。なお2020年、チポトレはこれら食中毒をめぐる米司法省との刑事訴追を解決するため、2500万ドル（約39億円）の罰金支払いに応じている。

こうした危機のさなか、ガーナーが掲げたデジタル改革がチポトレをどん底から引き戻すことにつながった。彼がアプリを公開したのは2017年で、この年からデジタル売上が上向き始めた。アプリ導入後の最初の四半期には、デジタル売上が前年比50％増を記録した。翌年にはデジタル売上が初めて全体の10％に達し、売上額は初めて5億ドル（約775億円）規模となった。アプリとウェブを利用する月次ユーザー数は約400万人に達し、2017年から65％増えた。

2019年にはリワードプログラムを開始し、デジタル注文を「ゲーミフィケーション」で促すことで売上を押し上げた（1日限定で無料アボカドを提供する、といった趣向もあった）。その年の第2四半期には、全体売上が13％増加した。背景にはデジタル売上の前年比99％増があり、この四半期だけで、チポトレの2016年のデジタル売上全体を上回った。

●キッチン技術の刷新や受取時間の最適化により、急増するデジタル注文に対応

急増する注文に対応するため、ガーナーはキッチン向け技術も見直した。店頭対応スタッフが混乱しないよう、デジタルレシートと直感的に連動し、注文に必要な具材が光って表示されるスクリーンを導入した。また、受け取り時間をより賢く割り当てる仕組みも開発した。たとえば、処理能力に余裕のある店舗へ注文を回したり、店頭客が少なくなる時間帯に合わせて最適な受け取り時間を提示したりする仕組みだ。

●約155億円規模のベンチャー投資を通じて、ロボティクスや物流分野の革新を支援

ガーナーはまた、1億ドル（約155億円）規模のファンド「Cultivate Next」を通じて、チポトレのベンチャー投資の拡大を主導している。これまでに彼が実行した投資は8件にのぼり、ロボティクス系スタートアップ2社、AIを活用したSaaSプラットフォーム、飼料添加物メーカー、持続可能なオイル開発企業、そして地元産食材の物流を担うLocal Line（ローカル・ライン）などが含まれる。チポトレはLocal Lineを活用することで、2024年に約2130万キロの地元産農産物を調達し、地産食材の年間目標を2年連続で上回った。

●ゲーミフィケーション施策を強化し、休眠会員の呼び戻しと支出増につなげる

アプリの「ゲーミフィケーション」は、ガーナーにさらなる成果をもたらし続けている。2025年の夏に展開した「Summer of Extras」キャンペーンで、チポトレは1万個のブリトー（100万ドル［約1億6000万円］相当）を配布し、参加したアプリユーザーは640万人に達した。ガーナーによれば、「このキャンペーンによって前年の夏と比べて、休眠会員の再アクティベーションが大きく伸びた」という。大学生向けの新しいリワードプログラムも順調に立ち上がっており、チポトレの広報担当タイラー・ベンソンによれば、参加者は「利用頻度が高く、エンゲージメントも強く、それが支出額の大幅な伸びにつながっている」という。

■AIを活用したバーチャル採用担当を導入、応募者増と事務負担の軽減を両立

AIは、こうしたゲーミフィケーションをより個別化する役割も担うようになる。ただし現時点でガーナーがAIを使っているのは主に社内業務で、特に人事領域だ。彼は最近、AIを活用したバーチャルチームメンバー「Avo Cado」を導入し、求人の応募件数を2倍に増やしたうえ、新規採用者のオンボーディングにかかる事務作業の時間を75％削減したという。

●「テクノロジーそのものを目的化しないこと」

ガーナーは、自身の戦略の核心は「テクノロジーそのものを目的化しないこと」に尽きると語る。「重要なのは、人がどう感じるか、日々の暮らしがどう楽になるか、そしてより意味のある形で人とつながれるようになるかだ」と彼は語った。
Chloe Sorvino",[],[]
「あなたの働きのスタイルは？」質問の狙いとベストな答え方（Forbes JAPAN）,https://news.yahoo.co.jp/articles/be6409fa2a0748b63f7d95bb0ef1812444d60a9a,https://newsatcl-pctr.c.yimg.jp/t/amd-img/20251126-00085118-forbes-000-1-view.jpg?exp=10800,2025-11-26T16:30:00+09:00,2025-11-26T16:30:00+09:00,Forbes JAPAN,forbes,Forbes JAPAN,3583,"Shutterstock.com
新しい職に就くための面接は胸高まるものだが、同時に不安を感じたり準備不足を心配したりといった困難を伴うものでもある。特に「あなたの働き方は？」というような質問、つまり重要な仕事の目標や責務に取り組む際のアプローチやスタイルについて聞かれたときにこの傾向が顕著に現れる。

この質問は直接的でシンプルなようだが、一般的には、あなたの仕事の取り組み方が、採用をかけている職や組織の仕事文化とうまく合うかどうかを面接官が深く理解するために投げかけられる。適切な準備をすれば、役に立つだけでなく、あなたにとって最も重要なことを反映し、あなた独自の強みや優先事項、価値観を際立たせるような答えを作成できる。

この質問に正直かつ自信を持って答えるための最善の方法を理解するために、あなた特有のスタイルやアプローチ、そしてあなた個人にとって「成功」とはどのようなものなのかについて考えて準備をする必要がある。自分にとって最もぴったりくるコラボレーションのタイプや、やりがいを強く感じ、サポートしたいと思うビジネス上の成果など、自分が一番楽しく働ける方法について事前にブレインストーミングを行うといい。

あなたが過去に達成した大きな成果で最も誇りに思うものを思い浮かべ、その成果を生み出すのに役立ったあなたのスキルや能力を抜き出す。個人的な貢献だけでなく、コラボレーションを通じた成功、そしてあなたの適応力や創造力、粘り強さゆえに可能になったことについて考えてみよう。

■質問のさまざまなバリエーション

「あなたの働き方は？」という質問にはさまざまなアプローチの仕方があり、それぞれに微妙な違いがある。よくあるバリエーションをいくつか挙げてみよう。

・「どのような働き方を好みますか」
このフレーズは自由形式のアプローチで、タスクやプロジェクトの成功につながる理想的な職場環境や業務慣行を制限なく説明することができる。

・「あなたの仕事の手順について教えてください」
この質問で面接官はあなたがプロジェクトの遂行にどのように取り組むのか、どのように意思決定を行い、タスクを処理し、他の人と協力し、課題や挫折に対処しているのかを探りたいのかもしれない。
採用担当者が本当に知りたいこととは？
・「日々の業務はどのようなものですか」
このバージョンは、あなたの日々のタスクや優先事項の現在の流れ、締め切りやマルチタスクにどう対応しているかに焦点を当てている。また、現在の仕事の流れにどのように優先順位をつけているかについても言及している。

・「1人で仕事をするのと、チームとして仕事をするのとどちらが得意ですか」
この質問の狙いは、あなたが協調的な人なのか、他の人と一緒に働くことが得意なのか、それとも自主的に行動して単独で取り組む方が向いているのかを探ることにある。

・「チームメイトや上司からのフィードバックやコミュニケーションをどう扱いますか」
この質問で面接官は、あなたのコミュニケーションの取り方やフィードバックに対するオープンさ（前向きなものと、あなたが「否定的」と感じるものの両方）、他者との関わり方について探っている。

どのバージョンもあなたの長所や価値観をアピールする機会となる。さまざまな職場環境や状況であなたがどのように適応して成功したかを示す具体例を提示できるように準備しておこう。

■採用担当者が本当に知りたいこと

面接官があなたの働き方について質問するとき、通常、一緒に働くことになる管理職やリーダー、他のチームメンバー、そして組織の価値観や文化全体とあなたが調和するかどうかを含め、あなたがその職務にぴったり合うかどうかを評価したいと考えている。自分のユニークな点や際立っている点、自分のキャリアや職務において大事だと考えて優先している点、また過去にプロフェッショナルとして成長するのに役立った特徴や行動について考え、面接官が評価するのに役立つ情報を共有するといい。

自己認識と自己成長の継続：自分の強みと成長分野を認識しているだろうか。自分の重要なスキルや業績、仕事に対する価値観を認識し、自信を持って語る候補者は競争で優位に立つことが多い。

適応性と柔軟性：チームやプロジェクトのニーズに応じて、自分のアプローチを容易に調整できるだろうか。適応力は今日の常に変化する職場では特に重要だ。

コラボレーションとコミュニケーション：他者を尊重し、多様なチームメンバーとうまく働き、オープンに協力する有能なコミュニケーターはチーム環境で最も成功する傾向にある。面接官はあなたがいかに人と交流するか理解したいと考えている。

成長のマインドセット：楽観性や忍耐力、成長と学習へのコミットメントを示す候補者は高い業績を収めることが多い。
回答に盛り込むべき主なテーマ
■回答に盛り込むべき主なテーマ

あなたの答えは正直で明確、そしてあなたが面接を受ける特定の職務と企業文化に合ったものでなければならない。強力な答えを作成するためのヒントを紹介しよう。

・企業文化を調べよう
面接の前に、その会社の社風や際立っている点について調べよう。ウェブサイトを確認し、従業員の評価やレビューを読み、SNSでの動きや従業員らがネットで共有しているものを探る。そうすることで、その企業の価値観や職場環境、ペースについての手がかりが得られる。エネルギーにあふれ、協力的な雰囲気なら、自分のチームワークのスキルを強調する。独立志向が強く、結果重視の環境であれば、自律的に働き、安定した結果を出す能力を強調する。

・職務要件に沿った回答にする
そのポジションに必要なスキルや特性を考えよう。例えば、部門を超えたコラボレーションが必要な職務であれば、コミュニケーションやチームワークにおける自分の強みを語る。自己管理と自立が求められる職務であれば、物事をまとめていく能力や集中力、信頼性を強調する。

・自分の主な特性を強調する
採用担当者は、信頼性やしっかりとしたコミュニケーション能力、柔軟性、フィードバックを受け入れる姿勢など、ほぼすべての職務において特定の特性を求めている。あなた独自のスタイルに合ったこれらのテーマを回答に盛り込もう。例えば、「チームで仕事をするときは率直にコミュニケーションをとり、有益なフィードバックを取り入れるよう心がけています。1人で、あるいはリモートで仕事をするときは系統だって物事を進め、期限を重視しますが、必要に応じて質問することも厭わないため、質の高い結果を出すことができます」と言うことができる。
補足質問を準備する
・具体例を盛り込む
過去の成功例を盛り込んで説明しよう。あなたの仕事のやり方がプロジェクトの成功や重要な目標に貢献した時のことを話す。例えば「前職では多くのチームや部門にまたがる大規模な事業統合プロジェクトと、数カ国で事業展開する買収したばかりの企業を担当しました。期限厳守の重要なプロジェクトで、何百人もの従業員の職務と成果に影響を及ぼすものでした。私は全員の足並みがそろうよう、主要な関係者と毎週ミーティングを開く一方で、プロジェクトの効果的な戦略を立て、必要に応じてその戦略を調整するために調査と分析に集中する時間も確保しました。このバランスのおかげで、リーダーシップチームのすべての主要目標を満たす統合をタイムリーに完了することができました」と説明することができる。

■補足質問を準備する

「働き方」についての質問は、補足質問の呼び水でもある。面接は「オーディション」ではないことを肝に銘じたい。面接は双方向だ。チーム構成やコミュニケーションスタイル、職場文化、成功する従業員に共通する主な資質など、あなたが理解すべきことを引き出す質問を投げかけることを意識しよう。そうすることで、その会社が自分の価値観やアプローチに合っているかどうかを判断することができる。

■自信を持って面接に臨む

「あなたの働き方はどんなものですか」という質問に思慮深く答えることで、あなたが自分のキャリアの軌跡や強み・才能を振り返り、それらが以前の職務で成長と成功にどう貢献したかを示すことができる。特定のタスクが「得意」か「不得意」かということではなく、職務や文化との整合性が重要なのだ。

この質問を、自分のユニークな才能や過去に貢献した重要な方法をアピールする方法ととらえることで、最高の自分を共有できる一方、検討しているその職務が自分に合っているかどうか、自分が成長できるかどうかを明確に評価するための材料を聞き出すことができる。
Kathy Caprino",[],[]
ペンと剣と母。「三島由紀夫百歳」の昭和百年に、元記者の精神科医が文豪分析（Forbes JAPAN）,https://news.yahoo.co.jp/articles/93056c5fc537dc232e73d26e59b5cbeb3cb0fedd,https://newsatcl-pctr.c.yimg.jp/t/amd-img/20251126-00085672-forbes-000-1-view.jpg?exp=10800,2025-11-26T16:15:00+09:00,2025-11-26T16:15:00+09:00,Forbes JAPAN,forbes,Forbes JAPAN,5493,"Getty Images
昭和百年━━。大正14（1925）年生まれの作家三島由紀夫は、年齢がそのまま昭和の年号と一致した。彼は戦後の時代を嫌悪して生きた。ノーベル文学賞候補になりながら、最期は政治的行動に訴え、昭和45（1970）年11月25日、その肉体をみずからの手で葬った。三島生誕百年にあたり、ペン（文）と剣（武）、そして両者を統合する海（母）をキーワードとして、戦後を否定した三島の深層心理に迫ってみたい。

◾️「その時」北野武氏は偶然、タクシー運転で自決現場市ヶ谷に向かっていた

個人的なことから書き始める。

昭和45（1970）年、私は小学3年生だった。その年の夏休み、家族で大阪万博（EXPO’70）に出かけた。アメリカ合衆国館展示の「月の石」を前にして想像の眼を宇宙に向けた。だが数か月後、東京・市ヶ谷の陸上自衛隊駐屯地で三島由紀夫が割腹自殺を遂げたニュースは記憶に残っていない。

当時23歳のビートたけしこと北野武氏は、事件の時刻にアルバイトのタクシー運転手をしていて、市ヶ谷に向かっていたという。元外務省官僚で文筆家の佐藤優氏は事件後、小学4年の同級生と「切腹ごっこ」をして教師にひどく叱られた。

三島由紀夫の存在を知ったのは中学になってからだった。

三島事件の2年後にガス自殺したノーベル賞作家川端康成の随筆を国語教科書で読み、「こんな美しい文章を書く文豪がなぜ」と不思議だった。その後どこかで、川端に小説を激賞された三島も同賞候補に挙がっていたのを知った。

しかし、肝心の三島の文章は小説にせよ戯曲にせよ、中学教科書に載るには難解に過ぎた。初めて『金閣寺』を読んだのは大学に入ってから。三島由紀夫は文学に美学の華を咲かせた天才、という印象を持った。
 
三島の死から14年後。新聞記者として働き出した私にとって、三島の存在は「文武両道」の文（小説、戯曲、評論）から武（ボディビル、剣道、ボクシングに自衛隊体験、「楯の会」）に転じた謎の人のまま、取材で多忙な日々の隅っこに放置されていた。

その陰に光の当たった時期が、偶然にも「昭和の終わり」だった。

昭和62（1987）年、天皇が「腸のご病気」となり、私は宮内庁担当を命じられた。代替わりの「Ｘデー」をにらみつつ、皇嗣浩宮（当時）のお妃候補取材に明け暮れていたある日、先輩記者の水野和伸さんから、小出君は三島由紀夫を読むかい？と訊かれた。

三島が天皇主義者だから宮内庁勤務のいま、話題にされたのかと感じた私は「『金閣寺』くらいですかね」と答えた。すると、「遺作の『豊饒の海』を読んでいるのだけど、この小説はすごい。君もぜひ読むべきだ」と強く勧められた。

『豊饒の海』は四部構成の長編。古典に範をとりながら、仏教の唯識論を下敷きとした輪廻転生の物語だ。合計で文庫本1000頁を超える大作を読む余裕は、入社数年目の私にはなかった。目を通せたのは記者生活7年で辞めて医者になり、三島の享年を越えてからのことだった。
佐藤栄作は「気が狂ったとしか思えない」と言った
昭和時代は西暦1926年12月25日から1989年1月7日までの62年と2週間。実在天皇の歴代在位最長記録だ。天皇が軍の統帥権を持つ主権者だった1945年8月15日までの戦前約19年間と、国民主権に反転した戦後約43年間に大きく分けられる。
 
戦後はGHQ占領期の1952年4月28日（サンフランシスコ講和条約発効日）までとそれ以後などいくつか区分けできるが、三島由紀夫が自害した1970年は日米安全保障条約が自動延長した年で、GNP（国民総生産）が世界2位になって3年目。東京オリンピックから6年が経ち、大阪万博が開かれた年。昭和元禄とよばれた。
 
こうした時代背景の中で、三島はいつから、なぜあのように自衛隊蹶起（けっき）を求めたのか。時の佐藤栄作首相が「気が狂ったとしか思えない」とまで言及したあの歴史的事件を。

キーワードは「文と武の相克」。つまり、言葉と行動の関係と思える。
 
三島は初の自伝的小説『仮面の告白』（昭和24年）で自らの生い立ちと性向について赤裸々に語り、文壇の称賛を浴びた。むろん、作家一流の修飾で事実そのままという保証はないが、官僚だった父平岡梓の文章やそのほかの資料と照らし合わせると、そこには平岡公威（ひらおか・きみたけ、三島の本名）という自家中毒かつ神経質な「やさおとこ」だが、周囲の状況を読み取る感覚に抜きん出た少年像が浮かび上がる。

しかし、名前から受ける硬派の印象とは違い、決して軍国少年ではなかった。しかも彼は同性に対して強い憧憬を有していた。その気質は生来のものであると同時に、幼少時は癇（かん）が強く、神経痛持ちの父方祖母から女の子としか遊ぶことを許されなかった三島の育ち方を十分に反映したものにも見える。
 
聖セバスチャン殉教の裸体絵図に出会った時に射精したエピソードは、早死にしたいという願望と並んで、三島理解のカギ概念とする研究者がいる。

主人公たちは脇腹にみっつの黒子、みな20歳で死んでいく━━
井上隆史氏。三島没後50年に出版されたのが『暴流（ぼる）の人　三島由紀夫』（平凡社、2020年）。

暴流は、仏教の唯識の教理をまとめた詩句の一節「恒転如暴流」（つねに転ずること暴流のごとし）から採ったとある。

同書は三島の膨大な作品群と行動を時系列で追い、「虚無、セバスチャン・コンプレックス、全体小説」のキーワードをもとに分析している。全体小説とは、三島が『豊饒の海』執筆の動機を「世界解釈の小説にしたい」と発したことからくる井上氏の表現。同書の結末が『源氏物語』や芭蕉の『おくのほそ道』に通じると読み解き、「最高の世界文学」と評価する。

『豊饒の海』（全4巻）で三島が描いた輪廻転生の物語では、主人公は貴族女性から武人学生、タイの王女、港の通信員と流転するが、みな三点の黒子（ほくろ）を脇腹に持ち、第四巻の通信員を除いていずれも20歳で死んでいく。それを作者の視点を持つ重要な役どころの本多繁邦が見守るのだが、ちょうど小説の進行が現実の三島の行動とリンクする。

たとえば、第二巻「奔馬」の主人公飯沼勲は昭和初期のテロ、血盟団事件を下敷きに書かれており、三島は同時期に陸上自衛隊の体験入隊をしている。飯沼は最期、許せぬ財界の巨頭を刺殺し、みずからも自刃して果てる。三島が私設民兵組織「楯の会」を作り、自衛隊に乱入した事件はその2年数カ月後のことだ。

これをどうみたらよいのか。
言葉のために現実を追従させた『金閣寺』
現実の経験と行動を小説に結実させていると考えるのが、通常の見方だろう。それまで三島は、戦後社会の有名事件を題材に何本も小説を発表している。たとえば東京都知事選をもとに書いた『宴のあと』（昭和35年）では、当事者からプライバシー侵害で訴えられ、一審で敗訴している。（原告死亡で和解決着）
 
だが、多くの評論家はその考え方を採らない。たとえば、『金閣寺』（昭和31年）は実際昭和25年に起きた金閣寺焼失を題材とするが、作品の筋立ては放火した見習い僧とはほとんど関係がない。むしろ、先述したように、男性機能の不能という肉体のコンプレックスを、金閣寺という永遠の美を焼き払うことで解消しようとした物語としても読める。

放火犯（作者の心の反映）の行動をどうとるかは読者に委ねられるが、ミシマワールドともいうべきその美的世界は、むしろ言葉のために現実を追従させているとみるほうが正鵠を射ている気がする。

昭和42年「平凡パンチ」オール日本ミスター・ダンディ1位に
今回、昭和百年＝三島生誕百年という節目にあたり、三島関連本を読み漁った。興味深いエピソードや、有名ではない小説の中に三島由紀夫の人間性が垣間見えるものもあったので、少し紹介したい。

三島の生前、小説家と雑誌編集者という間柄だった椎根和氏の著書『平凡パンチの三島由紀夫』（新潮社、2007年）が面白い。

帝国ホテルの喫茶室での取材時。ハンバーグライスを頼んだ三島は、フォークでハンバーグを粉々にすると、その上にライスを乗せ、ごちゃまぜにして「こうして食べるのが一番うまんだよ」と言い、同じ食べ方を椎根氏に勧めた。

一方で、食べ物の好き嫌いは一切言わなかった。正確無比のオーデマ・ピゲ社製腕時計を巻き、グッチのネクタイを締め、英国製バッファ・コートを羽織った。そのくせ、靴はふつうの黒革で主張がなかった。昭和42年の平凡パンチオール日本ミスター・ダンディでは1位に選ばれた。受賞コメントは「ダンディにはなりたくない」。

あまり知られていない小説『荒野より』（昭和42年）。刊行前年に実際に起きた事件が下敷きというのはほかの作品でもよくあるパターンだが、違いは他人ではなく、三島自身をめぐっておきた現実という点にある。

初夏。仕事で徹夜明けの三島の書斎に蒼白顔の青年がガラスを破って侵入し、百科事典をながめていた。三島に向かって「本当のことを話して下さい」と三度繰り返し、駆け付けた警察官に取り押さえられた。

青年の極度に蒼ざめた顔を見た時、果たして三島は何を思ったか？
「生まれた直後の産湯の光景を覚えている」
「私は自分の影がそこに立ってゐるやうな気がしたのである。（中略）私はなるべくなら、明るい、快活な、冗談をよく言ふ人々の間で暮して行きたいが、私の知らぬ私は、陰気な、古ぼけた背広を着た方面委員のやうに、暗い軒端々々を訪ね歩いてゐるらしいのだ。そこでは孤独が猖獗（しょうけつ）してゐる。（…）あいつは私の心から来たのである。私の観念の世界から来たのである」
 
少々長い引用から、三島の当時の心情が把握できる気がする。ちょうど、『豊饒の海』第2巻「奔馬」連載開始と同時期で、この直後に自衛隊に体験入隊している。
 
もともと、三島は「言葉の人」だった。生まれた直後の産湯の光景を覚えていると小説（『仮面の告白』）に書くナルシシズムは、裏返せば、脳内作業としての言葉の紡ぎ人である自分への葛藤であり、貧弱な肉体という裏打ちのなさが劣等感に繋がる。それはますます言葉＝美の世界に没入していった10代への愛憎交えた両価的感情に支配されていく。
 
平凡パンチの昭和41年9月26日号。三島の性格を精神分析的に調べた結果を載せている。

ロールシャハ・テスト（何枚もの左右対称な影絵風の模様を見せて感じたことを答えさせ、その様子から精神医学的な診断の補助とする心理検査）を三島が受けていると知り、驚いた。

同号によると、当時メディアに頻繁に出没し、外向的と見えた三島の性格は、実は非常に強い内向的性格と分かったという。
 
「感情におぼれず、むしろそれをきらい、現実逃避的な態度と、つよい知性的な適応のしかたをしめしている。現実にじかにふれることをさけながら、かえってつめたく現実をみている」

三島の小説や評論を読んでからロールシャハの結果を見ると、いま流行りのAIが分析したのかと思ってしまうほど、うなずける。
 
こうした肉体不在打破のために始めたのが30歳で始めたボディビルだったし、最後は肉体と観念のバランスがとれなくなり、肉体から行動へのめり込んでいったと考えるのが自然な流れに思える。

当たり前だが、肉体は滅びる。それを補ったのが、「文化概念としての天皇」だっただろう。問題なのは生身の天皇個人ではなく、神代以来連綿と続く瑞穂の国日本を受け継ぐ「容れ物」としての天皇であったはずだ。
三島の作品によく出てくるものども━━
なので、三島にとっては、戦後民主主義の象徴天皇制は語義矛盾であり、受け入れるわけにはいかなかった。むろん戦前の軍部に利用された大元帥としての天皇とも異なる。それを、滅びざるを得ないみずからの肉体を無にすることで、国体としての天皇制を打ち立てるための憲法改正であり、自衛隊蹶起だったが、三島の脳髄に結末は見えていたはずだ。

最後に付け加えたいのは、こうした言葉と行動の矛盾の高次的解決（アウフヘーベン）を三島特有の合理的思考だけで遂行できたとはどうしても思えないことだ。

ひとは論理だけでは生きられない。膨大な作品群をながめていると、三島はどこかで感情の源泉、つまり「海」に還ろうとしていたのではないか？

三島の作品にはよく海が出てくる。『潮騒』しかり、『午後の曳航』しかり。遺作の題名を『豊饒の海』としたのは、アポロ計画で人類が到達した月の表側にある盆地名に由来する。当然に水も空気もない岩石だけの場所と、豊饒（ほうじょう）という言葉のギャップに作意を込めたはずで、自裁決行当日に脱稿した演出も、現実の死（＝行動）を前にした言葉（＝観念）との交錯を感じさせる。

「海」は、三島があこがれたギリシャの語法では女性名詞になる。一方、日本語には文法上名詞に性別はないが、常用字解（白川静著）によると、海のつくりの「毎」は、「多くの髪飾りをつけた女の姿」とある。

三つ子の魂、百まで━━たとい癇癪持ちの祖母に息子公威を奪われていたとしても、母平岡倭文重（しずえ）が息子に注いだ愛情を感じない三島ではなかったはずだ。

海＝言語的表象としての母への追慕を、三島由紀夫はずっと精神の奥底に隠し持っていたのではないか━━。
小出将則",[],[]
なぜマライアの名曲は毎年クリスマスにビルボードで1位になるのか？　再び歴史更新の可能性（Forbes JAPAN）,https://news.yahoo.co.jp/articles/67bdace8246812705e5a888e9fa7ccfad79aa63e,https://newsatcl-pctr.c.yimg.jp/t/amd-img/20251126-00085722-forbes-000-1-view.jpg?exp=10800,2025-11-26T15:30:00+09:00,2025-11-26T15:30:00+09:00,Forbes JAPAN,forbes,Forbes JAPAN,2311,"マライア・キャリー（Jeff Kravitz/FilmMagic for Mariah Carey）
毎年チャートトップを飾るマライア・キャリーのクリスマスアンセム「恋人たちのクリスマス」は、今年も首位に返り咲けば、ビルボード・ホット100ソングチャートの1位獲得週数の歴代記録を塗り替える可能性がある。

■重要ポイント

キャリーの年恒例のチャート首位への上昇は、すでに始まっている。「恋人たちのクリスマス」は今週のビルボード・ホット100ソングチャートで8位にランクインしていると、ビルボードが11月24日に発表した。

キャリーの1994年のクリスマスヒット曲が再び1位に上昇すれば、「恋人たちのクリスマス」がトップに立つのは通算19週目となり、キャリーはビルボード・ホット100の歴代1位獲得週数の記録に並ぶことになる。

リル・ナズ・Xとビリー・レイ・サイラスは2019年、ラップとカントリーを融合させたヒット曲「Old Town Road」でホット100の1位を19週獲得し、歴代記録を樹立したが、5年後にシャブージーも自身のカントリーヒット曲「A Bar Song (Tipsy)」で同記録に並んだ。

キャリーは20週目の1位を獲得すれば、単独記録保持者となる可能性がある。2024年のホリデーシーズンには、「恋人たちのクリスマス」はホット100で4週連続で1位を獲得した。

■意外な事実

「恋人たちのクリスマス」がリル・ナズ・Xとシャブージーのホット100首位獲得週数記録を破れば、キャリーは20年以上前に保持していた記録を取り戻すことになる。彼女の楽曲「One Sweet Day」（ボーイズIIメンとのコラボレーション）は、1995年から1996年にかけてホット100で16週間1位を獲得し、当時はチャート首位の最長記録だった。この記録は21年間単独で保持されていたが、ルイス・フォンシ、ダディー・ヤンキー、ジャスティン・ビーバーが「Despacito」で2017年に16週1位を獲得して並び、2019年に「Old Town Road」が記録を更新するまで続いた。

■なぜ「恋人たちのクリスマス」は毎年1位になるのか？

「恋人たちのクリスマス」は2019年以降、毎年のホリデーシーズンにビルボード・ホット100で1位を獲得しているが、これはビルボードのチャートルールの様々な変更の結果である。この曲は、フィジカルシングルとしてリリースされていない楽曲はチャート入りできないというビルボードの長年のルールにより、リリースから6年後の2000年までホット100に初登場しなかった。このルールは1998年に撤廃され、キャリーのクリスマスヒットは2000年1月8日付のホット100チャートで、83位にランクインした。

また、ホット100から一度落ちた曲の再登場を禁じていた別のチャートルールがビルボードによって2012年に撤廃されたことで、「恋人たちのクリスマス」は毎年ホット100に再登場するようになった。さらに、ビルボードが2018年にチャート算出方法を改訂し、ラジオ放送やセールスよりもストリーミングを重視するようになったことも、毎年ストリーミングヒットとなるこの曲に有利に働いた。2023年、ビルボードは、クリスマスプレイリストの人気を挙げながら、12月にホリデーソングがホット100を席巻する理由としてストリーミングにおけるクリスマス音楽の優位性を挙げている。
「Old Town Road」と「A Bar Song」はなぜそれほど長くチャートをリードできたのか？
■「Old Town Road」と「A Bar Song (Tipsy)」はなぜそれほど長くチャートをリードできたのか？

「Old Town Road」と「A Bar Song (Tipsy)」はどちらも記録的な長さで1位を獲得したが、これはますます多くのヒット曲がホット100チャートのトップに長期間留まる傾向を示している。ビルボードは5月に報じたが、その週のトップ20に入った9曲がチャートに30週以上滞在していたのに対し、10年前はトップ20でそれほど長く滞在していた曲はわずか1曲だった。

ストリーミングによって音楽のオーディエンスはより細分化されているものの、ラジオのプログラマー兼コンサルタントのガイ・ザポレオンはビルボードに対し、この現象によってヒット曲がより長くヒットし続けると語った。「多くの異なる情報源があるため、最も大きなヒット曲以外の曲がヒットになるのは難しい」とザポレオンは述べ、「それらの曲はヒットになるまでに時間がかかり、そしてその後、最も長い期間そこに留まる」と付け加えた。

■関連情報

「恋人たちのクリスマス」は、毎年キャリーに莫大な収益をもたらしている。2023年、AP通信はリリース以来約1億ドルの印税を生み出したと推定し、経済学者らは2024年にCNBCに対し、この曲は毎年約300万〜400万ドルの収益を生み出している可能性が高いと語った。キャリーは共同作詞家、共同プロデューサー、パフォーマーとしてこの曲からの収益の大部分を得ているが、彼女の収入額はレーベルや共同作詞家との契約条件によって異なる。キャリーはこの曲をマーケティング戦略としても活用している。近年、彼女は11月1日にソーシャルメディアでホリデーシーズンの開始を祝っており、今年は同日に「恋人たちのクリスマス」を使用したセフォラとのマーケティングキャンペーンを広告で開始した。
Tracey Follows",[],[]
オーストラリア最凶のヘビ、ヒト血液を凝固させる咬傷致死毒の正体（Forbes JAPAN）,https://news.yahoo.co.jp/articles/ecde60fa74ad4942b2ef337e2d420fe28afcbbab,https://newsatcl-pctr.c.yimg.jp/t/amd-img/20251126-00084270-forbes-000-1-view.jpg?exp=10800,2025-11-26T15:15:00+09:00,2025-11-26T15:15:00+09:00,Forbes JAPAN,forbes,Forbes JAPAN,1654,"Getty Images
オーストラリア クイーンズランド大学の研究によると、オーストラリアに生息するコブラ科ブラウンスネーク属の毒蛇、イースタンブラウンスネーク（Eastern Brown Snake）に噛まれた患者に投与される抗毒素が十分な効果を発揮していない可能性があり、これを受けて病院での症例再検討が進められている。

◾️血液凝固毒素」は一様ではない

オーストラリア クイーンズランド大学環境学部のブライアン・フライ教授が率いる研究チームは、オーストラリアに生息するすべてのイースタンブラウンスネークの毒液に含まれる血液凝固毒素を詳細に分析した。その結果、毒の成分が種によって異なることが明らかになった。

フライ教授は「イースタンブラウンスネークの毒は一様ではない。つまり、命を救う抗毒素には早急な改良が必要かもしれない」と指摘している。

「いくつかの毒液は血液中で岩のように固い凝血塊を作る一方で、別の毒液は急速に凝固するものの、もろく、ほぼ瞬時に崩れてしまう。どちらの毒も致死性はあるが、作用の仕方はまったく異なる」とフライ教授は説明する。

研究チームは血液凝固を評価する「トロンボエラストグラフィー」という手法を用い、オーストラリア南部のイースタンブラウンスネーク（Pseudonaja textilis）が、強く安定した血栓を作る「タイパン様」の毒液を持つことを明らかにした。

一方、北部個体群のイースタンブラウンスネークやその他すべてのブラウンスネーク種の毒液は、凝固速度は非常に速いものの、形成される血栓は脆弱であった。

◾️咬傷の影響、南北地域で━━

「北部地域での咬傷と南部での咬傷では、血液に及ぼす影響が天と地ほども異なることが、我々のデータで示された」とフライ教授は述べている。

現在、オーストラリアのブラウンスネーク用抗毒素は、出身地が特定されていない複数の毒液を混合して製造されている。北東部と南東部のイースタンブラウンスネーク両方の毒液が抗毒素に含まれていなければ、効果の範囲は不均一になり、有効性にも大きなばらつきが生じる可能性がある。

これまでの臨床報告では、種や生息地に関わらず全ブラウンスネークの咬傷症例がまとめて扱われてきたため、南部個体群とその他のブラウンスネークとの違いが見えにくくなっている可能性がある。

次のステップとして、数百件の病院カルテを再検証し、差異の有無を確認する予定だ。南部の強凝固系統が生息する地域には他のブラウンスネークがいないため、この分析が可能である。

報告された咬傷事例を地理的に再分類することで、凝固作用が強いタイプと弱いタイプのブラウンスネークの間で凝固パターンの違いを明確に解明できる。

さらに、入手可能なヒト用および獣医用抗毒素を緊急に試験し、毒液の生化学的な差異が抗毒素の有効性の違いとして反映されるかどうかを検証する。

既存の抗毒素は命を救ってきたが、新たな知見により「精密毒性学」の実現が可能になった。適切な抗毒素を、適切なヘビに、そして最終的には適切な患者に合わせることができる。

フライ教授のチームはさらに、毒液遺伝子の配列解析を進め、北部と南部のイースタンブラウンスネークに見られる差異を引き起こす変異を特定している。

「毒の強さや性質の地域差は、イースタンブラウンスネークの遺伝的な分布の違いと一致していることが示された」と教授は述べる。

「我々の研究は、食性が毒の進化にどれだけ影響を与えるのかを明らかにしている。南部個体群は北部個体群より爬虫類を多く摂取するのに対し、北部は哺乳類を多く食べている。
毒液の進化の特徴と実際の症状の両方を理解することで、的確な治療を行うことができる」

※米国の独立系オンライン科学ニュースサイト「ScienceDaily」の記事からの翻訳転載である。

※本研究成果は学術誌Toxinsに掲載されている。
Forbes JAPAN 編集部",[],[]
アマゾンが新たに発表した「3つのAI認定資格」、年収1600万相当の価値（Forbes JAPAN）,https://news.yahoo.co.jp/articles/06a76e6aa83c81f1fdcc5c844b9a8f92402d6e05,https://newsatcl-pctr.c.yimg.jp/t/amd-img/20251126-00085604-forbes-000-1-view.jpg?exp=10800,2025-11-26T15:00:00+09:00,2025-11-26T15:00:00+09:00,Forbes JAPAN,forbes,Forbes JAPAN,2126,"Shutterstock.com
職場のあらゆる業務領域でAIの導入が加速する中、この急速に広がる需要に応えると同時に、需要の高い仕事を獲得するには、特定の役割に必要なAIスキルを証明する認定資格やマイクロクレデンシャルが必要になる。

ライトキャストの最新データによれば、AIスキルを1つ以上求める求人が提示する給与額は、一般のものよりも平均して28％高い。一方で、最大の給与上昇が見られるのは技術系IT職で、最大で47％上昇する。また、マイクロクレデンシャルの取得によって採用される可能性は最大96％上昇するという報告もある。

そんな中、AWSは先日、新たな認定資格およびマイクロクレデンシャルを公開した。これにいち早く取り組めば、業界からの信頼性が高い資格を履歴書に加え、他の人に先んじることが可能になる。

■高収入につながる、AWSによる3つのAI認定資格

AWSが意味するところの「認定資格」と「マイクロクレデンシャル」は区別されていることには留意が必要だ。AWSの説明によれば、マイクロクレデンシャルは「スキルを検証し、求職市場で際立つためのもの」であり、認定資格のほうは補完する存在として位置づけている。以下のリストの2番目と3番目に該当するマイクロクレデンシャルでは、複雑なシナリオに対応するための技術的な知識や実践的な専門性について、AWSの「お墨付き」を得られる。

●1. 『AWS Certified Generative AI Developer - Professional』

この認定資格はあなたが持つAI開発スキルを証明するものだ。受験対象者は、「AWSで、またはオープンソーステクノロジーを使用して本番環境グレードのアプリケーションを構築した2年以上の経験、一般的なAI／MLまたはデータエンジニアリングの経験、生成AIソリューションの実装における1年の実務経験を有している」人とされている。

加えて、AWSのクラウドインフラ、デプロイ、コスト最適化、セキュリティに関する基礎理解も必要とされる。

この認定資格を取得すれば、AIソフトウェア開発者のような職種に採用される可能性が高まる。Salary.comによれば、この職種の米国での平均年収は10万3877ドル（約1627万円）だ。

●2. 『AWS サーバーレスの実証』

このマイクロクレデンシャルは、次のようなタスクを実行できる実践的な能力を示す（AWSのサイトより）。

・REST APIのデプロイ
・Step Functionsステートマシンの設定
・イベント駆動型システムの設計と実装
・さまざまなシナリオにおけるAWS Lambda関数の最適化

試験の所要時間は90分で、1回の受験で完了させる必要がある。また、推奨される予備知識として『AWS Cloud Quest』などが紹介されている。

Glassdoorによれば、サーバーレス開発者の米国での平均年収は15万3608ドル（約2405万円）である。
『AWS Agentic AI Demonstrated』
●3. 『AWS Agentic AI Demonstrated』

エージェント型AIは2025年のホットトピックだ。2026年にもさらに多くの企業がAIエージェントを導入し、独自のエージェントを構築し、チームメイトとして活用していくことが予想されており、その重要性は高まる一方である。この潮流により、エージェント型AIの専門性には非常に価値がある。

Amazon Bedrockを扱う『AWS Agentic AI Demonstrated』マイクロクレデンシャルを取得することで、エージェント型AIの実践スキルを証明することができる。

ウォルマートなどの企業は、エージェント型AIの専門家を採用しており、その年収は最大22万ドル（約3400万円）に達する。

■AI関連の求人市場は非常に速いペースで進化

AWSは2026年1月初頭まで、『AWS Certified Cloud Practitioner』および『AWS Certified AI Practitioner』の試験準備教材、そして模擬試験へのアクセスを完全無料で提供している。この機会を活用すれば、まずはこれらの受験を通じて自信をつけ、その後でこのマイクロクレデンシャルに進むことが可能になる。

例えば、『AWS Certified AI Practitioner』の試験に合格し、その後すぐに『AWS Agentic AI Demonstrated』に挑戦すれば、あなたの履歴書の信頼性をさらに強化できるだろう。

AI関連の求人市場は非常に速いペースで進化している。そこで勝ち抜くためには、「AIについて知っている」と言うだけでは不十分である。AIを趣味として活用する人と、それをビジネス課題の解決のために活用する需要の高い人材を分けるのは、実践的なAI運用力を示し、それを証明できるかどうかである。本稿で紹介した3つの認定資格は、その第一歩となるだろう。
Rachel Wells",[],[]
好調な株式市場、それでもエヌビディアが続落する理由（Forbes JAPAN）,https://news.yahoo.co.jp/articles/1f0f84658de79e9301d94863124485782b3b967e,https://newsatcl-pctr.c.yimg.jp/t/amd-img/20251126-00085725-forbes-000-1-view.jpg?exp=10800,2025-11-26T14:30:00+09:00,2025-11-26T14:30:00+09:00,Forbes JAPAN,forbes,Forbes JAPAN,1212,"Jonathan Raa/NurPhoto via Getty Images
AIの人気銘柄であるエヌビディアは米国時間11月25日の取引で下落し、今月初めから続く不調をさらに継続した。一方で、ナスダック総合指数、S&P500種株価指数、ダウ平均株価は上昇しており、この動きと対照的だった。この背景として、メタがグーグルのAI向け半導体に数十億ドル（数千億円。1ドル＝156円換算）規模の投資を検討していると、ザ・インフォメーションが報じたことがある。

エヌビディア株は2.6％下落して取引を終え、引け後の取引でもさらに0.5％下落して約177ドルの値を付けた。

24日に公開された同報道によると、メタは2027年に自社データセンターでグーグルが提供するTensor Processing Unit（TPU）を活用することを検討しているという。

ザ・インフォメーションが匿名の関係者の話として報じたところでは、「施設内でAIモデルを運用する高頻度取引企業」向けのグーグルのAIチップ事業は、エヌビディアの年間売上の10％を奪う可能性があるという。

アルファベット株は25日に1.6％上昇して取引を終え、11月初めからの上昇率は約24.2％となった。

ダウ平均は1％高、ナスダック総合指数は0.7％高、S&P500は0.9％高となり、いずれも3日連続の上昇となった。

ザ・インフォメーションによる報道は、エヌビディアのジェンスン・フアンCEOが、すでに年間数十億ドル（数千億円）をエヌビディア製半導体に費やしているメタと独自の合意を結ぶことで、グーグルに対して先手を打つ可能性にも言及している。

また、同報道によれば、AI推論向けの半導体に関しては、グーグルがエヌビディアに技術的に追いつきつつあるという。AI推論用半導体は、学習済みデータを基に未見のデータに対して意思決定やパターン認識を行うもので、既存のデータセットを利用してパターンを学ぶAI学習用半導体とは異なる。

エヌビディア株は年初来で32.4％高となっているが、その大幅な上昇でさえ、同時期に約70％上昇したグーグルの伸びには及ばない。10月、史上初めて時価総額が5兆ドル（約780兆円）に達した企業となったエヌビディアは、現在においても時価総額が最も高い企業であり、現時点での時価総額は4兆3000億ドル（約670.8兆円）となっている。これは、アップルの4兆1000億ドル（約639.6兆円）やアルファベットの3兆9000億ドル（約608.4兆円）を上回る数字だ。

エヌビディアは直近の四半期で570億ドル（約8.9兆円）の売上を記録し、そのうち512億ドル（約8兆円）がデータセンター部門によるものだった。テクノロジー各社は、AIの学習用途やサービスを支えるデータセンターを巡る覇権を競い合っている。
Antonio Pequeño IV",[],[]
「老化は病」。投資額100億ドル突破、ロンジェビティテックという大新潮流（Forbes JAPAN）,https://news.yahoo.co.jp/articles/2383c110d3c6694b1ada20abd55416eeb82fc3e3,https://newsatcl-pctr.c.yimg.jp/t/amd-img/20251126-00084994-forbes-000-1-view.jpg?exp=10800,2025-11-26T14:15:00+09:00,2025-11-26T14:15:00+09:00,Forbes JAPAN,forbes,Forbes JAPAN,4366,"Getty Images
社会は今、ただ「長生きして働き続ける」ことを前提にする時代から、「健康に、そして幸せに長く生きるために働き方そのものを見直す」時代へと移りつつある。

人口の高齢化が進むなか、世代を超えて持続的に活躍できる人材は、企業と社会の双方にとって戦略的価値を担う存在となっている。急速に変化する社会環境の中で、企業は人材の学び直しを単なるスキル補填ではなく、組織の根幹に関わる戦略として再設計する段階に来ている。

こうした時代の要請に応える形で、企業におけるリスキリング実践を牽引してきたのが後藤宗明氏だ。以下は、著書『リスキリング「人材戦略編」』も上梓した氏による寄稿である。

2025年11月は「Movember（男性の健康啓発月間）」と「International Men's Day（11月19日）」を軸に、グローバルでは“男性の心身の健康”に光を当てるさまざまなキャンペーンが行われます。日本でも中高年男性の健康、社会参加、孤立リスクなどの課題が注目されています。

リスキリングの国内外事例を求めて世界を飛び回っている私は、欧米で加熱する「ロンジェビティ・ビジネス」の現場を訪れ、自らの生活習慣と健康管理を根本から見直しました。

本稿では、世界のロンジェビティムーブメントの熱狂ぶりと、私自身が体験した“40代からの体質改善”の実体験を交えて、これからのビジネスパーソンに不可欠な「ロンジェビティ・スキル」について提案します。

◾️ロンジェビティとは何か？

ロンジェビティ（longevity）は直訳すると「長寿」。しかし今、欧米でこの言葉は、単なる寿命の長さではなく「健康で、社会とつながりながら、幸福に長く生きる」ことを意味するキーワードになっています。

◾️なぜ「ロンジェビティ（長寿）」が注目されているのか？

近年、AIやバイオテクノロジーの進化により、老化防止・再生医療・遺伝子編集などの技術革新が進み、「長く・健康に生きる」ことが現実味を帯びてきました。加えて、

・高齢化社会の加速

・ポストコロナでの健康意識の高まり

・中高年の社会的孤立や資金不安の深刻化

といった社会背景も、関心を後押ししています。

高齢化社会において「どれだけ長く生きるか」ではなく、「どう生きるか」「どう働き続けるか」という視点が世界的に重要視されるようになりました。欧米では「Longevity Economy（長寿経済）」という言葉が広まり、医療だけでなく、教育、雇用、金融、社会インフラ全体を見直す動きが本格化しています。

ビジネス面でも「ロンジェビティ・テック」分野への投資が急増し、医療・美容・食事・運動など多様な産業に波及。今やロンジェビティは経済、社会、働き方、暮らし全体を変える大潮流になりつつあります。

私が代表を務める一般社団法人ジャパン・リスキリング・イニシアチブでは、「キャリアの寿命を延ばす」ことを目的にリスキリング支援を行っていますが、ロンジェビティとは、“キャリア寿命と健康寿命の両輪をどう維持するか”という人生設計の課題そのものでもあります。
世界が注目する「ロンジェビティ・ビジネス」の潮流
世界経済フォーラム（WEF）は「長寿時代の持続可能な社会構築」に向けて以下の6つの原則を提唱しています。

1. 重要局面での経済的レジリエンス

2. 金融リテラシーの普及

3. 健康的な高齢化の推進

4. 多世代の雇用・学びの場の整備

5. 社会的つながりの設計

6. 不平等への是正アプローチ

こうした中で特に注目を集めているのが「ロンジェビティ・テック」です。パーソナライズ医療、腸内環境の解析、睡眠改善ツールなどが登場し、企業や投資家が大きな資金を投じています。

アメリカでは、ハーバードやスタンフォードといったトップ大学が研究機関を設立し、投資家やテック企業が次々と参入しています。欧米では「老化は病である」という前提で議論が展開され、老化遺伝子の操作や細胞の若返り技術などが次々と紹介されていました。

ベンチャーキャピタルによる積極的な資金投下も活発で、2022年から2024年のわずか3年で、ロンジェビティ関連スタートアップへの投資額は100億ドル（約1.5兆円）を突破し、バイオテックやヘルスケアの枠を超え、食、睡眠、運動、メンタルケアまで多岐に渡っています。

◾️「自分の体」を使って、ロンジェビティ・テックを実証してみた

私は2024年11月の人間ドックで、健康面において深刻な数値を突きつけられました。

γ-GTP：149（基準値オーバー）

中性脂肪：351

HbA1c：6.0（境界型糖尿病）

空腹時血糖：102

体重：99.6kg（メタボリック領域）

国内外の出張で会食も続き、出されたお酒や食事をすべて堪能していた結果、いわゆる“境界型糖尿病”のラインに入っていました。そこで、ロンジェビティテック企業が提供する複数のサービスを積極的に取り入れ、自身の体調改善プロジェクトに取り組みました。

・DNA・腸内環境分析によるバイオ年齢の測定

・食事・運動・睡眠のスコア化とアプリによる可視化

・血糖値を乱高下させないローカーボ・高タンパクの食事設計

・光環境を調整した深睡眠リズムの確立

・四半期ごとのファスティングプログラム

この生活を半年間継続したところ、半年後の2025年5月には、数値が目覚ましく改善しました。

γ-GTP：149 → 47（基準値内に回復）

中性脂肪：351 → 75（大幅改善）

体重：99.6kg → 86.2kg（13kgの減量に成功）

HbA1c：6.0 → 5.4（正常範囲に回復）

空腹時血糖値：102 → 92

数値改善だけでなく、集中力・睡眠の質・仕事のリズムまで好転。脂肪肝の改善を目的とした代謝へのアプローチ、テクノロジーを用いたモニタリング、パーソナライズされた運動・栄養アドバイスなど、ロンジェビティ関連スタートアップの先端的なメソッドを総合的に取り入れた結果です。

実年齢54歳に対し、生物学的年齢も45歳まで若返る結果となり、ロンジェビティ実現に向けて現在も取り組みを継続しています。
ビジネスパーソンに提案したい“ロンジェビティ・スキル”
生成AIの台頭、デジタル化の進化により、黒字リストラのニュースも出てきました。新しい仕事へのリスキリング（スキルの再習得）も必要ですが、私はこれからの時代、ビジネスパーソンには「ロンジェビティ・スキル」が不可欠になると考えています。ロンジェビティ・スキルという言葉はまだ一般に流通しておらず、私が提唱しているものです。

単に長生きすることではなく、「長く健康に生きるための具体的な行動知識・習慣を維持するスキルセット」のことです。

ロンジェビティ・スキルの7つの柱は以下の通りです。

1.食事

2.睡眠

3.運動

4.つながり

5.医療（病気）

6.美容

7.いきがい

7大要素のライフスキルのスキルセットは、「健康寿命」を延ばし、ロンジェビティを実現する上で相互に関係しており、１つのスキル習得のみならず、総合的にアプローチし、取り組んでいく必要があります。

テクノロジーの進化により、健康に関する「常識」も日々塗り替えられています。正しい情報をアップデートし、スキルとして日常に落とし込む“リスキリング”が求められています。

私自身、暴飲暴食と不規則な生活を改め、体重を13kg落とし、すべての健康指標が基準値内に戻った今、ロンジェビティ・スキルの重要性を身をもって実感しています。

◾️終わりに━━「長く働く」から「幸せに働き続ける」へ

日本は世界でも有数の長寿国であり、ロンジェビティの未来をリードできる可能性を秘めています。

たとえば、2025年6月には第1回「世界長寿サミット」が日本・京丹後市で開催され、「ikigai（生きがい）」を軸にした新しいライフデザインが世界的に注目されました。

これからの時代、ビジネスパーソンは「リスキリング」とともに、「ロンジェビティ・スキル」を身につけることが、新たな競争力の源泉となるはずです。
日本でロンジェビティ・ビジネスは流行るのか？
では、日本でもロンジェビティ・ビジネスは定着するでしょうか？

私は「欧米とは違う形で進む」と考えています。日本では“老化＝自然なもの”という価値観が根強く、欧米のようなバイオハッキングや遺伝子治療には慎重な視線が向けられがちです。しかしその一方で、漢方や温泉、発酵食品など“ナチュラルな養生”に対しては強い関心があります。

日本におけるロンジェビティは、「ウェルビーイング」や「セルフケア」の延長線上にあるライフスタイルビジネスとして進化していくと考えています。

企業側でも、健康経営や副業制度の導入、60代以降の活躍支援など、キャリア寿命を伸ばす取り組みが始まっています。ロンジェビティは個人のテーマであると同時に、組織や社会の構造改革でもあります。

実は日本がロンジェビティに注目すべき理由は他にもあります。世界の国々は長寿大国日本に注目しているのです。

日本人が持つ「ikigai」をもって健康に長く幸せに働き続ける─キャリア・ロンジェビティは、これから海外展開も視野に入れた大きなビジネスチャンスになるのではと考えています。

後藤宗明◎一般社団法人ジャパン・リスキリング・イニシアチブ代表理事。SkyHive日本事業担当。早稲田大学政治経済学部卒業後、1995年に富士銀行(現みずほ 銀行)入行。営業、マーケティング、教育研修事業を担当。2020年、10年かけて自らを「リスキリング」した経験を基に、リクルートワークス研究所にて「リスキリング〜デジタル時代の人材戦略〜」「リスキリングする組織」を共同執筆。2021年、日本初のリスキリングに特化した非営利団体、一般社団法人ジャパン・リスキリング・イニシアチブを設立。2022年、AIを利用してスキル可視化を可能にするリスキリングプラットフォーム、SkyHive Technologiesの日本代表に就任。石川県加賀市「デジタルカレッジKAGA」理事、広島県、茨城県、山形県にてリスキリング推進委員、経済産業省「スキル標準化調査委員会」委員、リクルートワークス研究所 客員研究員を歴任。政府、自治体向けの政策提言および企業向けのリスキリング導入支援を行う。
Forbes JAPAN 編集部",[],[]
3年ぶりの最悪の月を迎えたビットコイン、ETFは過去最大の37億ドルを失う（Forbes JAPAN）,https://news.yahoo.co.jp/articles/e162da55c1b0b0627d24c5d5748f96a255759cd8,https://newsatcl-pctr.c.yimg.jp/t/amd-img/20251126-00085724-forbes-000-1-view.jpg?exp=10800,2025-11-26T14:00:00+09:00,2025-11-26T14:00:00+09:00,Forbes JAPAN,forbes,Forbes JAPAN,1162,"Stephanie Keith/Getty Images
ビットコインETFは、11月に入ってこれまでに過去最高の37億ドルの損失を記録し、2月の過去最高36億ドルの損失を上回った。ビットコインは2022年11月の暗号資産市場の暴落以来、最悪の月間パフォーマンスとなる見通しとなっている。

■重要なポイント
・ビットコインETFは、11月に入ってこれまでに過去最高の37億ドルの損失を記録。これはSosoValueのデータによるもので、今月の暗号資産市場全体の大規模な売り圧力の中で起きている

・ビットコインは10月の12万6000ドルのピークから35％以上下落し、米国時間11月21日には4月以来の最安値となる8万ドルまで下落した

・暗号資産市場は10月に大幅な下落に直面し、価格は2022年のサム・バンクマン＝フリード率いるFTXの崩壊によって引き起こされた暗号資産業界の崩壊以降、見られなかったペースで下落している

・時価総額で2番目に大きい暗号資産であるイーサリアムETFも、11月に16億ドル以上の損失を記録した

・CoinGeckoのデータによる先週、すべてのデジタルトークンの総市場価値は4月以来初めて3兆ドルを下回った

・ビットコインは米国時間11月25日に約2％下落し、8万6000ドル前後で取引された

ETF（上場投資信託）は、普通株と同様に取引所で一つの銘柄として取引される個別証券をまとめたものです。ETF株を購入することで、投資家は一度に多くの異なる資産にエクスポージャーを得ることができる。ビットコイン現物ETFはビットコイントークンの価格を反映している。ビットコイン現物ETFは、投資家にこのデジタル資産へのエクスポージャーを安価で簡単に取引できる方法を提供し、昨年米国市場で発売されて以来、投資家から大きな関心を集めている。

11月のほぼ1カ月にわたる売り圧力は、暗号資産に好意的なドナルド・トランプ大統領が1月に当選して以来、ビットコインが得たすべての利益を帳消しにした。この暗号資産は年初来で6％下落している。ビットコインがこれほど下落したのは、トランプ大統領が4月の「解放の日」イベントで発表した広範な関税以来のこととなる。最大のビットコインETFであるブラックロックのIBITは900億ドル以上の資産を運用していたが、11月には資産の23％を失った。暗号資産を保有するために購入した多くのデジタル資産トレジャリー企業は、暗号資産市場の下落以来、投資に数百万ドルの損失を被っている。

CoinGeckoのデータによると、暗号資産市場全体の時価総額は3兆1000億ドルだ。これは10月初めの約4兆3800億ドルの高値から27％の下落となる。
Kirk Ogunrinde",[],[]
グーグルの脅威にさらされるOpenAI、巨額出資する孫正義の資産は約7750億円減少（Forbes JAPAN）,https://news.yahoo.co.jp/articles/3435ae8ea74777394750bf22ea2e370a3d7cdebe,https://newsatcl-pctr.c.yimg.jp/t/amd-img/20251126-00085714-forbes-000-1-view.jpg?exp=10800,2025-11-26T13:30:00+09:00,2025-11-26T13:30:00+09:00,Forbes JAPAN,forbes,Forbes JAPAN,1834,"Tomohiro Ohsumi/Getty Images
ソフトバンクグループの株価が11月25日に急落し、創業者兼CEOである孫正義の資産から約50億ドル（約7750億円。1ドル=155円換算）が消えた。これは、グーグルの新しいAIモデル「Gemini 3」への熱狂が、ソフトバンクが巨額出資するOpenAIへの懸念を生んだためである。

ソフトバンク株は25日の取引で一時11％安となったものの、そこからわずかに回復し、9.95％安の1万5390円で引けた。

日本の連休明けとなる25日の下落は、前営業日（21日）の10.9％安に続くものだった。

この株価下落の背景には、ソフトバンクのビジョンファンドが巨額出資するOpenAIが、競争激化に直面するのではないかとの懸念がある。

OpenAIがもつAI市場における優位性についての懸念は、グーグルが新モデル「Gemini 3」を発表し、絶賛を受けて以降高まっている。

ソフトバンクは11月初め、OpenAIを含む重要なAI投資に充てる資金を確保するため、10月に保有していたエヌビディア株3210万株をすべて売却し、58億3000万ドル（約9037億円）を得たと発表した。

ソフトバンクの株価が9月中旬以来の安値をつけたために、同社創業者兼CEOである孫正義の推定資産は25日に49億ドル（約7595億円）減の493億ドル（約7.6兆円）となった。この結果、孫はフォーブスの『リアルタイム・ビリオネア・リスト』で32位に下落した。また、11月初めにはアジアで3番目の富豪だった彼だが、現在はユニクロ創業者兼CEOの柳井正のすぐ下となる8位まで順位を落としている。

グーグルの株価は、同社のAI事業への楽観論を背景に、米国時間25日のプレマーケット取引で4.16％高の約331ドルとなっている。先日、グーグルは「Gemini 3」を公開し、複数のベンチマークでOpenAIやアンソロピックの競合モデルを上回った。この新しいチャットボットは、その高い創作能力と新しい画像生成機能「Nano Banana Pro」で特に高い評価を得ている。

セールスフォースCEOのマーク・ベニオフは「ChatGPTを3年間毎日使ってきた。だがGemini 3を2時間使ってみたが、もう戻る気はない。その飛躍は桁違いだ」とXで投稿した。OpenAIのサム・アルトマンCEO、xAIのイーロン・マスクCEOも、この新しいAIモデルを称賛した。

一部アナリストは、グーグルのAIにおける急速な躍進が、OpenAIの優位性に深刻な脅威を与えうると懸念を示している。三菱UFJ eスマート証券（旧auカブコム証券）の市場アナリスト、山田勉はブルームバーグに対し「グーグルのGemini 3が強い評価を受けたことで、OpenAIの競争環境が厳しくなるとの懸念が、株価を押し下げている」と語った。
こうした懸念はアルトマンも認識
こうした懸念はOpenAIの経営陣も認識しているとされる。同社の内部メモを基に報道したザ・インフォメーションは、アルトマンは従業員に対し、「厳しい空気」があり、「経済的逆風」に直面していると述べたと報じた。さらにアルトマンは「グーグルは最近あらゆる面で素晴らしい仕事をしている」とも付け加えた。

著名なAI懐疑派で研究者のゲイリー・マーカスも先日のニュースレターで、「OpenAIはかつての技術的優位をほぼ失った。グーグルはそれに追いついた。もしグーグルが価格の面でもOpenAIを下回ったらどうなるだろうか」と書いている。

Gemini 3の成功は、OpenAIやソフトバンクだけではなく、他の企業にも影響を及ぼしている。エヌビディアの株価は、25日のプレマーケット取引で4％安の約175ドルとなった。これは、フェイスブックの親会社であるメタがグーグルのAIチップであるTensor Processing Units（TPU）の購入を検討しているとの報道を受けたものだ。

多くの競合企業がエヌビディアのGPUに依存しているのに対し、グーグルのGemini 3は同社独自のTPUを使って学習されている。GPUはもともと3Dグラフィックス生成を目的に設計されたものだが、現在ではAIモデルの学習で人気を集める。一方、TPUはAI専用に設計され、より効率的だとされている。
Siladitya Ray",[],[]
アマゾンが「ブラックフライデー」への攻撃警告──3億人の顧客が危険にさらされている（Forbes JAPAN）,https://news.yahoo.co.jp/articles/88ad8008e89ddd8cc34c37bf28399b953cbd5c6c,https://newsatcl-pctr.c.yimg.jp/t/amd-img/20251126-00085712-forbes-000-1-view.jpg?exp=10800,2025-11-26T13:00:00+09:00,2025-11-26T13:00:00+09:00,Forbes JAPAN,forbes,Forbes JAPAN,1772,"Shutterstock
毎年恒例のブラックフライデーセールは避けることができない。その期間は年々長くなっているように見える。同様にアマゾンは、イベントの主役であり、サイバー犯罪者の標的としても筆頭であるという現実からも逃れられない。2025年に推定3億1000万人のアクティブユーザーを抱えるアマゾンは、詐欺師やハッカー、その他の高度に標的化されたサイバー犯罪にとって、常に格好の獲物だ。

そして今、オンライン小売の巨人である同社が、攻撃者がうごめく中で、すべての顧客が真剣に受け止めるべき厳しい警告を発した。以下に、知っておくべきことと取るべき行動を示す。

■アマゾンがユーザーに攻撃警告──知っておくべきこと

アマゾンは、筆者のもとに警告メールを送ってきた。これは3億人の全ユーザーが留意し、なりすまし詐欺師に警戒すべき内容である。アマゾンは11月24日のメールで、こうしたサイバー犯罪者がユーザーに接触し「個人情報や金融情報、あるいはアマゾンのアカウント詳細といった秘密情報へのアクセス」を得ようとしていると述べた。

もちろん、この種の攻撃は珍しくも新しくもないが、手口は進化している。アマゾンからのこの種の警告は、この時期に特に警戒を強めるべきだという、タイムリーな注意喚起となる。

アマゾンのメールは、次のような攻撃について警告している。

・偽の配送通知や、アカウントの問題を装うメッセージ

・SNSを含む第三者の広告で、驚くような「お得な価格」をうたうもの

・非公式なチャネルを通じ、アカウント情報や支払い情報の提供を求めるメッセージ

・同様に、見覚えのないリンク経由で届くもの

・望んでもいないテクニカルサポート（サポート詐欺）の電話

■アマゾンの季節的攻撃警告は時宜にかなっており必要

米国時間11月25日に公開されたFortiGuard Labs（フォーティガード・ラボ）の新しいレポートは、アマゾンがハッキング攻撃の警告メールを送るのが正しい判断であることを裏づけた。ホリデーシーズン前の攻撃意図を示す明確な兆候としてドメイン登録増加の動きを挙げ、フォーティガード・ラボは「過去3か月で、Christmas、Black Friday、Flash Saleといった用語を含むホリデー関連のドメインを1万8000件以上特定し、そのうち少なくとも750件が悪性であることを確認した」と報告した。

同レポートはまた、大手小売ブランドを模倣したドメイン登録が増加していることも明らかにした。観測された件数は1万9000件超で、そのうち2900件が悪性であることが確認されたという。「多くは家庭になじみのある有名ブランド名をまねており」、たとえばアマゾンでみられるように、「買い物客が急いでいると見落としやすい、わずかな綴り違い」を利用していると研究者らは述べた。

「今年は、さらに高度化した詐欺が必ず増える」とKeeper Securityのサイバーセキュリティ・エバンジェリストであるアン・カトラーは述べ、「その主因は人工知能（AI）であり、もっともらしい注文確認の偽造、偽の小売サイト、さらにはログイン情報や支払い情報の窃取を狙ったAI生成のカスタマーサービス・メッセージに至るまで、あらゆる形で現れる」としている。

■これらの攻撃から身を守るためのアマゾンの助言

アマゾンは顧客に対し、年末商戦期に限らず通年で、進行中の攻撃から身を守るために次の点を勧めている。

・カスタマーサービス、アカウント変更、配送追跡、返金の手続きは、アマゾンの公式モバイルアプリまたは公式ウェブサイトのみを使うこと

・オンラインアカウントには、可能なものはすべて二要素認証（2FA）を設定し、不正ログインを防ぐこと

・パスキーを利用すること。パスワードより安全で、端末の顔認証・指紋・PINといった既存の手段でサインインできる

・アマゾンが電話で支払いを求めたり、支払い情報の提供を求めたりすることは決してない。また、アカウント資格情報の確認を求めるメールを送ることもない

各自、警戒を怠らないことだ。フィッシング攻撃に関するアマゾンの追加の助言は、同社の案内ページで確認できる。
Davey Winder",[],[]
アルファベットが続伸、セルゲイ・ブリンがラリー・エリソンを抜き世界3位の富豪に（Forbes JAPAN）,https://news.yahoo.co.jp/articles/b3bb257367d833dc2ae24c0adfdc9487513b15d4,https://newsatcl-pctr.c.yimg.jp/t/amd-img/20251126-00085708-forbes-000-1-view.jpg?exp=10800,2025-11-26T12:30:00+09:00,2025-11-26T12:30:00+09:00,Forbes JAPAN,forbes,Forbes JAPAN,1421,"Axelle/Bauer-Griffin/FilmMagic
米国時間11月25日、グーグル共同創業者のセルゲイ・ブリンがオラクルのラリー・エリソンを抜き、世界で3番目に裕福な人物となった。これは同じくグーグル共同創業者のラリー・ペイジに次ぐ順位だ。AI事業への楽観論に後押しされ、グーグルの親会社であるアルファベットの株価が数週間にわたって上昇していることが背景にある。

25日の取引開始直後、アルファベットの株価は2.2％高の325ドル75セントに達した。これは前日の6.3％高という急騰に続く動きであり、8月につけた188ドルの安値からは75％超の上昇となる。

一方、オラクルの株価は4.6％安の191ドルとなり、直近1週間で11％安となっていたその下落幅をさらに拡大した。

ザ・インフォメーションによると、最近のアルファベット株の上昇は、メタが自社のデータセンターとクラウド基盤向けにグーグル製AIチップの使用を検討しているとの報道がきっかけだとされる。この動きはエヌビディア製チップの牙城に挑むものだ。

メタもグーグルも、フォーブスからのコメント要請にすぐには応じなかった。

ブリンの推定資産額は2453億ドル（約38兆円。1ドル＝155円換算）で、エリソンの2397億ドル（約37.2兆円）をわずかに上回り、世界で3番目の富豪となった。24日にエリソンを抜いたペイジは、推定資産2644億ドル（約41兆円）で2位に付けている。過去2営業日におけるペイジとブリンの資産増分はそれぞれ183億ドル（約2.8兆円）、169億ドル（約2.6兆円）であり、世界の富豪ランキングにおける2人の順位を押し上げた。

ブリンはペイジに比べてアルファベットのクラスB株の保有が少ない。これは主にブリンが持ち株の売却をより積極的に行ってきたこと、そしてパーキンソン病研究のために、過去複数回にわたりアルファベット株とテスラ株を数百万株規模で寄付してきたことによる。

今後の注目は、アルファベットの時価総額はアップルを超えるかどうかだ。時価総額ランキングでは、アップル（約4兆1000億ドル［約635.5兆円］）はエヌビディア（4兆4000億ドル［約682兆円］）に次ぐ2位となっている。一方アルファベットは米国記事執筆現在、4兆ドル（約620兆円）弱と評価されている。アルファベットの株価が331ドル40セントを超えれば、時価総額は4兆ドルを上回り、アップル、マイクロソフト、エヌビディアに続き史上4社目の4兆ドル到達企業となる。

アルファベットの数カ月にわたる急騰は、AIを巡る熱狂がテック株を過度に押し上げているとの懸念が高まる中で起きた。アルファベットの評価が高まった一因には、ウォーレン・バフェット率いるバークシャー・ハサウェイが同社株を50億ドル（約7750億円）近く取得したことがある。アップルへの投資を例外として、バークシャーがテック企業へ大型の投資を行うことはまれである。

またアルファベットは先日、新たなAIモデル「Gemini 3」を発表し、OpenAIのサム・アルトマンとxAIのイーロン・マスクから称賛を受けた。アルファベット株の上昇は、オラクル株の下落とタイミングが重なっている。オラクルのAI関連事業への疑問を背景に、より多くの投資家がオラクルに対して売りを仕掛けていると報じられている。
Ty Roush",[],[]
昇進は「成功」を意味するとは限らない──「罰」と感じさせないために組織ができること（Forbes JAPAN）,https://news.yahoo.co.jp/articles/e86fa58a835f09a6268445a18c5d7cca7c6642d0,https://newsatcl-pctr.c.yimg.jp/t/amd-img/20251126-00085621-forbes-000-1-view.jpg?exp=10800,2025-11-26T11:30:00+09:00,2025-11-26T11:30:00+09:00,Forbes JAPAN,forbes,Forbes JAPAN,2485,"Hleb Usovich / Getty Images
ほとんどのプロフェッショナルは何年もかけて昇進を目指す。昇進は進歩の究極の証であり、自分の努力が認められていることをはっきり示すものだと考えられている。だが多くの従業員にとって、昇進の瞬間は成功とは感じられない。挫折のように感じるのだ。誇りをもたらすはずの昇進が疲労や孤立、あるいは後悔すらもたらす。

実際のところ、すべてのキャリアのプロセスが個人のことを念頭に設計されているわけではない。個人の適性より組織のニーズに重きを置かれることはよくある。この2つが衝突すると、一見チャンスに見えるものがむしろ罰のように感じられることもある。

■新しい職務が意味を奪うとき

昇進が罰っせられているように感じられる最も一般的な理由の1つは、かつて活力を与えていた仕事からその人を遠ざけてしまうことにある。優秀なエンジニアが予算と業績評価にほとんどの時間を費やすマネージャーになる、熟練したクリエイティブ職の人がアイデアを練るのではなく顧客との関係を管理するディレクター職に異動させられる、など。

このような異動は会社にとって理にかなっていることが多い。優秀な人材はリーダーシップを発揮する役職に昇格させるべきだとリーダーは考えている。しかし本人は自分を成功に導いた仕事そのものが奪われたように感じるかもしれない。新たな責務は与えられているが、意味が奪われている。

このミスマッチが食い違いを生む。理論上は新しい職務はサクセスストーリーだ。しかし実際には何かを失った気分になる。最もできるプロフェッショナルで昇進後すぐに仕事に情熱を注がなくなる人が出てくるのはこのためだ。地位というバッジが日々の充実感を犠牲にする。

■高い職位がもたらす隠れたコスト

昇進が裏目に出るもう1つの理由は、職位の重さだ。肩書きは期待をもたらし、期待はプレッシャーにつながる。かつては製作に集中できていた従業員が、他の従業員の業績に責任を負っていることに気づく。自分の成果ではなく、チームの成果で成功を測るようになる。

この変化にやりがいを感じる人もいれば、重荷に感じる人もいる。リーダーとしての訓練を受けていないかもしれない。率いる役目を担いたくないかもしれない。だが、命じられた役職では指導し、対立を解決し、自分のコンフォートゾーンをはるかに超えた方法で会社を代表する必要がある。

このプレッシャーは孤立感を生むこともある。かつては仲間だった同僚が直属の上司になる。交わす会話も変わる。信頼関係を維持するのが難しくなる。結局のところ、かつてチームメイトだった上司に完全に気を許すことは難しい。

その結果、昇進で道が開けるのではなく、追い詰められたように感じられる。従業員は自由の代わりに束縛を経験する。プライドの代わりに、新しい期待に応えられるかどうかという不安を感じるのだ。
見返りと現実が一致しない場合
■見返りと現実が一致しない場合

昇進は見返りとセットになっていることが多いが、金銭的な報酬であっても感情的・心理的コストを消し去ることはない。ささやかな昇給では増えた責務の負担を相殺するには十分だとは感じられないかもしれない。昇給幅が大きくてもワークライフバランスが悪化する場合、さほど魅力的に映らない可能性がある。

評価の問題もある。多くの従業員は、職位が高くなったからといって以前よりも尊敬されるわけではないことに気づく。かつては同じ職位だった人から指示を受けることに抵抗を感じる同僚もいる。また、昇進がふさわしいかどうか疑問に思う人もいる。職位アップを意図していたものが実際には人間関係を気まずいものにすることもある。

そして、追い詰められる恐怖もある。昇進を辞退することはキャリアの妨害のように感じることがある。昇進を受け入れた後に苦労することは、世間的に失敗したように感じられる。いずれにせよ、従業員は閉塞感を感じる。成長の機会としてみなされているものが選択肢を狭めるものに感じられる。

■リーダーにできること

昇進を罰のように感じる必要はない。リーダーは昇進に対してより思慮深いアプローチをとることでリスクを減らすことができる。

重要なステップの1つは思い込みがないかチェックすることだ。現在の職務で素晴らしい成果を収めているからといって、その人が次の職務を望んでいるとは限らない。どのような成長に価値を置いているのかを尋ねることで尊敬の念を示すことになり、その人が求めてもいない道を強制することを回避できる。結局のところ、誰もが肩書きで成功を測るわけではない。

もう1つのステップは、トレーニングとサポートを提供することだ。貢献している従業員の1人だった人がマネジャーになるには新しいスキルが必要だ。リーダーシップやコーチング、対立解決は誰もが自然に身に付けられるものではない。リソースを提供することで、厳しい試練ではなく成長を実感できるような移行をサポートできる。

リーダーはまた、意味にも留意すべきだ。昇進によってその人が好きな仕事から引き離されるのであれば、その仕事とのつながりを保つ方法を見つけることが重要だ。技術的な問題を解決したり、アイデア出しをしたりすることにまだ時間を費やすことができるマネジャーは、新しい職務を罰のように感じる可能性がはるかに低くなる。

最後に、組織は昇進の定義を広げるべきだ。成長とは必ずしも高い職位を意味するとは限らない。より深い専門性やスキルの幅を広げる他部門などへの移動、あるいは管理せずに指導する機会などを意味することもある。キャリアパスが柔軟であれば、昇進は罠ではなく選択肢の意味合いが強まる。

結局のところ、昇進の真の目的は、会社の優秀な労働者を好きな仕事から引き離すことで報いることではない。それは、その人が最初に価値を見出した意義のようなものを失うことなく成長し続けられるような状況を作り出すことだ。
Benjamin Laker",[],[]
薬物療法も行動療法も存在しないコロナ後遺症　米国人の7％が罹患（Forbes JAPAN）,https://news.yahoo.co.jp/articles/376325bf2334a384a1fa26427bec3c958c2fdecb,https://newsatcl-pctr.c.yimg.jp/t/amd-img/20251126-00085677-forbes-000-1-view.jpg?exp=10800,2025-11-26T11:00:00+09:00,2025-11-26T11:00:00+09:00,Forbes JAPAN,forbes,Forbes JAPAN,2878,"pedro7merino/Shutterstock
新型コロナウイルス感染症のパンデミック（世界的流行）が収束しつつある今も、世界はその余波と格闘し続けている。その影響が最も顕著に表れているのが、長期化するコロナ後遺症の問題だ。米国では成人の約7％が同疾患にかかると推定されており、患者を苦しませ、研究者を困惑させ続けている。

米国立衛生研究所（NIH）はこのほど、コロナ後遺症がどのように発現し、その治療がなぜこれほど困難であるのかについて、これまで以上に明確な見解を示した。大手製薬企業はポートフォリオの再構築を進めており、メッセンジャーRNA（mRNA）ワクチン計画の一部を縮小する一方で、供給網の確保と次世代技術革新への転換を図るため、米国内の製造基盤への大規模な投資を推進している。

コロナ後遺症は現代の臨床科学の限界と医薬品戦略の課題を露呈した。同疾患の多様な経過には単純な解決法がなく、ある人に有効な治療法が別の人には効果がない可能性がある。米政府機関がmRNAワクチンから距離を置く一方で、史上最速のワクチン展開を支えた技術は再評価されている。

■複雑で持続的なコロナ後遺症

学術誌ネイチャーコミュニケーションズに掲載されたNIHの論文によると、コロナ後遺症は単一の疾患ではなく、8種類に分類される一連の疾患経過の集合体であることが判明した。この研究では、新型コロナウイルス感染後最大15カ月間にわたり3659人の成人を追跡調査し、持続的で重篤なものから軽度または時間とともに改善するものまで、8つの異なる症状の経過を特定した。

感染後3カ月時点で、参加者の約10％がコロナ後遺症の基準を満たし、うち81％は1年後も症状を報告していた。5％の患者は、疲労感や脳のもやもや感、決して治まらない痛みなど、持続的で重い症状を経験した。12％は症状が断続的に強まる状態を経験し、14％は当初回復したものの数カ月後に症状が悪化した。

論文の筆頭著者であるブリガム・アンド・ウィメンズ病院のブルース・レビー医学部長は、「これらの知見はコロナ後遺症の生物学的複雑性を裏付けている」と指摘。「経過を理解することは、将来の治療法や臨床試験を設計する上で不可欠だ」と述べた。

マサチューセッツ総合病院とブリガム・アンド・ウィメンズ病院の報告書では、女性や急性感染期に入院した患者は持続的で重篤な症状に苦しむ可能性が高いとされた。コロナ後遺症が慢性的な公衆衛生上の負担となる中、研究著者らはこのデータが資源配分や研究優先順位を決める上で役立つことを強調した。

■コロナ後遺症の最も深刻な症状

多くの人にとって、コロナ後遺症の最も深刻な症状は神経系への影響、つまり記憶障害や疲労、脳のもやもや感だ。医学誌「米医師会紀要（JAMA）」に掲載されたNIHの試験は、認知リハビリテーション手法に関するこれまでで最も包括的な検証となった。22の施設で実施された5群の第2相試験では、適応型オンライン認知訓練プログラム、構造化リハビリテーションコース、在宅脳刺激療法の3つの介入を評価した。

当初の期待とは裏腹に、結果は期待外れだった。全ての介入群の参加者は主観的な改善を報告したが、いずれの介入も、研究の主要評価項目である修正認知尺度で対照群に対する測定可能な改善をもたらさなかった。結果がゼロだったことで、課題の大きさが浮き彫りになった。認知機能障害を伴うコロナ後遺症に対する明確な効果を示した薬物療法や行動療法はまだ存在しないのだ。
変化するバイオテクノロジー業界
■進むべき道を探る

コロナ後遺症の科学が複雑化するにつれ、製薬企業は急速に変化する政策と資金調達環境の中で足場を固めようと苦戦している。米厚生省は8月、米生物医学先端研究開発局（BARDA）のmRNAワクチン開発計画を全て段階的に終了させると発表し、総額約5億ドル（約780億円）に上る22件のプロジェクトを打ち切った。ロバート・ケネディ・ジュニア厚生長官主導の検討を経て行われたこの動きは、mRNAワクチンから「より安全で幅広いワクチン技術」への決定的な転換となった。モデルナやファイザーなどの製薬企業や大学との契約は、解除されたり規模が縮小されたりした。

これに伴う人員削減の影響は業界全体に波及している。パンデミック中に急成長したモデルナはその後、費用対効果と戦略的優先順位の見直しを理由に、新型コロナウイルス以外のmRNAワクチンや遺伝子治療を含む複数の臨床計画を打ち切った。

■製造と供給網の回復力強化へ

研究開発費が抑制される中でも、パンデミックによる供給ショックが米国の医薬品業界の製造を後押ししている。産業界は製造の国内回帰と製造能力の強化に数十億ドルを投じている。

スイス製薬大手ノバルティスは、米ノースカロライナ州に6.5ヘクタールの製造拠点を建設するなど、米国への230億ドル（約3兆6000億円）規模の5年間にわたる投資計画を発表した。同施設は、生物製剤、遺伝子治療、固形製剤の製造を一元化する。一方、モデルナは米マサチューセッツ州ノーウッドにある技術センターに1億4000万ドル（約220億円）を投じ、mRNAワクチン製造の改善を図るとともに、個別化がんワクチンプラットフォームも支援する予定だ。これらの投資は、世界的なワクチン需要の変化と、供給網管理や製造の近代化を競争上の優位性として重視する戦略的な動きを反映している。

■ワクチンの承認と研究

米政府が予算を削減する一方で、mRNA技術は進歩を続けている。米食品医薬品局（FDA）は8月、65歳以上の高齢者と5～64歳の高リスク層を対象とした新たな新型コロナウイルスワクチンを承認した。新製剤はFDAの指針に従い、新型コロナウイルスの変異株「オミクロン株」の派生型「LP.8.1」を標的としている。この承認により、変異株に迅速に適応するmRNAワクチンの柔軟性がいかに重要であるかが改めて示された。

抗ウイルス薬「パキロビッド」は、コロナ後遺症の治療薬として研究が進められている。また、コロナ後遺症関連の炎症に対するGLP-1受容体作動薬の試験も進められている。

■変化するバイオテクノロジー業界

緊急事態時代の政府の資金提供が終了し、慢性ウイルス後症候群が新たな治療分野として台頭するなど、バイオテクノロジー業界は変化している。コロナ後遺症の研究は現在、公衆衛生学、神経学、免疫学の交差点に位置しており、これらの分野では連携が求められているものの、不確実な成果しか得られていない。

現時点では、業界は過渡期にあると指摘する専門家もいる。臨床研究により、コロナ後遺症の複雑で多様かつ長期にわたる症状が明らかになった。製薬企業はパイプラインの再調整を迫られる一方で、製造能力の強化と供給網の回復力向上に向けた投資を同時に推進しなければならない。
Greg Licholai, MD",[],[]
ビットコイン価格がピーク時から30％超下落、強気派企業「ストラテジー」は戦略を変えるか？（Forbes JAPAN）,https://news.yahoo.co.jp/articles/0764e21ce874ddcaffec4fa93ca4ea16e13f531c,https://newsatcl-pctr.c.yimg.jp/t/amd-img/20251126-00085671-forbes-000-1-view.jpg?exp=10800,2025-11-26T10:30:00+09:00,2025-11-26T10:30:00+09:00,Forbes JAPAN,forbes,Forbes JAPAN,4569,"マイケル・セイラー（Photo by Jason Koerner/Getty Images for Bitcoin Magazine）
ビットコインの値上がりに企業戦略のすべてを賭け、その前提で投資家を集めてきた企業にとって、1カ月で35％の急落（米国版掲載時）は重大な警告を意味する。

ビットコインは先週、2024年10月のピーク時の12万6080ドル（約2000万円。1ドル＝156円換算）を35％下回る8万2000ドル（約1300万円）にまで急落した。このニュースは、ほとんどのナスダック上場企業にとって雑音に過ぎないが、ビットコイン強気派として最も有名で、企業として最大の保有者、マイケル・セイラー率いる「ストラテジー」にとっては、すぐさま「次に何が起きるのか」という疑念を呼ぶものとなった。

■時価総額が保有ビットコインの価値を下回り、株価は1年で60％下落

ストラテジーの時価総額は、過去2年のほとんどの間、保有するビットコインの価値を大きく上回ってきた。その差は時に190％にも達し、同社株への投資は、機関投資家にとって“ターボチャージされたビットコインへの賭け”になった。マイケル・セイラーは、バージニア州タイソンズに拠点を置くかつて「マイクロストラテジー」と呼ばれたデータマイニング系ソフトウェア企業を、従来の企業金融を駆使してビットコインのボラティリティを利用する企業へと変貌させた。その結果、デジタル資産トレジャリー（DAT）と呼ばれる同様の手法をまねる上場企業が数百社も生まれ、セイラー自身の純資産も2022年の16億ドル（約2496億円）から54億ドル（約8424億円）へと膨らんだ。

しかし、そのプレミアムが消え失せた現在、ストラテジーの株価はここ1年で60％下落した。同社の時価総額は490億ドル（約7.6兆円）まで縮小し、保有するビットコインの価値の560億ドル（約8.7兆円）を下回っている。

■S&Pによる格下げや主要指数からの除外リスクが、資金流出を招く恐れ

大手格付け会社S&Pグローバル・レーティングは先月、ストラテジーの信用格付けをジャンク債領域の「B-」とし、「ビットコインへの過度の集中、事業の狭さ、リスク調整後の資本の弱さ、ドル建て流動性の乏しさ」を弱点に挙げた。JPモルガンのアナリストも最近のノートで、ストラテジーがMSCI USAやナスダック100など主要指数から外れるリスクを警告した。もしMSCIが除外に踏み切れば、最大28億ドル（約4368億円）が同社株から流出する可能性があり、他の指数提供会社が追随すれば資金流出が膨らむ恐れがある。

ストラテジーに連動するパッシブファンドは約90億ドル（約1.4兆円）のエクスポージャーを抱えている。指数から外されれば強制的な売りが発生するだけでなく、同社株の大きな魅力だった高い出来高も失われ、流動性が急速に細る可能性がある。また、ストラテジーは2四半期連続でS&P500の採用基準を満たしているものの、組み入れは実現しておらず、ビットコインを巡る逆風を考えれば今後も採用は期待しづらい。
株式の評価より利回り市場の創造を掲げ、配当を生む「永久優先証券」戦略を推進
■株式の評価より利回り市場の創造を掲げ、配当を生む「永久優先証券」戦略を推進

それでもセイラーは、“ビットコインの伝道師”としての姿勢を崩しておらず、「株式の評価など問題ではない」と強調する。最近の彼のモットーである「クレジットこそが商品で、株式はその副産物だ」という言葉は、ストラテジーの将来がもはやビットコイン連動株でも、熟練トレーダーのヘッジ手段でもなく、「利回りを求める投資家に向けた、ビットコインを原動力とする収益商品」という新たな市場作りにあるという信念を端的に示している。

ストラテジーはその構想を実現するために、過去1年をかけて、満期がなく高い配当を支払い続けるという異例の金融商品「永久優先証券」を次々と投入してきた。総額86億ドル（約1.3兆円）に達する新シリーズは、「Strike（ストライク）」「Strife（ストライフ）」「Stride（ストライド）」「Stretch（ストレッチ）」「Stream（ストリーム）」と、まるでコミックのキャラクターのような名称だが、いずれも同社のビットコイン中心の資本構造を土台にした高配当の固定型商品という点で共通している。

ティッカーシンボルSTRKで取引されるStrikeは、額面100ドルに対して年率8％の配当を四半期ごとに支払う。ティッカーシンボルSTRFで取引されるStrifeは年率10％を支払い、複数ある優先証券シリーズのうち最も高い順位にある。ティッカーシンボルSTRDのStrideもまた、四半期ごとに年率10％を支払う。7月に導入されたSTRCことStretchの配当率は当初9％に設定され、毎月配当が支払われるうえ、価格を額面100ドル付近に保つため、利率が毎月調整される仕組みだ。

●配当を「資本還元」として扱うことで、実質利回りが高まる点が“売り”

セイラーは、ストラテジーの優先証券から支払われる配当が「資本還元（Return of Capital, ROC）」として扱われる点を最大の売りにしている。この扱いであれば、投資家が受け取る分配金は課税所得ではなく取得原価の減額として処理されるため、その年の納税を避けることができる。結果として課税対象の投資家にとって、同種の企業優先証券よりも実質利回りが大幅に高くなる。

だが、最近のビットコインの下落局面は、ストラテジーの新たな優先証券にも打撃を与えた。STRCは現在、額面100ドルを割り込み、およそ11％の利回りで取引されている。今月発表されたユーロ建てのSTREも、2週間足らずで発行価格の100ユーロを下回り、利回りは10％から12.5％へと上昇した。

■ビットコイン相場の低迷が長期化すれば、巨額の利払いと転換社債が重荷に

ビットコインの弱気相場が長期化した場合にセイラーが利払いを維持できるのか、投資家が不安を抱くのは当然だ。優先証券の配当と転換社債の金利を合わせると、ストラテジーは年間で約7億ドル（約1092億円）の支払いに直面している。同社は現在、約80億ドル（約1.2兆円）の転換社債を抱えており、そのうち74億ドル（約1.15兆円）分はアウト・オブ・ザ・マネー（本質的価値がなく権利行使しても意味がない）状態にある。つまり、満期時に債券保有者が株式へ転換する可能性は低い。かつては株価に安定したプレミアムがあり、新株発行による資金調達でビットコイン購入を続けてきたストラテジーだが、その手法はもはや株主価値を高める手段とはいえない。

ベンチマークのアナリストであるマーク・パルマーは、ストラテジーの第3四半期決算説明会で、CEOのフォン・レが複数の「緊急時対応策」を示したことを指摘した。そこには、カバードコールの売却（保有するビットコインを担保にコールオプションを売る取引）や、ストラクチャード商品（複数の金融商品を組み合わせて利回りを設計した商品）を使った利回り戦略といったビットコイン・デリバティブによる収益の創出、株式デリバティブを使ったキャッシュフロー強化、税務上のメリットを得るために高値で取得したビットコインを「損失覚悟で売却する」ことさえ含まれていた。

レとセイラーはまた、日本のビットコイン保有会社メタプラネットの時価総額が、ビットコインの持ち分の価値と同じ水準まで落ち込んだことを受け、大規模な自社株買いを発表した動きについて触れ、自分たちも追随する可能性を示唆した。

ストラテジーがビットコインを売却するかどうかについては、さらに複雑だ。同社のビットコインの平均取得単価は約7万4400ドル（約1200万円）だが、この水準を割り込んだからといって、強制的な売却に直面するわけではない。ストラテジーにとって最初に構造的な圧力が訪れるのは、10億ドル（約1560億円）分の転換社債が満期を迎える2028年9月になる予定だ。
AIを活用し新証券を設計し、レバレッジゼロと購買力増幅の両立を狙う
■AIを活用し新証券を設計し、レバレッジゼロと購買力増幅の両立を狙う

その一方でセイラーは、金融を依然として「創造的な営み」として捉えている。今月マイアミで開かれたキャンター・フィッツジェラルドのカンファレンスで彼は、「人工知能（AI）と対話し、議論しながら新たな証券の設計に取り組んでいる」と語った。同社最新の優先証券の1つであるStretchは、そうしたAIとのセッションから生まれたという。

セイラーの説明によれば、ストラテジーはレバレッジをなくす一方で、「購買力の増幅」を高めていく方針だという。彼が定義する購買力の増幅とは、永久優先証券や株式連動証券といった非負債の手段を発行することで生まれる“追加的な購買力”のことだ。セイラーは、ストラテジーが毎年30％の購買力の増幅を達成することを望んでおり、それによって同社は、ビットコイン保有量を安定的に増やしながら、転換社債の株式化によって現在11％のレバレッジを2029年までにゼロにできると主張する。

●熱心な支持者は「ビットコインの利回り化」をキラーアプリと呼び、債券市場の変革を主張

「セイラーはついに“ビットコインのキラーアプリ”を見つけた」と語るのは、熱心な支持者である元パラファイ・キャピタルのリサーチアナリスト、ケビン・リーだ。彼は、ビットコインが「金を裏付けにした信用市場が発展し始めた初期段階」に似た局面に入りつつあると考えている。リーによるとストラテジーの進化は3つの章に分かれるという。第1章は、ビットコインETFが存在しなかった時期で、株式投資家がビットコインにエクスポージャーを得る“唯一のクリーンな手段”がストラテジーだった時代。第2章は、ビットコインETFのオプション市場が整う以前に、同社の流動性の高い株式とオプションが大口投資家にとって最も使いやすいヘッジ手段になっていた時代。そして現在の第3章では、セイラーが“ビットコインを直接保有できない投資家向けに、それを収益を生む資産へと変える試み”を進めている段階だ。

リーは、投資方針の制約からビットコインはおろか多くのETFも買えない債券運用者でも、ストラテジーの優先株なら購入できる点を指摘し、このモデルが広がれば“変革的な影響を持ちうる”と主張する。

■株価は長期で1160％上昇、慎重な利回り投資家の獲得が次の試金石

ストラテジーが直面する逆風にもかかわらず、同社株はセイラーが2020年8月にビットコインの買い付けを始めた当日から、現在も1160％高い水準にある。信用市場はセイラーにとって次のフロンティアになり得るが、利回りを重視する投資家は、ボラティリティを好む株式やオプションの支持層とはまったく異なる、はるかに慎重で選別的な層だ。今後の展開を見守る必要がある。
Nina Bambysheva",[],[]
昇給交渉は気が重いが、準備と自信、そして昇給を正当化できるだけの明確な根拠をもって臨めば、それは「対立」ではなく、プロフェッショナルな「対話」となる  →自らの価値を「報酬に反映」、2026年の昇給交渉を成功させる4つの方法（Forbes JAPAN）,https://news.yahoo.co.jp/articles/2dc1e89b6933bdc9e6b3d12297de9ff6e28a8c9d,https://newsatcl-pctr.c.yimg.jp/t/amd-img/20251126-00085256-forbes-000-1-view.jpg?exp=10800,2025-11-26T10:00:00+09:00,2025-11-26T10:00:00+09:00,Forbes JAPAN,forbes,Forbes JAPAN,2326,"Shutterstock.com
年末が近づく今は、自身の報酬を見直し、自分が組織にもたらしている価値を反映した額にするのに絶好のタイミングだ。昇給交渉は気が重いかもしれないが、準備と自信、そして、昇給を正当化できるだけの明確な根拠をもって臨めば、それは「対立」ではなく、プロフェッショナルな「対話」となる。以下では、2026年の昇給交渉を効果的に進める方法を4つ紹介しよう。

▪️昇給に値する根拠を示す

交渉に入る前に、証拠に基づく強力な主張を構築することが不可欠だ。まずは、過去1年間における自身のパフォーマンスを客観的に評価することから始めよう。常に期待どおり、またはそれ以上の仕事をしていたか。追加の責務を引き受けたか。プロジェクトを主導したか。チームにとって重要な問題を解決したか。これらの要素が、自分は昇給に値するという主張を正当化する根拠となる。

会社の目標に沿った貢献を測定可能なかたちで見せられると、雇用主が昇給を承認する可能性は高くなる。売上高の増加、業務効率の改善、顧客維持への貢献など、具体的な成果を強調しよう。

自身のパフォーマンスを数値化して示すのが効果的だ。例えば、「チームの生産性を15％向上させた」「プロセス改善により、生産コストを10％削減する主導的役割を果たした」などとアピールするとよい。

専門性を磨いている、と証明することも重要だ。資格の取得、新しいソフトウェアシステムの習得、新人の指導などがこれに当たる。付加価値を示すこれらの例は、自身の主張を強化する材料となる。優れたパフォーマンスの根拠を示すことで、自身の働きが会社の成功に直接貢献したとアピールできる。

▪️1年間の成果を見せる

自身の仕事ぶりを根拠とともに主張したら、次は、過去1年間に達成したことをまとめて明確に提示しよう。ここでは記録がものを言う。仕事で何を達成し、上司や同僚、顧客からどのような評価を得たかを記録しておこう。1年間の主要な業績指標の記録を保管しておけば、昇給交渉の際に具体的な事例を自信をもって提示できる。

こうした達成事項は、内容が明確かつ整理されていなくてはならない。以下の3つのカテゴリーに分類しよう。

1. 個人的な成果：完了したプロジェクト、新規に獲得した顧客、受賞歴など
2. チームへの貢献：共同で取り組んだ仕事、リーダーシップを発揮した業務、メンタリングなど
3. 専門能力開発：参加したワークショップや取得した資格など

成長への意欲と、組織の長期的ビジョンへの貢献を示そう。
市場調査を行う
▪️市場調査を行う

交渉は、常に事実に基づいていなければならない。昇給を要求する前に、その業界や地域における自身の職種の給与相場を徹底的に調査しよう。Glassdoor（グラスドア）、Payscale（ペイスケール）、LinkedIn Salary（リンクトイン・サラリー）などのキャリア情報サイトで調べれば、経験や職務内容が近いプロフェッショナルの平均的な給与範囲を把握できる。

相場を理解することで、適正かつ現実的な昇給額を提案できる。例えば、調査により、似た職種の給与が自身の受け取っている額より15％高いことが判明した場合、同程度の調整を要求するのは合理的といえる。確かなデータの裏付けは、主張を強化し、自分の要求が根拠のない思いつきと受け取られるのを防ぐ。

この手順を踏むことで、プロフェッショナリズムと、経済的現実への認識を示せる。要求が個人的な願望だけでなく、労働市場における自身の価値を客観的に裏付ける根拠を踏まえていることが伝わる。

雇用主は、感情的な訴えではなく、情報に基づく論理で昇給交渉に臨む従業員を評価する。十分な調査に基づいた提案は、あなたが自分自身を理解していて、なおかつビジネス感覚も備えていることを示す。

▪️自分のために声を上げる

昇給交渉で最も重要なステップは、自己主張だ。多くの従業員は、拒絶される不安や、金銭の話をすることへのためらいから、こうした交渉に後ろ向きだ。しかし、自己主張は傲慢ではなく、プロフェッショナリズムの表れといえる。あなたは、あなた自身の最良の代理人だ。自分で自分の価値を主張しなければ、誰も代わりにやってはくれない。

話し合いには、自信と、相手への敬意をもち、準備を整えて臨もう。業績評価の時期や、大きなプロジェクトの完了後など、適切なタイミングを選ぼう。

交渉の席では、現在の職務で自分が得たチャンスへの感謝を伝えよう。その上で、自身の仕事ぶりが昇給に値するという根拠、達成した成果の記録、給与相場のデータを組み合わせて示し、明確かつ冷静に主張しよう。

交渉は、要求ではなく対話であることを忘れてはいけない。オープンな姿勢で話し合い、上司のフィードバックに耳を傾け、妥協案も検討しよう（段階的な昇給や、ボーナス、追加の福利厚生など）。要求のすべてを受け入れてもらえなくとも、主体性やプロフェッショナリズム、自信を示せた事実は残る。

2026年の昇給交渉には、準備と証拠と自信が不可欠だ。自身の仕事ぶりが昇給に値する根拠を示し、成果を提示し、給与相場を調査し、効果的に自己主張することで、気まずい会話になりかねない交渉を、戦略的なキャリアアップの機会に変えることができる。

目的は、単に収入を増やすことではない。組織における自身の成長、貢献、価値を、正確に報酬に反映させることにある。今こそ、自らの価値を自ら主張する時だ。あなたの成果を代弁するのに、あなた以上に適した人間はいないのだから。
Sho Dewan",[],[]
史上3例目の恒星間天体「3I/ATLAS」が完全に自然の彗星である論理的な理由（Forbes JAPAN）,https://news.yahoo.co.jp/articles/74e098e690d0fd6978f10aeaa9a9119c48998543,https://newsatcl-pctr.c.yimg.jp/t/amd-img/20251126-00085659-forbes-000-1-view.jpg?exp=10800,2025-11-26T09:30:00+09:00,2025-11-26T09:30:00+09:00,Forbes JAPAN,forbes,Forbes JAPAN,3135,"欧州宇宙機関（ESA）の火星探査計画エクソマーズ（ExoMars）の無人周回機トレース・ガス・オービター（TGO）が2025年10月3日に火星の近くを通過した恒星間彗星3I/ATLAS（中央の白点）を撮影した画像（ESA/TGO/CaSSIS）
論理的に見て、恒星間彗星3I/ATLAS（アトラス）は、宇宙人の母船のようなものでもなければ、待機中の「トロイの木馬」でも、友好的な宇宙人の探査機でもない。
【画像】恒星間彗星3I/ATLASの経路
3I/ATLASは自然物であり、「建造物」との見方を裏づけるデータはなく、確認されているのは教科書通りの彗星の挙動だと、NASAジェット推進研究所（JPL）のベテラン天体物理学者スラヴァ・トゥリシェフは、取材に応じた電子メールで述べている。

トゥリシェフの説明によると、3I/ATLASを撮影した画像には彗星のコマ（頭部の明るい領域）と塵の尾（ダストテイル）が写っており、軌道は星間空間からの明確な双曲線で、不連続性や「噴射」はなく、脱ガス（ガスの噴出）に由来すると考えられる非重力加速がわずかにあるだけだ。

だが、なぜこの特異な彗星が完全に自然物なのかに関しては、純粋に論理的な理由がいくつかある。

これほど巨大な物体を何光年にもわたる時空を超えて送り込むことが可能な宇宙人の文明なら、地球に忍び寄るのに奇妙な形をした彗星に見せかけて身を隠す必要などまったくないのだ。

彼らはロボット探査機を送り込むためのワープ航法をはるか昔から使いこなしているだろう。ちっぽけな太陽系を横断するのに何カ月もかける必要はないと思われる。1996年公開のSF映画『インデペンデンス・デイ』のように、一瞬のうちに地球に現れるだろう。

その理由は、地球外文明が人類と偶然遭遇するならば、人類よりはるかに進んだ文明である可能性が高いからだ。地球外知的文明探査（SETI）の数十年にわたる探査活動の指針となっているのが、この論理だ。人類がほぼ同等の科学技術を持つ地球外文明と遭遇する可能性は統計的に非常に低いと、SETIは主張している。

電波や光を介して、もしくは現時点では想像できないような別の手段により、人類とファーストコンタクト（最初の相互接触）する相手の地球外文明は、少なくとも人類より数十万年進んでいる可能性が高いと、SETIは考えている。

もしかすると人類より数百万年、あるいは数十億年も進んでいるかもしれない。

高度な地球外文明
人類がファーストコンタクトする地球外文明の科学技術力が、SFテレビシリーズ『スタートレック』に登場する高度知的生命体Qの半分だとしても、彼らはすでに地球に来ていて、あなたの妹とデートしているかもしれない。そして誰もそれに気づかないだろう。

彼らの技術力は、人類にはほとんど神業のように見えるに違いない。
極めて高度な科学技術力を持つ地球外文明
現在知られている物理学がすべてだと思い込んでいる、巷に存在するすべての超保守的な物理学者には、人類が暮らす宇宙について未だにほとんど理解できていないことを思い出してほしい。

理論物理学者は今日、この宇宙の大部分が（どちらもいまだ正体不明の）暗黒エネルギーと非バリオン暗黒物質で構成されていると考えている。故ドナルド・ラムズフェルド元米国防長官の言葉を借りれば、宇宙の物理に関して人類が持っている現在の知識は「わからないということがわかっている（known unknowns）」ことを示すと同時に「わからないということがわからない（unknown unknowns）」ことさえも表しているのかもしれない。

人類の科学技術力に匹敵する地球外文明は存在するだろうか。

おそらく、車輪を発明したり太陽帆（ソーラーセイル）などの技術を開発したりしている地球外文明は存在するに違いない。だが、もし彼らの技術的発展がこの程度だとすると、地球に現れる可能性は低い。

人類が懸念すべきなのは、非常に高い効率と速度で時空を超える移動技術をすでに使いこなしている地球外文明だけだ。

人類自身の技術的進歩は目覚ましいものの、今なお赤子も同然なのだ。



進歩の100年
動力飛行に成功してから100年、粗末な電子計算機を初めて開発してから100年近くを経て、人類は今や、航空機をレーダーに実質的に見えないようにできる技術や、本物か否かの識別がほぼ不可能なように人工的な風景を作成できる人工知能（AI）を持っている。

2022年のノーベル物理学賞を受賞したオーストリア人物理学者で、量子コンピューティングの第一人者のアントン・ツァイリンガーに、筆者は30年前にインタビューをした。その当時、量子コンピューティングはごく初期の段階にあった。

今日、量子コンピューティング技術を商業化すると見込まれる企業の将来性はウォール街の垂涎の的となっている。来るべきパラダイム変化により、今日の情報技術は相対的に極めて時代遅れに見えるようになるはずだ。

だがそれでも、人類のか弱い社会が過去30年間で何を達成できたか、そして発達が遅れた地球外文明が1000年で何ができるだろうかを、考えてみてほしい。

人類のAIはまだ誕生から1世代足らずといえるだろう。この地球で人類が抱いているのと同様の科学的な好奇心と意欲を持ち、地球に似た惑星で繁栄できた文明が自滅しなかったとすれば、何ができるだろうかと想像してみよう。彼らは10万年もしないうちに宇宙を思いのままに移動しているかもしれない。

それ故、高度な地球外文明が実行する必要性が最も低いと考えられるのは、光速に近い速度で旅をし、巨大な彗星を装って身を隠すことなのだ。
自然物でなく建造物を示唆する観測結果は？
中国の観測
中国国家航天局（CNSA）の報告によると、中国の火星探査機「天問1号（Tianwen-1）」が最近、搭載の高解像度カメラを用いて3I/ATLASを観測した。

3I/ATLASは、天の川銀河（銀河系）の中心付近にある古代の星々の周辺で形成された可能性が高く、推定年齢は30億～110億年で、おそらく太陽系より古いだろうと科学者は考えているという。これにより3I/ATLASは、太陽系外惑星の化学組成と進化および恒星の歴史の初期段階を調査する上で希少なサンプルとなると、CNSAは指摘している。


NASAのジェイムズ・ウェッブ宇宙望遠鏡（JWST）による3I/ATLASの分光観測では、揮発性物質を豊富に含む彗星のコマが検出されている。コマの主成分は二酸化炭素（CO2）で、他に水や一酸化炭素（CO）、氷や塵（固体微粒子）が含まれている。

3I/ATLASは太陽系の彗星の多くと比較して化学組成的に異質だが、明白に彗星であり、金属類には適合しないと、JPLのトゥリシェフは説明している。

結論
トゥリシェフによると、報告されている「加速」はすべて、近日点近くでの脱ガスと辻褄が合う。これは通常の彗星に対してモデル化されているのと同じ物理現象だ。経路にも速度にも残差（軌道の観測値と計算値との差）にも、工学技術を示唆する要素はまったくないと、トゥリシェフは述べている。

銀河系のこの宇宙域内に存在する知的文明は人類だけではないという可能性を、私たちは受け入れる必要がある。実際に、太陽系には45億6000万年の歴史の中で、何らかの宇宙人の探査機が訪れたことがあったかもしれない。だが、3I/ATLASはその1つではない。

（forbes.com 原文）
Bruce Dorminey",[],[]
AI向けの莫大な借り入れが「次の信用収縮」を招きかねない理由（Forbes JAPAN）,https://news.yahoo.co.jp/articles/70032c67b1bfb27b9f103b78f4a076687ab9affb,https://newsatcl-pctr.c.yimg.jp/t/amd-img/20251126-00085681-forbes-000-1-view.jpg?exp=10800,2025-11-26T09:00:00+09:00,2025-11-26T09:00:00+09:00,Forbes JAPAN,forbes,Forbes JAPAN,5310,"Shutterstock
AI（人工知能）ブームは市場を何度も最高値に押し上げてきた。投資家が殺到し、企業は猛烈なスピードでデータセンターを建設している。銀行家は、一世代に一度レベルの借り入れ急増がもたらす手数料収入に小躍りしている。

だが、現在の大規模なAIインフラ整備は、一般の人々の間ではほとんど顧みられないリスクを伴っている。10月、米カリフォルニア州ラグナビーチで開かれたウォールストリート・ジャーナル（WSJ）紙主催の年次会合「テックライブ」で、米オープンAIのサラ・フライアー最高財務責任者（CFO）は、この拡張を支える債務を米政府が「保証（backstop）」する必要が出てくるかもしれないと語った。仮にそうした措置が取られれば、大企業や投資家が保護される一方、少なくともリスクの一部を米国民が負わされることになる。

AIインフラ建設のための資金調達競争では、数千億ドル規模の債務が市場に新たに生まれつつあり、フライアーはそれを懸念して将来の救済をあらかじめ求めたのだろうか。当のフライアーは1日もたたないうちに発言の修正を図り、「保証」というのは債務を受け入れやすくする政府保証のことではなく、あくまで政府側の果たす「役割」のことだったとビジネスSNSのリンクトインで釈明した。とはいえ、彼女の失言は、多くの金融関係者がすでに知っていることを暴露した。債券市場は、AI分野に資金を供給していく「容量」はあっても、特定の分野にこれほど大規模な資金を振り向けるリスク許容度がないかもしれない、ということだ。ファンドが特定の業種や企業に対してどれだけ投資できるかに制約があるほか、数十社が絡むAI関連取引を抱えることにもリスクがあるため、債券市場のリスク許容度には限界があるのだ。

AI向け借り入れ需要の規模は非常に大きい。米金融大手JPモルガンのアナリストらは、AI関連の投資適格債の発行額だけで2030年までに1.5兆ドル（約235兆円。1ドル＝約156円）に達する可能性があると試算している。これは米企業全体の年間社債発行額（2020年以降の平均で1.9兆ドル）に迫る規模であり、AIインフラ関連の借り入れ全体はこれよりもさらに巨額になると見込まれている。米企業は今年だけですでに合計で2000億ドル（約31兆円）を超えるAI関連債を発行しており、この額は社債市場全体のおよそ10％を占める。直近では米アマゾンが11月17日、150億ドル（約2兆3000億円）の起債を発表している。米アルファベットも今月それに先だち、250億ドル（約3兆9000億円）の社債を発行し、最長50年の償還期限を設定した。米メタも10月に起債で300億ドル（約4兆7000億円）を調達したほか、9月には米オラクルが180億ドル（約2兆8000億円）の社債を売り出している。
テック勢によって社債市場からほかの借り手が締め出される懸念
これらの大手テクノロジー企業は必ずしも借り入れを必要としているわけではない。ビッグテックの大半は数百億ドル規模のキャッシュを保有しており、バランスシートは健全で、信用格付けは投資適格級だ。たとえばメタは、米証券取引委員会（SEC）への最新の届け出によると現金および短期証券を445億ドル（約6兆9600億円）保有する。アルファベットとアマゾンの場合、その額はそれぞれ1000億ドル（約15兆6000億円）近くにのぼっている。

フライアーの発言が反発を招いた背景にもこうした状況がある。

AI関連債への投資家の需要が減退すれば、これらの「AI成長」企業は市場水準よりも高い金利を支払うか、契約条件を緩くする判断を迫られる可能性がある。実際にそうなった場合、借り入れコストが全体的に上昇する公算が大きい。実のところ、これらの優良企業はすでに負担が増している。英資産運用会社ジャナス・ヘンダーソン・インベスターズのアナリストらによると、アルファベットとメタは最近の社債発行で、いずれも以前の起債時より10〜15ベーシスポイント（bp、0.1〜0.15％）高い「明確なプレミアム（上乗せ金利）」を払わされた。また、メタの社債が11月に売り出されたあとにはオラクルの社債への需要がしぼみ、償還期限が2055年のものは米30年物国債とのスプレッド（利回り差）が1週間で11ベーシスポイント（0.11％）広がった。ファンドは新発債を購入するために保有分の既発債を売却する可能性もあり、これは市場全体の利回りを押し上げ、流動性を低下させるおそれがある。AIブームの様相を呈している状況は、広範な信用収縮につながりかねないということだ。

米金融サービス会社DAデビッドソンでテクノロジー分野の調査を統括するギル・ルリアは、債券市場はAI関連の借り入れが年間数百億ドル規模なら対応できるものの、数千億ドル規模に膨らむとほかの借り手をクラウディングアウト（押しのけ）始めるとみている。「債券市場全体が、このきわめて限定された投資分野にさらに集中していくことになるでしょう」

社債投資家は、分散投資によって自分たちは守られると想定している。だが、社債を発行する企業側の多くが同じビジネルモデルに依存している場合、分散は機能しなくなる。米格付け大手S＆Pグローバル・レーティングスのマネジングディレクター、デービッド・ツイとナビーン・サルマらは、AIの計算能力への需要が鈍化した場合、テクノロジー・メディア・通信（TMT）分野の社債市場全体が同じ方向に動く可能性があると指摘する。ひとつの分野がショックに見舞われれば、それはほかの分野にも波及しかねない。いくつかに分散させていたと思っていたリスクが、実はひとつの大きなエクスポージャーと化してしまっている可能性があるからだ。

信用市場は過去にも同じような波を経験してきた。
シェールブームとの共通点と違い
米資産運用会社コロンビア・スレッドニードル・インベストメンツの債券調査担当グローバルヘッド、トッド・チャカーが引き合いに出すのはシェールブームだ。シェール（頁岩）層の石油・ガス開発はおよそ6000億ドル（現在の為替レートで約94兆円）の投資を集め、ひとつのテーマに大量のマネーが流れ込んだことで信用市場が変容した。チャカーは、AIの資金循環サイクルにも同様のパターンが見いだせると説明する一方、今回は規模が異なるとも付言している。彼のチームは、AIインフラへの支出総額は5.7兆ドル（約890兆円）に達する可能性があると見積もっており、かつてないほど巨大なその規模を「違う惑星」レベルと表現している。

チャカーは、シェールブームの時と同じように、AIブームでも最終的には投資家が勝ち組と負け組を選別することになると予想する。同時に彼が今回のリスクとして挙げるのは、市場に一度に大量の債券発行の波が押し寄せていることだ。潤沢な資本を持つ企業であっても、数千億ドル規模の新規プロジェクトを公募債で賄おうとすれば、投資家側のポートフォリオの限界を試すことになる。その負荷はテクノロジー・メディア・通信分野の社債市場全体でスプレッドを拡大させ、さらに債券発行量が増えるにつれてほかの業界にも波及していく可能性がある。

なぜなら、債券に投資する機関投資家は、ある分野や企業の持ち分比率に制限があることが多いからだ。年金基金や保険会社、ミューチュアルファンド（投資信託）は、ポートフォリオのバランスを保つため保有比率に上限を設けている。ひとつの分野が債券の新規発行で支配的になると、こうした上限によって投資行動が制約されることになる。したがって、債券購入者側の安全を確保するためのルールが原因で、新たな借り手が市場から締め出されることもあり得るのだ。

集中をめぐる問題がまず表れるのは、債券市場の基準となる「指数」だ。

投資適格債のインデックスの多くは、ひとつの発行体が占めるウエートに上限を設けている。たとえばMSCIの米ドル建て投資適格社債指数は3％、フィデリティの全期限米国投資適格社債指数は3.5％、マーケットアクセスの米国投資適格400指数は4％をそれぞれ上限としている。

ファンド側の運用方針もそれに倣うことが多い。

米ブラックロックの最大規模の社債上場投資信託（ETF）は、ベンチマークとする指数のウエート上限をそのまま採用している。iシェアーズ・iBoxx米ドル建て投資適格社債ETF（純資産330億ドル）もマークイット・iBoxx投資適格指数に従い、各発行体の比率上限を3％としている。iシェアーズ・iBoxxハイイールド社債ETF（同180億ドル）も高利回り版指数に連動し、この指数の比率上限も同じく3％となっている。
旺盛な資金需要はプライベートクレジットでは賄いきれない
多くの年金基金や大学基金はより柔軟な運用方針を採用しているものの、結局、同様の事態に直面することになる。たとえばシカゴ警察官年金・給付基金（運用資産46億ドル）は、その債券戦略でひとつの業界への投資が占める割合を25％までに制限している。こうしたルールは、特定の発行体や業種から債券が一度に大量に市場へ流れ込もうとする際に、「速度制限」として機能する。上限に達した投資家は、新たな購入のために既存の保有分を売却するか、新発債の購入を見送るしかなくなる。

これまでのところ、制限は破られていない。配分上限3％のiシェアーズ投資適格社債ETFの場合、オラクルの比率が約2％で、AI分野の主要な借り手でほかにウエートが1％を超えているのはメタだけだ。

AIインフラの大規模構築に向けた資金の一部は、プライベートクレジット（ファンドなどによる直接融資）で賄われるとみられていた。しかし米資産運用会社ウェリントン・マネジメントの債券ポートフォリオマネジャー、ブリジ・クラナによると、その見方は後退している。AIと無関係な分野で発生した早期のデフォルト（債務不履行）が貸し手の慎重姿勢を強めているほか、分散投資ルールのために、どのファンドもデータセンター関連へのエクスポージャーが制限されているからだ。同社のアナリストらは「私募で吸収できるAI関連支出は2000億〜3000億ドル（約31兆〜47兆円）程度」（クラナ）と見積もっているといい、これでは必要な額に遠く及ばない。そのため不足分の負担は公募債市場に戻っており、すでにスプレッドが動き始めている。

クラナはまた、大半のポートフォリオ構造でリスクの相関性が見えにくくなっているという問題も指摘する。集中度に関するガイドラインでは通常、テーマではなく借り手企業が対象になっている。たとえば、ファンドはオラクル、アルファベット、メタ、マイクロソフトのポジションを各3％ずつ保有することで、企業単位では分散できるかもしれない。だがこの場合、実際にはAIリスクに著しく偏ったポートフォリオになってしまっている。ルール上、これらの企業は別個に扱われるわけだが、本質的なエクスポージャーは同じであり、AIコンピューティングとインフラへの巨大なひとつの賭けになってしまっているのだ。
市場全体の評価見直しでより低格付けの社債が売られる可能性
クラナの見るところ、ビッグテックによるAI向け借り入れの膨張は市場にすでに悪影響を及ぼし始めている。「これら（ビッグテック勢）はなお非常に優良な企業ですが、長らく見たことのなかったほどのスプレッドで社債を発行しています。スプレッドは広いまま推移していて、それにつられて残りの市場も金利が上昇しています」とクラナは解説する。彼はさらに、こうした優良企業が一段と高い金利を払ってでも資金を調達しようとすれば、社債市場全体のバリュエーション（評価）のリセットにつながると警鐘を鳴らす。もしそうなれば、投資家が真っ先に売り払うのはより格付けの低い債券だろう。AI分野の優良な借り手が非常に魅力的な利回りを提供してくれるのなら、「どうして信用市場でほかの債券を保有し続ける必要があるでしょうか」（クラナ）

では「より格付けの低い」借り手とはどのような企業だろうか。

S＆Pの格付けで「BBB」のAT＆T（社債残高1500億ドル）、「A−」格付けのコムキャスト（同1000億ドル）、「BB+」のベライゾン・コミュニケーションズ（同1200億ドル）などだろうか。3社は、社債市場で最も規模が大きく活発な発行体の部類に入る。これらのテクノロジー・メディア・通信大手はアルファベット、メタ、アマゾンといったより巨大で優良な企業の社債のために場所を空けなくてはいけなくなるかもしれない。そうなれば多くの企業は借り入れコストが確実に上昇するが、債券投資家にとってのシステミックリスク（市場全体に波及するリスク）はそれ以上に大きなものになるおそれがある。
Brandon Kochkodin",[],[]
ロシア寄りのウクライナ和平案は紙切れ同然　フォーブス編集主幹が米政権に苦言（Forbes JAPAN）,https://news.yahoo.co.jp/articles/29503fab83020e6d5784bd82b0ae55365a5f8e07,https://newsatcl-pctr.c.yimg.jp/t/amd-img/20251126-00085680-forbes-000-1-view.jpg?exp=10800,2025-11-26T08:30:00+09:00,2025-11-26T08:30:00+09:00,Forbes JAPAN,forbes,Forbes JAPAN,1954,"ロシア軍の弾道ミサイル攻撃を受けたウクライナ北部スミ。2025年4月13日撮影（Yehor Kryvoruchko/Kordon.Media/Global Images Ukraine via Getty Images）
米フォーブス編集主幹のスティーブ・フォーブスは、ロシアによるウクライナ支配を許すいかなる和平計画も、偽りの成功に終わると分析する。それは欧州、アジア、そして世界の他の地域に恐ろしい結果を招くことになる――。


いかなる代償を払ってでもウクライナに平和をもたらすという取引は、米国のみならず自由主義世界全体にとって大惨事となるだろう。米国のドナルド・トランプ大統領は、世界のあらゆる地域で平和を粘り強く追求し、複数の目覚ましい成果を上げた点では称賛に値する。だが、最も重要な未解決の紛争は、ウクライナで繰り広げられている血みどろの戦争だ。

危険なのは、ロシアによるウクライナの最終的な征服につながる計画を推し進めることにある。これは欧州にとどまらず、アジアやその他の地域にも恐ろしい結果をもたらすだろう。

米国の同盟国は間違いなく、ウクライナに強引に押し付けられた平和を欠陥のあるものと見なし、米国が敵対勢力の醜い帝国主義的野望から世界を守る戦略的展望を欠いていることの決定的な証拠と見なすだろう。同盟国は悲しみと不安を込めて、東西冷戦時代の40年間に米国が示した揺るぎない姿勢はもはや存在せず、世界はより不安定で停滞したものになると結論付けるだろう。

中国は、国際貿易の要衝である南シナ海に対する事実上の支配を確立し、かつて近隣諸国が同国に頭を下げていた時代のような現代版朝貢（ちょうこう）制度を確立する取り組みを推進していくものとみられる。各国は、米国が信頼できる対抗勢力として頼りにならない以上、中国の意向に従わざるを得ない状況に追い込まれるに違いない。

米政権が最近発表した28項目から成るウクライナ和平案は、まるでロシアのウラジーミル・プーチン大統領自身が作成したかのような内容だ。これに従えば、ウクライナは防衛上極めて重要な領土を放棄せざるを得なくなり、ロシアによる将来の攻撃に対して脆弱（ぜいじゃく）な状態に陥るだろう。ウクライナ軍の規模も制限される。ウクライナは自国に外国軍を駐留させ、将来のロシアによる攻撃を抑止することもできない。このような軍隊なしの安全保障は、紙切れ同然の価値しかない。
真に独立したウクライナを実際に保証する計画が成立する可能性は皆無
ロシアは1994年、ウクライナがソビエト時代から保有していた核兵器を放棄する見返りとして、同国の独立を尊重することを約束した。ロシアはウクライナ南部のクリミア半島を併合した後、2015年に恒久的な停戦に合意した。ところが、両協定は完全に無視されている。

幸いなことに、衝撃を受けた欧州諸国と米連邦議会の安全保障専門家らから反発が起きている。英国、ドイツ、フランスは、ウクライナの領土を巡る交渉の前提として、即時停戦を求める24項目から成る提案を起草した。この提案は、外国軍をウクライナに駐留させる可能性を開くことで安全保障を強化するとともに、ロシアの侵攻によって破壊された国を再建するために、欧州で凍結されている3000億ドル（約47兆円）のロシア資産を活用することも盛り込まれている。

現在、米国と欧州、ウクライナの間で協議が行われているが、真に独立したウクライナを実際に保証する計画が成立する可能性は皆無だ。プーチン大統領はウクライナを征服するという目標を達成できると信じている。同大統領はソビエト連邦を構成していた国々、主にリトアニア、ラトビア、エストニアのバルト三国に対し、実際に脅威を示すことができた。バルト三国が再びロシアの支配下に置かれる可能性も否定できない。プーチン大統領はポーランドをはじめとする中東欧諸国にも圧力をかけるだろう。同大統領は、冷戦に勝利し、2022年のウクライナ侵攻まで欧州の平和を守ってきた北大西洋条約機構（NATO）を粉砕することを望んでいるのだ。

プーチン大統領の戦略は単純明快だ。米国が忍耐力を失い、ウクライナの事実上の降伏を強いるまで、時間稼ぎを続けることだ。同大統領の手下たちは、汚職スキャンダルに悩まされるウクライナが必然的にこの戦争に敗れるという話を流布するだろう。そうすることで、だまされやすい米国人が、ロシアが領土獲得のために被っている甚大な損失の真実や、ウクライナが適切に武装されていれば侵略者を撃退できるという事実を見逃すことを期待しているのだ。トランプ大統領は、偽りの和平案という致命的な罠に陥ってはならない。
Steve Forbes",[],[]
トランプの和平案　ウクライナが決して呑んではいけない理由（Forbes JAPAN）,https://news.yahoo.co.jp/articles/0a4025bdd568605676b14eab459e23e0506418b8,https://newsatcl-pctr.c.yimg.jp/t/amd-img/20251126-00085252-forbes-000-1-view.jpg?exp=10800,2025-11-26T08:15:00+09:00,2025-11-26T08:15:00+09:00,Forbes JAPAN,forbes,Forbes JAPAN,2337,"10月16日、ウクライナ第152独立擲弾兵旅団の砲兵隊員がポクロウシク近郊で活動する。米国製M-114榴弾砲は、ロシアによる全面侵攻開始後、チェコ共和国からウクライナへ供与された。 (Photo by Marharyta Fal/Frontliner/Getty Images)
ロシアによるウクライナ侵攻を巡り、トランプ米大統領が28項目にのぼる和平案を提示した。ウクライナに領土割譲を迫る厳しい内容だ。27日が期限で、ウクライナが提案を飲まなければ、米国の支援を打ち切るという。折しも、ウクライナ東部ドネツク州の要衝ポクロウシクで、ロシア軍が猛烈な攻勢に出ている。高田克樹元陸上創隊司令官が「これでウクライナの敗戦が決まるわけではない」と語るなど、戦況は予断を許さない状況だけに、ウクライナとしては簡単に和平案を飲むわけにもいかない。

和平案では、捕虜交換などの評価できる点もあるが、ウクライナ軍の総兵力を60万人とすることや、ウクライナの北大西洋条約機構（NATO）加盟を断念させるなど、総じてウクライナに不利な内容となっている。なかでも、激戦が続くポクロウシクを含む東部ドネツク州のウクライナ支配地域まで明け渡せという提案は、ウクライナにとって非常に受け入れがたい内容とみられる。

ポクロウシクはドネツク州の道路や鉄道の要衝。2024年8月にはロシア軍が急激にポクロウシクに迫るなど、すでに15カ月以上にわたって激しい戦闘が続いている。プーチン氏がポクロウシクのウクライナ軍が包囲されているとの考えを示すなど、戦況はウクライナにとって極めて厳しい。複数のメディアは、ポクロウシクが陥落した場合、その北方にあるウクライナのドネツク州防衛の最重要拠点、クラマトルスクとスラビャンスクが危機に陥ると指摘していた。

ただ、高田氏は「もし、ポクロウシクが陥落しても、ロシア軍は北に向かわず、西のドニプロペトロウシク州との州境に向けて進撃する可能性がある」と語る。高田氏がそう考える根拠は、ウクライナ軍が2014年以降、スラビャンスク～クラマトルスク～コンスティアンティニフカの間に構築してきた長大な防御線（要塞ベルト）の存在がある。高田氏はこの防御線について「スロビキンラインに匹敵する」と評価する。

スロビキンラインとは、ロシア軍が2023年春から夏にかけてウクライナ南部戦線に構築した強大な防御線のことだ。3重の防衛ラインをもうけ、「竜の歯」と呼ばれるコンクリート製の対戦車障害物、塹壕、高密度に敷設した何十万個もの地雷などで構成した。スロビキンラインのため、ウクライナの反攻作戦は失敗に終わった。

そのうえで、高田氏は今回、和平案受諾に至らなかった場合として「ウクライナ軍は今後、二つの戦略で対応する可能性がある」と指摘する。第一が「ロシア軍があきらめるまで、徹底的にすりつぶす戦略」だ。ロシア軍がクラマトルスクを目指すのであれば、防御線を使って徹底的にロシア軍を叩こうというわけだ。英国防省の分析によれば、ロシア軍の死者数は2025年3月時点で最大25万人とみられていた。22年2月のウクライナ侵攻時点での投入兵力36万人のほぼ7割にも上る。約1万5千人弱の兵士が死亡した旧ソ連のアフガニスタン侵攻（1979年12月～1989年2月）と比べても損失の大きさがよくわかる。
ウクライナ戦争は、日本にとって対岸の火事ではない
高田氏はウクライナの第二の戦略として、長射程兵器によるロシア領内深部への攻撃を挙げる。トランプ氏はトマホーク巡航ミサイルのウクライナへの提供を見送ったが、ウクライナ軍参謀本部は10月、英国の空中発射型巡航ミサイル「ストーム・シャドー」（射程約500キロ）でロシア西部ブリャンスク州の軍需工場を攻撃したと発表した。ウクライナは国産の巡航ミサイル「フラミンゴ」（射程約3000キロ）で、11月13日にロシア側戦略拠点を攻撃したとも発表している。米国の支援が途切れても、ウクライナは欧州諸国が提供する長射程兵器に望みを託すかもしれない。

高田氏は「戦闘状況は圧倒的にロシアに有利であることは間違いない」と語る一方、「ただ、ゼレンスキー大統領が絶望するのはまだ早い」とする。逆に、トランプ氏が無理やり、今回の和平案を成立させれば、ウクライナはせっかくドネツク州に築いた強固な防御線を失い、ロシアからの将来の脅威に直面することになる。

高田氏は、西側諸国はウクライナを絶望させないためにも結束し、支援を続けるとともに、中国やインドなどとロシアとの原油取引などを牽制して、ロシアの継戦意欲をくじく努力をすべきだと指摘する。高田氏は和平案について「ゼレンスキー大統領率いる与党の大規模な汚職スキャンダルのタイミングで公表された和平案は、ウクライナの政治指導部とウクライナ軍に深刻な亀裂を与え、ロシアに対して有利に働く可能性もある。一方で、一貫してウクライナ軍の武装解除を主張してきたロシアに対し、本和平案は60万人への削減を提示するとともに、長距離兵器の開発・使用についても制限を設けていないなど、少なからず、ウクライナに配慮した姿勢も見て取れる」とも語る。

高田氏は「ウクライナ戦争は、日本にとって対岸の火事ではない。ロシアの勝利を許してしまえば、『自由、民主主義、人権、法の支配』という我々が信じて疑わなかった普遍的な価値観を『力による現状変更』が凌駕する現実を国際社会に知らしめることとなり、結果として、中国が台湾の武力統一に向けて意を強くすることにもなりかねない。日本も積極的にウクライナ支援に加わり続けるべきだ」と語った。
牧野 愛博",[],[]
「トランプ政権はチャンス」逆風を追い風にするクライメートテック：西和田浩平（Forbes JAPAN）,https://news.yahoo.co.jp/articles/c957a85506f7fbd6d8f910d6a20f42528943cdb3,https://newsatcl-pctr.c.yimg.jp/t/amd-img/20251126-00085321-forbes-000-1-view.jpg?exp=10800,2025-11-26T08:10:00+09:00,2025-11-26T08:10:00+09:00,Forbes JAPAN,forbes,Forbes JAPAN,2083,"西和田浩平｜アスエネ
11月25日発売のForbes JAPAN2026年1月号の特集「日本の起業家ランキング2026」で5位に輝いたのは、アスエネの西和田浩平だ。

大胆なM&A戦略で急速に事業規模を拡大させている同社。この一年でグループ全体の売り上げは2.2倍になった。

クライメートテック・スタートアップのアスエネが、大胆なM&A戦略で急速に事業規模を拡大させている。この一年ほどで国内外6社を買収し（事業承継を含む）、グループ全体の売り上げは前年から2.2倍になった。

企業のCO2排出量を可視化するクラウドサービスを主軸として、排出削減のコンサルティング、AIを駆使したエネルギーマネジメント、カーボンクレジット・排出権取引所、非財務情報の第三者保証・検証まで、脱炭素のワンストップソリューションを展開。提供するサービス群の導入企業数は3万社を超え、東証プライム上場企業における導入比率は約40％に達している。海外拠点も拡大し、既存の米国ロサンゼルスとシンガポールに加え、25年4月には英国ロンドンにも進出した。

M&Aで傘下に収めたうち2社は、米国のスタートアップだ。「トランプ政権は、我々にとってチャンスだと思っています」と代表取締役CEOの西和田浩平は言う。2025年1月に誕生した第2次トランプ政権は、民主党政権が推進してきた脱炭素政策を次々と撤廃。米国の関連スタートアップの企業評価額が割安な水準に下がった。「M&Aをしやすくなっている。今が仕掛けどきなんです」。

一方で、この一年で最も象徴的だった案件として、西和田は三井住友フィナンシャルグループ（SMBC）との事業承継M&Aを挙げる。SMBCが運営していたCO2排出量算定・削減支援クラウドサービス「Sustana（サスタナ）」の全顧客をアスエネが引き継ぎ、代わりにSMBCはアスエネの株式を取得した。スタートアップによるスタートアップのM&Aはこの数年で件数が拡大傾向にあるが、大企業の事業を引き継ぐケースはめずらしい。

発端は3年前、22年11月にエジプトで開催されたCOP27（国連気候変動枠組条約第27回締約国会議）だった。視察団の一員として参加した西和田は、当時SMBCのグループCSuO（Chief Sustainability Officer）で、現在はグループCFO／CSOの伊藤文彦と1週間行動を共にすることに。面談や夜の食事を重ねるなかで、西和田は思いを伝えた。「日本を代表する金融機関と一緒に大きなことをやって、グローバル市場を取りに行きたい」。
目指すはクライメートテック領域でグローバルNo.1になること
反応は好意的だったものの、相手は大企業。まずは小さな協業からスタートした。両社は23年、ESG評価サービスの提供で提携。それが軌道に乗ったことを受けて翌年の24年、SMBCがアスエネへ出資した。そこからは毎週のミーティングで双方の進捗を確認しながら関係を着実に深めていく。その結果、3年越しにSustanaの事業承継が実現したのだ。

「時間をかけて思いも込めながら、一連のディールに取り組んできた。ここから1、2年で一気に海外展開を進めます」と西和田は強気だ。

アスエネは30年にクライメートテック領域でグローバルNo.1になることを目指している。それに向けて26年は、さらに欧米でのM&Aを加速させる。その戦略は堅実だ。西和田は、「社運を懸けるような博打はしない」と話す。

ここまで日本で4社のM&Aを実行したのも、ノウハウを蓄積してから米国企業のM&Aに挑むためだった。米国拠点を立ち上げた当初、責任者が1年半で3人代わるという苦い経験もあり、「そこでの学びは大きかった。M&Aで経営陣ごと獲得するほうが効率的だと考えたんです」。グループインした会社のPMI（経営統合プロセス）は順調で、すでに事業計画以上の成果を上げているという。

「日本発のスタートアップで、グローバルに成功した会社はほとんどありません。本気で取ろうという会社が増えないといけないし、我々自身がそれを体現していきたい」


「Forbes JAPAN」2026年1月号では、「日本の起業家ランキング 2026」のBEST10に選出された全起業家のインタビュー記事のほか、2026年の活躍が期待される注目の日本発スタートアップ100選、VC業界が注目する「日本で最も影響力のあるベンチャー投資家ランキング」、Forbes米国版が次なるユニコーン企業25社を選出した「NEXT BILLION-DOLLER STARTUPS」の最新版も掲載。スタートアップ・シーンの今と未来が見えてくる決定版として、内容盛りだくさんでお届けする。

西和田浩平◎慶應義塾大学商学部卒。三井物産で脱炭素・再生可能エネルギーの投資・M&A・海外事業開発を経験。ブラジル駐在時に省エネ分散型エネルギー企業買収後のPMIや事業拡大、M&A等に従事。2019年にアスエネを創業。
magazine",[],[]
次なる舞台はハリウッド、コミスマ式メガヒットIPの生み出し方：佐藤光紀（Forbes JAPAN）,https://news.yahoo.co.jp/articles/f0cd424b7d5816e61409250e7394076d930c0e04,https://newsatcl-pctr.c.yimg.jp/t/amd-img/20251126-00085319-forbes-000-1-view.jpg?exp=10800,2025-11-26T08:05:00+09:00,2025-11-26T08:05:00+09:00,Forbes JAPAN,forbes,Forbes JAPAN,2104,"佐藤光紀｜コミスマ
11月25日発売のForbes JAPAN2026年1月号の特集「日本の起業家ランキング2026」で5位に輝いたのは、コミスマの佐藤光紀だ。

マンガアプリ「GANMA!」とアニメスタジオによるIP開発の垂直統合モデルで成長する同社が目指す先とは。

佐藤光紀が長年率いていたセプテーニ・ホールディングスの社長を退任し、同社からスピンアウトしたマンガアプリ「GANMA!」のコミスマに専念しはじめたのは2024年4月。兼任をやめて変わったのは現場との距離感だ。

「シンプルに作品づくりにかけられる時間が倍になりました。もともと編集長として連載会議に月1で出ていましたが、今は2週間に1度。どの作品を連載して、どの作品にさらに投資すべきか。意思決定の回数も増えています」。

経営者の仕事は多岐にわたるが、時間の多くをコンテンツに費やすのは、IP開発がコミスマの成長を左右するからだ。同社はマンガ家を百数十人抱えて作品をつくり、「GANMA!」で展開。さらに、アニメスタジオを所有する垂直統合モデルだ。自社運営のアニメスタジオ「Qzil.la」では他社IPの作品制作も手がけているが、今後は自社のマンガ原作をアニメ化する比率を高める構想も描く。

「マンガとアニメの事業連携を強めることで、キラーIPをもったときのリターンは飛躍的に大きくなります。この双方の事業資産をもつスタートアップはほかになく、我々ならでは特徴だと自負しています」

確かにこのモデルは当たれば大きい。しかし肝心のIPが弱いと、アニメ化に至らず垂直統合モデルを生かせない。起点となるIP開発に力を入れるのは当然だ。注力するだけあって、コミスマはヒット作を連発している。実写映画化された『山田くんとLv999の恋をする』を筆頭に、発行部数100万部超のミリオンセラー作品は3作品。

興味深いのは、ヒット作のほとんどがGANMA!でデビューした新人作家と業界未経験の編集者によるタッグで生み出されている点だろう。メガヒットIPが新人の1作目から生まれるのはよく見られることだが、編集者も業界外からという組み合わせは異例だ。

「編集は感性が必要な仕事。こうすれば再現できるというものではありません。ただ、作家さんと相性の良い編集者をマッチングさせたり、閲覧データを分析して読者の反応を反映させたりするのはテクノロジーが助けになる。アートとサイエンスの両輪で回しているから新人でもヒットを生み出せる」

業績は好調で、25年は前期比130％の成長を見込む。マンガ書籍の販売が堅調であることに加え、アニメスタジオを新たにM&Aしたこと、そして海外事業が立ち上がってきたことが大きい。

特に注目したいのは海外展開だ。マンガでは、早期に翻訳を行って海賊版を減らすことが必要不可欠と考え、現地に拠点を置き、そこから海外の出版社や配信プラットフォームなどにアプローチ。現在、展開地域は12カ国に広がった。
アニメでも大きな動きが──
アニメでも大きな動きがあった。コミスマは25年7月、北米のアニメスタートアップらと合弁で、ロサンゼルスにアニメスタジオ「Studio Azuki」を設立すると発表した。

「日米でのアニメ制作費は数倍から10倍近い差があります。アメリカから見ると生産性の点でも制作拠点をグローバルに分散したいし、多様なクリエイターと作品をつくりたい。日本から見るとハリウッドの資金を引き込むことは大きな成長機会になる。ただ、日本のアニメ業界としての接点は限られていた。今回、架け橋となるスタジオの設立をきっかけに、ハリウッドとの環境差を埋めていきます」

日本のコンテンツ産業輸出額はすでに半導体を抜いているが、政府は海外展開を後押しして輸出額を33年に20兆円まで成長させる方針だ。佐藤が見据えるのも、やはり世界である。

「音楽や映画は世界共通のプラットフォームで時間差なく世界中の人が楽しんでいます。アニメはそうなりつつあるし、マンガもその世界観に近づいていく。コミスマの事業も、できるだけ早い段階で日本発グローバルの成功事例といえるレベルまで引き上げていきたい」


「Forbes JAPAN」2026年1月号では、「日本の起業家ランキング 2026」のBEST10に選出された全起業家のインタビュー記事のほか、2026年の活躍が期待される注目の日本発スタートアップ100選、VC業界が注目する「日本で最も影響力のあるベンチャー投資家ランキング」、Forbes米国版が次なるユニコーン企業25社を選出した「NEXT BILLION-DOLLER STARTUPS」の最新版も掲載。スタートアップ・シーンの今と未来が見えてくる決定版として、内容盛りだくさんでお届けする。

佐藤光紀◎2009年セプテーニ・ホールディングス（HD）社長就任。その後、社長直轄の新規事業としてコミスマを設立。24年にセプテーニHDを退任、コミスマをスピンオフし、スタートアップ企業としての経営体制に移行。
magazine",[],[]
「日本の食産業を強くする」新しいロールアップM&A：加藤智治（Forbes JAPAN）,https://news.yahoo.co.jp/articles/04496cad702e029456cbd0967158cd7d449d41d3,https://newsatcl-pctr.c.yimg.jp/t/amd-img/20251126-00085318-forbes-000-1-view.jpg?exp=10800,2025-11-26T08:00:00+09:00,2025-11-26T08:00:00+09:00,Forbes JAPAN,forbes,Forbes JAPAN,1970,"加藤智治｜まん福ホールディングス
11月25日発売のForbes JAPAN2026年1月号の特集「日本の起業家ランキング2026」で4位に輝いたのは、まん福ホールディングスの加藤智治だ。

食に特化した中小企業の事業承継プラットフォームを展開する同社は、創業4年強で14社を承継。連結売り上げも100億円を超えた。

食に特化した中小企業の事業承継プラットフォームを展開するまん福ホールディングスにとって、2025年は新たなフェーズへと飛躍した1年だった。21年の創業以降、後継者不足に悩む食関連企業を連続して買収する、いわゆるロールアップM&Aの手法は、オールドエコノミーでの「やり方のイノベーション」と注目を集め、わずか4年強で14社を承継。連結売り上げも100億円を超えた。

25年2月、米国ニューヨークでテイクアウト寿司店を2店舗経営するOSAKANAの事業承継に成功。これが、「未来のマーケット」と位置付ける海外進出一号となる。何しろ海外では、日本食レストラン数がこの10年間で約3.4倍に増えている。

「OSAKANAを承継してみて、日本の食がもつ可能性をあらためて感じましたし、仮に国内マーケットが縮小しても、海外市場での成長が見込める。これは、国内における事業承継をするうえでもプラスに働く」と、社長の加藤智治はこの足がかりに数字以上の期待を示す。

スシローやゼビオといった大企業の経営を担い結果も出してきた加藤がまん福ホールディングスを立ち上げたのは、日本の食産業の崩壊を止めたいという思いからだ。日本の食料自給率は40％を切っており、担い手である一次生産者の人口は過去20年間で半減。食の魅力を届ける飲食店の倒産件数も増え続けている。

そしてもうひとつ、「これまで多くの経営者に会うなかで、ゼロイチの事業をつくってきた起業家に共通する経験に裏打ちされた深い人間味に、憧れとコンプレックスがありました」と加藤は言う。

もちろん、志や思いだけで事業は成り立たない。だからこそ、前述の海外需要を背景にしながら、事業承継に新たな選択肢をもち込んだ。これまでは、同業の傘下に入るか、ファンドに売却して再生を図るかの2択が主流だった。そこに、承継した企業の持ち味を生かしながら価値を高め、決して売却しないという“第3のモデル”を打ち立てたのだ。

そして、事業承継した「点」である企業を、「熊本肉共和国」「北海道寿司共和国」といったかたちで、地域ごとに連携する「面」でとらえて強化する独自戦略を打ち出した。だから、連続買収を行うロールアップ企業といえど、いい会社を安く買い、やみくもに足し算しながら事業拡大していくモデルとは目的を異にする。
日本全体の食産業を強くする
さらにいえば、このロールアップの向こうに食のナショナルチェーンの構築があるわけでもない。「誰もが手間なく、早くつくれ、統一された単一の味」という効率化は、事業拡大には適しているが、「それでは日本の食産業を守れない」と加藤は考える。

「日本の食の魅力であり強さは、各地の食文化であり、地域ごとの彩り。非効率に見えますが、“おらが町の味”を守ることが、結果的に日本全体の食産業を強くすると思うのです」。

地域ごとに事業承継をした企業をひとつの「共和国」にまとめ、各地の色を守る。この姿勢が共感を呼び、今では各地域の金融機関がこぞってまん福ホールディングスの支援に身を乗り出している。

新たなフェーズではプラットフォームを強化しながら、関西や中四国、北陸にも新たな「共和国」を建てる方針。近年、減り続けている調理師の育成にも乗り出す予定だという。

「大変ですけど、やりがいがありますよ。自分自身は、今がいちばん成長している実感がある」という加藤。満を持しての起業から4年あまり。彼の挑戦はこれからが本番だ。


「Forbes JAPAN」2026年1月号では、「日本の起業家ランキング 2026」のBEST10に選出された全起業家のインタビュー記事のほか、2026年の活躍が期待される注目の日本発スタートアップ100選、VC業界が注目する「日本で最も影響力のあるベンチャー投資家ランキング」、Forbes米国版が次なるユニコーン企業25社を選出した「NEXT BILLION-DOLLER STARTUPS」の最新版も掲載。スタートアップ・シーンの今と未来が見えてくる決定版として、内容盛りだくさんでお届けする。

加藤智治◎東京大学大学院卒業後、ドイツ銀行やマッキンゼーで金融・経営コンサルを経験。スシローやゼビオで経営改革・社長を務め、2021年まん福HD設立。カカクコム社外取締役。東大ウォリアーズクラブ代表理事を務める。
magazine",[],[]
