headline,mainEntityOfPage,image,datePublished,dateModified,author,media_en,media_jp,str_count,body,images,external_links
知らないあいだに速度違反をしてしまったのですが、生活が苦しく、反則金「1万5000円」を捻出できません。半年過ぎてしまった場合どうすればよいでしょうか？（ファイナンシャルフィールド）,https://news.yahoo.co.jp/articles/da4d5e090f589b0055c5f1432e6a8f9f2ceaa5d2,https://newsatcl-pctr.c.yimg.jp/t/amd-img/20250426-00010037-ffield-000-1-view.jpg?exp=10800,2025-04-26T18:20:03+09:00,2025-04-26T18:20:03+09:00,ファイナンシャルフィールド,ffield,ファイナンシャルフィールド,1475,"知らないあいだに速度違反をしてしまったのですが、生活が苦しく、反則金「1万5000円」を捻出できません。半年過ぎてしまった場合どうすればよいでしょうか？
速度違反の反則金を支払わないとどうなるか気になる方もいるでしょう。反則金を払わないとさまざまなリスクが生じる可能性があります。リスクを回避するためにも、反則金は滞納せずに早急に支払うことが大切です。
 
今回は、速度違反の反則金について解説します。反則金の支払いにお悩みの方は本記事の内容をお役立てください。
▼ハンズフリー通話での運転は「違反」になる？ ペナルティが発生する場合についても解説
反則金が払えないときの対処法
反則金を払うのが難しい場合、身近な人に相談することも一つの方法です。例えば、家族や友人に事情を話し、サポートをお願いすることで一時的に解決できるかもしれません。
 
ただし、お金の貸し借りはトラブルになる可能性があるため、注意が必要です。借用書を作ったり、返済計画を示したりして、誠実な態度で交渉するとよいでしょう。
 
他にも、即日払いに対応しているアルバイトをすることも一つの手段です。働いたその日に現金が手に入るため、反則金の支払いといった急な出費にも対応しやすくなります。
 
なお、原則では不可能とされていますが、個々の事情によっては、分割払いの相談の余地もあるかもしれません。具体的な状況や地域によって異なるとされるため、該当の管轄機関に問い合わせるとよいでしょう。
反則金を払わないとどうなる？
速度違反をした場合、反則金を払わないと、催促状や督促状が届きます。これを無視し続けると、警察から出頭要請が来ることがあるようです。出頭要請にも応じず、長期間放置した場合は刑事手続きに移行し、逮捕されるケースもあります。
 
逮捕後は刑事手続きが進められ、起訴される可能性もあります。有罪となった場合、罰金刑などの刑事罰が科せられることになるでしょう。罰金を払わなければ、財産の差し押さえなどが行われるおそれもあります。
 
なお、逮捕に至るかどうか、その時期などについては、状況によって異なるとされています。
普通車の速度違反の反則金はいくら？
最後に補足として、速度違反をした場合の反則金額を解説します。
 
道路交通法施行令によると、普通車の速度違反の反則金は図表1の通りです。
 
図表1
図表1
※デジタル庁e-Gov法令検索「道路交通法施行令」に基づき筆者作成
 
道路交通法施行令に基づく普通車の速度違反の反則金は、速度超過の程度によって異なります。
 
例えば、高速道路では、30キロメートル以上35キロメートル未満で2万5000円、35キロメートル以上の超過で3万5000円です。このように、超過速度が大きいほど反則金も高額になります。
速度違反の反則金を払えない場合、対策を早めに検討する
反則金が難しい場合は、家族や友人に相談する、即日払いのアルバイトを探す、分割払いが可能かどうかを管轄機関に相談をするといった対策が考えられます。
 
また、お金を借りる際は、トラブルへの発展を避けるためにも借用書を用意し、返済計画を立てることが大切です。
 
反則金の未納は、最終的に財産の差し押さえや刑事手続きに進むおそれがあるため、早急に支払うことが望ましいでしょう。
 
出典
デジタル庁e-Gov法令検索 道路交通法施行令　別表第6
 
執筆者：FINANCIAL FIELD編集部
ファイナンシャルプランナー
ファイナンシャルフィールド編集部",[],[]
「社外取締役」をしているという知人。どの程度の報酬額なのでしょうか？（ファイナンシャルフィールド）,https://news.yahoo.co.jp/articles/a8ecd92af77231668a3ecb802c9797ae5d0b98e8,https://newsatcl-pctr.c.yimg.jp/t/amd-img/20250426-00010036-ffield-000-1-view.jpg?exp=10800,2025-04-26T17:20:03+09:00,2025-04-26T17:20:03+09:00,ファイナンシャルフィールド,ffield,ファイナンシャルフィールド,1584,"「社外取締役」をしているという知人。どの程度の報酬額なのでしょうか？
社内の役員である「社内取締役」のほかに、外部から取締役に就任する「社外取締役」とよばれる役職があります。
 
上場企業では原則として社外取締役を設置することが義務づけられていますが、報酬はいくらぐらいなのか、気になる人もいるでしょう。
 
本記事では、社外取締役の報酬額をご紹介するとともに、役割や設置している企業の割合についても詳しくまとめています。
▼会社員で「年収1000万円」以上の割合は？ 大企業ほど高年収を目指せる？
社外取締役の報酬額
一般財団法人労務行政研究所の「2023年役員報酬・賞与等の最新実態」によると、社外取締役の平均報酬月額は63万円、年間賞与は6万円であり、合計すると年間報酬は762万円ということです。企業規模別に見ると図表1のようになっています。
 
図表1
図表1
一般財団法人労務行政研究所「2023年役員報酬・賞与等の最新実態」を基に筆者作成
 
なお、上記の集計からは除外されていますが、元の勤め先から役員などとして報酬を受けながら他社の社外取締役を務めている場合については、無報酬で社外取締役となるケースもあるようです。
社外取締役の仕事内容
企業内部から選任される社内取締役と違い、社外取締役は企業外部の人がその役割を担うことになるため、中立的な視点から企業の経営判断が可能であると考えられます。このような立場を生かして、企業の経営判断において客観的に助言をしたり、経営の管理をおこなったりします。
 
取締役会にも定期的に参加して経営の方向性を確認するとともに、リスクを指摘するのも重要な役割の1つです。企業内部にいると見えにくい問題点にも、社外取締役だからこそ気づけるでしょう。企業の経営判断に客観的な視点が加わることは、企業の成長を促す大きなメリットになります。
 
また、社外にネットワークを持っていることも多いため、新たなビジネスチャンスを生み出す手助けになる可能性もあります。
社外取締役を設置している企業の割合
会社法第三百二十七条の二には「監査役会設置会社（公開会社であり、かつ、大会社であるものに限る。）であって金融商品取引法第二十四条第一項の規定によりその発行する株式について有価証券報告書を内閣総理大臣に提出しなければならないものは、社外取締役を置かなければならない」と記載されています。
 
一般財団法人労務行政研究所の「2023年役員報酬・賞与等の最新実態」によると、社外取締役の設置状況は図表2の通りです。
 
図表2
図表2
一般財団法人労務行政研究所「2023年役員報酬・賞与等の最新実態」を基に筆者作成
 
また、設置している社外取締役の人数は「企業規模計」で「3人」が31.5％と最も多く、次いで「4人」の23.1％、「2人」の20.8％となっています。
社外取締役の平均年間報酬額は762万円
社外取締役とは、企業外部の人が担う取締役のことです。
 
今回の事例では「社外取締役をしている知人の報酬額を知りたい」ということですが、社外取締役の平均年間報酬額は762万円となっています。ただし、状況によっては無報酬の場合もあるようです。
 
社外取締役を設置することは、中立的な視点から企業の経営状況を判断でき、企業の成長につながりやすいというメリットがあります。これからの時代に、より一層の活躍が期待されるでしょう。
 
出典
一般財団法人労務行政研究所　2023年役員報酬・賞与等の最新実態
デジタル庁e-Gov 法令検索 会社法（平成十七年法律第八十六号）（社外取締役の設置義務）第三百二十七条の二
 
執筆者：FINANCIAL FIELD編集部
ファイナンシャルプランナー
ファイナンシャルフィールド編集部",[],[]
一人暮らしなら「カレー」はレトルトにすべき？ルーを使って作った場合との価格差は？（ファイナンシャルフィールド）,https://news.yahoo.co.jp/articles/1315cd4b10fc08133e2d7e5ae1d54faf5d911c15,https://newsatcl-pctr.c.yimg.jp/t/amd-img/20250426-00010035-ffield-000-1-view.jpg?exp=10800,2025-04-26T16:20:25+09:00,2025-04-26T16:20:25+09:00,ファイナンシャルフィールド,ffield,ファイナンシャルフィールド,2624,"一人暮らしなら「カレー」はレトルトにすべき？ルーを使って作った場合との価格差は？
一人暮らしでの食事選びに悩む方もいるでしょう。レトルトカレーとルーを使って作るカレーでは、それぞれに異なる特徴やメリットがあります。
 
今回は、一人暮らしにおけるレトルトカレーとルーを使って作るカレーの特徴や価格差について解説します。自分のライフスタイルに合った選択をする際に、本記事の内容を参考にしてみてください。
▼職場のランチ代節約したい！「おにぎり」だけは栄養的にNG？ 節約効果も検証
レトルトカレーの価格
レトルトカレー1個あたりの価格を134円として計算します。総務省統計局の2023年「小売物価統計調査」によると、2023年のうるち米コシヒカリの平均価格（東京都区部）は、5キログラムあたり2323円です。これは1グラムあたり約0.46円となります。
 
炊いたご飯0.25キログラムを用意する場合、生米は炊くと約2.2～2.3倍にふくらむため、生米はおよそ113グラム必要です。そのため、一皿あたりの米の価格は約52.8円となります。
 
したがって、レトルトカレーをご飯と一緒に食べた場合の価格は約186円です。
ルーを使って作るカレーの価格
以下の条件でカレーを作ったときの価格を計算してみましょう。


●玉ねぎ1個の重さ：0.2キログラム
●じゃがいも1個の重さ：0.15キログラム
●にんじん1個の重さ：0.2キログラム

同調査によると、2023年の各野菜の平均価格は玉ねぎ298円／キログラム、じゃがいも392円／キログラム、にんじんは474円／キログラムです。
 
一人分のカレーに使用する野菜を玉ねぎ1／4個、じゃがいも1／2個、にんじん1／4個だとすると、玉ねぎの価格は14.9円、じゃがいもは29.4円、にんじんは23.7円となります。それぞれ合計すると約68円です。
 
肉類に関しては、鶏もも肉41.6グラムを入れると仮定しましょう。同調査によると、2023年の鶏肉100グラムの平均価格（東京都）は144円です。この価格を基に41.6グラム分の価格を計算すると約59.9円となります。
 
さらに同調査によれば、2023年のカレールー1箱（12皿分）の平均価格は266円であり、1皿分は約22.1円となります。
 
したがって、全ての材料（米を含む）の価格を計算すると約202.8円です。
レトルトカレーとルーを使って作るカレーの価格を比較
表1は、レトルトカレーとルーを使って作るカレーの価格を比較したものです。
 
表1
図表1
※筆者作成
 
レトルトカレーと比べると、ルーを使用するカレーの方が16円高いことが分かりました。レトルトカレーは材料費がおさえられるため、食費を節約したい場合に向いています。
 
一方で、ルーを使って作るカレーは費用が少々高くなるものの、豊富な具材を使えるため、ボリュームや栄養面での満足感を得やすいといえます。
レトルトカレーのメリット
レトルトカレーのメリットは以下の3点です。

●長期間保存ができる
●調理の手間がかからない
●品質が安定している

レトルトカレーのメリットとして、長期間保存が可能で非常食やアウトドアで役立つ点が挙げられます。また、調理済みで温めるだけで済むため、忙しい日常でも利用しやすいとされています。
 
さらに、製造工程が管理されているため、味や品質も安定しているようです。これらの特徴から、多くの場面で重宝されるでしょう。
ルーを使用するメリット
市販のルーは一度に12皿分もの大容量のカレーを作れるので、家族が多い人や来客時にも比較的簡単に食事の準備ができるのはメリットといえます。
 
また、カレールーには粉末タイプもあり、そのような商品を使用すれば、少量ずつ調理することも可能です。カレーはもちろん、ほかのレシピもアレンジできるのはうれしいポイントです。
レトルトカレーと比べると、ルーを使って作るカレーの方が約16円高い
今回は一人暮らしにおけるレトルトカレーとルーを使って作るカレーの価格差や、それぞれのメリットについて解説しました。一人暮らしの方には、忙しい日や手軽に済ませたいときにはレトルトカレーが便利といえます。
 
一方で、調理の時間に余裕があり、さまざまな具材を楽しみたい方にはルーを使って作るカレーも向いているでしょう。今回の比較では調理にかかる電気代やガス代、水道代といった光熱費は含めていません。実際に自炊する場合は、こうしたランニングコストやそれぞれの特徴を理解し、目的やライフスタイルに合わせて選ぶことが大切です。
 
また、今回使用したデータは2023年平均のものです。物価高により、直近の平均価格は変動している可能性がありますが、食事のスタイルを見直すきっかけとして、今回の比較を参考にしてみてください。
 
出典
総務省統計局　小売物価統計調査　 小売物価統計調査（動向編）　表番号 1　結果表　 調査品目の月別価格及び年平均価格【都道府県庁所在市及び人口15万以上の市】
【01】「1001 うるち米」 ～ 「1090 シリアル」
総務省統計局　小売物価統計調査　 小売物価統計調査（動向編）　表番号 1　結果表　 調査品目の月別価格及び年平均価格【都道府県庁所在市及び人口15万以上の市】　 【04】「1201 牛肉」 ～ 「1341 鶏卵」
総務省統計局　小売物価統計調査　 小売物価統計調査（動向編）　表番号 1　結果表　 調査品目の月別価格及び年平均価格【都道府県庁所在市及び人口15万以上の市】【05】「1401　キャベツ」 ～ 「1434 きゅうり」
総務省統計局　小売物価統計調査　 小売物価統計調査（動向編）　表番号 1　結果表　 調査品目の月別価格及び年平均価格【都道府県庁所在市及び人口15万以上の市】【08】「1601 食用油」 ～ 「1658 パスタソース」
総務省統計局　小売物価統計調査　 小売物価統計調査（動向編）　表番号 1　結果表　 調査品目の月別価格及び年平均価格【都道府県庁所在市及び人口15万以上の市】【11】「1814 焼豚」 ～ 「1893 おでん」
 
執筆者：FINANCIAL FIELD編集部
ファイナンシャルプランナー
ファイナンシャルフィールド編集部",[],[]
家に居ながらにして「数百万点以上」の本や雑誌が「無料」で読める!? 「国立国会図書館デジタルコレクション」を活用すると年間いくら節約できるでしょうか？（ファイナンシャルフィールド）,https://news.yahoo.co.jp/articles/b655ce8a815abdf5064aba0fbf60a9f99b90a9ba,https://newsatcl-pctr.c.yimg.jp/t/amd-img/20250426-00010034-ffield-000-1-view.jpg?exp=10800,2025-04-26T16:20:11+09:00,2025-04-26T16:20:11+09:00,ファイナンシャルフィールド,ffield,ファイナンシャルフィールド,1978,"家に居ながらにして「数百万点以上」の本や雑誌が「無料」で読める!? 「国立国会図書館デジタルコレクション」を活用すると年間いくら節約できるでしょうか？
近年話題になっている「国立国会図書館デジタルコレクション」とは、国立国会図書館にて保存されている資料データを、場所を気にせずどこでも閲覧できるサービスです。
 
登録や通信環境さえ整えていれば、無料で約205万点の資料がチェックできるため、貴重な資料に気軽にアクセスできるとして注目されています。
 
当記事では、国立国会図書館デジタルコレクションについて、内容や利用方法などを交えて詳しく紹介します。
▼町内会費の支払いを拒否したら「今後ゴミを捨てるな」と言われた！ 本当に従う必要はあるの？
いま話題の「国立国会図書館デジタルコレクション」とは？
「国立国会図書館デジタルコレクション」とは、国立国会図書館で保存されている資料を検索したり、閲覧したりできるサービスです。
 
より具体的には、画像を公開していなかった資料の多くを、デジタル化しインターネットを通じてパソコンやタブレットなどから閲覧できるサービスとなっています。
 
公開されていなかった資料は、これまでの場合国立国会図書館へ足を運び、専用の端末からアクセスするしか方法がありませんでした。ところが、デジタルコレクションを利用することで、国立国会図書館へ訪れるのが難しい人にとっても貴重な資料を閲覧できるようになったのです。
 
これまで画像が公開されていなかった資料の中には、絶版などの理由から原資料の入手が困難なものが対象となっています。
 
国立国会図書館の公式Webサイトによると、令和6年9月時点では、「昭和62年までに受け入れた図書約104万点、明治期以降の貴重書等や清代後期以降の漢籍等の古典籍資料約2万点、明治期以降に発行された雑誌（刊行後5年以上経過したもので、商業出版されていないもの）約83万点など、合計205万点」を閲覧可能のようです。
「国立国会図書館デジタルコレクション」は原則「無料」で利用できる
インターネットに接続できる端末・回線を用意すれば、デジタルコレクションの利用に料金はかかりません。事前の登録さえ済ませていれば、問題なく利用できます。
 
国立国会図書館のサービス利用の登録は、「簡易登録」と「本登録」の2種類があります。デジタルコレクションは簡易登録の利用者でも問題なく利用できますが、書庫に所蔵される資料の閲覧など、本登録の利用者のみ利用できるサービスもあります。
 
デジタルコレクションに含まれる資料のみ閲覧する場合は簡易登録のみで問題ありませんが、実際に来館もしてさまざまな資料に触れたいという方は、本登録をしてみてもいいかもしれません。
 
なお、簡易登録後に後から本登録へ移行することも可能で、その場合は国立国会図書館サーチのWebサイトや郵送、来館した際は利用者カウンターで手続きが行えます。
 
利用者登録にあたっては「国立国会図書館のデジタル化資料の個人送信に関する合意文書」という規則により、氏名・現住所・生年月日の確認を経た場合のみ、利用できることとなっています。
本を買わないで「国立国会図書館デジタルコレクション」を利用すれば年間「3万5000円以上」の節約になる可能性
総務省統計局「家計調査」結果の概要（家計収支編）によると、2024年（令和6年）の書籍・他の印刷物に対し、年間でかかった費用は「3万5647円」です。この分を「国立国会図書館デジタルコレクション」で置き換えた場合、約3万5000円以上の金額を節約できる計算になります。
 
調べものをする際や金額が高くて手を出しにくい本があるときなど、デジタルコレクションで該当の資料があるかどうかを検索してみると、すぐに欲しい資料やデータが見つかるかもしれません。
まとめ
現在「国立国会図書館デジタルコレクション」で閲覧できるのは、昭和62年までに受け入れた図書や明治期以降の貴重書、明治期以降に発行された雑誌などの約205万点です。登録さえ済ませてしまえば、いつでも無料でスマホやパソコンなどから閲覧可能なのは、かなり魅力的といえるでしょう。
 
昔の本が欲しいけれどなかなか普通の本屋では見つからない、資料を探したいけれどどうやって探したらいいのか分からないという方は、ぜひ国立国会図書館のデジタルコレクションを利用してみてはいかがでしょうか。

出典
国立国会図書館 よくあるご質問
総務省統計局 家計調査（家計収支編）時系列データ 品目分類：支出金額・名目増減率・実質増減率（月・年）
 
執筆者：FINANCIAL FIELD編集部
ファイナンシャルプランナー
ファイナンシャルフィールド編集部",[],[]
「ハイオク」はなぜ「レギュラー」より価格が高い？ハイオク仕様の車にレギュラーを入れても問題ない？（ファイナンシャルフィールド）,https://news.yahoo.co.jp/articles/f49d4042e98a19003543ec8112690d76f6913ce9,https://newsatcl-pctr.c.yimg.jp/t/amd-img/20250426-00010033-ffield-000-1-view.jpg?exp=10800,2025-04-26T15:50:03+09:00,2025-04-26T15:50:03+09:00,ファイナンシャルフィールド,ffield,ファイナンシャルフィールド,1852,"「ハイオク」はなぜ「レギュラー」より価格が高い？ハイオク仕様の車にレギュラーを入れても問題ない？
ガソリンスタンドに行くと、「ハイオク」と「レギュラー」の2種類のガソリンを見かけます。「ハイオクの方が10円ほど高いのはなぜだろう？」と、疑問を抱いた方もいるかもしれません。
 
この記事では、ハイオクとレギュラーの違いや価格差の理由、1ヶ月あたりのガソリン代の違いについて解説します。また、間違った種類のガソリンを給油した場合の影響についてもまとめました。
▼ガソリンスタンドで「タイヤが消耗していて交換しないと危険」と言われた！ すぐに換えるべき？ 交換時期の目安についても解説
ハイオクガソリンがレギュラーガソリンよりも高価な理由
一般的に、ハイオクガソリンは、レギュラーガソリンよりも1リットルあたり約10円高く販売されています。ガソリンの価格差は、「オクタン価」の高さによるものです。オクタン価とはガソリンが自己着火しにくいかどうかを表す数値で、オクタン価が高いほどガソリンは異常燃焼しにくく、エンジンをスムーズに動かせるといわれています。
 
日本では、ハイオクガソリンはオクタン価96以上、レギュラーガソリンはオクタン価89以上と規定されています。ハイオクはオクタン価を高めるために多くの添加物が必要なので、製造コストがかかり、結果的に価格が高くなるようです。
ハイオクとレギュラーの1ヶ月のガソリン代の違いは？
経済産業省資源エネルギー庁が発表した令和7年4月21日時点のガソリン代を参照すると、ハイオクが196円、レギュラーが185円です。今回の計算では、1ヶ月の走行距離を400キロメートル、燃費を20キロメートル／リットルと仮定して計算します。
 
なお、ガソリン代の計算式は、
 
ガソリン価格（円／リットル）×走行距離（キロメートル）÷車の燃費（キロメートル／リットル）として計算すると、1ヶ月のガソリン代は図表1の通りです。
 
図表1
図表1
※筆者作成
 
ハイオク車とレギュラー車のガソリン代は、月額では220円、年間にすると2640円の差が出ます。通勤・通学などで毎日車を使用する方は、走行距離がさらに長くなるでしょう。例えば、月に1000キロメートル走行すると、レギュラー車との月間差は550円になります。
 
なお、今回は燃費を統一してガソリン代の計算をしました。ただし、燃費は車種によっても異なるので、参考程度にしてください。
ハイオク仕様の車にレギュラーを入れた場合のリスク
ハイオク仕様の車にレギュラーガソリンを入れてしまった場合、すぐに深刻な故障が起こる可能性は低いといわれています。ただし、推奨されていない燃料を使用することによってエンジンに負担がかかり、結果的にエンジンの寿命を縮める原因にもなりかねません。
 
ハイオク車は高オクタン価の燃料で設計されているため、レギュラーガソリンではノッキング（異常燃焼）を引き起こす可能性があります。それによって、エンジン内で異音や振動が発生し、燃料効率が低下する場合もあるでしょう。
 
反対に、レギュラー車にハイオクガソリンを入れた場合、基本的に問題が発生することはないようです。ただし、燃費や性能が向上するなどのメリットもなく、単純にガソリン代が高くつくだけでしょう。
 
車はそれぞれ適したガソリンで最適な燃焼をするように設計されているため、指定された燃料を入れることが重要です。
「ハイオク」の価格が高いのは、オクタン価の違い。レギュラーの代用はエンジンに負担をかけることも
ハイオクとレギュラーには、おもに「オクタン価」の違いがあります。オクタン価を高めるために製造コストがかかり、ハイオクガソリンの価格が割高になるようです。月々のガソリン代ではわずかな差でも、年間では負担が大きくなる可能性があります。
 
ハイオク車にレギュラーガソリンを代用するとエンジンに負担がかかるおそれがあります。反対にレギュラー車にハイオクガソリンを入れても効果はほとんどなく、ガソリン代が高くなるだけです。
 
燃料の違いを正しく理解し、それぞれの車にあったガソリンを入れることが、安心で快適なカーライフにつながるでしょう。
 
出典
経済産業省 資源エネルギー庁 給油所小売価格調査（ガソリン、軽油、灯油）
 
執筆者：FINANCIAL FIELD編集部
ファイナンシャルプランナー
ファイナンシャルフィールド編集部",[],[]
「液体洗剤」と「粉末洗剤」、利用率が高いのはどちら？コスト面の違いはある？（ファイナンシャルフィールド）,https://news.yahoo.co.jp/articles/c9875fe182099c21f1937f88ecf32712182ae496,https://newsatcl-pctr.c.yimg.jp/t/amd-img/20250426-00010032-ffield-000-1-view.jpg?exp=10800,2025-04-26T15:10:21+09:00,2025-04-26T15:10:21+09:00,ファイナンシャルフィールド,ffield,ファイナンシャルフィールド,1605,"「液体洗剤」と「粉末洗剤」、利用率が高いのはどちら？コスト面の違いはある？
洗濯用洗剤は大きく分けて「液体洗剤」と「粉末洗剤」がありますが、「どちらの方がよく使われているのか」と疑問に感じる方もいるでしょう。毎日の洗濯で節約を意識するなら、コスト面も気になるところです。
 
そこでこの記事では、液体洗剤と粉末洗剤の利用率や1回あたりのコストを比較して解説します。また、それぞれのメリット・デメリットもあわせて紹介します。節約しながら賢く洗濯したい方は、ぜひ参考にしてください。
▼節約のためにトイレを「3回に1回」だけ流すのは危険!  節約効果とデメリットを解説
「液体洗剤」と「粉末洗剤」の利用率
インフォニア株式会社の調べによると、洗濯洗剤の種類別の利用率は次の通りです。

●液体洗剤：68.59％
●粉末洗剤：19.26％
●ジェル：6.99％
●その他：5.14％

液体洗剤を使用している人の割合は68.59％、粉末洗剤は19.26％で、液体洗剤を使用している人の方が多いことが分かります。
「液体洗剤」と「粉末洗剤」のコスパを比較
液体洗剤と粉末洗剤のコスパはどちらがよいのか、例をあげて比較してみましょう。洗剤の価格はどちらも440円で、30リットルの水を用いて洗濯した場合です。比較の結果は図表1の通りです。
 
図表1
図表1
※筆者作成
 
液体洗剤と粉末洗剤の1回あたりの費用を比較したところ、粉末洗剤の方が約7円安いことが分かりました。仮に1日1回洗濯した場合、液体洗剤は1回あたり約19円、粉末洗剤は約12円となり、1ヶ月（30日）で約210円、1年間（365日）で約2555円の差が生じます。
 
ただし、使用する洗剤のメーカーによっては使用量や費用が異なるため、あくまで目安としてください。
液体洗剤のメリットとデメリット
液体洗剤は水に溶けやすく、すすぎが1回で済む製品も多く見られ、節水効果や時短が期待できます。衣類の風合いや生地の質を保ちながら洗濯できる製品もあり、デリケートなおしゃれ着洗いにも向いているようです。
 
液体洗剤には柔軟剤が配合されているタイプも多く、1つの洗剤で柔らかくできる点もメリットと言えるでしょう。頑固な汚れには直接洗剤をつけると、通常より落ちやすくなるようです。
 
デメリットは、粉末洗剤と比べて洗浄力が劣ると言われている点です。日常生活による汚れは液体洗剤でも十分落とせますが、ひどい汚れを洗濯する機会が多い方には、粉末洗剤の方が合っているかもしれません。
粉末洗剤のメリットとデメリット
粉末洗剤は皮脂汚れや泥汚れに強いと言われており、汗をかきやすい時期や泥汚れを洗う機会が多い方に向いているようです。液体洗剤と比べて洗濯1回あたりの費用が安いため、毎日洗濯する人や1日に何度も洗濯している人にも向いているでしょう。
 
デメリットは、水に溶けにくい点だと言われています。洗剤が水に溶けずに衣類に残ってしまうと、肌荒れを起こしたり衣類を傷めたりする可能性もあります。
「液体洗剤」の利用率が高い反面コスパがよいのは「粉末洗剤」
インフォニア株式会社の調べによると、液体洗剤の使用率は68.59％、粉末洗剤の使用率は19.26％となっています。このことから、粉末洗剤よりも液体洗剤を使用している人が多いことが分かります。
 
コスト面で見ると1日あたり約7円、1ヶ月あたり約210円の差で粉末洗剤の方がよいことが分かりました。コスパや高い洗浄力を求める方は粉末洗剤、おしゃれ着洗いや節水効果を優先したい方は液体洗剤を使用すると効率がよいようです。
 
出典
インフォニア株式会社 洗濯洗剤に関する利用調査（PR TIMES）
 
執筆者：FINANCIAL FIELD編集部
ファイナンシャルプランナー
ファイナンシャルフィールド編集部",[],[]
出産を機に「車の購入」を検討しています。都内は「月極駐車場が高い」イメージですが、「23区外」なら車を持てますか？（ファイナンシャルフィールド）,https://news.yahoo.co.jp/articles/11a033c4310e5851e98fdfa7a713bee380230e0b,https://newsatcl-pctr.c.yimg.jp/t/amd-img/20250426-00010031-ffield-000-1-view.jpg?exp=10800,2025-04-26T14:20:10+09:00,2025-04-26T14:20:10+09:00,ファイナンシャルフィールド,ffield,ファイナンシャルフィールド,1209,"出産を機に「車の購入」を検討しています。都内は「月極駐車場が高い」イメージですが、「23区外」なら車を持てますか？
出産を機に「赤ちゃん連れで公共交通機関を利用していると周囲の目が気になる」「家族が増えたので買い物の量が増えた」といった理由から車の購入を検討している方もいるでしょう。
▼トヨタ「アル・ヴェル」は月々でいくらの支払いが必要？ 返済額を試算してみた！
しかし、都内の駐車場は高いというイメージから、高い駐車場代を払ってでも車を持つ意味はあるのか疑問を抱いている方もいるかもしれません。本記事では、東京23区や主要な市の駐車場代や駐車場以外にも必要となる費用について解説します。
「東京23区」の月極駐車場は非常に高額
日本自動車サービス開発株式会社が運営する「日本駐車場検索」を参考に、東京23区の月極駐車場料金を表1にまとめました。
 
表1
表1
出典：日本自動車サービス開発株式会社「日本駐車場検索」を元に筆者作成
※2025年4月10日時点の価格

表1から、東京23区の駐車場を利用する場合、最低でも月1万6022円必要なことが分かります。年換算すると、駐車場代だけで19万2264円と決して安くはありません。
「23区外」なら比較的安い月極駐車場も多い
東京23区の駐車場は料金が高めに設定されていますが、23区以外での料金はどのくらいになるのでしょうか。東京都下の主要な市の月極駐車場料金を表2にまとめました。
 
表2
表2
出典：日本自動車サービス開発株式会社「日本駐車場検索」元に筆者作成
※2025年4月10日時点の価格
 
表1と表2を比べると、地区によって差はあるものの、基本的には23区内より区外の方が駐車場を安く利用できることが分かります。1ヶ月あたり8800円の駐車場を利用する場合、年換算すると10万5600円と23区内の最安値より8万7000円も安いです。
必要なのは「駐車場代」だけではない！ 維持費も考慮し車の購入を検討しよう
車の利用には、毎年4月1日に車を所有していると発生する税金や2年に1度行う車検代、必ず加入する自賠責保険など、駐車場代以外にもさまざまな維持費が発生します。また、車を動かすのに必要なガソリンや凍結した路面を走るための冬用タイヤなど、利用する上でなくてはならない燃料やタイヤにもコストはかかります。
まとめ
東京都内で月極駐車場を利用する場合、23区を避けることで駐車場代を抑えることが可能です。ただし、車にはメンテナンス代やガソリン代、税金など駐車場代以外にも払わなければならない費用があります。車の購入を検討している方は、駐車場代だけでなく維持費も考慮しましょう。
 
出典
日本自動車サービス開発株式会社　日本駐車場検索
 
執筆者：FINANCIAL FIELD編集部
ファイナンシャルプランナー
ファイナンシャルフィールド編集部",[],[]
「新幹線」vs「フェリー」大阪から博多に行く場合、交通費を節約できるのはどっち？ 料金と時間の観点から比較！（ファイナンシャルフィールド）,https://news.yahoo.co.jp/articles/287d72fd3ffa0ecc4a75a2cc5f465aa899861f5b,https://newsatcl-pctr.c.yimg.jp/t/amd-img/20250426-00010030-ffield-000-1-view.jpg?exp=10800,2025-04-26T14:20:02+09:00,2025-04-26T14:20:02+09:00,ファイナンシャルフィールド,ffield,ファイナンシャルフィールド,1857,"「新幹線」vs「フェリー」大阪から博多に行く場合、交通費を節約できるのはどっち？ 料金と時間の観点から比較！
大阪から博多に移動する場合、新幹線にするかフェリーにするか迷う人もいるのではないでしょうか。本記事ではそれぞれの交通手段について、料金と時間の観点から比較してみます。
▼新幹線で1人で「2席分」の購入はNGなの？ 規則を確認
新幹線で移動する場合の所要時間と料金
まず、新幹線を利用してJR大阪駅からJR博多駅まで移動した場合、所要時間は約2時間45分です。
 
例えば、2025年4月12日の午前9時JR大阪駅発の電車に乗り、新大阪駅で新幹線に乗り換え、博多駅には11時45分に到着します。ここまでの交通費の合計金額は1万4750円となります。
主にフェリーで移動する場合の所要時間と料金
フェリーを主な交通手段として利用する場合、JR大阪駅からJR博多駅までの移動にかかる所要時間は約15時間52分です。
 
フェリーは、大阪南港から各日17時発、19時50分発の便があり、翌朝に九州の新門司港に到着します。なお、出航の30分前には出発港に到着しておく必要があります。
 
例えば、2025年4月12日の18時26分JR大阪駅発の電車に乗車する場合、弁天町駅にてOsakaMetro中央線に、コスモスクエア駅にてOsakaMetroニュートラムに乗り換え、フェリーターミナル駅に19時05分に到着します。
 
そこから出発港へ徒歩で移動した後、19時50分のフェリーに乗船し、九州の新門司港には8時30分の到着となります。
 
到着後はJR小倉駅までの無料送迎バスに乗ります。バスはおよそ9時頃に出発し、JR小倉駅への到着は9時50分頃になる見込みです。
 
JR小倉駅からは10時03分発の新幹線に乗ります。乗車時間は15分と短く、JR博多駅には10時18分の到着となります。ここまでの交通費の合計金額は9750円となります。
 
フェリーについては、部屋のタイプごとに料金が異なりますが、今回は「ツーリスト」というカプセルタイプの部屋にて計算しています（WEB割引にて7130円）。
新幹線とフェリーそれぞれの移動手段の比較
新幹線で移動する場合とフェリーで移動する場合のそれぞれのメリット・デメリットを見てみましょう。
 
■新幹線で移動する場合
新幹線で移動する場合のメリットは「移動時間が短い」「乗り換えが一度しかなく楽」ということです。移動当日の朝に出発し、お昼前には博多駅に到着できます。また複数回の乗り換えもなく、ゆったりと移動することができます。
 
デメリットはフェリーと比べると料金が高いことです。片道であれば約5000円の差ですが、往復では約1万円の差になります。
 
■主にフェリーで移動する場合
フェリーで移動する場合のメリットは「料金が安いこと」です。新幹線での移動と比較しても上記の通り約5000円安く移動できます。
 
一方、大きなデメリットはやはり「移動時間が長くなること」です。約16時間かかります。もちろん就寝時間も含まれていますが、博多駅に着く前日から予定が縛られるため、多忙な人には難しい旅程になるかもしれません。
「移動中の時間を楽しみたい人」にはフェリーがよいかも
前項までは新幹線とフェリーでの移動について、料金と時間の観点から比較をしましたが、フェリーは「移動中の時間を楽しみたい」という人にはおすすめです。
 
名門大洋フェリーは移動中の揺れも比較的小さいと言われており、一般的にはゆったりとした船旅を楽しめます。船上デッキにも出ることができ、天候によっては気持ち良い夜風にあたることも可能です。
 
迫力ある明石海峡大橋を下から眺めながら通過する体験も貴重なものになるでしょう。初めてフェリーに乗るという人にもおすすめです。
まとめ
大阪から博多に移動する場合、新幹線とフェリーでの移動について、料金と時間の観点から比較しました。忙しくお金に余裕がある人は新幹線をおすすめします。時間に余裕があり、交通費を節約しつつ、移動時間を楽しみたい人にはフェリーがよいかもしれません。ぜひ自身の状況に適した移動手段を選択してください。
 
出典
株式会社名門大洋フェリー 航路・ダイヤ・運航スケジュール
 
執筆者：小林裕
FP1級技能士、宅地建物取引士、プライマリー・プライベートバンカー、事業承継・M&Aエキスパート
ファイナンシャルフィールド編集部",[],[]
相続で取得した「2000万円」で、住宅ローンを一括返済したい！ 友人には「13年を過ぎてからのほうがいい」と言われたけど、その理由は？ 知っておきたい“メリット”について（ファイナンシャルフィールド）,https://news.yahoo.co.jp/articles/1e672e3d4295a5aaf8d87c68d29d95914d066da4,https://newsatcl-pctr.c.yimg.jp/t/amd-img/20250426-00010029-ffield-000-1-view.jpg?exp=10800,2025-04-26T14:10:27+09:00,2025-04-26T14:10:27+09:00,ファイナンシャルフィールド,ffield,ファイナンシャルフィールド,1832,"相続で取得した「2000万円」で、住宅ローンを一括返済したい！ 友人には「13年を過ぎてからのほうがいい」と言われたけど、その理由は？ 知っておきたい“メリット”について
住宅を購入するときには住宅ローンを利用するケースは多いですが、毎月ずっと返済し続けることは家計負担になると感じる人もいるのではないでしょうか。そのため、相続などでまとまった金額が手元に入ったときには、一括返済を検討することもあるでしょう。
 
しかし、一括返済をするにはタイミングが重要です。住宅ローンを契約してから13年を過ぎていない場合は、少し待ったほうが、メリットがあるのです。
 
本記事では、住宅ローンの一括返済をするのは、ローン契約から13年を過ぎたほうがいい理由について解説するので、興味がある人は参考にしてください。
▼住宅ローンは「繰上げ返済」すべき？ メリットについて解説
住宅ローンは所得税の税額控除を受けられる
住宅ローンを活用してマイホームの新築・取得をした場合、控除を受けるための要件を満たしていれば所得税の税額控除を受けられます。この所得税の税額控除のことを「住宅借入金等特別控除」といい、控除期間が最大13年間です。
 
控除額は、住宅ローンなどの年末残高の合計額を基に算出され、認定住宅を新築・取得したときには、特別対象個人の人で控除額は最高35万円、特別対象個人以外の人で控除額は31万5000円になります。
 
「特別対象個人」とは、年齢40歳未満であって配偶者を有する人、年齢40歳以上であって年齢40歳未満の配偶者を有する人または年齢19歳未満の扶養家族を有する人のことです。
 
控除期間が最大13年間なので、まとまったお金が手元に入ったとしても、節税面から考えると控除期間が終わってから一括返済したほうがいいといえます。
 
注意点として、住宅借入金等特別控除はすべての住宅ローンで適用されるわけではなく、控除を受けるための要件を満たさなければなりません。そのため、マイホームの新築・取得をするときには、要件を満たしているか確認してください。
 
また、「認定住宅」「ZEH水準省エネ住宅又は省エネ基準適合住宅」「買取再販住宅又は買取再販認定住宅等」「中古住宅」「その他の住宅」などそれぞれで、具体的な控除額や要件が変わります。
住宅借入金等特別控除を受けるには確定申告が必要
住宅借入金等特別控除を受けるには確定申告が必要ですが、会社員の場合、確定申告は控除を受ける最初の年分だけです。2年目以降の年分については、年末調整で住宅ローンの適用を受けられます。
 
そのため、最初の年分が重要で、必要な書類を確定申告書に添付して決められた期間に提出しなければなりません。
 
確定申告書に添付する書類は住宅の種類などで変わるため、税務署に相談するなどして具体的な書類について確認してください。必要書類が足りないと再提出が求められるなど、余計な時間や手間がかかるので注意してください。
 
共通の提出書類としては、以下が挙げられます。
 
・住宅借入金等特別控除額の計算明細書
・住宅取得資金に係る借入金の年末残高等証明書
・登記事項証明書
・家屋の工事請負契約書または家屋の売買契約書の写し
・土地の登記事項証明書や土地の売買契約書の写しなど
・市町村からの補助金決定通知書など
・贈与税の申告書等住宅の額を証する書類の写し
 
これらについても、それぞれの状況によっては不要になることもあるため、事前によく確認してください。また、書類によってはそろえるのにある程度の時間がかかるので、できるだけ早いタイミングから用意し始めるようにしましょう。
まとめ
住宅ローンを利用している場合は住宅借入金等特別控除が受けられ、控除期間は最大13年なので、一括返済はタイミングを考えることが大切です。
 
控除を受けるには確定申告が必要ですから、必要書類をそろえて忘れずに対応しましょう。会社員であれば、一度申告すれば2年目以降は年末調整で適用されるので、最初の年分は頑張って各種準備を進めましょう。
 
出典
国税庁 マイホームを持ったとき
国税庁 No.1211-1 住宅の新築等をし、令和4年以降に居住の用に供した場合（住宅借入金等特別控除）
 
執筆者：FINANCIAL FIELD編集部
ファイナンシャルプランナー
ファイナンシャルフィールド編集部",[],[]
マイナ保険証の「登録解除」が増えているそうです。「紙の保険証」に戻すと医療費は高くなりますか？（ファイナンシャルフィールド）,https://news.yahoo.co.jp/articles/e08fcb0d7be441458e4f48d4716eaec6a84d59c1,https://newsatcl-pctr.c.yimg.jp/t/amd-img/20250426-00010028-ffield-000-1-view.jpg?exp=10800,2025-04-26T14:10:18+09:00,2025-04-26T14:10:18+09:00,ファイナンシャルフィールド,ffield,ファイナンシャルフィールド,1802,"マイナ保険証の「登録解除」が増えているそうです。「紙の保険証」に戻すと医療費は高くなりますか？
紙の保険証からマイナ保険証への移行が進んでいる中、マイナ保険証の登録解除が増えているといわれています。紙の保険証に戻すと医療費が高くなるのでしょうか。
▼定年退職時に、「1000万円」以上の貯蓄がある割合は日本でどれくらい？
本記事では、マイナ保険証の登録解除が増えた理由や紙の保険証との医療費の違いなどを解説します。
2024年10月末から12月末までで4万5000人以上が「登録解除」を申請
全国保険医団体連合会によると、厚生労働省は2024年10月末～12月末の2ヶ月ほどで4万5214人が登録解除を申請していると発表しています。2024年10月28日～11月30日までの解除申請件数が1万3147件、同年12月1日～12月31日までが3万2067件ということです。
「マイナ保険証」の「登録解除」が増えた理由
マイナ保険証の登録解除が増えた理由として以下の3点が挙げられます。
 
・マイナ保険証に不安がある
マイナ保険証を利用するうえで、個人情報やセキュリティーに不安を感じる人もいるかもしれません。医療情報のデジタル化により情報漏えいのリスクが高まる、システム障害により受付が通らなくなるなどの懸念から、マイナ保険証の登録解除が増えています。
 
・資格確認証がほしい
資格確認証とは、マイナンバーカードを所有していない人や、マイナ保険証の利用登録をしていない人が医療機関で保険診療を受ける際に提示する書類です。

マイナ保険証を登録解除すると資格確認証が発行され、紙の保険証と同じように使えます。そのため、マイナ保険証に不安を感じる人や家族の分を代理で使いたいといった人から資格確認証を求める声が上がっています。
 
・高齢者施設で預かってもらえない
健康保険証は基本的に自分が管理するものですが、介護・福祉の高齢者施設では本人の状況に応じて施設側が代わりに管理するケースも少なくありません。

しかし、不正利用や情報漏えいの懸念、マイナンバーや暗証番号の管理の難しさなどから、マイナ保険証を預からない方針を出している高齢者施設もあります。一方、資格確認証であれば預かる高齢者施設もあるため、登録解除が増えているのです。
「マイナ保険証」も「紙の保険証」も医療費は同額
厚生労働省の資料によると、2024年12月1日以前は紙の保険証を使った場合、初診は3点（30円）が、再診は2点（20円）が加算されていました。

しかし、医療情報取得加算が見直され、紙の保険証の新規発行が終了する2024年12月2日からは一律1点（10円）になります。そのため、現在はマイナ保険証・紙の保険証のどちらを利用しても医療費は同額です。
「高額療養費制度」を利用するとき「マイナ保険証」を使用すると限度額を超える支払いが免除される
高額療養費制度とは、1ヶ月あたりにかかった医療費が自己負担上限額を超えた場合、超過した分が支給される制度です。マイナ保険証が導入されるまで、窓口負担を上限額に抑える場合は、事前に限度額適用認定証を申請しておく必要がありました。

しかし、オンライン資格確認を導入している医療機関でマイナ保険証を利用すれば、限度額適用認定証がなくても限度額を超える支払いが免除されるようです。そのため、高額な費用を一時的に支払う必要はないでしょう。
まとめ
マイナ保険証に不安を抱えていることや資格確認証が欲しいことから、マイナ保険証の登録解除が増加しています。厚生労働省によると、2024年10月末～12月末で4万5000人以上が登録解除を申請しているとのことです。

一方、マイナ保険証でも紙の保険証でも医療費に差はありません。高額療養費制度を利用するときは、マイナ保険証であれば窓口負担を上限額に抑えられるというメリットがあります。仕組みや制度を理解したうえで、利用するのがいいかもしれません。
 
出典
厚生労働省　医療DX推進体制整備加算・医療情報取得加算の見直しについて（3ページ）
全国保険医団体連合会　マイナ保険証解除 2カ月で4万5214人が解除申請 前月から2.4倍に
 
執筆者：FINANCIAL FIELD編集部
ファイナンシャルプランナー
ファイナンシャルフィールド編集部",[],[]
妻に1泊2日の「人間ドック」をすすめられた！「8万円」かかるけど、会社の健康診断では不十分なのでしょうか？ 費用や違いを解説（ファイナンシャルフィールド）,https://news.yahoo.co.jp/articles/14be7be28c284c7449b1a52e2c300496a97c774a,https://newsatcl-pctr.c.yimg.jp/t/amd-img/20250426-00010027-ffield-000-1-view.jpg?exp=10800,2025-04-26T14:10:11+09:00,2025-04-26T14:10:11+09:00,ファイナンシャルフィールド,ffield,ファイナンシャルフィールド,1814,"妻に1泊2日の「人間ドック」をすすめられた！「8万円」かかるけど、会社の健康診断では不十分なのでしょうか？ 費用や違いを解説
会社員であれば、毎年会社の健康診断を受けている人が多いでしょう。しかし、40歳を超えると会社の健康診断だけでは不十分な場合があります。
 
とはいえ、1泊2日の人間ドックとなると費用は8万円前後と高額になることもあります。果たして会社の健康診断では不十分なのでしょうか。人間ドックとの違いや必要性について解説します。
▼夫婦2人の老後、「生活費」はいくら必要？ 年金額の平均をもとに必要な貯蓄額も解説
会社の健康診断と人間ドックの違い
人間ドックと会社の健康診断は、どちらも自身の健康状態を把握するためにおこなうものですが、検査項目や費用が異なります。
 
■会社の健康診断
会社の健康診断は、労働安全衛生法に基づいて義務付けられている健康チェックです。会社に雇われて働く場合、年に一度受診しなければなりません。
 
主に、従業員の健康状態の把握や生活習慣病の予防が目的とされており、検査項目には、身長・体重測定、血圧測定、血液検査、尿検査などの基本的なものが中心となっており、10項目程度が一般的です。
 
また、通常、費用は会社が負担するため、従業員は無料で受けられる場合がほとんどです。
 
■人間ドック
人間ドックは、通常の健康診断よりも詳しく健康状態を調べる検査ですが、受診は義務ではなく、自分の意思で選択できます。
 
基本的な健康診断の項目に加え、胃カメラや大腸検査、MRI検査、乳がん検診など、より詳細な検査が受けられます。検査内容は自分で選ぶことができ、50項目以上の検査を組み合わせることも可能です。
 
ただし、健康保険の適用外となるため、費用は全額自己負担となります。ただし、会社によって補助が出ることもあるでしょう。
 
また、人間ドックでは検査結果について医師から直接説明を受けられることが多く、気になる点の相談や生活習慣についてのアドバイスを受けることもできるでしょう。
人間ドックの費用は？
人間ドックの費用は、検査内容や医療機関によって大きく異なります。ここでは、一般的な費用相場を紹介します。
 
・日帰りコース：4万円～6万円程度
・1泊2日コース：8万円～10万円程度
 
また、脳ドックや腫瘍マーカー検査、子宮頸（けい）がん検査、マンモグラフィーなどはオプション扱いとなることが多く、追加で1万～2万円ほどかかる場合があります。
 
1泊2日コースは、日帰りコースよりも検査項目が充実しており、ゆったりと受診できるのが特徴です。また、病院内ではなく、提携ホテルに宿泊できるプランを用意している医療機関もあり、遠方からの受診や、休養を兼ねたい人に適しています。
人間ドックを受けたほうが良いのはどんな人？
会社の健康診断で十分と感じる人もいるかもしれませんが、次のようなケースでは人間ドックの受診を検討するとよいでしょう。
 
・家族にがんや脳卒中、心疾患の人がいる
遺伝的なリスクがある場合は、定期的な精密検査が重要です。
 
・40歳以上になった
一般的に、40歳を過ぎると生活習慣病やがんのリスクが高まると言われています。定期的に詳細な検査を受けることで、早期発見につながる可能性があります。
 
・体調がすぐれないのに健康診断では異常がない
一般の健康診断では発見しにくい病気が潜んでいる可能性があるため、人間ドックで詳しく調べることが大切です。
 
・飲酒や喫煙が多い
飲酒や喫煙を続けると、口腔（こうくう）・咽頭がんにかかるリスクが高まるため、定期的にがん検査をすることが望ましいでしょう。
まとめ
会社の健康診断は、基本的な10項目程度の検査で健康状態を確認するのに対し、人間ドックは50項目以上の詳しい検査を受けることができますが、基本的に費用は自己負担となります。
 
検査項目が増えるほど費用は高くなりますが、病気を早期発見できれば、治療費の負担や長期休職のリスクを抑えられます。
 
特に40歳以上の人や、生活習慣に不安がある人、がんの家族歴がある人などは、定期的に人間ドックを受けることをおすすめします。

出典
厚生労働省 労働安全衛生法に基づく健康診断を実施しましょう
 
執筆者：渡邉志帆
FP2級
ファイナンシャルフィールド編集部",[],[]
子どもが「大学に合格したら1人暮らししたい」と言っています。わが家は「年収600万円」ですが、給付型奨学金で負担を軽減できますか？ 年収的に厳しいでしょうか？（ファイナンシャルフィールド）,https://news.yahoo.co.jp/articles/a852d6d579dca88e91dbadb924e31a5681e53b35,https://newsatcl-pctr.c.yimg.jp/t/amd-img/20250426-00010026-ffield-000-1-view.jpg?exp=10800,2025-04-26T13:50:25+09:00,2025-04-26T13:50:25+09:00,ファイナンシャルフィールド,ffield,ファイナンシャルフィールド,1872,"子どもが「大学に合格したら1人暮らししたい」と言っています。わが家は「年収600万円」ですが、給付型奨学金で負担を軽減できますか？ 年収的に厳しいでしょうか？
大学進学には授業料や入学費などで数百万円かかることもあるだけでなく、大学進学を機として子どもが一人暮らしをする場合はさらにお金が必要です。少しでも負担を軽減するためにも、返済の必要がない給付型奨学金を受けられるか気になる人もいるでしょう。
 
しかし、給付型奨学金を受給するには条件を満たす必要があります。年収600万円の場合はどうなのでしょうか。
 
本記事では、「高等教育の修学支援制度」による給付型奨学金の条件や金額について解説するので、気になる人は参考にしてください。
▼「大学無償化制度」の対象者とは？ 年収要件や注意点を解説
給付型奨学金の支給月額はどれくらい？
文部科学省が実施し日本学生支援機構が支給する高等教育の修学支援制度の「給付型奨学金」は、国公立か私立か自宅通学か自宅外通学かで支給額が変わります。
 
今回のケースの一人暮らしは、自宅外通学ですから国公立で月額6万6700円、私立で7万5800円です。ただし、この支給額は住民税非課税世帯の場合であり、世帯収入によって受けられる金額は異なります。
 
年収の目安として、約300万円までは全額支給、約400万円までは2／3、約460万円までは1／3が支給されます。具体的な年収額については、世帯構成なども影響するため、実際に対象になるかどうかは進学資金シミュレーターなどで確認してください。
 
年収600万円の場合は支援を受けられる可能性は低いといえますが、一部例外として「多子世帯」に属している場合や、「私立理工農系の学科」などに在籍している場合は給付型奨学金が受けられることがあります。
 
多子世帯とは、扶養する子どもが3人以上いる世帯を指し、この条件を満たしていないと対象外です。多子世帯に属している場合は1／4が支給されるので、国公立で1万6675円（年20万100円）、私立で1万8950円（年22万7400円）になります。
 
私立理工農系の学科に在籍しているケースでは、「文系との授業料差額」が支給額となります。対象となる私立理工農系は文部科学省のホームページで公表されているので、進学を希望している学校が対象かどうか確認しておきましょう。
 
■給付型奨学金の主なスケジュールと注意点
給付型奨学金を受けるためには申請が必要です。主なスケジュールを抑えておくことが大切です。
 
最初におこなうことは、文部科学省やJASSO（日本学生支援機構）のサイトで、自身が対象になるかどうかの確認をします。対象になりそうなら学校から申込書類をもらって、学校に必要書類を提出してインターネットで申し込みをします。
 
申込み後、学校側が学業成績・学習意欲などを確認して、JASSOに推薦し選考されます。選考結果を通知して、対象者には4月分からの支援をするのが基本的な流れです。
 
注意点として、申し込みのスケジュールや方法は学校によって違うため、学校で開かれる説明会などには参加しておきましょう。
貸与型奨学金の活用も視野に入れる
年収600万円あると給付型奨学金を受けるのはハードルが高いので、学費準備の方法として貸与型奨学金も視野に入れるのがおすすめです。
 
貸与型奨学金は卒業後に返済する必要がありますが、給付型奨学金よりも利用するための条件が低くなっています。
 
日本学生支援機構の貸与型奨学金は、「無利子で借りる第一種奨学金」「有利子で借りる第二種奨学金」があります。それぞれ利用するには条件があるので、気になる人はチェックしてください。
まとめ
近年では多くの人が勉強する機会を得られるように奨学金制度も充実しつつありますが、返済する必要がない給付型奨学金は、世帯年収によっては利用するための条件が高くなっています。
 
年収600万円ある場合は、多子世帯に属しているケースなどを除いて、給付型奨学金を利用するのは難しいです。大学進学時に必要となる生活費や学費を準備する方法として、貸与型奨学金も検討してみてください。
 
出典
独立行政法人 日本学生支援機構 高等教育の修学支援新制度【高校生等対象】リーフレット
独立行政法人 日本学生支援機構 貸与奨学金（返済必要）
 
執筆者：FINANCIAL FIELD編集部
ファイナンシャルプランナー
ファイナンシャルフィールド編集部",[],[]
【注意】母から「インスタグラムで海外の友人ができた」と連絡が！→実は何気ないやり取りから「1億円」以上だまし取られる場合も!? 注意点を解説（ファイナンシャルフィールド）,https://news.yahoo.co.jp/articles/fe7c4c139543807dfbad697f86fe5a1342acd823,https://newsatcl-pctr.c.yimg.jp/t/amd-img/20250426-00010025-ffield-000-1-view.jpg?exp=10800,2025-04-26T13:50:11+09:00,2025-04-26T13:50:11+09:00,ファイナンシャルフィールド,ffield,ファイナンシャルフィールド,1536,"【注意】母から「インスタグラムで海外の友人ができた」と連絡が！→実は何気ないやり取りから「1億円」以上だまし取られる場合も!? 注意点を解説
「SNSは若年層が利用するもの」というイメージを持つ人は多いかもしれませんが、最近は中高年のインスタグラム利用も増えています。しかし、不慣れなこともあって、詐欺にひっかかってしまう場合もあります。本記事ではSNS型ロマンス詐欺について記載します。
▼町内会費の支払いを拒否したら「今後ゴミを捨てるな」と言われた！ 本当に従う必要はあるの？
SNS型ロマンス詐欺の手口と注意点
SNS型ロマンス詐欺は、SNSやマッチングアプリなどで出会った者と、実際に会わずにやりとりを続ける中で、恋愛感情や親近感を抱いてしまい、その感情を利用されて金銭等をだまし取られてしまう詐欺のことです。
 
例えば、「結婚のために資金が必要」などと恋愛感情を利用した言葉を用い、暗号資産の購入や架空の投資を勧め、お金を振り込ませようとする手法が代表的です。
 
上記手法の場合、最初の要求金額は高くないかもしれませんが、うまく利益が出たように見せかけてくるため、「追加投資をしたい」という気持ちにさせてくるため要注意です。利益は実際には虚偽であり、繰り返し金銭等をだまし取られていきます。
 
警察庁の調査によると、男性は50～60歳代、女性は40～50歳代の被害が共に半数を超えているようです。被害者の男女比では、男性が63％、女性が37％で、男性のほうが被害に会いやすい傾向があるようです。
 
また、当初接触ツールの大半は、マッチングアプリ、フェイスブック、インスタグラムとなっており、被害時の連絡ツールの94.1％がLINEという結果でした。比較的他人とつながりやすいツールから接触し、より親密性を感じやすいLINEへ以降する流れのようです。
合計被害額が1億5000万円になったケースも
警察庁が公表している実際の事例によると、合計被害額が1億5000万円になったケースもあるようです。被害者は男性で、マッチングアプリを通じて知り合った為替アナリストを自称する女性から「恋人になって一緒に暮らすためのお金を稼ぎたい」とFX投資を勧められ、指定口座に現金を振り込み、約1億5000万円をだまし取られたようです。
子どもとしてできること
日常的にSNSをはじめとしたツールを利用している20代、30代の人と、50代、60代の人を比較すると、やはり50代、60代の人のほうがツール利用に不慣れなことが多いです。インターネットを通じて「実際にあったことのない不特定多数の人とチャットを行うこと」への危険性を、世間話の中でもよいのでさりげなく日常的に話すようにしましょう。
 
また、ロマンス詐欺に関わらず、金融機関での振込限度額設定を行うことで一定の対策は可能です。ご両親にぜひすすめてみてください。
まとめ
本記事ではSNS型ロマンス詐欺について紹介しました。恋愛感情や親近感を巧みに利用したこの詐欺は、男性は50～60歳代、女性は40～50歳代の被害が共に半数を超えています。ご両親が被害に遭わないよう、さりげなく注意喚起してもよいでしょう。
 
また、日頃から身に起こったことを気軽に話せる関係づくりができていれば、多くの詐欺被害の防止につながる可能性が高くなります。子どもから積極的に親に連絡を取るようにするとよいですね。
 
出典
警察庁 SOS47 特殊詐欺対策ページ SNS型ロマンス詐欺
 
執筆者：小林裕
FP1級技能士、宅地建物取引士、プライマリー・プライベートバンカー、事業承継・M&Aエキスパート
ファイナンシャルフィールド編集部",[],[]
最近よく聞く「静かな退職」だけど、2025年は「リベンジ退職」がトレンドに!? なぜ起きているの？ 理由を解説（ファイナンシャルフィールド）,https://news.yahoo.co.jp/articles/51e5717d5fe8b694467e5856752c77ae1e8dd5ef,https://newsatcl-pctr.c.yimg.jp/t/amd-img/20250426-00010024-ffield-000-1-view.jpg?exp=10800,2025-04-26T13:50:03+09:00,2025-04-26T13:50:03+09:00,ファイナンシャルフィールド,ffield,ファイナンシャルフィールド,2143,"最近よく聞く「静かな退職」だけど、2025年は「リベンジ退職」がトレンドに!? なぜ起きているの？ 理由を解説
「静かな退職」という言葉をご存じでしょうか。さらに、最近は「リベンジ退職」という言葉もアメリカを中心に流行しています。本記事ではそれぞれどのような意味合いの言葉なのか、またその動きが生まれた背景はどのようなものなのかを解説していきます。
▼会社員で「年収1000万円」以上の割合は？ 大企業ほど高年収を目指せる？
世界では50％以上が「静かな退職（Quiet Quitting）」状態!?
「静かな退職」とは、企業に勤める労働者が必要最低限の仕事しかせず、それ以上のことを積極的には行わない状態でありながら、自発的な退職・転職は望まないことを言います。アメリカで2022年の夏ごろ、「TikTok」で公開された動画をきっかけにこの言葉が広がっていったとされています。
 
アメリカの調査会社であるギャラップ社が、2022年から2023年に世界中（160カ国、12万2416人が対象）で行った調査「2023 State of the Global Workplace」によると、仕事への関与の仕方について「打ち込んでいる」「打ち込んでいない」「積極的に関与していない」の3つのカテゴリーに分け、「打ち込んでいない」＝「静かな退職」をしていると分類された人は全体の59％にのぼると結論づけました。
 
また、同じ調査では回答者の44％が「前日の仕事の影響で、一日の大半でストレスを感じている」とも回答しており、労働者が自分の業務から多大なストレスを受けており、仕事に対するモチベーションが落ちていることが読み取れます。
 
キャリアコンサルタントである筆者の視点から見て、この傾向は日本国内でもかなり強まっているように感じられます。特に、10～20代の若い就業者の人や新卒就活生でも、仕事に対するモチベーションが低く、「できる限り早く『FIRE』して、仕事をせずに生きていきたい」と真剣に考えている複数の人と面談したことがあり、個人的には衝撃でした。
 
正社員でありながら、「上司に言われたことだけやる」というスタンスでは、自身の成長や出世はもちろん、昇給を望むことも難しく、「FIRE」に必要な資産を蓄えることもできないでしょう。それはかえって自分の希望からは遠ざかる結果となるのではないかと思いましたが、よく話を聞いてみると「静かな退職」の状態で満足していると本人は考えているようでした。
「リベンジ退職」はなぜ起きるのか
一方、最近急激にトレンドになっているとされる「リベンジ退職」は、「静かな退職」に比べると攻撃的で、「職場に対する不満が引き金となり反発する意思を示すなど、報復心を持って辞める行為」とされます。「静かな退職」と比べると、会社に在籍しつづける意志がない点が最も異なると言えるでしょう。
 
会社に強い不満を持って退職した人は、なかば意図的に在籍していた会社の内部データ、技術、経営戦略などを転職先に持ち出していきかねません。さらに、SNSなどで前職の企業・上司本人に対する誹謗（ひぼう）中傷を行うこともありうると考えると、より会社側にとってダメージが大きいと思われます。
 
「静かな退職」も「リベンジ退職」も、労働者が勤務している会社に強い不満を持つことが発生する1番の原因ですが、これらの現象がある種のブームになった背景には、「深刻な人手不足」があると筆者は考えています。
 
会社としては「今の従業員に辞められたら困る」という状態なので、従業員側はそれを逆手に取って、「静かな退職」をする人は必要最低限の業務しかしないことで、「リベンジ退職」では会社に直接的なダメージを加えることで、それぞれ勤務している会社に不満を表明し、うっぷんを晴らすことが可能な環境ができてしまっています。
 
特に近年のアメリカにおいてはコロナ禍が落ち着いて労働市場が回復し、労働者にとって転職しやすい環境がおとずれたことが「リベンジ退職」を後押ししている一面もあるでしょう。
 
会社側としては、従業員の「リベンジ退職」はもちろんのこと「静かな退職」も、放置すれば組織全体のパフォーマンス低下につながるため、可能な限り従業員が不満を抱え込まないようにしていかなくてはいけません。普段から従業員とのコミュニケーションを密にするほか、給与面などでの待遇改善も絶えることなく行っていく必要があると言えます。
まとめ
「静かな退職」も「リベンジ退職」も、従業員側が会社に強い不満を持つことが原因で発生します。これらの現象が一種のブームになっているのは、世界的に深刻な人手不足が起きており、「今の従業員に辞められたら困る」という会社の状況を従業員側が敏感に読み取り、逆手に取っているからではないでしょうか。
 
企業側としてはこれらの現象を深刻に受け止め、従業員側が不満を溜め込まないようなコミュニケーションを取っていくこと、待遇の改善を進めていくことが求められています。
 
執筆者：山田圭佑
FP2級・AFP、国家資格キャリアコンサルタント
ファイナンシャルフィールド編集部",[],[]
新幹線の車内販売で「200円のお茶」を買うのはもったいない？ 妻に「スーパーなら100円なのに…」と言われたけど、これって“無駄遣い”になるの？ 価格以外のメリットを検証（ファイナンシャルフィールド）,https://news.yahoo.co.jp/articles/6ba3f0bb5c39b56e5439b88a3c925aabafc36c0a,https://newsatcl-pctr.c.yimg.jp/t/amd-img/20250426-00010023-ffield-000-1-view.jpg?exp=10800,2025-04-26T13:40:17+09:00,2025-04-26T13:40:17+09:00,ファイナンシャルフィールド,ffield,ファイナンシャルフィールド,1884,"新幹線の車内販売で「200円のお茶」を買うのはもったいない？ 妻に「スーパーなら100円なのに…」と言われたけど、これって“無駄遣い”になるの？ 価格以外のメリットを検証
新幹線の車内販売ではお茶やアルコール、ちょっとしたグッズなど、さまざまな商品を購入できます。そのような中、家族から「お茶なんかスーパーなら100円で買えるのに、わざわざ200円払うのはもったいない」と言われることもあるかもしれません。
 
新幹線の車内販売でお茶を買うのは、ちょっとしたぜいたくなのでしょうか？ それとも無駄遣いなのでしょうか？
 
本記事では、新幹線の車内販売とスーパーのお茶の価格を比較しつつ、価格だけでは決められない「車内販売の魅力」について解説します。
▼新幹線で1人で「2席分」の購入はNGなの？ 規則を確認
新幹線とスーパーのお茶、価格を比較すると？
まずはシンプルに、価格だけを比較してみましょう。500ミリリットルほどのペットボトルのお茶は、スーパーやコンビニでは大体100円程度で、スーパーの特売やネットスーパーではもっと安く購入できることが少なくありません。
 
一方、東北・山形・秋田・上越・北陸新幹線の車内販売では、390ミリリットルのお茶が200円近くします。
 
この差を「高い」と見るか、「妥当だ」と見るかは、人によるでしょう。ただ、本記事の事例のように「少しでも節約したい」と思う人にとっては、同じお茶なのに、倍の値段（100ミリリットル単位では約2.5倍の値段）を払うのは納得できないかもしれません。
 
しかし、人によっては新幹線でお茶を買うのには、価格だけでは測れないメリットがあるのです。
価格だけでは決められない、車内販売の魅力
車内販売の場合、価格は少々高いかもしれませんが、さまざまな魅力があります。いくつか見ていきましょう。
 
■時間的なメリット：荷物を減らせる、手間を省ける
事前にスーパーやコンビニでお茶を買っておけば確かに安くすむことが多いでしょう。しかし、そのためには「乗る前に買う」というひと手間が必要です。新幹線に乗る直前は、切符を確認したり、座席を探したりとバタバタすることも多いものです。
 
特に大きな荷物を持っていると、ペットボトル1本でも邪魔になることがあります。必要なときにサッと買える車内販売は、時間と手間を省けるという利点があるでしょう。
 
■その場で好きなものを選べる
スーパーで買うときは、「事前に」なにを飲むか決めておく必要があります。しかし、乗ってから気分が変わることもあるでしょう。
 
「やっぱりお茶じゃなくてコーヒーが飲みたい」「おいしそうなおつまみがあるからお酒が飲みたい」など、車内販売なら、気分に合わせてその場で選べます。ほかに、同じお茶でも「手ごろな量が飲みたい」場合は車内販売のサイズがちょうどいいということもあるでしょう。
 
また、特に冬場は温かい飲み物を買ってから冷める前に飲めることも、車内販売ならではのメリットです。
 
■ほかの商品を買うついでに購入できる
新幹線の車内販売は、お茶だけでなく、お弁当やおつまみ、スイーツなども扱っています。例えば、車内で駅弁を買う人なら、ついでに飲み物も購入すれば、わざわざ事前に買う必要がありません。
 
このように、ほかの商品に合う飲み物をその場でついでに選びたいということも考えられます。
 
また、新幹線では一般的なスーパーでは簡単に買えないものも多くあります。「せっかく新幹線に乗るのだから」と、特別感を楽しむのもアリでしょう。
結局、お茶はどこで買うべき？
結局のところ、新幹線でお茶を買うのは「もったいない」のでしょうか？ 結論としては、その人の価値観によると言わざるを得ません。
 
節約重視なら、少しの手間をかけるだけで、新幹線ではなく事前にスーパーなどで購入するのが正解です。一方、利便性や快適さを重視するなら、車内販売も十分アリです。余計な荷物を持たずにすみ、その場で好きなものを選べるメリットがあります。
 
相談者の妻は、お金の面だけで「もったいない」と言っているのかもしれません。自分の価値観や、価格重視ではない車内で購入する価値を、上手に伝えてみるのも良いでしょう。

出典
株式会社JR東日本サービスクリエーション 車内販売のご案内【東北・山形・秋田・上越・北陸新幹線／あずさ・ひたち】
 
執筆者：FINANCIAL FIELD編集部
ファイナンシャルプランナー
ファイナンシャルフィールド編集部",[],[]
自営業の夫が死亡。月収60万円だったけど、妻に「遺族年金」は支給なし！ いったいなぜ？ 受給できないケースとは（ファイナンシャルフィールド）,https://news.yahoo.co.jp/articles/86876e5bd16d37059e38d45e9835af69cdbb9aa7,https://newsatcl-pctr.c.yimg.jp/t/amd-img/20250426-00010022-ffield-000-1-view.jpg?exp=10800,2025-04-26T13:40:09+09:00,2025-04-26T13:40:09+09:00,ファイナンシャルフィールド,ffield,ファイナンシャルフィールド,1816,"自営業の夫が死亡。月収60万円だったけど、妻に「遺族年金」は支給なし！ いったいなぜ？ 受給できないケースとは
配偶者が死亡すると、残された家族は遺族年金を受け取れると聞いたことがある人は多いのではないでしょうか。しかし、状況によっては遺族年金が支給されないこともあります。支給されない場合、どのような理由が考えられるのでしょうか。
 
本記事では、遺族年金の概要や受給要件、支給されない代表的なケースを解説します。
▼年金「月15万円」を受け取っていた夫が死亡。妻は「遺族年金」をいくら受け取れる？
遺族年金とは？
遺族年金とは、亡くなった人によって生計を維持されていた配偶者や子どもに支給される年金です。国民年金から支給されるものは「遺族基礎年金」、厚生年金から支給されるものは「遺族厚生年金」と呼ばれます。
 
今回の事例では自営業のため、遺族年金は遺族基礎年金から支給されることになります。
遺族基礎年金の受給要件
遺族基礎年金を受給するには、「亡くなった人」と「残された遺族」がいくつかの要件を満たす必要があります。
 
■亡くなった人に求められる要件
遺族基礎年金を受給するには、亡くなった人が以下のいずれかの条件を満たす必要があります。

1. 国民年金の被保険者期間中
2. 国民年金の被保険者だった人で、日本国内に住所がある60歳以上65歳未満の人
3. 老齢基礎年金の受給権者
4. 老齢基礎年金の受給資格を満たした人

1と2の人は、死亡するまでに保険料の納付済期間が国民年金期間の2／3以上なければなりません。ただし、2026年3月末までは、亡くなった人が65歳未満の人であれば、死亡前の直近1年間に保険料の未納がなければ受給可能です。
 
3と4の人は、保険料納付済期間や免除期間などを合算して25年以上が必要です。なお、3の受給権者とは、受給資格を満たす人のうち、受給手続きを行って年金を受ける権利が確定した人のことを意味します。
 
■遺族基礎年金を受給できる遺族の要件
遺族年金を受給できるのは、遺族のうち、亡くなった人に「生計を維持されていた」以下の人々です。

●子どものいる配偶者
●子ども

この場合の「子ども」とは、「18歳の年度末まで」もしくは「障害等級1級または2級で20歳未満」のいずれかを満たす必要があります。
 
「生計を維持されていた」とは、以下の要件を全て満たす必要があります。

●生計が同じ
●前年の収入が850万円未満、または所得が655万5000円未満

別居でも、仕送りをしていたり、健康保険の扶養親族として扱われたりしていれば、生計が同じと認められます。
遺族年金が受給できないケース
事例のように、遺族年金が受給できそうでできないケースがあります。よくある事例を紹介します。
 
■年金保険料の未納や滞納がある
亡くなった人に年金保険料の未納や滞納があると、受給できないケースがあります。遺族基礎年金を受給するには「死亡までに保険料納付済期間が国民年金加入期間の2／3以上あること」などの要件が必要だからです。
 
■子どもがいない、または19歳以上
遺族基礎年金を受給できるのは、「子どものある配偶者」か「子ども」です。つまり、遺族基礎年金は子どもがいないと支給されません。また、子どもがいる場合でも、19歳以上などであれば対象外です。
 
■「生計を維持されていた」と認められない
収入が要件を超えている場合や、別居などで家計が別だと判断された場合も、「生計を維持されていた」と認められないケースがあります。
 
今回の事例では、収入は要件を満たしていると思われます。しかし、そのほかの要件が満たされていなければ、遺族基礎年金が支給されないこともあるでしょう。
まとめ
遺族基礎年金を受給するには、意外と多くの要件があります。子どもがいないケースや、子どもがいたとしても19歳以上であれば支給されないため、受給できると思っていたのに受給できないことも多いでしょう。
 
したがって、自営業者などは生命保険に別途加入するなどして、もしものときに配偶者が生活に困らないように備えておく必要があります。
 
出典
日本年金機構 遺族基礎年金（受給要件・対象者・年金額）
 
執筆者：山根厚介
2級ファイナンシャルプランニング技能士
ファイナンシャルフィールド編集部",[],[]
「iDeCo」vs「NISA」月5000円を35年積み立てた場合、最終的にどっちがお得？ 年率「1％・3％・5％」で結果をシミュレーション（ファイナンシャルフィールド）,https://news.yahoo.co.jp/articles/d0ab128954e75ae8dc33c4b0e2be61ee1c081132,https://newsatcl-pctr.c.yimg.jp/t/amd-img/20250426-00010021-ffield-000-1-view.jpg?exp=10800,2025-04-26T13:40:01+09:00,2025-04-26T13:40:01+09:00,ファイナンシャルフィールド,ffield,ファイナンシャルフィールド,2724,"「iDeCo」vs「NISA」月5000円を35年積み立てた場合、最終的にどっちがお得？ 年率「1％・3％・5％」で結果をシミュレーション
「将来のためにiDeCoやNISAを始めるべき」とよく聞くものの、どちらが良いのか分からないという人は多いのではないでしょうか。本記事では、20代の会社員が毎月5000円で35年間積立投資するケースをシミュレーションし、iDeCoとNISAの違いを比較します。
▼定年退職時に、「1000万円」以上の貯蓄がある割合は日本でどれくらい？
iDeCoとNISAの制度上の比較
iDeCoとNISAは、どちらも「運用益（売却益、配当・分配金など）が非課税となる投資制度」です。iDeCoとNISAの大きな違いは、iDeCoが国民年金や国民年金基金などと関連する私的年金制度であるのに対し、NISAは年金制度ではないという点です。
 
iDeCoにはさまざまな制約がある代わりに、加入者掛け金の全額を所得控除できるという税制優遇があります。NISAは、投資元金に対する税制優遇はないものの、iDeCoに比べて制約が少なく、分かりやすい点が魅力です。
 
iDeCoとNISAの制度上の違いについて、図表1で比較します。
 
図表1
図表1
※については、国民年金基金連合会 iDeCo公式サイト 加入希望者の方へ を参照
厚生労働省 確定拠出年金制度の概要、金融庁 NISA特設ウェブサイト を基に筆者作成
35年間、毎月5000円で積立投資する場合、どっちが有利？
35年間、毎月5000円で積立投資する場合のiDeCoとNISAの違いを比較してみましょう。
 
■前提
●20代、会社員、年収500万円
●企業年金制度には加入していない
●iDeCoまたはNISAの口座を開き、35年間、毎月5000円で積立投資する
●積み立てる運用商品は投資信託（購入時手数料なし）
●途中売却はしない
●毎月同じリターンが続くものとし、年率1％、3％、5％の3パターンを想定
●iDeCoの手数料は3種類を負担する（初期費用2829円、月額費用171円、給付費用440円）と想定

■35年後の最終残高
35年間の元金合計210万円に対し、最終残高は次のとおりです。

●リターンが年率1％の場合、iDeCoは約242万円、NISAは約251万円に。
●リターンが年率3％の場合、iDeCoは約357万円、NISAは約371万円に。
●リターンが年率5％の場合、iDeCoは約547万円、NISAは約568万円に。

iDeCoもNISAも運用益非課税のため、運用商品や購入日などほかの条件が同じであれば、iDeCoの手数料が最終残高の違いとして表れます（初期費用2829円、月額費用171円など）。手数料がかからない分、NISAが有利です。
 
■35年分の節税効果
NISAには投資元金に対する税制優遇はありません。それに対してiDeCoは、加入者掛け金の全額を所得控除できるため、年末調整または確定申告によって所得税と住民税を軽減（節税）できます。
 
年収500万円が続く、配偶者控除はない、現時点の税制が今後も変わらないなど、単純化のための前提を置いて試算すると、この人の所得税の税率は10％。35年分の節税効果は次のようになります。

●iDeCoなら42万円節税（［所得税6000円＋住民税6000円］×35年分）
●NISAは節税効果なし

所得税を納めている人は、加入者掛け金の全額を所得控除できる分、iDeCoが有利です。
 
■35年後に一括で出金した場合の手取り
NISAは出金時に課税されることはなく、多くの金融機関では出金手数料もかかりません。

一方、iDeCoは給付時に、年金の場合は雑所得、一時金の場合は退職所得として課税計算の対象になります。とはいうものの、iDeCoに35年間加入した場合の退職所得控除額（一時金の非課税枠）は1850万円です。
 
今回のケースのように、iDeCoから一括で受け取る額が1850万円以下であれば税金はかかりません。なお、給付費用（440円など）は一時金から差し引かれます。税金も出金費用もかからない点で、出金時はNISAが有利です。
向いている人、向いていない人
住宅ローン以外の有利子負債、特に、金利が高い借金がある人は、投資より返済を優先するほうが良いケースがあるため、iDeCoやNISAを始めるのは時期尚早かもしれません。このような人を除けば、次のようにいえるでしょう。
 
■iDeCo
確定拠出年金（DC）には、個人型（iDeCo）と企業型（企業型DC）があります。所得税を納めている人のうち、「企業型DCには加入できないがiDeCoには加入できる」という人にiDeCoは向いています。
 
企業型DCに加入できる人は、iDeCoよりも企業型DCのほうが有利なケースが多いため、iDeCoとの二者択一（または併用）については慎重に検討しましょう。なお、所得税を納めていない人はiDeCoよりもNISAを優先しましょう。
 
■NISA
「収入または預貯金がある人のほぼ全員」にNISAは向いています。企業型DCに加入できる人は「NISA＋企業型DC」を、企業型DCに加入できない人は「NISA＋iDeCo」をおすすめします（所得税を納めていない人は「NISA」のみでも良いでしょう）。
まとめ
iDeCoは各種の手数料がかかる分、運用商品などほかの条件が同じであれば、実質的なリターンはNISAを下回ります。ただし、iDeCoは、運用成績に関係なく、所得控除による節税メリットを確実に享受できます。
 
「毎月5000円×35年間、リターン年率1～5％」の前提であれば、iDeCoは手数料によるマイナスよりも節税によるプラスのほうが大きく、「理論上はNISAよりもiDeCoのほうがお得」といえるでしょう。
 
実際には、運用益非課税の枠を最大限に活用したいため、「DC（iDeCo、企業型DC）とNISAの併用」をおすすめします。
 
出典
厚生労働省 確定拠出年金制度の概要
国民年金基金連合会 iDeCo公式サイト 加入希望者の方へ
金融庁 NISA特設ウェブサイト
 
執筆者：福嶋淳裕
日本証券アナリスト協会認定アナリスト CMA、日本ファイナンシャル・プランナーズ協会認定 CFP(R)、1級ファイナンシャル・プランニング技能士、日本商工会議所認定 1級DCプランナー（企業年金総合プランナー）
ファイナンシャルフィールド編集部",[],[]
次回の免許更新で「ゴールド免許」になる予定です。「ゴールド免許」になると割引など何か「特典」はあるのでしょうか？（ファイナンシャルフィールド）,https://news.yahoo.co.jp/articles/49268ed3369970b074356dedbe35fde0d7805b7d,https://newsatcl-pctr.c.yimg.jp/t/amd-img/20250426-00010020-ffield-000-1-view.jpg?exp=10800,2025-04-26T13:30:21+09:00,2025-04-26T13:30:21+09:00,ファイナンシャルフィールド,ffield,ファイナンシャルフィールド,1857,"次回の免許更新で「ゴールド免許」になる予定です。「ゴールド免許」になると割引など何か「特典」はあるのでしょうか？
車の運転において無事故・無違反の証しである「ゴールド免許」。「ゴールド免許」になると何か「特典」はあるのでしょうか。
▼ハンズフリー通話での運転は「違反」になる？ ペナルティが発生する場合についても解説
そこで当記事では、「ゴールド免許」の概要や「ゴールド免許」を取得している人の割合、「ゴールド免許」を取得すると受けられる「特典」について解説します。
「優良運転者免許証」いわゆる「ゴールド免許証」とは？
一般的に「ゴールド免許証」と呼ばれる免許証は、道路交通法の規定による「優良運転者」に交付される免許証のことを指します。免許証には以下の区分があります。
 
・優良運転者
継続して免許を受けている期間が5年以上、かつ違反やけがのある事故を起こしていない方が対象
免許証の帯の色はゴールド、有効期間は5年
 
・一般運転者
継続して免許を受けている期間が5年以上、かつ3点以下の軽微な違反が1回のみの方が対象
免許証の帯の色は青、有効期間は通常5年
 
・違反運転者
違反が複数回あるか、またはけがのある事故を起こしてしまった方が対象
免許証の帯の色は青、有効期間は3年
 
・初回更新者
継続して免許を受けている期間が5年未満、かつ違反や事故の有無が違反運転者講習の区分に該当しない方が対象
免許証の帯の色は青、有効期間は3年
 
・新規取得者
初めて運転免許を受ける方
免許証の帯の色は緑、有効期間は3年
「優良運転者」の割合は全体の「約6割」
警視庁が発行した「運転免許統計 令和5年版」によると、「ゴールド免許」を取得している「優良運転者」は全体の6割にのぼることが分かりました。
 
その一方で、三井住友海上火災保険株式会社が令和5年に行った「ペーパードライバーに関する実態調査」によると、「ゴールド免許」を取得している「優良運転者」のうち3人に1人は「ペーパードライバーの自覚あり」と回答していることが分かりました。
 
5年間の無事故・無違反の証しである「ゴールド免許」ですが、実際は運転していないがために無事故・無違反であることが伺えます。
「ゴールド免許」を取得すると受けられる「特典」とは？
「ゴールド免許」を取得すると受けられる「特典」は主に以下の3つがあります。

（1）免許更新が簡略化される
「ゴールド免許」の場合、更新に必要な講習時間が他の免許に比べて短いです。
 
また、更新にかかる費用も安く、更新期間が長いのでお得といえるでしょう。「ゴールド免許」の更新手続きは、運転免許試験所や運転免許更新センターだけではなく、全国の警察署でも行うことができます。その分、時間や交通費の節約にもつながります。

（2）保険料が割引される
「ゴールド免許」を取得していると保険料の割引を受けられる場合があります。自動車保険には、加入が義務付けられている「自賠責保険」と、任意で各保険会社で加入できる「任意保険」があります。
 
「ゴールド免許」をもっていると「任意保険」で保険料を割引してもらえる可能性があります。「ゴールド免許割引」を受ける条件は、保険の開始日時点で記名被保険者（主に運転する方）が「ゴールド免許」を保有していることです。

（3）「SDカード」を取得できる
「ゴールド免許」取得者は、「SD（Safe Driver）カード」を取得することができます。
 
発行手数料として630円がかかりますが、SDカードを提示するとさまざまな場所で割引などの「特典」を受けられます。具体的に、どのお店で「特典」を受けられるかは「自動車安全運転センター」のWebサイトをご確認ください。
まとめ
そこで当記事では、「ゴールド免許」の概要や「ゴールド免許」を取得している人の割合、「ゴールド免許」を取得すると受けられる「特典」について解説しました。

「ゴールド免許」には数々のメリットがあるようです。ぜひ「ゴールド免許」を目指してみてはいかがでしょうか。

出典
警察庁交通局運転免許課　運転免許統計 令和5年版（33ページ）
三井住友海上火災保険株式会社　～ペーパードライバーに関する実態調査～ゴールド免許保有者のうち3人に1人がペーパードライバーの自覚あり
 
執筆者：FINANCIAL FIELD編集部
ファイナンシャルプランナー
ファイナンシャルフィールド編集部",[],[]
子どもが県外の大学に進学しました。「引っ越しと家電の購入」で50万円以上かかりましたが、これは普通ですか？（ファイナンシャルフィールド）,https://news.yahoo.co.jp/articles/f8ee135fa5a4fc0dbdafb00eb370aaa83399abe7,https://newsatcl-pctr.c.yimg.jp/t/amd-img/20250426-00010019-ffield-000-1-view.jpg?exp=10800,2025-04-26T13:30:03+09:00,2025-04-26T13:30:03+09:00,ファイナンシャルフィールド,ffield,ファイナンシャルフィールド,2141,"子どもが県外の大学に進学しました。「引っ越しと家電の購入」で50万円以上かかりましたが、これは普通ですか？
子どもの大学進学をきっかけに、初めての一人暮らしを始める家庭は多いものです。特に県外の大学に進学する場合、引っ越しや家電の購入など、さまざまな出費が発生します。
▼「大学無償化制度」の対象者とは？ 年収要件や注意点を解説
費用の総額が50万円以上かかった場合、「これって普通なの？」と不安に思う保護者の方もいるでしょう。本記事では、大学生の一人暮らしにかかる初期費用の平均と内訳、そして支出を抑えるための工夫について解説します。
一人暮らしにかかる初期費用の相場
一人暮らしを始めるとなると、家賃だけでなく、引っ越しや家具・家電の購入など、さまざまな費用が発生します。

まずは、全体でどのくらいのお金がかかるのかを見てみましょう。
 
複数の不動産情報サイトからまとめると、一人暮らしの初期費用は家賃の4～6ヶ月分に加え、引っ越し費用と家具代を含め、総額で以下のようになります。
 
【初期費用の内訳（例：家賃6万円の場合）】
●賃貸契約費：24～36万円（家賃の4～6ヶ月分）
●引っ越し費用：5～10万円程度（距離や荷物の量、時期によって変動）
●家具・家電の購入：新品でそろえると15～30万円ほど（中古活用で10万円以下も可能）

上記を合計すると、家賃6万円の場合は44～76万円になるため、「50万円以上かかった」というケースは珍しいことではありません。
 
特に都心部の高家賃物件では、初期費用が70万円を超えるケースも珍しくありません。むしろ、生活に必要なものをある程度しっかりそろえた場合としては、ごく一般的な範囲です。
実際にかかるお金の内訳を詳しく見てみよう
初期費用の全体像がわかったところで、次に気になるのは具体的な内訳です。どの項目にどれくらいの費用がかかるのか、一つひとつ詳しく見ていきましょう。

1. 賃貸契約にかかる費用
大学生の多くはワンルームや1Kの賃貸物件に住むことになりますが、契約時には家賃とは別にさまざまな費用が発生します。主な項目は以下の通りです。

●敷金、礼金（各1〜2ヶ月分）
●仲介手数料（1ヶ月分）
●前家賃（1ヶ月分）
●火災保険料（1万5000～2万円）
●鍵交換代（1～2万円）

家賃6万円の物件を借りた場合、これらを合計すると27～38万円程度が必要となります。

2. 引っ越し費用
引っ越し業者の料金は、距離・荷物の量・繁忙期かどうかによって大きく変わります。特に3～4月は引っ越しシーズンで料金が高くなりやすく、県外への移動となると10万円近くかかることも珍しくありません。

3. 家具・家電の購入
生活に最低限必要な家電としては、冷蔵庫・洗濯機・電子レンジ・炊飯器・掃除機などが挙げられます。家具ではベッド・机・椅子・カーテン・照明などが必要です。すべてを新品でそろえると20万円を超えることが多く、品物のグレードによっては30万円以上になることもあります。
初期費用を抑える工夫とは？
初期費用はある程度かかるものですが、ちょっとした工夫で負担を軽くすることも可能です。ここでは、費用を抑えるために実践できる具体的なポイントを紹介します。以下のような工夫を取り入れることで、出費を抑えることが可能です。

1. 家具・家電付き物件を選ぶ
あらかじめ家具や家電が備え付けられている物件を選べば、冷蔵庫・洗濯機・電子レンジなどの購入費を節約できます。ただし、家賃が1～2万円高くなる場合があるため、総費用を比較検討しましょう。

2. 中古品やリサイクルショップを活用する
新品にこだわらなければ、中古家電や家具を活用することでコストをかなり抑えられます。地域のリサイクルショップやフリマアプリなども、チェックしてみましょう。

3. 引っ越し時期をずらす
繁忙期の3～4月を避けて2月や5月にずらすと、引っ越し費用が数万円安くなります。可能であれば、スケジュールに余裕を持って調整するのがおすすめです。

4. 必要最低限からスタートする
入居時にすべてを完璧にそろえようとせず、まずはベッド・冷蔵庫・洗濯機・電子レンジなど生活に不可欠なものから準備し、足りないものはあとから買い足すのも一つの方法です。また最初は100均で取りあえず調達して、落ち着いてからゆっくり選んで購入する方法もあります。
まとめ
お子さんの県外進学にともなって「引っ越しと家電の購入で50万円以上かかった」というケースは、全国的に見ても決して珍しいものではありません。賃貸契約、引っ越し、家具・家電の購入といった出費を含めれば、50～70万円程度の初期費用は一般的な範囲といえます。
 
費用を少しでも抑えたい場合は、家具家電付き物件の利用や中古品の活用、引っ越し時期の工夫などが効果的です。新生活のスタートには何かとお金がかかりますが、上手にやりくりすれば、無理なく整った暮らしを始めることができます。
 
執筆者：FINANCIAL FIELD編集部
ファイナンシャルプランナー
ファイナンシャルフィールド編集部",[],[]
「ジェネリック医薬品」を断ったら「処方料が高くなる」と言われました。以前は「先発医薬品」を希望しても同額だったのですが、制度が変わったのでしょうか…？（ファイナンシャルフィールド）,https://news.yahoo.co.jp/articles/7fe1e3f01983439d80bbca39069eb2698bfca6dc,https://newsatcl-pctr.c.yimg.jp/t/amd-img/20250426-00010018-ffield-000-1-view.jpg?exp=10800,2025-04-26T13:20:02+09:00,2025-04-26T13:20:02+09:00,ファイナンシャルフィールド,ffield,ファイナンシャルフィールド,1806,"「ジェネリック医薬品」を断ったら「処方料が高くなる」と言われました。以前は「先発医薬品」を希望しても同額だったのですが、制度が変わったのでしょうか…？
医師から処方される薬には、「先発医薬品」とジェネリック医薬品とも呼ばれる「後発医薬品」の2種類があります。薬価そのものは双方で異なりますが、これまではどちらを選んでも患者側が別途費用を負担する仕組みはありませんでした。
▼定年退職時に、「1000万円」以上の貯蓄がある割合は日本でどれくらい？
しかし、令和6年10月より、一部のケースを除き先発医薬品を選択することで別途費用を負担しなければならない仕組みに改正されました。なぜその仕組みが始まったのか、またこの仕組みによってこれまでよりもどの程度金額が高くなるのかを、当記事で解説します。
令和6年10月より後発医薬品のある先発医薬品は「選定療養」に
選定医療とは、医療行為や医薬品など直接治療にかかわらないものの、医療機関に受診をしたり入院をしたりする際に追加の費用がかかる制度のことを指します。

具体的には、「紹介状なしで総合病院を受診する」場合や「入院時に差額で支払うベッド代」などが該当します。今回、選定医療費として後発医薬品のある先発医薬品を処方する際に「特別の料金」として徴収されることになったと考えられます。
 
なぜこれまで徴収されなかったにもかかわらず、今回このような仕組みに変更されたのかというと、健康保険料や医療費にかかる負担を公平にし、費用の増大を抑えるためです。また、長期的に「国民皆保険」の制度を守るため、より医療費の安さが期待できる後発医薬品への切り替えを推進する目的があります。
「特別の料金」は後発医薬品との価格差の「4分の1相当」の料金になる
では、先発医薬品の処方に選定療養費が加わると、具体的にどの程度価格差が生まれるのでしょうか。厚生労働省が発表している内容によると、「特別の料金」は先発医薬品と後発医薬品の価格差の4分の1相当の料金としています。
 
例えば、先発医薬品の価格が1錠100円、後発医薬品の価格が1錠60円の場合、差額40円の4分の1である10円を、通常の1〜3割の患者負担とは別に特別の料金として支払われる計算になります。また、選定医療費は課税対象となるため、今回の「特別の料金」には消費税がかかることに留意しましょう。
「特別の料金」が徴収されないケースもある
ただし、先発医薬品を選択したすべての人が「特別の料金」を支払わなければならないわけではなく、「医療上の必要性がある場合」と判断されたケースは除外される可能性があります。厚生労働省では、「医療上の必要があると認められるのは、どのような場合ですか。」という質問に対し、以下のケースをあげています。

●長期収載品と後発医薬品で薬事上承認された効能・効果に差異がある場合であって、その患者の疾病の治療のために必要な場合
●その患者が後発医薬品を使用した際に、副作用があったり、先発医薬品との間で治療効果に差異があったと判断する場合であって、安全性の観点等から必要な場合
●学会が作成しているガイドラインにおいて、長期収載品を使用している患者について後発医薬品へ切り替えないことが推奨されている場合
●後発医薬品の剤形では飲みにくい、吸湿性により一包化できないなどの場合（単に剤形の好みという理由では認められません。この場合の判断は薬剤師が行うこともできます）

このほか、後発医薬品を希望したにもかかわらず流通の都合上在庫が不足しており、先発医薬品のみ取り扱いがある場合にも特別の料金は徴収されないようです。
まとめ
「特別の料金」は、医療費の増大を抑えるためと、積極的に後発医薬品（ジェネリック医薬品）への切り替えを推進する目的で実施されます。先発医薬品を選択しなければならない場合は例外として支払いはありませんが、薬が処方される際に少しでも費用を抑えたい場合は、後発医薬品を選択するといいかもしれません。
 
出典
厚生労働省
　令和6年10月からの医薬品の自己負担の新たな仕組み～長期収載品の選定療養について～
　後発医療品のある先発医薬品（長期収載品）の選定療養について
 
執筆者：FINANCIAL FIELD編集部
ファイナンシャルプランナー
ファイナンシャルフィールド編集部",[],[]
志望大学に合格しましたが、入学しない学校の入学金を「20万円」支払いました……。返金はしてもらえないのでしょうか？（ファイナンシャルフィールド）,https://news.yahoo.co.jp/articles/171e7f9f238f3fd799369157ae827c9c7940d226,https://newsatcl-pctr.c.yimg.jp/t/amd-img/20250426-00010017-ffield-000-1-view.jpg?exp=10800,2025-04-26T13:10:22+09:00,2025-04-26T13:10:22+09:00,ファイナンシャルフィールド,ffield,ファイナンシャルフィールド,1883,"志望大学に合格しましたが、入学しない学校の入学金を「20万円」支払いました……。返金はしてもらえないのでしょうか？
国立大学を第1志望としていても、滑り止めとして私立大学を数校受験するケースは多いと思われます。
 
しかし、私立大学に合格した場合に、入学金などを支払う期限が国立大学の合格発表前になることは珍しくありません。入学金を支払っても入学を辞退した場合には、返金してもらえるのでしょうか。
▼「大学無償化制度」の対象者とは？ 年収要件や注意点を解説
入学金は返金されない可能性は高い
滑り止めの大学に合格した場合、第1志望の国立大学の合格発表前までに、入学金や前期の授業料や諸会費などを支払わなければ入学ができないところは多いと思われます。
 
できれば第1志望に入学したい方も、不合格となった場合に滑り止めの大学へ行くことも考えて、仕方なく入学金などを支払っておくしかないことになります。
 
文部科学省が調査した「私立大学等の令和5年度入学者に係る学生納付金等調査結果について」をみると、入学金は24万806円、授業料は95万9295円、施設設備費が16万5271円の合計は、136万5372円となっています。
 
授業料などは前期と後期に分けて払うというケースもあり、その他の費用が必要な大学もありますが、これだけの大金を支払うことになります。このうち入学金は「大学に入学をする権利を得る」という面もあるようで、返金してもらえるケースは少ないようです。
授業料や諸会費などは返還できる可能性がある
前述したように、入学金の返金ができる可能性は低いです。

しかし授業料などについては、平成17年に訴訟が提起され、平成18年11月27日に判決が言い渡された事案があり、返還される可能性が高くなったようです。授業料や諸会費については「これから受けるものに対する対価として支払う」という意味合いがあります。

まだ受けてないものであるために、返金の可能性が高くなったようです。
 
授業料など返金される可能性があるとはいえ、第1志望の大学の結果が出るまでに入学金や授業料を払っておく必要があります。第1志望に合格したとしても、納付されたお金が返金されるまでには時間がかかるので、多額なお金を用意しておかなければなりません。
早いうちからの準備と受験校の絞り込み
教育費のなかで、一番大きなウエイトを占めるのが、大学の費用です。
 
子どもが生まれたときから、大学受験の期間はほぼ決まっているといってもよいでしょう。できるなら早いうちから準備をしておくことで、無理のない準備ができるといえます。
 
入学金は返金されませんが、1校で25万円前後、授業料などを期限内までに納めないといけないとなると130万円強の資金が必要になり、さらに子どもが2人、3人となると、それだけの資金を準備する必要があります。
 
また返金される可能性があるとはいえ、複数校に納付することになると、一層のお金が必要になり、大学進学後も子どもの生活費や授業料などがかかるでしょう。
 
最近では物価高が進んできて、今まで意識されてこなかったインフレについても意識せざるを得ない状況になったともいえ、教育費の上昇について考える人もいるのではないでしょうか。
 
教育費も今後増える可能性も否めません。早めに準備を始めて、インフレ率以上の利回りで増やしていくことも大切になります。滑り止めの大学を受験することについても、第1志望に落ちたとしても行きたいと思える大学を絞って、受験することが大切になります。
 
まだ子どもが小さいうちから教育費の準備についても考えて、子どもが望む進路へ進めるようにしておきたいものです。
まとめ
第1志望の大学の合格発表前に、滑り止めの大学で入学金等の納付期限がある場合には、大学の決めた入学金等を納付しておく必要があります。
 
ただ、入学金については、返金してもらえる可能性はとても低いと考えられますので、できれば滑り止め大学も第1志望の大学が不合格になったときには、行きたいと思える大学を選んでおきたいものです。
 
授業料などは返金される可能性はありますが、それでも納付する額が大きくなるので、早めに資金計画を立てて準備をしておきましょう。

出典
文部科学省 私立大学等の令和5年度入学者に係る学生納付金等調査結果について
最高裁判所 裁判例結果詳細（不当利得返還請求事件）
 
執筆者：吉野裕一
夢実現プランナー
ファイナンシャルフィールド編集部",[],[]
実家を離れた結果、テレビを見る習慣がなくなってしまったので、処分したいです。毎月「1000円」程度の受信料がかかるNHKも解約したいのですが「処分=解約」になるのでしょうか？（ファイナンシャルフィールド）,https://news.yahoo.co.jp/articles/efbaf6274bfee83f8929d18e8a566eff99442ddf,https://newsatcl-pctr.c.yimg.jp/t/amd-img/20250426-00010016-ffield-000-1-view.jpg?exp=10800,2025-04-26T12:40:02+09:00,2025-04-26T12:40:02+09:00,ファイナンシャルフィールド,ffield,ファイナンシャルフィールド,1711,"実家を離れた結果、テレビを見る習慣がなくなってしまったので、処分したいです。毎月「1000円」程度の受信料がかかるNHKも解約したいのですが「処分=解約」になるのでしょうか？
NHKを受信できるテレビなどの機器が設置されている場合、NHKの放送受信料を支払う必要があるとされています。
 
もし、実家などを離れてテレビを見る習慣がなくなって処分した場合、NHKの解約ができると考える方もいるかもしれません。しかし、テレビを処分しただけではNHKの放送受信契約を解約できないケースもあるようです。
 
そこで今回は、テレビを処分したらNHKの放送受信契約を解約できるのか解説します。テレビの処分に伴うNHKの解約を検討している方はぜひ参考にしてください。
▼町内会費の支払いを拒否したら「今後ゴミを捨てるな」と言われた！ 本当に従う必要はあるの？
テレビを処分したらNHKも解約できるのか？
結論からいうと、テレビを処分すれば必ずNHKの解約ができるというわけではないようです。
 
NHK によると、NHKの放送受信契約と料金の支払いについては、放送法第64条第1項で「NHKの放送を受信できる受信設備を設置した者は、NHKと受信契約を締結しなければならない」と定められています。
 
NHKの放送を受信できる機器には、携帯電話・スマートフォン・カーナビ・パソコンなども含まれます。つまり、テレビを処分しても、テレビ以外でNHKの放送を受信できる機器がある場合は、引き続き受信料を支払わなければならないというわけです。
NHKを解約できる条件
次の条件を満たす場合には、NHKの放送受信契約の解約ができるようです。
 
・受信機の設置場所に居住する人がいなくなる場合（世帯消滅、海外転居など）
・受信機の廃棄、故障、撤去、譲渡などによりNHK放送を受信できる機器がすべてなくなった場合
 
なお、一人暮らしや単身赴任の解消などで2つの世帯が1つになる場合は、どちらか1つの世帯が解約の対象になるとされています。
NHKの放送受信料をお得に払う方法
NHKの放送受信料は、次のような方法を利用するとお得に支払える可能性があるようです。
 
・12ヶ月分前払い制度を利用する
・家族割引を利用する
・学生対象の免除制度を利用する
 
NHKの放送受信料は2ヶ月を基本として、6ヶ月前払い、12ヶ月前払いから選択可能とされています。例えば地上契約の場合、2ヶ月で2200円、6ヶ月前払いでは6309円（2ヶ月よりも291円安い）、12ヶ月前払いでは1万2276円（2ヶ月よりも924円安い）と、前払い月数が多くなるほどに割引額も多くなるようです。
 
また、同一生計で離れて暮らす家族などを対象に、受信料が半額になる制度もあるとされています。
 
さらに、健康保険の被扶養者である、奨学金を経済的理由で受給しているなどの条件を満たす学生の場合、受信料が全額免除となる制度もあるようです。詳細を確認しておくことで、放送受信料にかかる費用を節約できるかもしれません。
テレビを処分しても、NHKを受信できる機器があると放送受信契約の解約はできない
テレビを処分しただけでは、NHKを解約できるとは限りません。
 
テレビ以外にも、携帯電話やスマートフォン、カーナビ、パソコンなどNHK放送を受信できる機器がある場合は、放送受信料の支払いが必要とされているためです。このような放送受信機器がすべてなくなった場合や、放送受信機器の設置場所に誰も住まなくなった場合にNHKの解約ができるようです。
 
なお、NHKの放送受信料はお得に支払える制度もあるようなので、詳細を確認しておくことで、放送受信料にかかる費用を節約できる可能性もあるでしょう。
 
出典
NHK　受信料の支払いは義務なのか
NHK　放送受信契約の解約
NHK　放送受信料のご案内
NHK　家族割引について
NHK　学生を対象とする受信料免除について知りたい
 
執筆者：FINANCIAL FIELD編集部
ファイナンシャルプランナー
ファイナンシャルフィールド編集部",[],[]
同僚は「袋入りの千切りキャベツ」で毎日の食物繊維をとっているそうです。月3000円はかかると思うのですが「キャベツ1玉」の方がお得ですよね？（ファイナンシャルフィールド）,https://news.yahoo.co.jp/articles/b5ce320e93d4f2cd1602f83ea4b230943efc2b0e,https://newsatcl-pctr.c.yimg.jp/t/amd-img/20250426-00010015-ffield-000-1-view.jpg?exp=10800,2025-04-26T12:30:12+09:00,2025-04-26T12:30:12+09:00,ファイナンシャルフィールド,ffield,ファイナンシャルフィールド,1862,"同僚は「袋入りの千切りキャベツ」で毎日の食物繊維をとっているそうです。月3000円はかかると思うのですが「キャベツ1玉」の方がお得ですよね？
キャベツは、日本の食卓に欠かせない野菜の1つであり、さまざまな料理に使える万能野菜として知られています。野菜をとるために、千切りされたものを購入する人もいるでしょう。
 
しかし、最近は価格が高騰しており、購入する際「袋入りの千切りキャベツ」と「キャベツ1玉」のどちらを選ぶべきか迷う人もいるかもしれません。
 
この記事では、どちらがよりコストパフォーマンス（コスパ）に優れているのか、それぞれのメリットやデメリットについてまとめました。
▼1人暮らしで冬は毎日「鍋」ばかり！「白菜」と「豚肉」メインだけど、栄養的に大丈夫？
袋入りの千切りキャベツとキャベツ1玉のコスパ比較
一般的に、袋入りの千切りキャベツは100グラム〜150グラム程度の小分けパックで販売されています。価格は地域や店舗によって異なる可能性がありますが、平均して100gあたり100円〜150円程度で販売されていることが多いでしょう。
 
なお、袋入りの千切りキャベツの価格は比較的安定している傾向がありましたが、最近ではキャベツの価格が高騰したことで、価格改定が行われるケースもみられます。
 
一方、キャベツ1玉の重さや価格は、季節や産地によって大きく変動するといえますが、通常1玉の重さは1キログラム～1.5キログラム程度とされているようです。農林水産省の「食品価格動向調査」（令和7年4月1日の週）によると、キャベツの価格は1キログラムあたり311円で、100グラムあたり31円程度となります。
 
このため、単純に価格と量だけを比較すると1玉を購入する方がコスパがよい可能性があるといえるでしょう。
袋入り千切りキャベツを購入するメリット・デメリット
袋入りの千切りキャベツは、購入した時点ですでに千切りされているためゴミが少なく済み、調理時間を短縮できる可能性があります。また、コンパクトに袋詰めされているため、冷蔵庫内のスペースを取らず、整理しやすい点もメリットとなる場合があるでしょう。
 
また、袋入り千切りキャベツは必要な分だけ使えるため、少量の使用に適しており、一人暮らしの人などには適している可能性があります。
 
デメリットは、カットや洗浄などの加工や包装の手間がかかっている分、キャベツを1玉購入するのに比べて割高な傾向があることだと考えられます。
キャベツ1玉を購入するメリット・デメリット
キャベツ1玉を購入するメリットは、コストをおさえられる点にだと考えられます。
 
また、あらかじめカットされていないため、芯を使ったり、丸ごと調理したりと用途が広がることもあるでしょう。さらに、千切りキャベツに比べると日持ちしやすい傾向があり、保存状態に注意すれば2～3週間程度保存できる場合もあります。
 
一方、キャベツは丸ごと購入すると、人数やキャベツを使う頻度によっては使い切るまでに時間がかかる可能性があり、食品ロスが発生するかもしれません。
 
また、キャベツ1玉はサイズが大きい傾向があるため、冷蔵庫内の保存スペースを占有する場合もあります。そのため、冷蔵庫が小さく場所が限られている場合は、保存が難しいと感じることもあるでしょう。
キャベツ1玉の方がコスパ面では優れているといえるが、人数や用途など状況によって、袋入り千切りキャベツを選ぶ方が得なケースもある
袋入りの千切りキャベツとキャベツ1玉を比較すると、1玉の方がコスパの面では優れていると考えられます。ただし、1玉購入すると、洗ったり切ったりといった手間がかかるのに加えて、使い切れないケースも考えられるため、人数や用途など状況によって選ぶことが大切です。
 
袋入りの千切りキャベツは、忙しい社会人など時間や手間を節約したい人や、使う量が少ない人、野菜を手軽に摂りたい人に適している可能性があります。食べる人数が多い、鮮度を重視したい、頻繁にキャベツを料理に使うといった場合には、1玉購入する方がよいでしょう。
 
季節や価格の変動なども考慮し、その時々の状況に応じて選択することで、キャベツだけではなく食費全体や食材の無駄を減らせる可能性があります。
 
出典
農林水産省　食品価格動向調査(野菜)
 
執筆者：FINANCIAL FIELD編集部
ファイナンシャルプランナー
ファイナンシャルフィールド編集部",[],[]
「食費」が「月4万円」かかっているという65歳一人暮らしの父。「宅食」を利用したほうが安くて健康的なのでは？（ファイナンシャルフィールド）,https://news.yahoo.co.jp/articles/680b07e29f81eed93776f5c5694c6a0852dadf6c,https://newsatcl-pctr.c.yimg.jp/t/amd-img/20250426-00010014-ffield-000-1-view.jpg?exp=10800,2025-04-26T12:20:02+09:00,2025-04-26T12:20:02+09:00,ファイナンシャルフィールド,ffield,ファイナンシャルフィールド,1627,"「食費」が「月4万円」かかっているという65歳一人暮らしの父。「宅食」を利用したほうが安くて健康的なのでは？
高齢者の一人暮らしだと、健康的な食生活を送るのが難しくなってくる場合もあるでしょう。
 
自宅に食事を配達してもらえる宅食サービスを利用する方法もありますが「自炊するよりお金がかかるのでは？ 」と不安になる人もいるかもしれません。
 
そこで本記事では、65歳一人暮らしの1ヶ月における食費の平均を紹介するとともに、自炊と宅食のどちらが安く済むのか、それぞれ向いている人の特徴もあわせてまとめています。
▼1人暮らしで冬は毎日「鍋」ばかり！「白菜」と「豚肉」メインだけど、栄養的に大丈夫？
65歳一人暮らしの1ヶ月の食費の平均
2024年の「家計調査 家計収支編」によると、65歳以上単身無職世帯における1ヶ月の食費の平均は4万2085円です。それぞれの内訳について表1を参考にするとよいでしょう。
 
表1
表1
※e-Stat 政府統計の総合窓口「家計調査 家計収支編 2024年」を基に筆者作成
 
今回の事例では「65歳一人暮らしの父の食費が月4万円」であるため、ほぼ平均と同じくらいの金額と考えてよいでしょう。
「自炊」VS「宅食」安いのはどちら？
1ヶ月（30日間）に4万円かかる食費を1日換算すると約1333円となるため、1食あたりの費用を約444円とします。宅食サービスを利用した場合と比較すると、どちらが安く済むか確認してみましょう。
 
ある宅食サービスでは、最も安いお弁当でも1食あたり590円（税込み）となっています。食が細くなった人向けの少なめのお弁当でも1食あたり470円（税込み）のため、「月4万円」よりも高くなる可能性があります。仮に1食470〜590円を1ヶ月（30日）続けた場合の食費は、4万2300〜5万3100円です。
 
もう少し費用をおさえたければ、惣菜や副菜のみのメニューを選び、ご飯だけ自分で炊いて食べる方法もよいかもしれません。惣菜や副菜のみであれば1食あたり300円台のメニューもあり、ご飯を炊くために必要なお米代や光熱費代をあわせても、すべて自炊するより安く済ませられる可能性があります。
自炊向きな人と宅食向きな人の特徴
料理が好きで、時間的な余裕もある人なら、宅食よりも自炊の方が向いている可能性があります。「自分で味付けやアレンジをしたい」「体を動かすためにも自分で料理したい」などという人は、自炊にどんどんチャレンジしていきましょう。
 
反対に、料理が苦手な人や時間を作れない人、面倒に感じる人などは、宅食サービスを利用した方がよい場合もあるでしょう。「料理はできないが健康によい食事を心がけたい」「自炊すると食材を余らせてしまうのでもったいない」という人にもおすすめです。
 
また、食費を管理しやすくなる可能性もあるため、そのような理由で宅食を利用するのもよいかもしれません。
 
毎食を宅配食にするとお金がかかりすぎたり味に飽きがきたりする可能性があるため、自炊と宅食の利用をうまく組み合わせていく方法も検討してみるとよいでしょう。
自炊の方が安く済む場合もあるが、宅食の方が手軽に健康的な料理を食べられる
宅食サービスを利用するとお弁当や総菜を自宅に届けてもらえるため、自炊が苦手な人や食費を管理しやすくしたい人などには向いているかもしれません。
 
ただし、宅食サービスを利用した場合は1食あたりの値段が自炊するよりも高くなってしまう可能性があります。費用をおさえて利用したいのであれば、総菜のみのメニューを選んで自分で炊いたご飯と一緒に食べるなど、上手に活用するとよいでしょう。
 
出典
e-Stat 政府統計の総合窓口　家計調査 家計収支編 2024年
 
執筆者：FINANCIAL FIELD編集部
ファイナンシャルプランナー
ファイナンシャルフィールド編集部",[],[]
ショッピングモールの「駄菓子屋」では「20円」とか「50円」のお菓子がたくさん販売されていますが、これで「テナント料」を稼げるものなのでしょうか？（ファイナンシャルフィールド）,https://news.yahoo.co.jp/articles/9c80a87183855324f7f67f31571675f31c7ec17b,https://newsatcl-pctr.c.yimg.jp/t/amd-img/20250426-00010013-ffield-000-1-view.jpg?exp=10800,2025-04-26T12:10:32+09:00,2025-04-26T12:10:32+09:00,ファイナンシャルフィールド,ffield,ファイナンシャルフィールド,2031,"ショッピングモールの「駄菓子屋」では「20円」とか「50円」のお菓子がたくさん販売されていますが、これで「テナント料」を稼げるものなのでしょうか？
ショッピングモールの一角にある「駄菓子屋」。並んでいるのは、20円や50円といった、今どき珍しい低価格のお菓子ばかり。「こんなに安くて、本当にやっていけるの？」と疑問に思ったことはありませんか？
 
本記事では、駄菓子屋の収益構造や、ショッピングモールに出店する際にかかるテナント料、そして利益を出すための工夫について、わかりやすく解説します。
▼4人家族で食費「月8万円」は高い？ 1人当たりの“平均”もあわせて解説
駄菓子屋ってどうやって利益を出してるの？
駄菓子屋といえば、昔ながらの懐かしいお菓子がずらりと並び、子どもたちに人気のスポットです。しかし、1個20円や50円といった低価格で、本当に商売が成り立つのかと疑問に感じる方も多いでしょう。
 
駄菓子の利益率は情報源により差があり、10～20%とする説や30～50%とする説が存在し、地域や販売戦略により変動します。例えば、30円の駄菓子を販売して15円の利益が出れば良いほうです。これでは大量に売らなければ十分な利益は出ず、単純な物販モデルとしてはかなり厳しいのが現実です。
 
さらに駄菓子には賞味期限があるため、在庫の管理をミスすると廃棄ロスが発生し、利益を圧迫します。また、レジ袋対応や防犯対策など、駄菓子屋とはいえ必要な設備投資も少なくありません。
ショッピングモールのテナント料ってどれくらい？
ショッピングモールのテナント料は主に「固定賃料」「歩合賃料」「併用型」「最低保証売上方式」の4形態があります。特に「最低保証売上方式」が主流で、例えば「最低保証売上300万円（歩合率10％）」の場合、売上200万円でも30万円の賃料が発生し、売上500万円なら50万円が課されます。
 
一般社団法人日本ショッピングセンター協会「SC白書2024」によると、物販業種の平均歩合率は10.32％（2011-2022年実績）で、駄菓子屋のような粗利益率20％前後の業態では、テナント料が売上の10％を超えると経営が圧迫されます。実際の経営では自宅改装やオンライン併用でコスト削減する事例が多く、テナント出店には収支シミュレーションが必須です。
安い商品だけじゃムリ？
そんな中でも、ショッピングモールで駄菓子屋を成功させているお店も存在します。そのポイントは、「駄菓子だけに頼らない」ことです。
 
例えば、店内に「懐かしのレトログッズ」や「玩具」「キャラクター雑貨」などの利益率が高い商品を並べることで、平均購入単価を引き上げています。

また、「くじ引き」や「ミニゲームコーナー」など、少額でもリピートされる娯楽を導入し、子どもたちの滞在時間を伸ばすことで売上を底上げしているのです。ほかにも「推し活グッズ」や「コレクションアイテム」を追加し、SNS拡散性を高める戦略が最新トレンドだといえます。
 
さらに、週末や夏休み期間などは、イベントの開催で集客を狙います。「お菓子詰め放題」や「昭和風お面プレゼント」といった企画は、親子連れに好評です。こうした施策によって、単なる“お菓子屋”ではなく、“遊び場”としての価値を提供し、来店頻度や平均客単価の向上につなげています。
 
SNSの活用も欠かせません。Instagramなどで店舗の雰囲気や新商品、イベントの様子をこまめに投稿することで、地域住民に認知されやすくなり、リピーター獲得にもつながっています。
駄菓子屋ビジネスは成り立つ？
結論として、ショッピングモールに出店している駄菓子屋が、20円や50円の商品だけでテナント料を賄うのは非常に難しいのが現実です。しかし、それは「駄菓子屋＝安いお菓子だけの店」という発想に縛られている場合の話です。
 
売れる商品やサービスを柔軟に取り入れ、イベントやSNSで来店動機を作り、単価を上げる工夫をしていけば、駄菓子屋でも十分にビジネスとして成り立たせることは可能です。
 
また、駄菓子屋は子どもにとっての“非日常の体験”であり、親にとっての“懐かしさ”を提供する存在でもあります。単なる利益追求だけでなく、地域とのつながりを重視した運営を行うことで、長く愛される店舗を作っていけるはずです。
 
店舗を開くうえで大切なのは、「どう売るか」ではなく、「なぜこの場所で、誰に届けたいのか」という視点です。その想いがしっかりと形になれば、駄菓子屋というビジネスにも十分な可能性があるといえるでしょう。
 
出典
一般社団法人日本ショッピングセンター協会 SC白書2024　ⅠSC賃料・共益費　2023（2022年実績）調査結果　概要
 
執筆者：FINANCIAL FIELD編集部
ファイナンシャルプランナー
ファイナンシャルフィールド編集部",[],[]
ママ友は「スーパー」へ行くとどうしても「5000円」を超える買い物をしてしまうそうです。私もやってしまうのですが「買い過ぎ」の予防策はあるのでしょうか？（ファイナンシャルフィールド）,https://news.yahoo.co.jp/articles/97ccda68e4e4c84ed9ccecc94263517d3ac86d86,https://newsatcl-pctr.c.yimg.jp/t/amd-img/20250426-00010012-ffield-000-1-view.jpg?exp=10800,2025-04-26T12:10:18+09:00,2025-04-26T12:10:18+09:00,ファイナンシャルフィールド,ffield,ファイナンシャルフィールド,1823,"ママ友は「スーパー」へ行くとどうしても「5000円」を超える買い物をしてしまうそうです。私もやってしまうのですが「買い過ぎ」の予防策はあるのでしょうか？
スーパーで買い物に行くと必要以上に買い過ぎたり、冷蔵庫にあるものを追加で買ってしまったりした経験がある方もいるでしょう。特に、お買い得商品や気になる商品を見つけると、つい買い物かごに入れる方も少なくありません。
 
しかし、スーパーでの買い過ぎは、工夫すれば予防できる可能性もあります。
 
そこで本記事では、スーパーで買い過ぎる原因と対策についてご紹介します。
▼4人家族で食費「月8万円」は高い？ 1人当たりの“平均”もあわせて解説
スーパーでよくある買い物の困りごと
一般財団法人サニクリーンアカデミーが2020年に行った調査によると、買い物をするときの困りごとランキング表1の通りです。
 
表1
表1
※一般財団法人サニクリーンアカデミー「スーパーマーケット利用者調査」を基に筆者作成
 
表1より、スーパーでの買い物で最も多い悩みは、買い過ぎであることが分かります。特に、安売りが開催されている際に買い過ぎてしまう傾向があり、気付いたら必要以上に購入していた、というケースも考えられるでしょう。
 
また、同調査によると、6割以上の方が買い過ぎやゴミの多さに問題を感じているようです。買い過ぎると、食べきれなかったり、賞味期限・消費期限が過ぎてしまったり、食品を傷ませてしまったりするため、食品廃棄につながりかねません。
 
昨今、食品ロスは社会問題としても考えられており、国としても対策を呼びかけています。そのため、安売りのときも含め、スーパーでの買い過ぎ予防は大切だといえるでしょう。
スーパーで買い過ぎる理由
スーパーで買い過ぎてしまう原因として、以下のようなことが考えられます。
 
・安売りをしている
・買い物の頻度を減らすためにまとめ買いする
・おいしそうで気になった
・買うものを決めずに行ってしまった
・空腹状態で行った
・冷蔵庫やストックにある食材を把握していなかった
 
例えば、新作や期間限定のお菓子が販売されていて、おいしそうでつい買ってしまったという経験がある方もいるでしょう。ほかにも、生鮮食品が「お買い得」となっており、今買っておいた方が節約になる、と考えて購入するケースも考えられます。
スーパーでの買い過ぎを予防する方法
スーパーで買い過ぎを防ぐには複数の方法があります。
 
・食費の予算を決める
・買い物リストを作ってから行く
・冷蔵庫やストックしている食材を確認する
・空腹時には行かない
・現金払いにし、必要以上にお金を持っていかない
・買い物の頻度を考え直す
 
例えば、食費の予算を決め、1日当たり何円程度になるか計算しておくと、買い過ぎの予防につながる可能性があります。総務省統計局の調査によると、2024年の二人以上世帯における1ヶ月の「食料」にかかる費用は8万5040円です。外食などの費用も含まれていますが、1ヶ月の食費予算を決める際は目安にするとよいでしょう。
 
また、買い物リストを作ってスーパーに行けば、必要以上に見回ってお菓子などを買い過ぎる心配を防げるかもしれません。
 
さらに、まとめ買いで買い過ぎている方は買い物の頻度を増やしたり、逆に頻繁にスーパーに行って買い過ぎている方は、買い物の回数を減らしたりすることで、買い過ぎを防げる可能性があります。自分に向いている買い物の方法を考えて、スーパーでの買い過ぎを予防しましょう。
買い過ぎの原因を考え、自分にあう方法で対策しよう
スーパーの買い過ぎは多くの人の悩みであり、特に、安売りされていると買ってしまう傾向があります。また、冷蔵庫の確認をし忘れた結果、つい買い過ぎてしまったということもあるかもしれません。
 
そのため、買い過ぎの原因にあわせた予防をすることが大切です。買い物リストを作ったり、買い物に行く回数やタイミングを考えたりしながら、食品を無駄にしないように工夫しましょう。
 
出典
一般財団法人サニクリーンアカデミー　スーパーマーケット利用者調査
e-Stat 政府統計の総合窓口　家計調査 家計収支編 二人以上の世帯 2024年
 
執筆者：FINANCIAL FIELD編集部
ファイナンシャルプランナー
ファイナンシャルフィールド編集部",[],[]
一人暮らしの息子は「節約のために風呂掃除は週に1回」だそうです。衛生面が心配なのですが、「毎日掃除した場合」と「水道代」はどれくらい変わりますか？（ファイナンシャルフィールド）,https://news.yahoo.co.jp/articles/e9b5b672e41b5597f986006d83da79aea0021b6f,https://newsatcl-pctr.c.yimg.jp/t/amd-img/20250426-00010011-ffield-000-1-view.jpg?exp=10800,2025-04-26T12:05:02+09:00,2025-04-26T12:05:02+09:00,ファイナンシャルフィールド,ffield,ファイナンシャルフィールド,1940,"一人暮らしの息子は「節約のために風呂掃除は週に1回」だそうです。衛生面が心配なのですが、「毎日掃除した場合」と「水道代」はどれくらい変わりますか？
1日の汚れを落とす場所でもあるお風呂場は、常に清潔な状態であってほしいと思う人が多いでしょう。
 
しかし、風呂掃除をする際にも水道を使うため、水道代を節約するために頻度を少なくしている人もいるかもしれません。
 
本記事では、風呂掃除を毎日した場合と週1回した場合の水道代の違いなどを紹介します。ぜひ参考にしてください。
▼「シャワーだけ」vs「お湯をためる」1人暮らしはどっちがお得？ それぞれの水道代・ガス代を比較
風呂掃除を「1日1回」した場合と「週1回」した場合の水道代の違い
風呂掃除にお湯ではなく水を使用した場合、かかる光熱費は水道代のみで済むと考えられます。東京都水道局によると、シャワーを3分間流しっぱなしにした場合に使用する水道の量は36リットルで、1分間あたり12リットルの水を使用することになります。
 
水道1リットルあたりの単価を0.24円とした場合、仮に風呂掃除のためにシャワーを5分間流しっぱなしにすると、14.4円の水道代がかかる計算です。
 
風呂掃除を毎日した場合にかかる水道代は、1週間で100.8円、1ヶ月（30日間）では432円です。一方、週に1回（月4～5回）しか風呂掃除をしない場合は、1ヶ月で57.6～72円の水道代がかかります。毎日掃除する場合と比べて400円近く節約できる可能性があります。
 
ただし、この金額は状況により変動する可能性があるため、あくまで参考程度にしてください。
ほかの人はどのくらいの頻度で風呂掃除をしている？
株式会社AlbaLinkが2023年に実施した「お風呂掃除に関する意識調査」によると、「風呂掃除を毎日する」と回答した人の割合は全体の55％を占めており、こまめに掃除をする人が多い傾向にあることが分かります。
 
しかし、次に多かったのは「週1回」の13.4％ということで、今回の事例と同じような人も一定数はいると考えてよいでしょう。
 
次いで「2日に1回」（11.6％）、「3～4日に1回」（11.4％）となっていますが、中には「浴槽を使用したときは掃除する」「毎日簡単に掃除をし、週に1回本格的に掃除をしている」という人もいるようです。
風呂掃除を週に1回しかしなかった場合の衛生面の問題点と対策
高温多湿な環境である風呂場には、皮脂汚れやせっけんカスなどの汚れが付着しやすく、汚れをエサとする黒カビが発生しやすいとういう特徴があるようです。黒カビが発生している風呂場では空気中にもカビの胞子が漂うため、それを吸い込んだ場合、健康被害を起こすおそれがあります。
 
さらに、黒カビは深く根を張ってしまうと簡単に落とせなくなるため、早めに除去することはもちろん、普段から予防に努めるのが大切だといわれています。風呂掃除を毎日して黒カビのエサとなる汚れを取り除くことで、常に清潔な状態を保（たも）てる可能性があるでしょう。
 
風呂掃除を週に1回しかしなかった場合は、汚れが蓄積され、黒カビが発生しやすくなるかもしれません。毎日の風呂掃除が難しくても、入浴後にシャワーで風呂場全体を洗い流して皮脂汚れやせっけんカスなどを除去したり、換気して風呂場を乾かしたりするのをおすすめします。
風呂掃除の頻度が「週1回」だと毎日掃除するより月400円近く水道代を節約できる
1回の風呂掃除でシャワーを5分間流しっぱなしにすると仮定した場合、かかる水道代は14.4円です。毎日掃除した場合は1ヶ月に432円、週に1回だと57.6～72円の計算になるため、週に1回にすることで月に400円近く節約できる可能性があります。
 
ただし、この金額は状況により変動する可能性があるため、あくまで参考程度にしてください。
 
なお、風呂掃除の頻度についてのアンケート調査では「毎日掃除をする」との回答が半数以上を占めており「週1回」という人も一定数いることが分かっています。そのため「節約のためにも風呂掃除は週1回でよい」と考える人もいるでしょう。
 
ただし、高温多湿で汚れが付着している風呂場には黒カビが発生しやすい傾向があるため、入浴後にシャワーで洗い流したり、換気を徹底したりして、できるだけ清潔に保つようにすることが大切です。
 
出典
東京都水道局　水の上手な使い方
株式会社AlbaLink　お風呂掃除に関する意識調査（PR TIMES）
 
執筆者：FINANCIAL FIELD編集部
ファイナンシャルプランナー
ファイナンシャルフィールド編集部",[],[]
将来、年金は具体的にどのくらい受け取れますか？ 「300万円」「400万円」「500万円」「600万円」と年収別に教えてください。（ファイナンシャルフィールド）,https://news.yahoo.co.jp/articles/c5c8645bcc1b5e42c161247d960f2dc7a2843f4c,https://newsatcl-pctr.c.yimg.jp/t/amd-img/20250426-00010010-ffield-000-1-view.jpg?exp=10800,2025-04-26T11:50:21+09:00,2025-04-26T11:50:21+09:00,ファイナンシャルフィールド,ffield,ファイナンシャルフィールド,1719,"将来、年金は具体的にどのくらい受け取れますか？ 「300万円」「400万円」「500万円」「600万円」と年収別に教えてください。
将来、受け取ることができる老齢年金は、老齢基礎年金に老齢厚生年金を合わせた額となります。そのうち、老齢厚生年金の額は、会社員など厚生年金の被保険者として働いていたときの平均年収と在職年数により決まります。
▼夫婦2人の老後、「生活費」はいくら必要？ 年金額の平均をもとに必要な貯蓄額も解説
今回は、年収に応じた老齢厚生年金の額について、詳しく解説します。
老齢年金の仕組み
65歳から受給することができる老齢年金は、老齢基礎年金と老齢厚生年金の合計額になります（※1）。

1. 老齢基礎年金の額
老齢基礎年金は、20歳から60歳になるまでの40年間の国民年金保険料の納付月数や厚生年金の加入期間などに応じて、下式により年金額が計算されます（※2）。

老齢基礎年金＝81万6000円（注）×保険料納付済月数÷480月
（注）令和6年度額

20歳から60歳になるまでの40年間が、以下の保険料納付済期間となる場合は、満額の81万6000円（令和6年度額）を受給することができます。

●学生などの第1号被保険者として国民年金保険料を納付した期間
●厚生年金の被保険者（第2号被保険者）であった期間
●厚生年金の被保険者の被扶養配偶者（第3号被保険者）であった期間

2. 老齢厚生年金の額
老齢厚生年金は、報酬比例部分に経過的加算と加給年金を加えた額が支給されます（※3）。

老齢厚生年金＝報酬比例部分＋経過的加算＋加給年金

経過的加算は、年金制度改正に伴う補正で、20歳以前または60歳以降に厚生年金に加入していた方に加算されますが、一般的に数百円から数千円程度で大きな額にはなりません（※4）。

加給年金は、厚生年金の被保険者期間が20年以上ある方が、65歳到達時点で、その方に生計を維持されている65歳未満の配偶者または18歳未満の子などがいるときに加算されます。特定の人に一定期間支給されるものであり、この分析では割愛します（※3）。

したがって、老齢厚生年金の額は報酬比例部分が主となるため、これ以降の説明では、老齢厚生年金（報酬比例部分）として説明します。
年収別老齢厚生年金の見込み額
1. 老齢厚生年金（報酬比例部分）の額
老齢厚生年金（報酬比例部分）の額は、下式により平均年収と在職年数から概算できます。なお、平成15年3月以前の加入期間に関する計算式は異なります（※5）。

老齢厚生年金（報酬比例部分）＝平均年収×5.481/1000×在職年数

2. 平均年収と在職年数に伴う老齢厚生年金の見込み額
平均年収と在職年数から、老齢厚生年金の見込み額は図表1のとおり概算することができます。

図表1
図表1
例えば、平均年収300万円で10年勤務した場合の老齢厚生年金は16万4000円ほどですが、平均年収600万円で40年間勤務すると老齢厚生年金は131万5000円ほどになります。
まとめ
老齢厚生年金（報酬比例部分）の見込み額は、老齢厚生年金の被保険者期間の平均年収と在職年数から概算できます。

20歳から60歳までの40年間会社員として勤務した場合、平均年収が300万円であれば65万8000円ほど、400万円であれば87万7000円ほど、500万円であれば109万6000円ほど、600万円であれば131万5000円ほどの老齢厚生年金（報酬比例部分）を受け取ることができます。

さらに、老齢厚生年金と併せて老齢基礎年金81万6000円（令和6年度額）が支給されます。

出典
（※1）日本年金機構 老齢年金
（※2）日本年金機構 老齢基礎年金の受給要件・支給開始時期・年金額
（※3）日本年金機構 老齢厚生年金の受給要件・支給開始時期・年金額
（※4）日本年金機構 年金用語集 た行 定額部分
（※5）日本年金機構 年金用語集 は行 報酬比例部分

執筆者：辻章嗣
ウィングFP相談室　代表
CFP(R)認定者、社会保険労務士
ファイナンシャルフィールド編集部",[],[]
孫の入学祝いに「500万円」を渡しましたが、税金がかかるって本当ですか？ もう渡してしまった場合、返してもらえば問題ないでしょうか？ 課税されるケースを確認（ファイナンシャルフィールド）,https://news.yahoo.co.jp/articles/aac13a3323bf77cc00421a7db48080a5be484ab8,https://newsatcl-pctr.c.yimg.jp/t/amd-img/20250426-00010009-ffield-000-1-view.jpg?exp=10800,2025-04-26T11:40:19+09:00,2025-04-26T11:40:19+09:00,ファイナンシャルフィールド,ffield,ファイナンシャルフィールド,1761,"孫の入学祝いに「500万円」を渡しましたが、税金がかかるって本当ですか？ もう渡してしまった場合、返してもらえば問題ないでしょうか？ 課税されるケースを確認
孫の入学祝いに現金を渡すことを考えている人も多いのではないでしょうか。ただし、現金を渡す際に注意したいのが税金です。贈与とみなされると贈与税がかかってしまう場合があります。また、1度贈与してしまった現金を返金する場合がどのような扱いになるのかも気になるところでしょう。
 
そこで本記事では、500万円を入学祝いとして贈与した場合に税金がかかるのかについて解説し、1度贈与した場合にどのような扱いになるのかについて紹介していきます。
▼子ども名義の口座に「月3万円」ずつ入金してるけど、将来口座を渡すときに「贈与税」はかかるの？ 非課税にすることは可能？
基本的に500万円の贈与は税金がかかる
祖父母から孫へ現金を渡すような、家族間の現金の受け渡しについても、贈与とみなされると贈与税がかかります。贈与税は「個人から財産を受け取った場合」に発生する税金だからです。
 
もっとも、贈与税には年間で110万円の基礎控除があるため、110万円以下の贈与については贈与税がかからないことになります。また、夫婦や親子といった扶養義務者から受け取った「教育資金や生活費」に充てるための費用については、通常必要と認められる範囲であれば贈与税はかかりません。
 
事例のように、孫の入学祝いに500万円を渡した祖父母について当てはめてみると、500万円をすべて教育資金や生活費に充てるのは、通常必要と認められる範囲を超えていると考えられるのではないでしょうか。そのため、基礎控除の110万円を超えている390万円に対して贈与税がかかる可能性があるので注意が必要です。
1度贈与した財産を返してもらった場合
1度贈与した財産を返してもらった場合は、自分の財産を戻しただけなので問題ないように思えます。しかし、この場合も「個人の財産を取得した場合」に該当するので贈与税の対象となる可能性があり、注意が必要です。元々は自分の財産だったとしても、贈与税がかかる場合があります。
 
事例のように祖父母が孫に500万円を渡すと、孫に贈与税がかかる可能性があり、さらに孫から返金すると祖父母にも贈与税がかかる可能性があります。祖父母と孫の双方に贈与税がかかる場合があるので注意してください。
500万円の贈与で非課税になる場合も
孫に500万円を渡す場合に、贈与税がかからない方法もあります。それが、直系尊属からの「教育資金等の一括贈与」です。教育資金等の一括贈与制度は、金融機関で手続きをし、特定の教育資金口座を開設することで最大1500万円までが非課税になります。
 
この制度を利用することで、500万円を非課税で渡すことは可能です。ただし、教育資金に使用しているかを確認するため、領収書を金融機関に提示することなどが必要で、開設時以外にも手間がかかります。手間をかけても安心して贈与をしたいと考えている人におすすめの制度です。
贈与税について確認しておきましょう
家族間であっても、個人の財産を取得した場合は贈与税がかかる可能性があります。贈与税がかかる「金額」や「贈与税がかからない財産」「制度」について理解しておきましょう。
 
また、1度贈与した財産を返してもらった場合は、「個人の財産を取得した」際に贈与税がかかるため、元々は自分の財産だったとしても贈与税がかかる可能性があります。このことから、贈与をする際は、返してもらうことがないように必ず目的や金額を確認することをおすすめします。
 
家族間であっても財産を渡す場合は、渡す側と受け取る側がしっかりと話し合うことが大切です。思わぬことで税金がかかる場合があるので、どのような場合に税金がかかるのか話し合うようにしましょう。
 
出典
国税庁 No.4402 贈与税がかかる場合
国税庁 No.4405 贈与税がかからない場合
国税庁 祖父母などから教育資金の一括贈与を受けた場合の贈与税非課税制のあらまし
 
執筆者：FINANCIAL FIELD編集部
ファイナンシャルプランナー
ファイナンシャルフィールド編集部",[],[]
ATMの手数料が「曜日や時間帯」によって変わるのが不思議です。結局は機械が動いているだけなので、コストは同じではないのでしょうか？（ファイナンシャルフィールド）,https://news.yahoo.co.jp/articles/0baa1f6e692402ac102ece45e573a8a8aee66a2d,https://newsatcl-pctr.c.yimg.jp/t/amd-img/20250426-00010008-ffield-000-1-view.jpg?exp=10800,2025-04-26T11:40:11+09:00,2025-04-26T11:40:11+09:00,ファイナンシャルフィールド,ffield,ファイナンシャルフィールド,1649,"ATMの手数料が「曜日や時間帯」によって変わるのが不思議です。結局は機械が動いているだけなので、コストは同じではないのでしょうか？
ATMを使うたびに、「なんで今日は手数料がかかるの？」と疑問に思ったことはありませんか？曜日や時間帯によって手数料が変わる仕組みは、なんとなく不公平にも感じられるかもしれません。
 
「機械が動いているだけなのに、コストは同じじゃないの？」という素朴な疑問に対し、本記事ではその理由をわかりやすく解説します。さらに、手数料をできるだけ抑えるための具体的な方法も紹介しますので、ATMをもっと賢く使いたい方はぜひ参考にしてください。
▼タンス預金していた現金を銀行に預ける場合、「税金」の支払いは発生するの？
ATM手数料はなぜ時間帯や曜日で変わるのか？
ATMの手数料は「時間外手数料」として設定されていることが多く、これは銀行の営業時間を基準にしています。多くの銀行では平日の午前9時から午後3時までを「営業時間」とし、それ以外を「時間外」として、利用者に追加の手数料を課しているのです。特に、土日祝日は完全に営業時間外となるため、手数料が発生する確率が高くなります。
 
ここで疑問が生まれるのが「時間外でもATMは普通に動いているのに、なぜ手数料がかかるのか？」という点です。たしかにATM自体は自動で稼働していますが、その裏では様々な「人の手」が関わっています。ここからは発生するコストについて紹介します。
 
1. 障害時の対応体制
ATM障害時には警備会社・システム管理会社に加え、銀行本部の危機管理室が24時間体制で対応。一般社団法人全国銀行協会のガイドラインでは「復旧対応能力の強化」が義務付けられています。
 
2. 現金補充や回収の人件費
ATMへの現金の補充や回収する作業は人が行っており、夜間や休日に行う場合には時間外手当が発生します。
 
3. 提携ATMの利用料
銀行以外のATMを使うと、利用ごとに提携先に支払う手数料が発生し、その分が利用者に転嫁されることがあります。
 
また、ATMの設置や維持には固定費もかかっていますが、利用頻度の低い時間帯に人件費をかけてサービスを提供するのは、銀行側にとっては大きな負担です。手数料を時間帯によって変えることで、利用者に「できるだけコストのかからない時間帯に使ってもらいたい」というメッセージを込めているともいえるでしょう。
手数料を抑えるための賢い利用方法
ATM手数料を抑えるためには、以下のような方法があります。
 
1. 平日の無料時間帯に利用する
多くの銀行では、平日8:45〜18:00の間は手数料が無料です。この時間帯を利用することで、手数料を節約できます。
 
2. ネット銀行を活用する
ネット銀行では、提携ATMの利用手数料が無料または回数制限付きで無料となるサービスを提供している場合があります。例えば、イオン銀行では24時間365日手数料無料で利用できるATMがあります。
 
3. 銀行の優遇サービスを利用する
一定の条件を満たすことで、ATM手数料が無料になる優遇サービスを提供している銀行もあります。三井住友銀行のOliveアカウントでは自行ATM完全無料のサービスがあります。
まとめ
ATMの手数料が時間帯や曜日によって異なるのは、銀行が営業時間外の運用に追加のコストを要するためです。この仕組みを理解し、手数料が発生しない時間帯を選んで利用することで、無駄な出費を抑えられます。

また、ネット銀行の活用や銀行の優遇サービスを利用することで、さらに手数料を節約することが可能です。日々の生活の中で、賢くATMを利用していきましょう。
 
出典
一般社団法人全国銀行協会 銀行システムの安定稼働と障害発生時のお客さま対応に係る申し合わせについて
 
執筆者：FINANCIAL FIELD編集部
ファイナンシャルプランナー
ファイナンシャルフィールド編集部",[],[]
「マイナ免許証」が3月24日から開始！「更新手数料」はどれだけ安くなる？ その他のメリットもあわせて確認（ファイナンシャルフィールド）,https://news.yahoo.co.jp/articles/14d72610346dac3e9cddb850f3f3b77c8a31d8da,https://newsatcl-pctr.c.yimg.jp/t/amd-img/20250426-00010007-ffield-000-1-view.jpg?exp=10800,2025-04-26T11:31:04+09:00,2025-04-26T11:31:04+09:00,ファイナンシャルフィールド,ffield,ファイナンシャルフィールド,1854,"「マイナ免許証」が3月24日から開始！「更新手数料」はどれだけ安くなる？ その他のメリットもあわせて確認
マイナンバーカードと健康保険証が一体化する「マイナ保険証」が2024年12月から始まりましたが、マイナンバーカードと免許証が一体化する「マイナ免許証」が2025年3月から開始されています。
 
マイナンバーカードと免許証が一体化することでメリットもありますが、デメリットもあるので注意が必要です。そこで本記事では、マイナ免許証のメリットとデメリットについて解説していきます。
▼会社員で「年収1000万円」以上の割合は？ 大企業ほど高年収を目指せる？
マイナ免許証の3つのメリット
2025年3月24日からマイナ免許証の運用が開始されました。マイナ免許証は、マイナンバーカードと免許証が一体化したものです。一体化すれば、これまでマイナンバーカードと免許証の2枚を持たなければいけなかったものが、1枚持つだけでよくなります。また、これまで通りの免許証とマイナ免許証をそれぞれ持つことも可能です。
 
マイナ免許証のメリットは、マイナンバーカードと免許証が一体化することだけではありません。「住所や氏名の変更手続きが簡素化される」、「更新時の講習をオンラインで受講できる」、「更新時の手数料が安い」といった3つのメリットがあります。
 
■住所や氏名の変更手続きが簡素化される
まず、本籍や住所、氏名などを変更する際の手続きが簡素化されます。これらの変更をするためには、これまでは自治体と警察署の双方で変更手続きをする必要がありました。しかし、マイナ免許証を持っている場合は、事前に手続きを済ませておくことで自治体の手続きだけで変更することが可能になります。
 
事前の手続きは、「署名用電子証明書と免許情報を紐付ける」「マイナポータルとの連携手続を行う」ことです。1度事前の手続きをしておけば、その後は自治体に届けを出すだけで変更できるので、手続きが楽にできるようになります。
 
■更新時の講習をオンラインで受講できる
免許証の更新時には、運転免許センターなどで講習を受けなければいけません。しかし、マイナ免許証を持っている場合は、「オンラインで講習を受講することが可能」となります。時間と場所を選んで受講できる点が大きなメリットです。
 
ただし、オンライン講習が可能なのは、マイナ免許証を持っている優良運転者と一般運転者だけなので注意しましょう。
 
■更新時の手数料が安い
免許証の更新時には、更新手数料がかかります。これまでは2500円かかっていました。しかし、マイナ免許証のみの場合は2100円になります。マイナ免許証と免許証の2枚を持っていて更新する場合は2950円、免許証のみの場合は2850円です。
 
マイナ免許証のみを持っていて更新する場合が、最も更新手数料が安くなります。少しでも更新手数料を抑えたい場合は、マイナ免許証がおすすめです。
マイナ免許証の注意点
マイナ免許証には注意点もあります。それはマイナ免許証のみを保有している人が、紛失や盗難などで再発行する場合です。マイナ免許証は自治体でマイナンバーカードを再発行し、警察署でマイナ免許証の手続きを行うことが必要です。
 
マイナンバーカードの再発行には1週間程度かかり、さらに警察署の手続きが必要で、それが終わるまでは免許証不携帯の状態になります。そのため、再発行が完了するまでの期間は、運転することができなくなってしまうので注意が必要です。
マイナ免許証の保有の仕方を考えてみましょう
マイナ免許証に変更することで3つのメリットがあります。特に免許証の更新手数料が安くなることや、オンライン講習で済むことは金銭的にも時間的にも大きなプラスになります。
 
しかし、デメリットもあることを理解しておきましょう。マイナ免許証を再発行する場合は時間がかかり、手続きが終わるまでは運転することができなくなってしまいます。メリットとデメリットを理解し、マイナ免許証の保有の仕方について考えてみてください。
 
出典
警察庁 令和4年改正道路交通法（マイナンバーカードと運転免許証の一体化・オンライン更新時講習）
警視庁 マイナンバーカードと運転免許証の一体化について
政府広報オンライン もうすぐスタート！マイナ免許証
 
執筆者：FINANCIAL FIELD編集部
ファイナンシャルプランナー
ファイナンシャルフィールド編集部",[],[]
2025年は低所得者向けに「3万円の給付金」があると聞きました。わが家も家計が厳しいけど、なぜ「中間層」には給付が行われないの？ 理由を解説（ファイナンシャルフィールド）,https://news.yahoo.co.jp/articles/9d9944dc215007ef12f73630e2295ab0cbd044d3,https://newsatcl-pctr.c.yimg.jp/t/amd-img/20250426-00010006-ffield-000-1-view.jpg?exp=10800,2025-04-26T11:30:18+09:00,2025-04-26T11:30:18+09:00,ファイナンシャルフィールド,ffield,ファイナンシャルフィールド,1887,"2025年は低所得者向けに「3万円の給付金」があると聞きました。わが家も家計が厳しいけど、なぜ「中間層」には給付が行われないの？ 理由を解説
物価高騰に歯止めがかからない昨今、国からの給付金が毎年のように実施されています。2025年に支給が始まっている「物価高騰対策支援給付金」もその1つです。
 
ただ、全世帯が給付金を受給できるわけではなく、受給するには一定の条件を満たす必要があります。
 
本記事では2025年に給付される「物価高騰対策支援給付金」の受給要件や、要件が定められている理由について解説します。
▼会社員で「年収1000万円」以上の割合は？ 大企業ほど高年収を目指せる？
2025年の「物価高騰対策支援給付金」とは
物価高騰対策支援給付金は、物価高騰に対する負担感が大きな低所得世帯の負担軽減を目的に支給される給付金のことです。
 
政府は2024年11月、事業規模が39兆円程度の新しい経済対策を決定しました。そのなかで、3つの柱である「賃上げ環境の整備などを通じた日本経済・地方経済の成長」「物価高への対応」「国民の安心・安全を確保」を実現するための具体的な事業の1つとして、住民税の非課税世帯を対象とした給付金の支給が盛り込まれました。
 
■給付対象の世帯とは？
今回の給付金の対象になる世帯は、自治体によって要件が異なります。例えば、品川区であれば、令和6年12月13日時点で品川区に住民登録があり、「世帯全員が令和6年度の住民税が非課税の世帯」か、「均等割のみ課税となる世帯」です。
 
ただし、自治体によって「均等割のみ課税となる世帯」は含まないなど違いがあるため、詳細は自身が住む市区町村に確認しましょう。
 
■給付額は家族構成によって異なる
今回の給付金の支給金額は、1世帯あたり3万円です。加えて、同世帯にいる子ども1人あたり2万円が加算されます。大人2人と子ども1人の世帯なら5万円、大人2人と子ども2人の世帯なら7万円が支給される計算です。
なぜ中間層に給付は行われないの？
今回に限らず、ここ数年の国からの給付金は、住民税非課税の世帯が対象になることが多いです。
 
物価上昇によって毎月の生活費が家計を圧迫しているのは中間層も同じですが、なぜ住民税非課税世帯のみが給付対象になっているのでしょうか？
 
住民税非課税世帯に給付金が支給されるのは、物価の高騰による影響が大きいためです。例えば、物価高騰によって生活費が月1万円増えた場合、月の手取り25万円の家庭では4％の負担増ですが、月の手取り10万円の家庭では月の負担増が10％にもなります。
 
今回は特に、住民税非課税世帯が多い年金受給世帯が物価高騰によって受ける影響について考えてみましょう。

厚生労働省の「令和5年国民生活基礎調査」によれば、65歳以上の高齢者世帯の3分の1以上が住民税非課税世帯です。つまり、年金を受給できる世帯のうち一定程度が住民税非課税世帯といえます。
 
そして、年金世帯は無職であることも多いでしょう。総務省の「家計調査」によると、2024年の勤労世帯の月収（実収入）が約54万3000円（年収約650万円）に対し、無職世帯は月収（実収入）が約20万3000円（年収約240万円）となっています。
 
勤労世帯は賃上げによって物価の伸びについていくことがある程度は可能ですが、無職のことも多い年金受給世帯は、収入が少ないうえ、物価の伸びについていくことが難しいのが実情です。
 
例えば、2025年度の公的年金支給額は前年度比1.9％引き上げられていますが、前年の物価上昇の伸び2.7％と比べると、実質的には受給額は目減りしています。そのため、物価高騰によって年金のやりくりが難しくなる可能性もあります。
 
上記のような理由が、物価高騰の影響を受けやすい住民税非課税世帯に限って支援を行う理由の1つです。
まとめ
物価高騰によって苦しいのはどの世帯も同じですが、今回の「物価高騰対策支援給付金」に関しては住民税非課税の世帯が対象です。ただ、今後も物価上昇が続けば、今回給付金を受け取れなかった世帯にも支援が入る可能性もあります。
 
今後の政府の動向について、ニュースでよくチェックしていきましょう。
 
出典
厚生労働省 令和5年国民生活基礎調査 所得
総務省統計局 家計調査 家計収支編 総世帯 詳細結果表 2024年
 
執筆者：FINANCIAL FIELD編集部
ファイナンシャルプランナー
ファイナンシャルフィールド編集部",[],[]
病気がちの母を抱える我が家は、毎月「高額療養費」を申請しています。仮に「制度見直し」になった場合、「自己負担額」はどのくらい高くなりそうですか…？（ファイナンシャルフィールド）,https://news.yahoo.co.jp/articles/4e8fbd47547ddd575a016b0ba6328278b691ace0,https://newsatcl-pctr.c.yimg.jp/t/amd-img/20250426-00010005-ffield-000-1-view.jpg?exp=10800,2025-04-26T11:20:25+09:00,2025-04-26T11:20:25+09:00,ファイナンシャルフィールド,ffield,ファイナンシャルフィールド,1734,"病気がちの母を抱える我が家は、毎月「高額療養費」を申請しています。仮に「制度見直し」になった場合、「自己負担額」はどのくらい高くなりそうですか…？
「高額療養費制度（高額医療費制度）」は、病気やけがなどでかかった医療費の家計への負担を抑えるために設けられている制度です。1ヶ月でかかった医療費が「自己負担上限額」を超えたとき、超えた分の金額が払い戻されます。
▼定年退職時に、「1000万円」以上の貯蓄がある割合は日本でどれくらい？
治療のため、「高額療養費制度」を利用している人もいるでしょう。「高額療養費制度」は、政府によって見直しが議論されています。では、制度が見直されることになった場合、「自己負担額」はどの程度高くなるのでしょうか。この記事では、「高額療養費制度の見直し」が決定した際の「自己負担額」について解説します。
「高額療養費」における「自己負担額」の議論が進んでいる
政府は、令和7年度予算案に「高額療養費制度の見直し」を盛り込んでおり、「自己負担額」の引き上げに関する議論が進められています。2025年8月には引き上げが予定されていたものの、与野党からさらなる見直しを要求する意見が出たため、引き上げは見送られることになりました。

2026年8月以降に予定していた見直しとともに、今年8月の引き上げを再検討し、今年の秋までには結論を出す流れとなっています。
「高額療養費制度の見直し」の具体的な引き上げ幅
財務省が公表した「令和7年度社会保障関係予算のポイント」によると、前回の見直しから平均給与が約9.5％〜約12％の伸び率になったことを考慮したうえで、それぞれ所得の区分を細分化し、区分ごとに「自己負担上限額」の引き上げ幅を設定しています。

●住民税非課税：＋2.7％
●～年収約370万円：＋5％
●年収約370万円〜770万円：＋10％
●年収約770万円〜1160万円：＋12.5%
●年収約1160万円以上：＋15％
「高額療養費制度の見直し」が決定した場合の「自己負担額」はいくら高くなる？
年収が約370万円〜約770万円までの70歳以上で、自己負担割合が3割、100万円の医療費が発生した場合を例としましょう。以下の計算式により、この条件における「自己負担上限額」は8万7430円となります。

8万100円＋（100万円－26万7000円）×1％＝8万7430円
　　
上記と同じ条件で制度が見直されると、引き上げ幅が+10％されるため、「自己負担上限額」は以下の計算式により9万5260円となります。見直し前の金額よりも、7830円負担が増加すると判断できるでしょう。

8万8200円＋（100万円－29万4000円）×1％＝9万5260円
「高額療養費」の「自己負担額」は今後の動向に注視しよう
2017年（平成29年）の8月、2018年（平成30年）の8月と、「高額療養費制度」の「自己負担限度額」は段階的に引き上げられてきました。また、2021年（令和3年）には「マイナ保険証」の運用が始まり、限度額適用認定証がなくても手続きを可能にする変更が加えられています。

こういった流れを踏まえると、「高額療養費制度」に関しては「自己負担額」を含め、今後の動向に注視しておくべきといえるでしょう。
まとめ
「高額療養費制度」は政府によって見直しが議論されており、2025年8月には「自己負担額」の引き上げが予定されていましたが、与野党からの意見で見直しはいったん見送られることになりました。しかし、2025年の秋には結論を出すとされています。

仮に「自己負担額」が引き上げられた場合、年収や自己負担割合によっても変わりますが、「自己負担上限額」は従来よりも高くなると見ていいでしょう。段階的に「自己負担額」が引き上げられてきた制度でもあるため、今後の家計への負担を考え、どういった動きになるのか注視しておきましょう。
 
出典
財務省 社会保障関係予算 令和7年度社会保障関係予算のポイント（18ページ）
 
執筆者：FINANCIAL FIELD編集部
ファイナンシャルプランナー
ファイナンシャルフィールド編集部",[],[]
来年の春に「高校進学」を控える我が子。「高校無償化」が検討されているそうですが、実現するといくらくらいの「負担減」になりますか?（ファイナンシャルフィールド）,https://news.yahoo.co.jp/articles/1d329bcf068711d5c45aada628fcada673d9e7bc,https://newsatcl-pctr.c.yimg.jp/t/amd-img/20250426-00010004-ffield-000-1-view.jpg?exp=10800,2025-04-26T11:10:19+09:00,2025-04-26T11:10:19+09:00,ファイナンシャルフィールド,ffield,ファイナンシャルフィールド,1643,"来年の春に「高校進学」を控える我が子。「高校無償化」が検討されているそうですが、実現するといくらくらいの「負担減」になりますか?
公立・私立を問わず、2025年4月から高校の授業料に充てられる就学支援金の所得制限が撤廃されます。また、私立高校が対象となる加算支給の所得制限も2026年4月から撤廃されるなど、高校無償化に向けた制度が段階的に導入されようとしています。
▼「大学無償化制度」の対象者とは？ 年収要件や注意点を解説
この記事では、制度についてもっと詳しく知りたい方に向けて、概要とどれだけ負担減になるのか、そして制度に関する注意点を解説します。
高校の「授業料無償化」にかかわる「就学支援金制度」の所得制限が段階的に廃止に
高校の授業料無償化にかかわる「高等学校等就学支援金制度」とは、教育の機会均等を目的とし、授業料に充てるための就学支援金を支給して、経済的負担を軽減する制度です。

具体的には、国公私立を問わず授業料に充てるため、年収基準を満たした世帯を対象に国が支援金を支給します。なお、年収基準は一つの目安で、世帯構成によって変わります。以下の基準は、あくまでモデル世帯を想定した基準です。受給資格と現状の受給金額は、表1、表2のようになっています。
 
表1
表1
出典：文部科学省「高等学校等就学支援金制度」を基に筆者作成
 
表2
表2
出典：文部科学省「私立高校授業料実質無償化リーフレット」を基に筆者作成
授業料無償化の実現で「年間11万8800円」もしくは「年間39万6000円」の負担減に
公立・私立を問わず支給されている年間11万8800円にかかわる所得制限が2025年4月に撤廃されれば、公立の授業料は実質無償になります。

2026年4月からは、私立が対象の加算支給の所得制限も撤廃され、さらに上限も年間39万6000円から私立の平均授業料の推移を勘案し、年間45万7000円まで引き上げられる見通しです。

これにより、所得制限で就学支援金制度の対象外だった世帯もすべてが対象となるため、公立で年間11万8800円、私立で年間最大39万6000円の負担減となる可能性があります。
ただし実質無償化されるのは「授業料」のみ
就学支援金の所得制限が段階的に撤廃され、実質的な授業料無償化が実現します。しかし、授業料以外の学習費はこれまで通りのため注意が必要です。

例えば、文部科学省が毎年実施している「令和5年度子供の学習費調査」において、公立高校（全日制）は59万7752円、私立高校（全日制）は103万283円の学習費総額がかかる可能性を示しており、これは決して安い金額ではないでしょう。

中でも、公立の場合は「通学関係費」が学校教育費の27.8パーセント（9万7738円）、「図書・学用品・実習材料費等」が17.7パーセント（6万2292円）を占めています。したがって、既に就学支援金の支給を受けている家庭では、これまで通り授業料以外の学習費総額がかかる場合があるようです。
まとめ
2025年4月と2026年4月に就学支援金の所得制限が段階的に撤廃され、高校生の子どもがいる全世帯が実質的な授業料無償化の対象となります。これにより、所得制限で対象外だった家庭では、公立で年間11万8800円、私立で年間最大39万6000円（2026年4月以降は45万7000円）の負担減となる可能性があるようです。

ただし、無償化されるのは「授業料」のみのため、従来の制度で支給対象となっている家庭では、これまで通り授業料以外の学習費総額がかかる場合があるので注意しましょう。
 
出典
文部科学省
　高等学校等就学支援金制度
　私立高校授業料実質無償化リーフレット
　令和5年度子供の学習費調査 調査結果の概要（1ページ、11ページ）
 
執筆者：FINANCIAL FIELD編集部
ファイナンシャルプランナー
ファイナンシャルフィールド編集部",[],[]
高齢の母がトイレに何度も行くので、夜中は廊下の電気をつけっぱなしにしています。「人感センサー付きLED」に変えたらどれくらい節約できますか？（ファイナンシャルフィールド）,https://news.yahoo.co.jp/articles/dfa90c7277386b4a968600a2856d95f9086f05a5,https://newsatcl-pctr.c.yimg.jp/t/amd-img/20250426-00010003-ffield-000-1-view.jpg?exp=10800,2025-04-26T10:50:19+09:00,2025-04-26T10:50:19+09:00,ファイナンシャルフィールド,ffield,ファイナンシャルフィールド,2044,"高齢の母がトイレに何度も行くので、夜中は廊下の電気をつけっぱなしにしています。「人感センサー付きLED」に変えたらどれくらい節約できますか？
人感センサー付きLEDライトは、人の動きを感知して自動的に点灯・消灯する便利な照明器具です。常時スイッチがオンになっているため消灯時でも待機電力が発生するものの、長時間のつけっぱなしと比較すれば節電につながります。特に白熱電球から切り替える場合は大きな効果が期待できます。
 
そこで今回は、人感センサー付きLEDライトに変えるとどれくらい電気代を節約できるのかと、人感センサー付きLEDライトのメリット・デメリットについても解説をしていきます。導入を検討している方はぜひ参考にしてください。
▼エアコンを「10時間」つけっぱなしだと、電気代はいくらかかる？ 電気代を抑える方法も紹介
人感センサー付きLEDライトは、人の動きを感知して自動的に点灯・消灯する便利な照明器具です。常時スイッチがオンになっているため消灯時でも待機電力が発生するものの、長時間のつけっぱなしと比較すれば節電につながります。特に白熱電球から切り替える場合は大きな効果が期待できます。
 
そこで今回は、人感センサー付きLEDライトに変えるとどれくらい電気代を節約できるのかと、人感センサー付きLEDライトのメリット・デメリットについても解説をしていきます。導入を検討している方はぜひ参考にしてください。
白熱電球から人感センサー付きLEDライトに変えるとどれくらい節約できるのか？
白熱電球から人感センサー付きLEDライトへ変更した場合、どれくらい電気代を節約できるのかを見ていきましょう。
 
次の条件で電気代を比較していきます。

●白熱電球の消費電力：54ワット
●人感センサー付きLEDライトの消費電力：7.8ワット
●人感センサー付きLEDライトの点灯時間：1回30秒
●人感センサー付きLEDライトの点灯回数：1日6回
●人感センサー付きLEDライトの消灯時の待機電力：0.2ワット
●1日の使用時間：8時間
●電気料金単価：31円（税込み）／キロワットアワー

上記条件に当てはめると、白熱電球の1ヶ月の電気代は約402円、消灯時の待機電力とあわせた人感センサー付きLEDライトの1ヶ月の電気代は約4.83円です。
 
人感センサー付きLEDライトの方が1ヶ月で約397円、年間で約4764円節約できることが分かりました。
人感センサー付きLEDライトのメリットとデメリット
白熱電球から人感センサー付きLEDライトへ変えると電気代が節約できる以外にもさまざまなメリット・デメリットがあります。事前に把握しておくことで、より具体的に変更後をイメージしやすくなるので確認していきましょう。
 
■メリット
人感センサー付きLEDライトのメリットは次の通りです。

●スイッチ操作の手間が省ける
●消し忘れによる無駄な電力消費を防ぐ

人感センサー付きLEDライトは、人の動きを感知して自動的に点灯・消灯するため、オンオフスイッチを手動で操作する必要がありません。荷物を持っているときや手が汚れているときでも、照明を快適に利用できます。特に、玄関や廊下、駐車場やトイレなど、頻繁に出入りする場所では利便性が向上するでしょう。
 
■デメリット
一方で、人感センサー付きLEDライトのデメリットは次の通りです。

●点灯・消灯が思い通りにいかないことがある
●種類豊富でどれにしたらよいか迷うことがある

人感センサーライトは人の動きを感知して電気をつけているため、つけたいときにつかない、逆につけたくないときにつくなどの事象が起こることもあります。また、センサーの種類によってセンサーの範囲や明るさなどさまざまな種類があるため、どの種類にするか迷うことがあるかもしれません。
白熱電球から人感センサー付きLEDライトに変えると年間で約4764円の節約が期待できる
白熱電球から人感センサー付きLEDライトに変えると1ヶ月で約397円、年間で約4764円電気代を節約できることが分かりました。これには、人感センサーライトの消灯時の待機電力も含まれています。
 
電気代の節約のほかにも、人感センサー付きLEDライトに変更すると、オンオフの手間が省けるなどのメリットがあります。一方デメリットとしては、つけたいときに電気がつかないことがあったり、種類豊富なために迷ったりするケースも考えられるでしょう。

メリット・デメリットを理解したうえで、設置場所や用途に応じて適切な製品を選ぶことで、上手に電気代を節約することが重要です。
 
出典
公益社団法人全国家庭電気製品公正取引協議会 よくある質問カタログなどに載っている電力料金の目安単価とは何ですか？
 
執筆者：FINANCIAL FIELD編集部
ファイナンシャルプランナー
ファイナンシャルフィールド編集部",[],[]
派遣社員として働きながら、土日に副業で収入を得ています。年間で「20万円」を超えると確定申告が必要と聞いたのですが、本当に税金を払うことになるのでしょうか？（ファイナンシャルフィールド）,https://news.yahoo.co.jp/articles/5056448e7f4b8683a6c38f6b12989559e06c2c34,https://newsatcl-pctr.c.yimg.jp/t/amd-img/20250426-00010002-ffield-000-1-view.jpg?exp=10800,2025-04-26T09:10:20+09:00,2025-04-26T09:10:20+09:00,ファイナンシャルフィールド,ffield,ファイナンシャルフィールド,1400,"派遣社員として働きながら、土日に副業で収入を得ています。年間で「20万円」を超えると確定申告が必要と聞いたのですが、本当に税金を払うことになるのでしょうか？
副業で収入を得る方が増える中、「副業収入が年間20万円を超えると確定申告が必要」と聞いて不安に感じている方も多いのではないでしょうか。また、20万円以下でも住民税の申告が必要なのか、収入と所得の違いは何かなど、税金に関する疑問は尽きません。
 
本記事では、副業収入に関する税金のルールや確定申告の必要性、手続き方法などをわかりやすく解説します。
▼扶養内で働いてるけど、労働時間が「週20時間」を越えてしまった！「社会保険」に加入する必要はある？
副業収入が年間20万円を超えたら確定申告が必要？
副業で得た所得が年間20万円を1円でも超える場合、所得税の確定申告が必要です。所得とは、収入から必要経費を差し引いた金額を指します。
 
例えば、副業で年間30万円の収入があり、必要経費が15万円かかった場合、所得は15万円となり、確定申告の必要はありません。しかし、所得が20万円を超える場合は、確定申告を行い、所得税を納める必要があります。
副業収入が20万円以下でも住民税の申告は必要？
所得税の確定申告が不要な場合でも、住民税の申告が必要なケースがあります。住民税には、所得割と均等割の2種類があり、所得割は所得に応じて課税され、均等割は一定額が課税されます。
 
副業による所得がある場合、たとえ20万円以下であっても、住民税の申告を行う必要があります。申告を怠ると、住民税の未納となり、後日追徴課税される可能性もあるため、注意が必要です。
副業の収入と所得の違いとは？
「収入」とは、個人事業主なら売上総額、給与所得者なら源泉徴収前の額面金額を指します。一方、「所得」とは、個人事業主は収入から経費を差し引き、給与所得者は収入から給与所得控除を適用して所得を計算します。
 
例えば、副業で年間50万円の収入があり、必要経費が30万円かかった場合、所得は20万円です。確定申告の必要性を判断する際は、収入ではなく所得の金額で判断することが重要です。
確定申告の手続き方法と注意点
確定申告は、毎年2月16日から3月15日までの間に行います。申告方法は、税務署に直接提出する方法や、e-Taxを利用してインターネットで申告する方法があります。副業の所得が20万円を超える場合は、確定申告書を作成し、必要書類を添付して提出します。
 
また、住民税の申告が必要な場合は、お住まいの市区町村の役所で手続きを行います。申告を怠ると、延滞税や加算税が課される可能性があるため、期限内に正しく申告することが大切です。
まとめ
副業で収入を得る際は、所得税や住民税の申告義務を正しく理解し、適切に対応することが重要です。所得が20万円を超える場合は、確定申告を行い、所得税を納める必要があります。
 
また、所得が20万円以下でも、住民税の申告が必要なケースがあるため、注意が必要です。収入と所得の違いを理解し、必要な手続きを行うことで、税金に関するトラブルを未然に防ぐことができます。
 
出典
国税庁 スマホで確定申告（副業編）
 
執筆者：FINANCIAL FIELD編集部
ファイナンシャルプランナー
ファイナンシャルフィールド編集部",[],[]
4月に引っ越した「町田市」は「ごみ袋が有料」です。「世田谷区は無料」だったのですが、年間ではいくらくらいの「負担増」になりそうですか？（ファイナンシャルフィールド）,https://news.yahoo.co.jp/articles/eca9fe963f033d643fe24de5d35fa92f5f462be5,https://newsatcl-pctr.c.yimg.jp/t/amd-img/20250426-00010001-ffield-000-1-view.jpg?exp=10800,2025-04-26T08:40:26+09:00,2025-04-26T08:40:26+09:00,ファイナンシャルフィールド,ffield,ファイナンシャルフィールド,1806,"4月に引っ越した「町田市」は「ごみ袋が有料」です。「世田谷区は無料」だったのですが、年間ではいくらくらいの「負担増」になりそうですか？
近年、廃棄物削減のため、ごみ袋を有料化する自治体が増えています。ごみ袋を有料化している自治体に引っ越した人の中には、経済的な負担がどのくらい増えるのか心配している人もいるかもしれません。
 
本記事では、ごみ収集を有料化している自治体の割合やごみ袋の有料化が進む背景、年間でかかるごみ袋の費用目安を解説します。
▼町内会費の支払いを拒否したら「今後ゴミを捨てるな」と言われた！ 本当に従う必要はあるの？
ごみ収集を「有料化」している自治体が増えている
環境省の2022年度の調査によると、生活系ごみ（粗大ごみを除く）の収集を有料化している市区町村は1162市区町村で66.7％でした。環境省の2018年度の同調査では、1134市区町村で65.1％であったことを考えると、ごみ収集を有料化している自治体が徐々に増加しているといえます。
廃棄物削減のためごみ袋の有料化が進んでいる
多くの自治体では、有料の指定ごみ袋を使用することが求められ、ごみの排出量に応じて処理費用を一部負担する仕組みが導入されています。

ごみ袋の有料化が進んでいる背景は、廃棄物削減にあります。地球温暖化への対策や自然共生社会の実現を目指すため、国は自治体に対してごみの量の把握や廃棄物削減の取り組みを行うように求めるようになりました。自治体はその一環として、ごみ袋の有料化を展開しているのです。
 
住民が指定ごみ袋を使用することで、ごみの量を把握しやすくなるだけでなく、住民の分別の促進や環境への意識向上につながる点もメリットです。また、再生利用しやすい指定ごみ袋を設計し、リサイクルにつなげているケースもあります。

さらに、廃棄物削減は焼却場や最終処分場の負担軽減につながる点もポイントです。補修や再建にかかる費用が抑えられれば、自治体の財政負担も軽くなるため、住民サービスの向上や地域経済の活性化につなげられる可能性もあります。
有料ごみ袋の価格は自治体によって異なる
有料ごみ袋の価格は自治体によって異なります。西東京市の2022年10月1日時点の資料を基に、東京都26市における有料ごみ袋の価格相場を表1にまとめました。
 
表1
表1
出典：西東京市「東京都26市 一般廃棄物処理手数料（家庭ごみ）の状況」を基に筆者作成
 
町田市によると、燃やせるごみ専用袋および燃やせないごみ専用袋はそれぞれ40リットル相当（大袋）で1枚あたり64円です。前述の環境省による2022年度の調査によると、1人1日あたりの家庭系ごみ排出量は496グラムであるため、年間では単純計算で181.04キログラムとなります。
 
40リットルのごみ袋に入る重さを約4キログラムとして計算した場合、年間の必要枚数は1人あたり約45.26枚です。ごみ袋が有料になったことで増える負担は年間で約2896.64円、1ヶ月あたり約241.4円となります。なお、ごみ袋の容量に余裕を持たせた場合は必要枚数が多くなるため、費用もさらにかかるでしょう。
まとめ
ごみの量の把握や廃棄物削減のために、一部の自治体ではごみ袋の有料化が進められています。環境省の2022年度の調査によると、生活系ごみ（粗大ごみを除く）の収集を有料化している市区町村は1162市区町村で66.7％でした。
 
有料ごみ袋の価格は自治体によって異なりますが、一例として西東京市の資料によると、東京都26市における40リットルのごみ袋はおよそ60～80円です。一般的に1人あたり40リットルのごみ袋は年間で約45枚必要になる可能性があるため、年間で約2900円の費用がかかる計算です。経済的な負担は世帯によって異なりますが、無視できない出費となるでしょう。
 
出典
環境省 一般廃棄物の排出及び処理状況等（令和4年度）について（1ページ、17ページ）
環境省 一般廃棄物の排出及び処理状況等（平成30年度）について（17ページ）
西東京市 東京都26市 一般廃棄物処理手数料（家庭ごみ）の状況
町田市 家庭ごみは市の指定収集袋で出してください
 
執筆者：FINANCIAL FIELD編集部
ファイナンシャルプランナー
ファイナンシャルフィールド編集部",[],[]
相続した土地は「3年以内」に売ったほうがお得って本当？（ファイナンシャルフィールド）,https://news.yahoo.co.jp/articles/a799360e1f4160fc70410c1e4f6ba598da3c91c4,https://newsatcl-pctr.c.yimg.jp/t/amd-img/20250426-00010000-ffield-000-1-view.jpg?exp=10800,2025-04-26T08:30:02+09:00,2025-04-26T08:30:02+09:00,ファイナンシャルフィールド,ffield,ファイナンシャルフィールド,2916,"相続した土地は「3年以内」に売ったほうがお得って本当？
相続によって不動産を引き継いだものの、活用方法が見いだせず、売却を考える方は少なくありません。
 
相続した土地を売るのであれば「3年以内に」売ったほうがいいという話を聞いたことがある人もいるかもしれませんが、どういうことなのかご存じでしょうか。実は、税制上の特例を活用できる可能性があるためです。
 
本記事では、相続財産を売却（譲渡）した場合の特例について解説するとともに、売却せず長期保有する場合の注意点についてもお伝えします。
▼亡くなった母が私名義で「500万円」を遺してくれていた！ 名義は自分でも「相続税」はかかる？
相続財産としての不動産の現状
国税庁の「令和5年分相続税の申告事績の概要（令和6年12月）」によると（※1）、相続により引き継ぐ財産は、被相続人（亡くなられた方）の自宅を含め土地や家屋など不動産の占める割合が現金や預貯金等を上回ります（図表1参照）。
図表1
＜図表1＞

しかし、不動産は、現金や有価証券と異なり、すぐに分割や処分が難しい資産です。土地や建物を引き継いでも相続人が居住するなどの予定がなければ、管理や税負担の観点から売却を検討するのは自然な流れかもしれません。
 
ただし、相続発生からしばらくは、届け出や申告などやらなければならないことも多く、引き継いだ不動産の処分は後回しになりがちです。
 
とはいえ、売却のタイミングによっては、税負担に大きな影響を与えかねません。一般的には、相続した土地を売却するのであれば、相続から「3年以内」がお得といわれています。
相続した土地を3年以内に売るメリット
通常、不動産を売却した場合、売却益（譲渡所得）に対して 所得税・住民税（保有期間により合計約20～39％） が課税されます。
 
その他に、売買契約書に貼付する印紙税や登録免許税（相続登記時に済んでいる場合には不要）、固定資産税（一般的に、売却する年の分を日割りで精算）のほか仲介手数料などの費用がかかります。
 
※実際には、所得税と併せて復興特別所得税（基準所得税額×2.0％）が課税されます。
 
相続後3年以内の売却がお得といわれる理由として、「相続財産の譲渡所得税の特例（取得費加算の特例）」または「被相続人の居住用財産（空き家）に係る譲渡所得の特別控除の特例」の適用が考えられます。

■「相続財産の譲渡所得税の特例（取得費加算の特例）」
売却益は、基本的に売却価格から取得費と譲渡費用を差し引いて計算しますが、相続した不動産については、一定の条件を満たせば、相続時に支払った相続税のうち、対象不動産にかかった相続税相当額を取得費に加算できるため、この特例を活用することで、売却時の譲渡所得を抑えられる可能性があります。
 
結果として税負担が軽減されるのです（※2）。

適用条件（国税庁「No.3267 相続財産を譲渡した場合の取得費の特例」より）
（1）相続や遺贈により財産を取得した者であること
（2）その財産を取得した人に相続税が課税されていること
（3）その財産を、相続開始のあった日の翌日から相続税の申告期限の翌日以後3年を経過する日までに譲渡していること

あくまでも、相続税相当額を取得費に加算する特例であるため、相続税を支払っていない場合には適用されません。

■「被相続人の居住用財産（空き家）に係る譲渡所得の特別控除の特例」
被相続人（亡くなられた方）が居住用として利用していた土地や家屋を相続や遺贈により引き継いだ場合、平成28年4月1日から令和9年12月31日までの間に売却し、一定の要件に当てはまるときは、譲渡所得の金額から最高3000万円（注）を差し引くことができます（※3）。
 
（注）相続または遺贈により取得した相続人の数が3人以上である場合は、2000万円までとなります。

適用要件（国税庁「No.3306 被相続人の居住用財産（空き家）を売ったときの特例」より）
イ 昭和56年5月31日以前に建築されたこと
ロ 区分所有建物登記がされている建物でないこと
ハ 相続の開始の直前において被相続人以外に居住をしていた人がいなかったこと
 
独り暮らしをしていた被相続人が亡くなり、空き家となった場合などが該当します。ただし、区分所有建物であるマンションには適用されません。
 
どちらの特例を活用するかは、相続税の発生の有無、売却益が3000万円を超えるかといった事情によります。特例の併用はできないため、状況に応じて選択を検討する必要があります。
 
その他、期限や耐震基準など適用要件を確認する必要があります。詳しくは、国税庁Webサイトを参照してください。
3年超え・長期保有の場合の注意点
特例の適用期間を過ぎると、通常の譲渡所得税が課せられます。さらに、長期にわたり不動産を保有することで、以下のようなリスクや負担が生じる可能性があります。

●固定資産税・維持管理コストの負担
不動産を保有する限り、固定資産税や都市計画税の支払いが続きます。また、空き家や空き地の場合には、防犯や老朽化対策、雑草の管理など維持費も発生する場合があります。

●不動産価格の変動リスク
不動産の市場価格は変動するため、売却のタイミングによって損益も変動します。場所によっては、地方の土地は人口減少に伴い資産価値が下がることが懸念されるともいわれていますが、実際には、売却のタイミングを計ることは難しいのが現状です。

●相続人間のトラブル
共有名義にしたような場合、そのまま長期間放置すると、時間の経過とともに相続人の代替わりが発生し、権利関係がさらに複雑化する可能性があります。
まとめ
相続により引き継いだ財産を売却する場合、引き継いだ相続人は、売却により得た利益を「譲渡所得」として確定申告を行い、譲渡所得税を納税する必要があります。また確定した所得に対し、翌年の住民税が計算されます。
 
通常の譲渡と異なり、相続した不動産の売却を検討する際は、「取得費加算の特例」もしくは「空き家の譲渡所得3000万円控除」など特例を活用することで税負担の軽減効果が得られます。
 
ただし、適用には期限があり、相続財産の売却は「3年以内」がお得といわれるのは、その適用期間内の売却を意味します。相続税を支払った後の譲渡所得税の負担軽減とともに、空き家のまま放置することの社会的課題の解決という観点からも、活用しない不動産であれば、早めの売却などを検討したいところです。
 
いずれにしても、早めに税理士や不動産の専門家に相談し、最適な解決策を見極めたいものです。

出典
（※1）国税庁 令和5年分相続税の申告事績の概要（令和6年12月）
（※2）国税庁 No.3267 相続財産を譲渡した場合の取得費の特例
（※3）国税庁 No.3306 被相続人の居住用財産（空き家）を売ったときの特例
 
執筆者：大竹麻佐子
CFP(R)認定者・相続診断士
ファイナンシャルフィールド編集部",[],[]
