headline,mainEntityOfPage,image,datePublished,dateModified,author,media_en,media_jp,str_count,body,images,external_links
『ポケモンレジェンズZ-A（ゼットエー）』2025年秋に発売決定。メガシンカやキャラクター、バトルシステムが明らかに。最初の3匹はチコリータ、ポカブ、ワニノコ（ファミ通.com）,https://news.yahoo.co.jp/articles/e245e8cf2c2fee73fea31fb9557923e88fc69c82,https://newsatcl-pctr.c.yimg.jp/t/amd-img/20250227-00034994-famitsu-000-4-view.jpg?exp=10800,2025-02-27T23:30:00+09:00,2025-02-28T01:07:37+09:00,ファミ通.com,famitsu,ファミ通.com,2820,"(写真: ファミ通.com)
2025年2月27日（木）23時から配信された、『ポケモン』関連の最新情報を公開する番組“Pokémon Presents 2025.2.27（ポケモンプレゼンツ）”。本番組にて『Pokémon LEGENDS Z-A』（ポケモンレジェンズゼットエー）が2025年秋に発売されることが発表された。
【記事の画像(67枚)を見る】
『ポケモンレジェンズ』シリーズの最新作で、『ポケットモンスター X・Y』のミアレシティが舞台となる。初公開時の映像では、都市再開発構想“ミアレシティ”やメガシンカのマークが映し出されるほか、ギルガルドやニンフィアなどのポケモンも確認できた。

　2024年2月27日（火）23時に配信されたポケモンプレゼンツで初公開されてから長らく続報がなかったが、今回のポケモンプレゼンツで最新情報が明らかとなった。

2025年秋発売決定。最新映像は公開！

　『Pokémon LEGENDS Z-A』の発売日が、2025年秋に決定した。また、最新情報をまとめた特別映像がポケモン公式YouTubeチャンネルでにて公開中。

都市再開発が進む“ミアレシティ”での新たな物語

　冒険の舞台は、人とポケモンが共存する街を目指し、都市再開発が進む“ミアレシティ”。2013年に発売された『ポケットモンスターＸ』『ポケットモンスターＹ』に登場するミアレシティと比べてみると、街中には草木が増え、最新のテクノロジーを感じさせる設備が垣間見れる。

　カフェやレストラン、お店が立ち並ぶパサージュなどの人が暮らす空間と、緑豊かな公園や水辺などの自然が共存するミアレシティ。街の中心にはシンボルとなるプリズムタワーがそびえたっている。

旅行でミアレシティに訪れ……

　旅行でミアレシティを訪れた主人公は、“ホテルZ”という古びたホテルに滞在することに。ここを拠点としながら、ミアレシティで出会う仲間たちとともに、街で起こるさまざまな出来事や事件に挑む。

野生のポケモンたちが生息する“ワイルドゾーン”

　大企業のクエーサー社により都市の再開発が進むミアレシティには、ポケモンとの共存を目的としてつくられた“ワイルドゾーン”が存在。最新技術により整備されたこの区画には野生のポケモンたちが生息しており、戦ったり、モンスターボールを投げて捕まえたりすることが可能だ。

ポケモンを仲間にしよう

　“ワイルドゾーン”やミアレシティ内に生息している野生のポケモンは、狙いを定めてモンスターボールを投げることで捕まえることができる。モンスターボールに入ったポケモンが中から飛び出してこなければ成功。

　こちらに気づくとすぐに逃げてしまうポケモンには、物陰に隠れたり、背後から近づいたりすると気づかれにくくなるようだ。また、戦ってポケモンの体力を減らすことで、捕まえやすくなる。

シリーズ初、ポケモンとトレーナーがリアルタイムで行動する戦闘

　『Pokémon LEGENDS Z-A』の戦闘では、これまでの『ポケットモンスター』シリーズのようにポケモンが1ターンに1回行動するのではなく、ポケモンとトレーナーがともに移動しながら、トレーナーの指示によりポケモンが技をくり出す。

　タイプ相性に加え、ポケモンの交代や技選択のタイミング、技の届く範囲やくり出すまでのスピードといった新たなゲーム性が加わり、これまでにないポケモン勝負を楽しめるようになっている。

物語に登場する人物やポケモンたち

主人公

　旅行でミアレシティを訪れた主人公は、仲間たちと出会い、街で起こるさまざまな出来事や事件に挑むことになる。

冒険のはじまりにパートナーとなるポケモンたち

　ミアレシティに旅行にやってきた主人公は、とある出来事を経て冒険のパートナーとなるポケモンを仲間にし、ポケモントレーナーになる。チコリータ、ポカブ、ワニノコの3匹の中から選べるようだ。

チコリータ:

ポカブ:

ワニノコ:

ミアレシティで出会う人々とポケモン

ガイ＆タウニー:

　ホテルZで住み込みで働きながら、オーナーのサポートをしている。たまに強引なところもあるが、人やポケモンを助けるのが好きな性格で、ポケモン勝負の腕も中々。

※ゲームを始めるときに選択した主人公の見た目に応じて、ガイもしくはタウニーが登場します。

AZ:

　身長約3mにも及ぶ長身の男性。自称3000歳で、ホテルＺのオーナー。強い覚悟と意思を内に秘めているようだ。

フラエッテ（えいえんのはな）:

　ほかのフラエッテとは姿が異なり、黒い花を持っている。また、3000年生きているという話も。AZといつもいっしょに行動している。

ジェット:

　ポケモンと暮らす街を目指し、ミアレシティの都市再開発を進めている大企業、クエーサー社の社長。ポケモンと人のキズナをより深めたいと考えている。

マスカット:

　サングラスをかけた大柄の人物。クエーサー社でジェットの秘書をしている。いつも忙しそうにしているが、仕事が速いと評判。

伝説のポケモン“ジガルデ”

　複数の細胞のようなものでできており、それらがどのくらい集まったかによって、姿を変える。わずかしか存在しない“コア”がジガルデの脳となり、たくさん存在している“セル”が脳以外の部分を構成する。どうやら主人公のことを気にかけているようだが、果たして物語にどのように関わってくるのだろうか。

10％フォルム

50％フォルム

パーフェクトフォルム

カギを握る“メガシンカ”が復活

　ミアレシティでは、進化を超えた進化“メガシンカ”が度々見かけられる。このメガシンカをどのように使いこなすのかが、勝負のカギを握ることになるようだ。

勝負の勝敗を大きく左右する、“メガシンカ”とは？

　メガシンカとは、一部のポケモンのみが可能な、進化の限界を超えたさらなる進化。ポケモンが秘めたパワーを一時的に解放することで、通常の進化を上回るパワーアップを遂げる。メガシンカしたポケモンは見た目が変わり、さらに中にはタイプが変わるポケモンも存在する。

　トレーナーとポケモンのあいだに強いキズナがある時、トレーナーが身に着けている“キーストーン”と、ポケモンの持つ“メガストーン”が共鳴することで、“メガシンカ”することができます。主人公は“キーストーン”が埋め込まれた“メガリング”を身に着けます。キーストーンを別の形で身に着けているトレーナーもいるようです。

メガシンカポケモンたち

　メガシンカポケモンの一部を紹介。

メガリザードンＸ

メガリザードンＹ

メガガルーラ

メガデンリュウ

メガサーナイト

メガヤミラミ

メガチルタリス

メガアブソル

メガルカリオ",[],[]
PlayStation VR2が3月10日から価格改定。日本では6万6980円に（ファミ通.com）,https://news.yahoo.co.jp/articles/c4baceb96101e9a2d969c48b4b66aad064f6eff3,https://newsatcl-pctr.c.yimg.jp/t/amd-img/20250227-00035048-famitsu-000-4-view.jpg?exp=10800,2025-02-27T22:43:00+09:00,2025-02-27T22:53:28+09:00,ファミ通.com,famitsu,ファミ通.com,405,"(写真: ファミ通.com)
プレイステーション5用VRヘッドセットのPlayStation VR2が、2025年3月10日より価格改定されることが発表された。新価格は6万6980円[税込]。また『Horizon Call of the Mountain』同梱版も6万6980円[税込]となっている。

　PlayStation VR2は2023年2月22日発売。PlayStation VR2 Senseコントローラーやヘッドセット本体に組み込まれたハプティクス機能、3Dオーディオ機能、視線トラッキングの利用など、プレイステーション5の技術や蓄積を応用した先進的な機能を採用しているのが特徴のひとつ。

　また、Steam VRに対応させるPCアダプターが別売りで提供されているほか、アップデートによりプレイヤーが自身の手を操作に使えるハンドトラッキング機能（※ゲーム側の対応が必要）なども追加されている。",[],[]
東京都庁に『モンスターハンターワイルズ』“鎖刃竜”アルシュベルドと“煌雷竜”レ・ダウが襲来！ ド迫力の縄張り争いをARで没入体験（ファミ通.com）,https://news.yahoo.co.jp/articles/7deeece45af776a901b4cea992ab8488b1abef96,https://newsatcl-pctr.c.yimg.jp/t/amd-img/20250227-00034939-famitsu-000-2-view.jpg?exp=10800,2025-02-27T19:32:00+09:00,2025-02-27T19:32:52+09:00,ファミ通.com,famitsu,ファミ通.com,1533,"東京都庁に『モンスターハンターワイルズ』2大モンスターが襲来！ アルシュベルドとレ・ダウの激闘をARで没入体験
いよいよ2025年2月28日（金）に発売を迎える、人気ハンティングアクションシリーズ最新作『モンスターハンターワイルズ』。最先端XR技術を活用して、そんな同作の世界への“没入体験”が楽しめるイベント“『モンスターハンターワイルズ』AR 都庁襲来”が、2025年3月3日（月）～16日（日）の期間、東京都庁第一本庁舎前都民広場にて開催されることに。
【記事の画像(14枚)を見る】
本稿では、これに先んじて2025年2月27日に実施された事前体験会の模様をリポートする。

　“『モンスターハンターワイルズ』AR 都庁襲来”は、小田急電鉄が東京都事業“西新宿先端サービス実装・産官学コンソーシアム”にて代表を務める“地域の魅力向上に向けたXRの都市実装検討分科会”活動の一環として開催するイベント。カプコンの企画協力・監修のもと、都庁周辺で2体のモンスターが争い合う迫力のAR体験を、スマートフォンアプリ“XR CHANNEL”を通して誰でも無料で楽しめる企画となっている。

　担当者によると、高精度なVPS（Visual Positioning Systemの略、画像情報を利用した位置特定システム）技術を保有するSoVeC（ソベック）株式会社を本企画のパートナーとして分科会に迎えることで、現実の風景にARで表現されたモンスターが溶け込む、没入感のあるAR体験を実現したという。

　体験方法は非常に簡単で、まずは自身のスマートフォンにアプリ“XR CHANNEL”をダウンロードする。そうして“XR CHANNEL”を起動し、都庁にかざすと、『モンスターハンターワイルズ』に登場する2体の新モンスター、アルシュベルドとレ・ダウが出現。東京都庁都民広場を舞台に縄張り争いをくり広げるさまを堪能できる……といった内容だ。それぞれの詳細は以下の通り。

“鎖刃竜”アルシュベルド
　調査隊が“白の孤影”と呼ぶ、鎖のような独特の形状をした翼が特徴のモンスター。別名は“鎖刃竜（さじんりゅう）”。絶滅種として認識されており、その生態は謎に包まれている。

“煌雷竜”レ・ダウ
　隔ての砂原、その生態系の頂点に君臨する飛竜種。大規模な落雷を伴う砂嵐に適応しており、目撃例も同気候時のものが多い。高い帯電能力で増幅された放電攻撃は極めて危険。“煌雷竜（こうらいりゅう）”とも呼ばれる。

　ARを鑑賞中、スマホをかざしたままモンスターに近づけば、大迫力の戦闘を間近で撮影（写真／動画）することも可能。都庁の上空を飛び回る姿も真下から撮影できるようになっている。

　さらにコンテンツの体験後、画面上に表示されるアンケートに答えると『モンスターハンターワイルズ』公式ステッカーがもらえる特典GETキャンペーンも実施。

　ほかにも、“
#都庁モンハンワイルズ
”をつけて体験の感想をXにポストすると、抽選で豪華賞品が当たるハッシュタグキャンペーンや、公式Xアカウント@odakyu_xrをフォローし、キャンペーン投稿をリポストするだけで『モンスターハンターワイルズ』デザインDualSenseコントローラーが抽選で当たるフォロー＆PRキャンペーンといった、お得なプレゼント企画も展開している。

　ARコンテンツを楽しんだ後はこれらのキャンペーンにも応募して、さまざまな激レアアイテムを手に入れよう。

『モンスターハンターワイルズ』AR 都庁襲来

・日時：2025年3月3日（月）～3月16日（日）　10:00～16:30
・場所：東京都庁第一本庁舎前都民広場",[],[]
"『泥舟と罪人』猟奇殺人が出る前に試遊が終わったけど続きが気になりすぎる。未来的なUIの""捜査している感""が楽しい。デスゲーム×サスペンス【東京ゲームダンジョン7】（ファミ通.com）",https://news.yahoo.co.jp/articles/c7b7ecd4c5cdf9949ab7e2609ec43651fab41998,https://newsatcl-pctr.c.yimg.jp/t/amd-img/20250227-00034829-famitsu-000-2-view.jpg?exp=10800,2025-02-27T17:00:00+09:00,2025-02-27T17:00:00+09:00,ファミ通.com,famitsu,ファミ通.com,2440,"(写真: ファミ通.com)
2025年2月15日、浜松町にて開催された東京ゲームダンジョン7。その中に、ひと際イラストが好みだったので試遊したタイトルがある。
【記事の画像(23枚)を見る】
それが本稿で紹介する『泥舟と罪人』である。

未解決事件を巡る、近未来が舞台のデスゲーム×サスペンスサウンドノベル

　ざっくり先に結論を書いてしまうと「絵もよかったしUIも超よかった。早く製品版やりたい」である。この後に続く文章はこの結論にいたるまでの道程としてお読みいただきたい。

　まず、本作はテキストアドベンチャーだ。小説を読み進めていくように物語が進んでいく、アクション要素が（基本的には）少ないジャンルのゲームとなっている。

出てくるキャラクターの顔がよすぎる。

出てくるキャラクターの顔がよすぎる（二度目）。
　物語はとある未解決事件、閉鎖されたゴーストタウン――“旧帝都 クロガネジマ”で起きた猟奇連続殺人に端を発する。事件の発生から5年後である2041年、両親を失った木咲琴葉が探偵事務所を訪れ、探偵である高良真哉へと「両親を殺した犯人を見つけてほしい」と依頼をする。

　……というところで試遊版は終了となった。あれ？

試遊版ラストシーン一歩手前ぐらいのところ。この“お願い”を伝えるまでが試遊範囲だった。
　そう、今回の試遊版ではまったく猟奇殺人事件自体は出てこない。物語としては、猟奇殺人事件に関わった人物の証言→依頼までなので、プロローグもプロローグの時点で終了となっていた。

　ただ、それでもこの作品が「すげー気になる！」と思ってしまったのは、ひとえに絵の強さとUIの丁寧さ、そしてワクワクする設定がこの体験版の随所に散りばめられていたからである。

左が探偵である高良真哉。右が依頼人、木咲琴葉。出てくるキャラクターの顔がよすぎる（三度目）。

キャラクターの能力値（照明の照り返しで少々見づらいが）。見せかたがスタイリッシュ。

こういう資料とかもあった。“設定”が三度の飯より好きなのでこういうのがたまらん。
　この試遊版、キモとなるのは探偵事務所に入ってからの“部屋を物色するパート”だった。探偵がコーヒーを淹れるために席を外しているあいだ、プレイヤーは琴葉を操作して部屋を存分に調べることができたのである。

　それがもう楽しくて楽しくて。

この部屋を好きに探索していい。まずはどこから調べようか。

探索時は気になるところをクリックして、なにをするかのアクションを選択して……という感じ。
　探偵がライセンス制で、警察の捜査課よりも上位の権限を持つという設定が明かされたり、「紙タバコ用の灰皿があるなー」と思って調べると“有毒タバコ”用の灰皿だという琴葉の独白が聞けたり。見るだけ、触るだけで未知のものがどんどん出てきておもしろい。2041年にもなると紙タバコって有毒タバコって言われているんだ。というか、まだ嗜好品として存在してるんだ……。

高良がいろいろとすごい経歴持ちであることなどが語られる。探偵のライセンスを取るのは非常に難関なのだとか。

件の有毒タバコ。琴葉の父は吸っていたらしい。
　サイドボードの上に置かれていた猫のぬいぐるみを調べると、どうやらレアものらしいことが発覚。さらに机の上に平積みされていた書籍を調べると、“猫がよろこぶ生活の極意”に“猫後翻訳図鑑”などが置かれていた。

　このあたりから「高良ってネコ好きなんだな」と、なんとなく人格がわかるのもおもしろい。まあでもわかる。ネコはかわいい。

このねこちゃん、レアらしい。かわいい。

にしてもすごい本である。猫語翻訳図鑑、気になる。
　この画面では基本的にマウスのクリックだけで進んでいくのだが、かなり“探索している感”の強い手触りだったのも好みだった。最初は選べない選択肢も、別の行動をしたり、違うものを調べたりすることで選択肢が解放されていくのも“キャラクターの思考が進んでいく”感じがしておもしろい。

名刺を見ただけだとちょっと思い出せない。そうすると“Idea”が進行度50%の状態でロックされてしまう。

というわけで、別の選択肢を選び自分の端末を確認。すると知り合いの刑事と関係があることがわかる。

するとIdeaのロックが解除。高良が「警察経由の仕事しか受けていないのでは？」という発想へ行き着いた。
　手触りもいい感じで、かつ絵に力があり、UIもわかりやすい。物語としてはまだまだ序章なのでシナリオについてあまり深く言及はできないが、文章自体も続きが気になるような、引き込まれるものであったことは間違いない。

　しかもなによりおもしろそうなのが、このゲームは別に“ミステリーじゃない”というところである。

　作者である四宮のん氏が、ご自身のブースで配布しているパンフレットによると、本作は“ゴーストタウン×デスゲーム×サスペンス”。証拠を集めて推理を行うミステリーではなく、推理の道筋はつねに惑い続ける――とのことだ。

　未解決事件に関わる11名、その全員を巡る人間ドラマを見ていく……という感覚に近いのだろうか。正直触った感じはめちゃくちゃにミステリーアドベンチャーゲームという感じだったので、このゲームがどういう結末を迎えるのかは非常に気になるところではある。

会場で配られていたパンフレットにも使われていたこのイラスト。いま見てみると不穏な文字しかない。
　パンフレットではかなり物騒な……というか、闇しか感じない文言が連なっているが、製品版で琴葉がどういう行動を起こすのか、いまから楽しみでならない。

　そんな気になるところだらけの『泥舟と罪人』。Steamで配信予定ではあるものの、ストアページはまだ存在していないため、続報が気になる方は、ぜひとも四宮のん氏のX（旧Twitter）をチェックしてみてほしい。",[],[]
『幻想水滸伝』最新情報を伝えるウェブ番組が3月4日8時より配信。『1＆2 HDリマスター』発売2日前のタイミングで（ファミ通.com）,https://news.yahoo.co.jp/articles/a94988239555171f34501f7e6a0d5513eec92b7f,https://newsatcl-pctr.c.yimg.jp/t/amd-img/20250227-00034967-famitsu-000-2-view.jpg?exp=10800,2025-02-27T16:01:00+09:00,2025-02-27T16:01:00+09:00,ファミ通.com,famitsu,ファミ通.com,705,"(写真: ファミ通.com)
KONAMIは、『幻想水滸伝』の最新情報を伝えるウェブ番組を、2025年3月4日8時より配信する。配信はプレミア公開を予定しており、アーカイブ視聴にも対応している。
【記事の画像(1枚)を見る】
配信日は『幻想水滸伝 I&II HDリマスター 門の紋章戦争 / デュナン統一戦争』の発売目前（2025年3月6日）となるタイミングで実施。記事執筆時点では、詳しい放送内容については不明となっている。

　Nintendo Switch、プレイステーション5（PS5）、プレイステーション4（PS4）、Xbox Series X|S、Xbox One、PC（Steam、Windows、Epic Games Store）向けに展開される『1＆2 HDリマスター』は、1995年にプレイステーション（PS）用ソフトとして発売された『幻想水滸伝』と、1998年にPSで発売されたシリーズ2作目『幻想水滸伝II』をHDリマスター化したもの。中国の古典小説『水滸伝』をモチーフに、“紋章”を宿す者の宿命を描いたオリジナルRPGだ。

　なお後に続くシリーズには、2002年から2006年にかけて展開したナンバリング作『幻想水滸伝III』～『V』や、2012年に発売したPSP用ソフト『幻想水滸伝 紡がれし百年の時』などが存在する。

　また、シリーズプロデューサーを務める内藤塁氏は、過去に東京ゲームショウ2024ステージなど公の場で「この作品を第一歩にしたい。できれば次のステップに踏み出したい」とコメントを残していた。続報に期待しよう。

　

※サムネイル画像は幻想水滸伝公式Xより引用",[],[]
【PS Plus】3月のフリープレイに『ドラゴンエイジ:ヴェイルの守護者』発売から約4ヶ月で登場。『ソニックカラーズ アルティメット』『リレイヤー』も配信（ファミ通.com）,https://news.yahoo.co.jp/articles/eb2180de51c2adee58e4d895c472c3d8e1f46d7f,https://newsatcl-pctr.c.yimg.jp/t/amd-img/20250227-00034944-famitsu-000-2-view.jpg?exp=10800,2025-02-27T13:50:00+09:00,2025-02-27T13:50:00+09:00,ファミ通.com,famitsu,ファミ通.com,883,"(写真: ファミ通.com)
サブスクリプションサービス・PlayStation Plus（PS Plus）について、2025年3月4日より追加されるフリープレイ対象タイトルが発表された。
【記事の画像(4枚)を見る】
フリープレイはPS Plusの全プラン（エッセンシャル・エクストラ・プレミアム）にて利用可能。加入者はフリープレイ対象のプレイステーション5（PS5）、プレイステーション4（PS4）向けタイトルが遊び放題となる。

　今回フリープレイに追加されるのは、BioWareが手掛けるファンタジーRPG『ドラゴンエイジ』シリーズの10年ぶり最新作『ドラゴンエイジ: ヴェイルの守護者』、2010年に発売された3Dアクションゲームをリファインした『ソニックカラーズ アルティメット』、特殊能力に目覚めた人類と知的生命体の壮絶な戦いを描いたロボットシミュレーションRPG『リレイヤー』の3タイトル。

　なかでも、『ドラゴンエイジ: ヴェイルの守護者』は2024年11月1日に発売されたばかりの大作。リリースから4ヶ月ほどでのフリープレイ追加タイトルとなった。

2025年3月のフリープレイ追加タイトル

ドラゴンエイジ: ヴェイルの守護者

・メーカー：エレクトロニック・アーツ
・フォーマット： PS5
・ジャンル：RPG
・提供期間：2025年3月4日（火）～ 3月31日（月）

ソニックカラーズ アルティメット

・メーカー：セガ
・フォーマット： PS4
・ジャンル：アクション
・提供期間：2025年3月4日（火）～ 3月31日（月）

リレイヤー

・メーカー：Dragami Games
・フォーマット： PS5、PS4
・ジャンル：RPG、ストラテジー、シミュレーション
・提供期間：2025年3月4日（火）～ 3月31日（月）

　また、2025年2月のフリープレイタイトルである『Payday 3』、『パックマンワールド リ・パック』、『ソルクレスタ』の提供期間は3月3日までとなる。

※画像はプレイステーション公式ブログより引用",[],[]
『モンハン』歴代パッケージ＆メインモンスターを振り返る。リオレウスからアルシュベルドまでシリーズ看板モンスターを一挙紹介【『モンハンワイルズ』発売記念】（ファミ通.com）,https://news.yahoo.co.jp/articles/8291913db3c57dee58fc7fde4981cef0034709b8,https://newsatcl-pctr.c.yimg.jp/t/amd-img/20250227-00034528-famitsu-000-2-view.jpg?exp=10800,2025-02-27T11:30:00+09:00,2025-02-27T11:30:00+09:00,ファミ通.com,famitsu,ファミ通.com,5475,"(写真: ファミ通.com)
2025年2月28日の『モンスターハンターワイルズ』発売まであと1日！　発売カウントダウン特別企画をお届け！　本稿では『モンスターハンター』シリーズの歴代パッケージモンスターを振り返って紹介しよう。
【記事の画像(51枚)を見る】
『モンハン』シリーズの歴代作品では、そのタイトルを象徴するモンスターがパッケージに描かれ、ハンターたちの記憶に深く刻まれてきた。初代『モンハン』のリオレウスをはじめ、各モンスターはそれぞれ異なる個性を持ち、ストーリーの重要な場面でも際立った存在感を放っている。

　この記事では、歴代タイトルのパッケージを振り返りながら、看板モンスターの生態や特徴をまとめていく。

モンスターハンター

　『モンスターハンター』は、2004年3月11日にプレイステーション2（PS2）用ソフトとして発売された。パッケージを飾るのは、“空の王者”の異名を持つ火竜リオレウス。

　卓越した飛行能力を活かし、空から急降下して猛毒の爪を振るい、口から強力な火炎ブレスを放つ。その圧倒的な力は多くのプレイヤーを苦しめ、畏怖とともに鮮烈な印象を残してきた。シリーズの象徴として、さまざまな進化を遂げ、ハンターたちの前に立ちはだかっている。

リオレウス。

モンスターハンターG

　『モンスターハンターG』は、2005年1月20日にPS2用ソフトとして発売された（Wii版は2009年4月23日発売）。パッケージを飾るのは、鮮やかな蒼色の甲殻と緑色の翼膜を有する蒼火竜リオレウス亜種。

　全身の肉質が硬く、通常種以上の飛行能力を誇っている。強力な火球ブレスと猛毒の爪を駆使し、空を自在に舞いながら執拗に攻撃を仕掛けるのが特徴。その威厳ある姿から“蒼の王”とも称されている。

リオレウス亜種。

モンスターハンターポータブル

　『モンスターハンターポータブル』は、2005年12月1日にプレイステーション・ポータブル（PSP）用ソフトとして発売された。パッケージを飾るのは、初代『モンハン』と同じくリオレウス。

　前作から飛行能力を活かした攻撃や強力なブレスは健在だが、リオレウスが長時間飛行していて攻撃を当てにくい状況を軽減するなどのバランス調整が施された。余談だが、攻撃コマンドの入力として、右スティックではなく、ボタンが初めて採用されたのが本作。PSPにはアナログパッドがひとつしかなかったため、ハードの特性にあわせて操作方法が調整されていた。

モンスターハンター2（ドス）

　『モンスターハンター2（ドス）』は、2006年2月16日にPS2用ソフトとして発売された。パッケージを飾るのは、金属質の外殻に覆われた鋼龍クシャルダオラ。

　風を自在に操る力を持ち、自らの周囲に暴風を発生させることで身を守る。背中には大きく発達した翼を備え、その飛行能力は群を抜いている。さらに、口からは強烈な風圧をともなうブレスを放ち、激しい突風を引き起こす。直撃すれば岩を粉砕するほどの破壊力を誇り、着弾地点では竜巻が発生する。

クシャルダオラ。

モンスターハンターポータブル 2nd

　『モンスターハンターポータブル 2nd』は、2007年2月22日にPSP用ソフトとして発売された。パッケージを飾るのは、強靭な顎と発達した筋肉を持つ轟竜ティガレックス。

　飛竜種でありながら飛行が得意ではなく、陸上での機動力に特化した獰猛なモンスター。その圧倒的な突進力と攻撃力から“絶対強者”とも称される。特殊な器官を持ち、咆哮は衝撃波のように周囲を揺るがすほどの威力を誇る。怒り状態になると、血管が拡張して頭部や前脚が赤く染まり、さらなる狂暴さを見せる。

ティガレックス。

モンスターハンターポータブル 2nd G

　『モンスターハンターポータブル 2nd G』は、2008年3月27日にPSP用ソフトとして発売。パッケージを飾るのは、木々が鬱蒼と生い茂る樹海や密林などに生息する迅竜ナルガクルガ。

　全身は硬い甲殻に覆われておらず、代わりに暗闇に溶け込む黒い体毛を持つ。しなやかな体を活かした素早い動きを得意としており、その驚異的な俊敏性は、飛竜種の中でも屈指のものだ。さらに、体長の半分にも達する長い尻尾は、鞭のようにしなり、尾棘を矢のように射出することもある。

ナルガクルガ。

モンスターハンター3（トライ）

　『モンスターハンター3（トライ）』は、2009年8月1日にWii用ソフトとして発売された。パッケージを飾るのは、広大な海原に生息し、“大海の王者”として知られる海竜ラギアクルス。

　青い鱗と背中の突起、巨大な角が特徴的で、水中をおもな生息域としている。背電殻に電気を蓄え、放電を行うことで獲物を仕留める。2024年3月に実施された“モンスター総選挙”では3位にランクインしており、新作ごとに登場が期待されるモンスターだ。

ラギアクルス。

モンスターハンターポータブル 3rd

　『モンスターハンターポータブル 3rd』は、2010年12月1日にPSP用ソフトとして発売された（PS3・HD版は2011年8月25日発売）。パッケージを飾るのは、全身に雷を纏う威厳ある姿が特徴的な雷狼竜ジンオウガ。

　自然豊かな山岳地帯に生息する牙竜種のモンスターで、碧色の鱗、黄土色の甲殻、純白の体毛を持つ美しい体色をしている。静電気を発生させる特異な蓄電殻を備え、これにより発生した電気エネルギーを全身に纏う。“モンスター総選挙”では堂々の第1位に輝き、シリーズ屈指の人気モンスターとして君臨している。

ジンオウガ。

モンスターハンター3（トライ）G

　『モンスターハンター3（トライ）G』は、2011年12月10日にニンテンドー3DS用ソフトとして発売された（Wii U・HD版は2012年12月8日発売）。パッケージを飾るのは、爆発性の粘菌を操る砕竜ブラキディオス。

　黒曜石を思わせる群青色の外殻と、大きく発達した前脚、頭部に突き出た堅牢な頭殻が特徴。とくに、腕は飛竜の翼や歩脚とは異なり、強靭な打撃武器として進化を遂げている。前脚や頭部、舌先に付着した粘菌はブラキディオスの唾液によって活性化し、時間経過で爆発する性質を持つ。

ブラキディオス。

モンスターハンター4

　『モンスターハンター4』は、2013年9月14日に3DS用ソフトとして発売された。パッケージを飾るのは、鉤爪の付いた巨大な翼脚を携える黒蝕竜ゴア・マガラ。

　正体不明の生物であり、視覚器官を持たない代わりに、翼から撒き散らす鱗粉を使って周囲の熱量や動きを感知するという独特な生態を持つ。この鱗粉は、吸い込んだ生物の抵抗力を低下させ、やがて狂暴化を引き起こす。ゴア・マガラは古龍種の成長途中の姿で、脱皮することで天廻龍シャガルマガラになる。

ゴア・マガラ。

モンスターハンター4G

　『モンスターハンター4G』は、2014年10月11日に3DS用ソフトとして発売された。パッケージを飾るのは、鋭い刃鱗を操る千刃竜セルレギオス。

　全身を覆う金色の鱗と、刃のように鋭い頭部の角が特徴的な飛竜種。鳥類に似た前後2本ずつ指が生えた独特の足を持っている。獲物に対しては、身体を震わせて刃鱗を棘状に射出し、着弾と同時に炸裂させることで深い傷を負わせる。

セルレギオス。

モンスターハンタークロス

　『モンスターハンタークロス』は、2015年11月28日に3DS用ソフトとして発売された。パッケージを飾るのは、全長の半分近くを占める巨大な尻尾が目を引く斬竜ディノバルド。

　鉄分を豊富に含むこの尻尾は、摩擦熱を蓄積して赤熱化し、ディノバルドは地面と擦り付けることで爆炎を巻き起こす。尻尾の切れ味が鈍ると、自身の牙で研ぎ直して切れ味を回復させる行動を見せる。研いだ際に発生した煤や甲殻の破片は体内の火炎嚢に蓄えられ、マグマのような物体に変化してブレスとして放たれる。

ディノバルド。

モンスターハンターダブルクロス

　『モンスターハンターダブルクロス』は、2017年3月18日に3DS用ソフトとして発売された（Nintendo Switch版は2017年8月25日発売）。パッケージを飾るのは、全身を銀色の鱗で覆う天彗龍バルファルク。

　特徴的なのは、巨大な一対の槍状の翼脚を持つことで、これにより驚異的な飛行能力を発揮する。この槍翼は、筋肉の伸縮によって可動域が広がり、攻撃にも利用される。翼から放たれる赤い龍属性エネルギー“龍気”は、飛行時にジェットエンジンのような速度を生み出し、地上では周囲に向かってビームのように解き放たれる。

バルファルク。

モンスターハンター：ワールド

　『モンスターハンター：ワールド』は、2018年1月26日にプレイステーション4（PS4）用ソフトとして発売された（Steam版は2018年8月10日、Xbox One版は204年6月5日発売）。パッケージを飾るのは、全身に無数の黒い棘が生えた滅尽龍ネルギガンテ。

　非常に気性が荒く、目に映るものすべてを破壊しようとする凶暴な性格をしている。特殊なエネルギーやブレスを使わず、全身を武器として力任せに獲物を屠るのが特徴だ。全身の棘は、砕けても根本から破壊されても即座に再生する驚異的な自己再生能力を持っている。“モンスター総選挙”では第2位を獲得しており、その人気も高い。

ネルギガンテ。

モンスターハンターワールド：アイスボーン

『モンスターハンターワールド：アイスボーン マスターエディション』
　『モンスターハンターワールド：アイスボーン』は、2019年9月6日にプレイステーション4用ソフトとして発売された（Steam版は2020年1月10日、Xbox One版は2024年6月5日発売）。パッケージを飾るのは、万物を凍てつかせる力を持つ冰龍イヴェルカーナ。

　全身は白と青を基調とした氷晶のような龍鱗に覆われ、体内で生成した過冷却水を利用して氷を鎧のように纏う。尾は細く槍のように鋭く、鞭のようにしなやかで繊細なコントロールが可能だ。獲物に向かって、その尾を突き立てるように攻撃をくり出す。イヴェルカーナの放つ冷気は、周囲の大地や生物を霜で覆い、灼熱のマグマさえ凍らせる。

イヴェルカーナ。

モンスターハンターライズ

　『モンスターハンターライズ』は、2021年3月26日にSwitch用ソフトとして発売された（Steam版は2022年1月13日、PS5/PS4/Xbox One/Xbox Series X|S/Windows版は2023年1月20日発売）。パッケージを飾るのは、全身を覆う甲冑のような甲殻と大きな角を持つ怨虎竜マガイマガド。

　睨みつけるような獰猛な顔立ちと威圧的な姿勢が特徴で、まるで亡霊武者のような不気味な雰囲気をしている。モンスターを喰らうことで、体内で“鬼火”と呼ばれる特殊なガスが生成され、紫色の霧のような炎が体の周りを漂う。怒り状態になると前脚にも鬼火を纏い、背中の甲殻が一斉に逆立ってより凶暴な雰囲気を放つ。

マガイマガド。

モンスターハンターライズ：サンブレイク

『モンスターハンターライズ＋サンブレイク セット』
　『モンスターハンターライズ：サンブレイク』は、2022年6月30日にSwitch/Steam用ソフトとして発売された（PS5/PS4/Xbox One/XSX|S/Windows版は2023年4月28日発売）。パッケージを飾るのは、白銀の美しい甲殻をした気品漂う爵銀龍メル・ゼナ。

　特異な習性として、生物の精気を奪う能力を持ち、夜の闇に紛れて獲物に接近。甲殻や骨をすり抜ける艶やかな牙で精気を吸い上げ、自身のエネルギーとしている。また、共生関係にある“噛生虫キュリア”を使い、獲物を誘導して捕獲する。その姿は、妖しく光る蝶のように、紅色の粒子を全身に纏っている。

メル・ゼナ。

モンスターハンターワイルズ

　『モンスターハンターワイルズ』は、2025年2月28日にPS5、XSX|S、PC（Steam・Windows）用ソフトとして発売予定。パッケージを飾るのは、調査隊から“白の孤影”と呼ばれる鎖刃竜アルシュベルド。その生態は未だ解明されておらず、絶滅種とされる謎多きモンスターである。

　異名のとおり、白い甲殻と体毛に覆われ、牙のように反り返った鎌状の角を持つ。最大の特徴は、翼膜に似た長い体毛と、鎖のように連結した刃を持つ独特な前脚“鎖刃”である。鎖刃には属性エネルギーを吸収・放出する性質があり、大型モンスターを捕まえてエネルギーを吸収する様子も観測されている。

　先日行われた第2回オープンベータテストでは高難度クエストとしてアルシュベルドの討伐が登場。狩りに挑んだ（そして散った）ハンターも多かったことと思う。

　この先、アルシュベルドの謎めいた生態がどのように明かされ、絶滅種とされるそのモンスターが生態系にどんな影響を与えるのか。実際にプレイし、その全貌を自分の目で確かめることをいまから楽しみにしている。

『モンスターハンターワイルズ』発売記念カウントダウン企画",[],[]
『ポケットモンスター 赤・緑』が発売された日＆ポケモンデー。一大ブームを巻き起こしたシリーズの原点で幻のポケモン“ミュウ”も話題に【今日は何の日？】（ファミ通.com）,https://news.yahoo.co.jp/articles/49aa4374ee8a129655d989d30f8f76a495cd32b2,https://newsatcl-pctr.c.yimg.jp/t/amd-img/20250227-00034682-famitsu-000-2-view.jpg?exp=10800,2025-02-27T07:00:00+09:00,2025-02-27T07:00:00+09:00,ファミ通.com,famitsu,ファミ通.com,1340,"(写真: ファミ通.com)
※本記事は、2024年2月27日にアップした記事を再編集したものです。

爆発的な人気作『ポケットモンスター』の原点
【記事の画像(6枚)を見る】
いまから29年前の1996年（平成8年）2月27日は、ゲームボーイで『ポケットモンスター 赤・緑』が発売された日。

　『ポケットモンスター 赤・緑』は、世界中で押しも押されもせぬ人気を誇る『ポケットモンスター』シリーズの原点となる作品だ。カントー地方を舞台に、オーキド博士から託された“ポケモン図鑑”を完成させるため、ポケモンを集めて育成し、戦わせながら冒険をくり広げるRPGとなっている。

　また、2月27日は“Pokémon Day”（ポケモンデー）として、日本記念日協会の認定を受けた日にもなっている。

　特筆すべきは、バージョンによって出現するポケモンが異なる点。図鑑の完成は別バージョンとの交換が前提になっているという、いままで見たことも聞いたこともない斬新な仕組みにゲームファンの誰もが驚かされたものだった。当時すでに大人だった筆者のようなユーザーほど、なかなか理解が追いつかなかったと思うが、いち早く仕組みを理解した子どもたちを中心に徐々に流行が始まり、その規模は口コミでどんどん拡大していった。

　当時すでに発売から約7年が経過してブームが落ち着いていたゲームボーイが、『ポケットモンスター』人気に牽引されて再ブームを引き起こしたと言えば、その凄まじさの一端は感じられるだろうか。アニメの放送開始で勢いはさらに加速し、26年経ったいまもなお、さまざまな媒体で『ポケットモンスター』ブームが続いているのは改めて語るまでもないだろう。

　『ポケットモンスター 赤・緑』の世代と言えば、幻のポケモン“ミュウ”にまつわるエピソードもいい思い出。当時「151匹目のポケモンが存在する」という都市伝説的な噂が、ユーザーのあいだでまことしやかに囁かれていたのだが、ネットなどはまだまだ普及しておらず、情報がなかなか伝わってこなかった。そんな理由もあり、後に本当に存在が発覚し、雑誌の企画やイベントなどでミュウのプレゼントが実施されたときは、本当にぶったまげる思いだった。わりと外野にいた筆者ですらそんなだったのだから、噂の渦中にいたユーザーたちは、さぞ度肝を抜かれたことだろう。

　また、『ポケットモンスター 赤・緑』の別バージョンとなる『ポケットモンスター 青』が、1996年10月から『コロコロコミック』や『小学一年生』などの雑誌上で限定販売されたのも新しい試みだった。当初は一般販売されなかったこともあり、ファミ通編集部でも先輩方が『コロコロコミック』を買っているのを見かけた記憶がある。一般小売店での販売開始は、3年経った1999年10月10日から。

　シリーズ最新作は、今年（2025年）発売予定の『ポケモンレジェンズZ-A（ゼットエー）』。本日（2月27日）23時から配信予定の「Pokémon Presents」で、何かしらの発表があるのだろうか……期待に胸を膨らませながら情報を待とう。なお、番組はポケモン公式YouTubeチャンネルやその他SNSにて配信される予定だ。",[],[]
新生『ToHeart』発売日が6月26日に決定！ 本作への熱意や想いを開発陣に訊く。初公開となるゲーム画面も紹介！（ファミ通.com）,https://news.yahoo.co.jp/articles/79ad0c2b7b9944e9ec4f4de91ec9c7f4db93084c,https://newsatcl-pctr.c.yimg.jp/t/amd-img/20250227-00034702-famitsu-000-10-view.jpg?exp=10800,2025-02-27T00:00:00+09:00,2025-02-27T19:34:36+09:00,ファミ通.com,famitsu,ファミ通.com,7668,"(写真: ファミ通.com)
『ToHeart』は、主人公と魅力的なヒロインたちとのハートフルな学園恋愛ストーリーを描いた恋愛アドベンチャーゲーム。1997年にPCで発売され、1999年に制作されたプレイステーション版（以下、PS）やテレビアニメも好評を博した。そんな人気タイトルがフル3Dで、2025年6月26日（発売予定）に新しく生まれ変わる。対応プラットフォームはNintendo SwitchとPC（Steam）。
【記事の画像(28枚)を見る】
アクアプラスを代表する恋愛アドベンチャー『ToHeart』は、どのような経緯で新生されたのか。オリジナル版の開発にも携わっていたプロデューサーの下川直哉氏とディレクターの鷲見努氏にインタビューを実施し、開発がスタートした経緯や注力した点などを聞いた。ゲーム概要やメインキャラクターと併せてチェックしてほしい。

下川直哉氏（しもかわなおや）:
新生『ToHeart』プロデューサー。オリジナルのPC版や移植作のPS版にも携わっており、オープニングテーマの作曲も担当。

鷲見 努氏（わしみ つとむ）:
新生『ToHeart』のディレクター。じつは、PS版で宮内レミィが登場するイベントCGの着色を担当しているらしい。

『ToHeart』ストーリー

――春が、すぐそこまで来ていた。
パステルカラーのタイルが
敷き詰められた歩道を歩く。
暖かい日溜まりのなか、道端には
いつものように鳩たちが群がっていた。
見慣れた景色、いつもの朝。
ただ、ゆるやかに吹く風に、
少しずつ春の訪れを感じさせるものがあった。
「また、少し暖かくなったね」
オレの顔を覗き込んで、あかりが言った。
前髪がちらちらと風に揺れていた。
「もう春だもんね」
「そーだな」
無感動なオレの反応に、
なにがおかしいのか、
あかりはくすっと笑った。

『ToHeart』メインキャラクター紹介

神岸あかり

声：市ノ瀬加那
オリジナル版：川澄綾子

※本作では、新キャストによるボイスを新録しているほか、オリジナル版のキャストの声も収録されており、ボイスの切り換えが可能。

　主人公の幼なじみで同い年の16歳。物心つく前から交流があり、主人公のことを誰よりも理解している。面倒見がよく、やや世話焼き。距離が近すぎて恋愛対象にならないが、次第に変化していく。

マルチ

声：羊宮妃那
オリジナル版：堀江由衣

　正式名称HMX−型。来栖川エレクトロニクスが開発した最新型家庭用ロボットの試作型。人間に喜んでもらうのが大好き。感情が高まると、ときどきオーバーヒートで倒れたりすることも……。

長岡志保

声：ほたかける
オリジナル版：樋口智恵子

　同級生の16歳。主人公やあかりとは中学時代からの付き合い。カラオケなど、自分の好きなことには異常なまでの集中力を発揮する。

松原 葵

声：白砂沙帆
オリジナル版：飯塚雅弓

　ひとつ年下の15歳。総合格闘技の同好会を作ろうと、がんばっている。素直で礼儀正しく、前向きな性格。主人公を先輩と呼び慕う。

フル3Dの『ToHeart』が低価格で現代に蘇る！

――発売日が6月26日であることが発表されました。現在の開発状況はいかがですか？:

鷲見:　開発は順調に進んでいて、素材はほとんどでき上がっている状態ですね。

下川:　現在は細部を調整しながらさらなるクオリティーアップに励んでいるところです。

――フル3Dで制作され、新しく生まれ変わったタイトルにもかかわらず、ダウンロード版が3080円［税込］と低価格なのには驚きました。低価格にした狙いを教えてください。

下川:　より多くの人たちに遊んでほしいと考えて、手に取りやすい価格で勝負することにしました。正直なところ、これで結果が出ないとかなりヤバいです（苦笑）。

鷲見:　企画スタート時点では、フルプライスタイトルのつもりで制作がスタートしていたんですよね。ですので、かなり開発費のほうもかさんでしまっています……。

――開発はいつごろ動き出したのですか？

鷲見:　企画書を見せたのは2020年でした。

下川:　とても光栄なことに、

『ToHeart』は美少女恋愛ゲームの名作の一本として数えられることが多いですが、現行機でプレイするのが難しいタイトルです。ファンの方たちはもちろん、遊んだことのない方たちにも手に取ってもらえるように復活させたいと、鷲見から提案されて開発がスタートしました。

――『ToHeart』を現代に復活させるにあたって、とくに注力したポイントは？

鷲見:　2Dからフル3Dにするにあたって、本作のコンセプトは、イベントシーンをビジュアルシネマで表現することに決めました。ビジュアルシネマでは、専用のカメラワークやモーションによって2Dアドベンチャーのイベントシーンをダイナミックに演出することができます。また、キャラクターの立ち絵を表示していたシーンも3Dになったことで、臨場感が格段にアップしました。

本作はビジュアルシネマの表現方法が使用されており、専用のカメラワークやモーションによって、イベントシーンをダイナミックに演出している。

下川:　3Dで表現するにあたって、どこを強調するとファンは喜んでくれるのか、議論を重ねましたね。そもそも

『ToHeart』は、プレイヤーに青春の甘酸っぱさや、憧れの学園生活を堪能してもらうゲームです。臨場感が増すことで、学園生活のリアルな空気感を感じてもらえると思いましたが、どこまで表現するかのバランスは注意しています。

　たとえば、3Dになったからといって学園内を走り回ってヒロインを捜したり……みたいなことは楽しくないですよね。だからといってオリジナル版とまったく同じように、マップからヒロインがいる場所を選んだらすぐに目の前に現れて会話が始まるというのも味気ない。そこで、マップを選んだ後、少しだけ教室を歩いてヒロインに声をかけるところから会話が始まるような場面を作ったりして、テンポを損なうことなく、ヒロインに声をかける青春の甘酢っぱさを感じてもらえるようにしました。

鷲見:　席に座っている主人公にあかりが話しかけてくるところから始まるイベントでは、主人公の目線が低いので、あかりの顔がいきなり見えなかったりするんですよね。あかりの体から顔に視線を上げていって……という、よりリアルな距離感が感じられます。あとは、教室で志保がクラスメイトを集めて志保ちゃんニュースを披露するシーンも、臨場感のある演出になっていますよ。

下川:　あかりと登校するシーンもいいよね。背景もきちんと動くので、2Dのときよりも臨場感が増してグッとくるんですよ。あかりと登校するだけでも幸せだなと思います。

――キャラクターを3Dで表現するにあたって、ほかにこだわったところは？

鷲見:　ヒロインたちは同じ制服を着ているように見えますが、じつはヒロインのキャラクターに合わせて服の丈やスカートの長さを変えています。さらにヒロインの個性を出すために、アートディレクターである本条たたみのアイデアで、制服に上着を着せてみました。たとえば活発な志保は、休憩時間や放課後になるとジャンパーを着ています。

――上着を着ただけでも新鮮ですね。フル3Dにするにあたって苦労したことはありましたか？

鷲見:　2DのイベントCGでの演出の場面では、そのイベントでしか登場しない衣装や髪型などがありました。2DのときはイベントCGを用意すればよかったのですが、本作では登場シーンの少ない衣装や髪型も3Dで制作しなければいけないので、想定していた以上にコストがかかってたいへんでしたね。でも、大事なシーンだからこそイベントCGが用意されているのであって、本作でも力を入れていますし、イベントによっては新しい髪型を3Dで作ったりしています。

――それはすごい！　どのイベントが変わっているのかプレイするのが楽しみです。

鷲見:　ネタバレになってしまうので、詳細は言えないのですが、本条のこだわりで新しい髪型を追加しています。そのシーンは衣装を3Dで再現するだけでもたいへんだったのですが、「髪型もあわせて特別に変えたほうがいい」と譲らなくて（笑）。下川には、「追加の予算が発生するけどいいですか」と相談しました。

下川:　プロデューサーとして、予算が増えるのは悩ましいところですが、鷲見や本条はどこを新しくすればいいのか、しっかり考えたうえでこちらに提案してくれたので、そこは信じていましたね。最初は、オリジナルのデザインの良さを担保しつつ、どこを新しくするかの判断や調整で、デザインチームは苦労したと思いますが、方向性が決まってからは鷲見たちに任せていました。

――PS版とテレビアニメでおなじみのオープニングも、フル3Dで再現されています。

左が本作、右がPS版のオープニングカット。PS版と比較すると、本作のオープニングは明るい雰囲気に。3Dのヒロインも必見！

鷲見:

　『ToHeart』のオープニングは評判がよかったですし、3Dでうまく再現できたら絶対にエモいじゃないですか。いちファンとして絶対にという思いもあったので、3Dにすることは当初から決めていました。

下川:　どこまでちゃんと再現できるかはちょっと不安でしたが、完成したものをチェックしたときに、想像していた以上にうまく再現できているなと手応えを感じました。オープニングの比較動画を公開していますので、気になる方はぜひチェックしてください。

オープニングの比較動画やPVは公式サイトで公開予定！

――オープニングテーマの『Feeling Heart』をYURiKAさんが歌われています。彼女を起用した経緯を教えてください。

下川:　うちに所属しているアーティストさんたちの中で、

『ToHeart』の雰囲気にピッタリと合う人がなかなか見つからなくて。そこで親会社のHIKEにイメージに合う方はいませんかと相談したところ、YURiKAさんをご紹介いただきました。実際にCDを聴いてみたところ、明るくて元気な感じが、3Dで表現したいと考えていたオープニングのイメージに合うなと考えてお願いしました。

鷲見:　YURiKAさんがアクアプラスの作品のファンだったこともご縁を感じましたね。

下川:　実際にYURiKAさんの歌う

『Feeling Heart』は、明るいキラキラとしたイメージでアレンジをしています。曲を聴けば、すぐに『Feeling Heart』だとわかってもらえると思いますが、ファンの方がよくよく聴き比べてもらえると、「めちゃくちゃ変わっているじゃん」と気づいてもらえると思います。アレンジはそのさじ加減がたいへんでした。

――YURiKAさんとのオープニングの収録で、印象に残っている出来事はありますか？

下川:　YURiKAさんはどんなふうに歌うのか、曲のイメージを仕上げて収録に臨んでくれたのですが、そのイメージが僕の考えていたイメージとピッタリ合っていたんですよ。あくまで僕の個人的な考えですが、

『ToHeart』は現役の学生が遊んで楽しいというよりも、大人になって学生時代を懐かしむ雰囲気を感じてほしいタイトルです。

　ですから主題歌の『Feeling Heart』も、現役バリバリの高校生が歌いますといった感じではなくて、落ち着きのある感じで明るく歌ってほしかったんですね。YURiKAさんは、「若々しく歌わないほうがいいですよね」と考えてくれていたので、収録はスムーズに進みました。

新生『ToHeart』のさまざまな追加要素に込めた思い

――キャラクターのボイスは、オリジナル版と一新された声優陣のボイスを切り換えられるようになっています。このような豪華な仕様にした理由を教えてください。:

下川:　キャラクターのボイスをどうするかは社内でかなり議論しました。候補としては、オリジナル版のボイスをそのまま使う、オリジナル版のメンバーで新録する、声優陣を一新するといった意見が出ましたね。

　どの案が最適なのかを考える中で、時代に合わせてキャラクターデザインを変えて3Dにするのであれば、ボイスも新しいメンバーにお願いするのがいいだろうという結論になりました。とはいえ、ファンの中にはオリジナル版のボイスで楽しみたい人も多いだろうと思い、ボイスを切り換えられるようにしています。

鷲見:　ちなみに、オリジナル版で入っていなかった主人公・藤田浩之のボイスも新録しています。3Dになったことでキャラクターの存在感が増したので、浩之のボイスもあったほうがいいと判断して入れることにしました。

新録された主人公・藤田浩之のボイスは、坂田将吾さんが演じている。

――テキストを画面全体に表示するノベル形式と、メッセージウィンドウに表示する形式とで切り換えられるようにした経緯は？

鷲見:　今作は3Dになることで、キャラクターが動いたり、カメラアングル的にも必ずしも主人公目線でヒロインが正面に立っているという状態ではないこともあります。そのため、メッセージウィンドウに表示したほうが見やすいと考えました。ただ、当時の雰囲気を味わいたいという方もいると思うので、オプション画面で切り換えられるようにしました。

本作はテキストをメッセージウィンドウに表示する形式を採用しているが（左）、『ToHeart』シリーズといえば、画面全体に文字が表示されるノベルモードがおなじみ（右）。ファンは慣れ親しんだ環境で楽しめる。

――ほかに新要素はありますか？

鷲見:

　『ToHeart』は全体的にヒロインの攻略が難しいゲームでした。そのままではクリアーするのに時間がかかってしまうので、意中のヒロインの攻略をサポートしてくれるルートガイドの機能を用意しています。

ストーリーを進める中で、主人公はさまざまな選択を迫られる。選んだ選択によってストーリーが変化していく。

――あかりを攻略するのに苦労した記憶があるので、ルートガイドはうれしいですね。新ヒロインの実装は……。

鷲見:　結論から言うと、新ヒロインは実装していません。

下川:　もちろん議論はしましたが、本作をリリースする最大の目的は、現行機でプレイできない

『ToHeart』をもう一度遊んでもらうことです。この“もう一度”の部分に最大限注力するためには、何がベストなのかを考え抜いた結果、新ヒロインは追加しないほうがいいと判断しました。ファンの方からすると“あの『ToHeart』ではない”という気持ちが強くなってしまいますし、初めて遊ぶ方にとっては全員が新キャラクターなので、積極的に追加する意味はないかなと。

――たしかに。『ToHeart』といえば、PS版以降に収録された多彩なミニゲームも好評でした。ミニゲームは本作でも遊べますか？

鷲見:　楽しみにしているファンの方たちがいることは重々承知していますが、残念ながらミニゲームは収録していません。

下川:　ミニゲームに関しても議論はしています。3Dで作るにはコストがかかりますし、仮に作り直したとしても、当時だから楽しめたミニゲームをいま遊ぶ人たちが同じように楽しんでくれるかどうかはわかりません。それならキャラクターやストーリー演出などの開発に注力したほうがいいのではないかと考えて、ミニゲームはカットする決断をしました。

――なるほど。ちょっと気が早いのですが、『2』の新生や完全新作『3』の発売を楽しみにしているファンは多いと思います。これらのタイトルが登場する可能性は……。

下川:　いまのところ予定はありませんが、我々としても『2』を新生したいという気持ちや、

『ToHeart』の世界をもっと広げていきたい気持ちはあります。ただ、本作が売れなければこれらの夢を実現することはできません。

　本作は恋愛アドベンチャーをフル3Dで表現したうえで、低価格化も実現させたアクアプラスにとって挑戦的なタイトルになっています。手に取りやすい価格にしていますので、皆さんにぜひ楽しんでいただきたいですね。今後、どのようなアドベンチャーを作るか参考にするためにも、SNSやYouTubeなどで率直な感想をあげてもらえるとうれしいです。

鷲見:　本作は“ビジュアルノベルからビジュアルシネマへ”というコンセプトのもと、オリジナルでは1枚絵でしか表せなかったイベントを、専用のカメラワークやモーションによってフル3Dで表現しています。3Dでの新しくもあり懐かしくもある

『ToHeart』にご期待ください。

プレミアムエディションはテレビアニメ『ToHeart』Blu-ray Discを同梱！

　プレミアムエディションには、特典として1999年4月から放送されたテレビアニメ全13話を、HDリマスターしたBlu-ray Discが同梱される。価格は10780円［税込］と特典内容のわりにリーズナブルだ。下川氏によると、「多くの方のご協力の下、この特典を実現することができました」とのこと。

　というのも、『ToHeart』のテレビアニメは過去にDVDが発売されたことはあるが、現在は配信などされておらず、ゲーム同様、ごく一部のファンしか楽しめない環境になっているのだ。

　ファンにはまたとないチャンスだが、下川氏は「プレミアムエディションは再販の予定がない」と言い、「確実に手に入れたい方は早めに予約をしてください」と続けた。

収録内容

・第1話「新しい朝」
・第2話「放課後の出来事」
・第3話「陽だまりの中」
・第4話「輝きの瞬間」
・第5話「青い空の下で」
・第6話「憧れ」
・第7話「揺れるまなざし」
・第8話「おだやかな時刻」
・第9話「心の在り処」
・第10話「夢見る笑顔」
・第11話「ぬくもりの瞳」
・第12話「想いの季節」
・第13話「雪の降る日」

『ToHeart』商品概要

タイトル：ToHeart
メーカー：アクアプラス
発売日：2025年6月26日発売予定
価格
パッケージ 通常版（Nintendo Switch版のみ）：4378円［税込］
プレミアムエディション：各10780円［税込］
ダウンロード版：各3080円［税込］

［2025年2月27日18時21分修正］
パッケージ 通常版の価格に誤りがあったため、修正いたしました。読者並びに関係者の皆様にご迷惑をおかけしたことをお詫びいたします。",[],[]
