headline,mainEntityOfPage,image,datePublished,dateModified,author,media_en,media_jp,str_count,body,images,external_links
ネイチャー系カメラマン・阿部未悠がついに写真展デビュー　厳選した自慢の作品に「ちょっとニヤニヤ」（ゴルフ総合サイト ALBA Net）,https://news.yahoo.co.jp/articles/c408a7c2570e069c4ececf2b89b116421c7346b3,https://newsatcl-pctr.c.yimg.jp/t/amd-img/20240730-00000020-alba-000-1-view.jpg?exp=10800,2024-07-30T16:34:10+09:00,2024-07-30T16:35:24+09:00,ゴルフ総合サイト ALBA Net,alba,ゴルフ総合サイト ALBA Net,1073,\n次戦は地元・北海道の大会に参戦する阿部未悠（撮影：鈴木祥）\n阿部未悠が自身のインスタグラムを更新。悲願のツアー初優勝を4月に開催された「富士フイルム・スタジオアリス女子オープン」で達成した阿部。その大会を特別協賛する富士フイルムが主催する写真展に、ネイチャー系カメラマンを自負する阿部自身の作品も展示された喜びを投稿した。\n自身が出展した作品をあらためて携帯で撮影する阿部未悠【本人のInstagramより】\n最初に「富士フイルム・スタジオアリス女子オープン写真展 会場に足をお運びいただいた皆様、インスタライブをご覧になっていただいた皆様、本当にありがとうございました」と素直に感謝の思いを記した阿部。\n \n「もう3ヶ月前の大会になってしまいますが その時の心境や風景が一気に甦ってきて、写真の力ってすごいなぁと改めて思いました」と写真展の会場を訪問して感じた思いを明かすと、「少し長くなってしまいますが語らせてください」と記して、写真展に自分の作品が展示されるまでの経緯を振り返った。\n \nこの写真展は7月2日から25日まで、港区六本木にある「フジフイルム スクエア」で開催された。3年前から毎年開催されてきたが、今回は同大会で初優勝を飾った阿部が「写真女子」でもあることから、富士フイルムから「ぜひ写真展に出してみてはどうか」とのお誘いを受けたそうだ。\n \n初の写真展デビューとなった阿部は、「まさか皆様に見ていただける場に出すことになるとは思ってもおらずびっくりでしたが またとない機会にありがたく お受けさせていただきました」と当時の気持ちを語った。\n \n出展が決まってからは、「パソコンも持ってないし、編集もしたことないし 師匠や会場にいるカメラマンさん達にもいろいろお話を聞きながら」と苦労を重ねつつも写真の提出にこぎつけたという。「難しかったけれど すごいチャレンジをさせてもらえて 充実した時間になりました」。\n \n会場へは最終日にようやく行くことができたが、自分の作品が飾られているのを見た時には、「感動というかなんとも言い表わすのが難しい気持ちに 少し照れくさくもありちょっとニヤニヤしながらインスタライブをしていました」と初々しい気持ちを記した。\n \n最後に「このような機会をくださった富士フイルム様 ご協力いただいた皆様 本当にありがとうございました」と感謝の言葉を記すと、「これからも大好きなカメラ 続けていきたいと思います」と、ゴルフとカメラの二刀流を貫いていく気持ちを記していた。,['https://newsatcl-pctr.c.yimg.jp/t/amd-img/20240730-00000020-alba-000-1-view.jpg?pri=l&w=640&h=426&exp=10800'],"['https://news.yahoo.co.jp/articles/c408a7c2570e069c4ececf2b89b116421c7346b3/images/000', 'https://www.alba.co.jp/articles/category/golf-sns/post/tx02enzb4p/page/2/?utm_source=news.yahoo.co.jp&utm_medium=referral']"
「キャディと意見が合わなかったら」 試合中に直面しそうなシチュエーションにトッププロたちの回答は？（ゴルフ総合サイト ALBA Net）,https://news.yahoo.co.jp/articles/f78d7ac1e510cdb18735e16f1fbf0c0817bff16e,https://newsatcl-pctr.c.yimg.jp/t/amd-img/20240730-00000018-alba-000-1-view.jpg?exp=10800,2024-07-30T15:01:00+09:00,2024-07-30T15:02:57+09:00,ゴルフ総合サイト ALBA Net,alba,ゴルフ総合サイト ALBA Net,1094,\n意外と意志の固い菅沼菜々【写真：日本女子プロゴルフ協会（@jlpga_official）より】\n日本女子プロゴルフ協会が公式インスタグラムを更新。「キャディさんと意見が合わない時どうする？」との質問をトッププロたちに投げかけた動画を、選手の間でも流行っているというMBTIの診断結果と合わせて公開した。\n「ミスは自分のせいにしたいから」 キッパリ答えたプロは誰？【日本女子プロゴルフ協会の公式Instagramより】\nMBTIとは質問に答えることで個人の性格を16のタイプに分類するもの。この診断を通じて自身の長所や短所を知り、組織内での役割などへの理解が深まるとされている。それでは、選手たちの性格はどのように診断されたのだろうか。その結果と共に動画を見てみよう。\n \n菅沼菜々（幹部タイプ）は、「自分の思った通りにやります」と断言。キャディと意見交換はするものの、最後は「あ、OK！」と答えると、自分の思った通りに打つという強い意志を見せた。一方、櫻井心那（紹介者タイプ）は、自分の意見も言うようにはしているのだが、「結局折れてキャディさんの言うふうにしちゃいます」と、押しに弱いタイプのようだ。この答えにはインタビュアーも思わず「ぽいですね」と漏らし、櫻井の笑いを誘っていた。\n \n青木瀬令奈（指揮官タイプ）は、「基本的には自分の思いを伝えて、意見を何往復かさせたのちに合わせますね」と、どちらかの意見を一方的に採用するのではなく、折り合える結論を導き出すという答えだった。\n \nこの他にも、木村彩子(起業家タイプ)は「聞いているフリをして自分の意見を通しちゃう」と笑いながら回答。脇元華(主人公タイプ)は「後悔したくないので自分が思ったことをやります （ミスをしても）自分のせいにしたいから」。大里桃子(提唱者タイプ)は「結構キャディさんの意見に流されちゃう」ために、事前にキャディには「言葉は簡単にお願いします」と伝えているそうだ。高木優奈(領事タイプ)も「キャディさんの意見を取り入れる」としながらも納得するまで話し合いは欠かさないという。\n \nこの動画を見たファンは、「これ凄く面白いです！！」「やっぱり～こんな葛藤があるんだぁ」「キャディさんの意見を聞いて打ったが違った場合の空気感やどんな第一声を言ってしまうか。とかも聞いてみたいです！」など、インタビューの内容に興味津々。続編を希望する人も多かった。\n \nちなみに日本女子プロゴルフ協会の公式インスタグラムでは、質問を変え、選手を変えながらMBTIシリーズはpart4まで公開されている。,['https://newsatcl-pctr.c.yimg.jp/t/amd-img/20240730-00000018-alba-000-1-view.jpg?pri=l&w=410&h=640&exp=10800'],"['https://news.yahoo.co.jp/articles/f78d7ac1e510cdb18735e16f1fbf0c0817bff16e/images/000', 'https://www.alba.co.jp/articles/category/golf-sns/post/12gsuwzfzgy/page/2/?utm_source=news.yahoo.co.jp&utm_medium=referral']"
森田理香子は“歩きの延長”で「下半身を使って打つ」イメージを養っていた！（ゴルフ総合サイト ALBA Net）,https://news.yahoo.co.jp/articles/83567bdeed8901d79017ab07c28d4c642b2406e9,https://newsatcl-pctr.c.yimg.jp/t/amd-img/20240730-00000017-alba-000-1-view.jpg?exp=10800,2024-07-30T14:32:13+09:00,2024-07-30T14:32:29+09:00,ゴルフ総合サイト ALBA Net,alba,ゴルフ総合サイト ALBA Net,880,\n歩きの延長で足を踏み込みながら素振りしてみよう\n休養前は平均250ヤードだったドライバーの飛距離を、10ヤード伸ばしてトーナメントの舞台に帰ってきた森田理香子。そのスイングを見てみると、フットワークを使ってクラブヘッドを効率的に走らせている。それに対して、飛ばない一般ゴルファーは足が止まって『手打ち』になる人が多い。どうしたら下半身を使って飛ばせるのか、本人に聞いてみた。\n腰を上下に動かして飛ばす！ 森田理香子のドライバースイング【連続写真】\n◇\n\n飛距離で一番大切なのは、筋肉量が多い下半身を使うこと。「飛ばない」というアマチュアのスイングを見ると下半身が使えず、両腕の力で打ちにいくケースが多いですね。そういった人にオススメしたいのは、歩き素振りです。\n\nまずは両足を踏み込むようにして両手を振って足踏みをしましょう。その後、徐々に両手を左右に振りながら、足の動きを止めずにその場でシャドースイングをしてみてください。ポイントは、トップで左足を浮かせて右足にしっかり乗ることと、フォローでは右足を浮かせて左足に乗る。この動きを「イチ、ニ」とリズムを刻みながらやってみましょう。足で踏み込む動きに連動させて両手を振ることが大切です。\n\n実際にスイングする際は、腰の動きを意識しましょう。腰を回そうとすると左右にスエーしやすくなります。地面にパンチするように腰を上下に動かすと、軸を保って両足を踏み込めます。このように、両足の幅の中でスイングすると、下半身のパワーをしっかりボールに伝えられますよ。\n\n■森田理香子\nもりた・りかこ／1990年生まれ、京都府出身。2010年に圧倒的な飛距離を武器に、ツアー初優勝。13年には年間4勝を挙げて賞金女王に輝いた。18年にツアー休養を発表し、今季6年ぶりに復帰を果たした。\n\n◇ ◇ ◇\n\n●平均260ヤードぶっ飛ばす森田理香子が使うドライバーとは？ 関連記事【森田理香子の”男前過ぎる”14本を激写！ こんなの僕らは打てません‼】では、森田のクラブセッティングを紹介している。,['https://newsatcl-pctr.c.yimg.jp/t/amd-img/20240730-00000017-alba-000-1-view.jpg?pri=l&w=640&h=426&exp=10800'],"['https://news.yahoo.co.jp/articles/83567bdeed8901d79017ab07c28d4c642b2406e9/images/000', 'https://www.alba.co.jp/articles/category/lesson/post/bvxzm3jkzp/photo/?id=3WaIpkoetwrT01Hjrbhp&utm_source=news.yahoo.co.jp&utm_medium=referral']"
USTマミヤ『The ATTAS V2 GOLD Ver.』、8月7日デビュー（ゴルフ総合サイト ALBA Net）,https://news.yahoo.co.jp/articles/bb516750aa070f4e8d4a9b3eb7bb215eb370b861,https://newsatcl-pctr.c.yimg.jp/t/amd-img/20240730-00000021-alba-000-2-view.jpg?exp=10800,2024-07-30T19:38:12+09:00,2024-07-30T19:46:26+09:00,ゴルフ総合サイト ALBA Net,alba,ゴルフ総合サイト ALBA Net,492,"\n女子プロにも使用者の多い『The ATTAS V2』に下のゴールドバージョンが！\nUSTマミヤから人気作の別カラーバージョンのアナウンス。「このたびUST Mamiya Japan株式会社は『The ATTAS V2 Gold Ver.』を8月7日(水)より発売開始いたします。税込価格は44,000円となります」と、同社。\n他の『ATTAS』シリーズと『V2』の特性はどう違う？【画像】\n「名作を進化させた、新しいど真ん中調子モデル。トッププロ達が認めたThe ATTAS。最大の特徴である【クセのないしなり感】を継承しつつ、よりニュートラルな剛性分布に再設計しました。プロ・アマ問わずクセがなくタイミングが取りやすい、名器を進化させた究極の中調子のゴールドカラーバージョンで、規定数量に達したスペックより販売終了となりますので予めご了承ください」（同社広報）\n \nシルバー×ブラックの通常品は『4R』から『7X』まで15種類のスペックを用意しているが、今回のゴールドバージョンのラインナップは『5S』『5SX』『5X』『6S』『6SX』『6X』の6種類となっている。",['https://newsatcl-pctr.c.yimg.jp/t/amd-img/20240730-00000021-alba-000-2-view.jpg?pri=l&w=640&h=426&exp=10800'],"['https://news.yahoo.co.jp/articles/bb516750aa070f4e8d4a9b3eb7bb215eb370b861/images/000', 'https://www.alba.co.jp/articles/category/gear/post/pi4cni60cpsl/photo/?id=fZkXtqoYnQLH4Ykv322Y&utm_source=news.yahoo.co.jp&utm_medium=referral']"
今季は日本勢が大活躍！　DPワールドツアーの来季開幕シリーズの日程が発表（ゴルフ総合サイト ALBA Net）,https://news.yahoo.co.jp/articles/928e3a9f32bdd2890e13848afdd048db42f4775d,https://newsatcl-pctr.c.yimg.jp/t/amd-img/20240730-00000019-alba-000-1-view.jpg?exp=10800,2024-07-30T16:00:06+09:00,2024-07-30T16:00:36+09:00,ゴルフ総合サイト ALBA Net,alba,ゴルフ総合サイト ALBA Net,408,\nDPワールドツアーの開幕日程が発表された\n昨年9月、久常涼が「カズー・フランスオープン」を制し注目を浴びたDPワールド（欧州）ツアー。今年に入っても、星野陸也、中島啓太、桂川有人が優勝を果たしている。29日に、来季開幕シリーズの日程が発表された。\nマキロイがブチギレ⁉【写真】\n開幕戦は2024年11月21日から24日まで行われる「BMWオーストラリアPGA選手権」。続いて、11月28日から12月1日まで「ISPSハンダ・オーストラリア・オープン」が開催される。\n\nそのあとは、オーストラリアから南アフリカに移動し、12月5日から8日まで「ネッドバンク・ゴルフチャレンジ」が開催。続いて12日から15日まで「アルフレッド・ダンヒル選手権」、19日から22日まで「アフラシアバンク・モーリシャスオープン」が行われる。\n\n2025年シーズンの全スケジュールは、今年の後半に発表される予定となっている。,['https://newsatcl-pctr.c.yimg.jp/t/amd-img/20240730-00000019-alba-000-1-view.jpg?pri=l&w=640&h=420&exp=10800'],"['https://news.yahoo.co.jp/articles/928e3a9f32bdd2890e13848afdd048db42f4775d/images/000', 'https://www.alba.co.jp/articles/category/tour/pga/post/dt0y7r8cvfvs/photo/?id=KNmzFDZQktcnSsXDw5m3&utm_source=news.yahoo.co.jp&utm_medium=referral']"
ランキング1位をひた走る山下美夢有　パリ五輪を前に野球観戦でリラックスタイム（ゴルフ総合サイト ALBA Net）,https://news.yahoo.co.jp/articles/84597ef91512eba4273f57f8fe2ee14af5fd6daf,https://newsatcl-pctr.c.yimg.jp/t/amd-img/20240730-00000016-alba-000-1-view.jpg?exp=10800,2024-07-30T14:28:42+09:00,2024-07-30T14:30:11+09:00,ゴルフ総合サイト ALBA Net,alba,ゴルフ総合サイト ALBA Net,745,\nパリ五輪で金メダル、大きな目標に挑む山下美夢有（撮影：米山聡明）\n山下美夢有が自身のインスタグラムを更新。オリックス・バファローズのホーム球場・京セラドームで試合を観戦したことを投稿した。\n「高い席」で野球観戦を楽しむ山下美夢有【本人のInstagramより】\n投稿に文章はなく、観客席で山下が振り向くと笑顔でピースをする写真が公開されただけだった。山下の席はグラウンド全体を見下ろせるような高い位置の最前列。そこで黒いキャップに長袖のGジャンと、カジュアルなスタイルで観戦を楽しんでいた。\n \nこの投稿を見たファンは、「おぉ！ 野球観戦楽しそうだねー」「心強いオリ姫（オリックスの女性ファンの愛称）ですね」「山下美夢有投手の始球式をいつか楽しみにしています」というコメントがある一方、「オリンピック頑張って」「金メダルとってください」など、間近に迫ったパリ五輪での活躍を期待する声も数多く聞かれた。\n \n今季の山下は、国内女子ツアーには14試合に参戦。すべてで予選を通過し、トップ10には2位5回を含めて10回も入っている。もっとも順位が悪かったのは開幕戦「ダイキンオーキッドレディス」の19位タイ。4月第1週の「富士フイルム・スタジオアリス女子オープン」で5位に入って以降はトップ10を外していないという安定感抜群の好成績を残してきた。\n \nそして次戦は8月7日に開幕するパリ五輪だ。日本代表の2つ目の座を、6月に開催された海外メジャー大会「KPMG全米女子プロゴルフ選手権」で2位タイに入り、逆転で掴み取っている。\n \n4年に1度しか開催されないオリンピックでも今季の好調ぶりをいかんなく発揮し、金メダルで今季の初優勝を飾ることを多くのファンが期待している。,['https://newsatcl-pctr.c.yimg.jp/t/amd-img/20240730-00000016-alba-000-1-view.jpg?pri=l&w=640&h=426&exp=10800'],"['https://news.yahoo.co.jp/articles/84597ef91512eba4273f57f8fe2ee14af5fd6daf/images/000', 'https://www.alba.co.jp/articles/category/golf-sns/post/gwi2v78v5d0/page/2/?utm_source=news.yahoo.co.jp&utm_medium=referral']"
初出場のS・シェフラーは『モナ・リザ』を鑑賞　パリと五輪を満喫中！「水曜日からはトーナメントモードへ」（ゴルフ総合サイト ALBA Net）,https://news.yahoo.co.jp/articles/3ee0004895eca70cffeb35e259f056a42ae9fe74,https://newsatcl-pctr.c.yimg.jp/t/amd-img/20240730-00000013-alba-000-2-view.jpg?exp=10800,2024-07-30T12:30:05+09:00,2024-07-30T12:38:48+09:00,ゴルフ総合サイト ALBA Net,alba,ゴルフ総合サイト ALBA Net,900,\n公式会見に挑むスコッティ・シェフラー\n＜パリ五輪 事前情報◇29日◇ル・ゴルフナショナル（フランス）◇7174ヤード・パー71＞\n惜敗…松山英樹は東京でメダル獲得ならず【写真】\n世界ランキング1位で今季6勝と金メダル候補の最右翼、米国代表のスコッティ・シェフラーがコース入り、現地月曜日に公式会見に臨んだ。\n\n圧倒的な強さをみせているシェフラーだが、実はツアー初優勝はわずか2年半前。東京五輪が開催された2021年には未勝利の選手だったから、この3年で驚異の躍進ぶりだ。初のオリンピアンとなり、「国を代表して戦えることにとても興奮している。すごく特別な1週間になる」と語った。\n\n前週はパリ郊外にメリディス夫人と春に生まれたばかりの長男と滞在。バケーションを過ごしながらも近くのゴルフコースで調整もした。土曜日にはパリ観光を楽しんだという。ルーブル美術館も訪ねると『モナ・リザ』を鑑賞。「あまりの人の多さに驚いたし、美術館が大きくてびっくりした。僕たちが見たのはせいぜい美術館の10分の1くらいだ。それでもすごく良い経験だった。息子のベネットもルーブルが気に入ったようだ（笑）」と喜んだ。\n\n前日の日曜は卓球を観戦。「あしたは体操を見に行く予定だ」とパリと五輪を満喫している。「だけど水曜日が来たらトーナメントモードに切り替える。それまでは五輪の一部になれることを大いに楽しみしたい」と満面の笑みをみせた。\n\n今季メジャー最終戦、「全英オープン」は7位タイで終えた。最終日はあと一歩で優勝争いというところで後退。「必死でザンダーを追いかけたが、届かなかった。ザンダーを倒すのは容易ではない。でも自分のゴルフも調子を上げている」と自信を口にした。\n\nシェフラーの自宅には「ゴルフルーム」と呼ばれるトロフィーを飾る部屋があるという。今季は4月に2度目のマスターズ・トーナメントを制し、すでに6勝を挙げている。「今年は棚を少し増やさなければいけなかったよ」と笑うシェフラー。今週、メダルを獲得したら「ゴルフルーム」のコレクションがまた1つ増やされる。（文・武川玲子＝米国在住）,['https://newsatcl-pctr.c.yimg.jp/t/amd-img/20240730-00000013-alba-000-2-view.jpg?pri=l&w=640&h=426&exp=10800'],"['https://news.yahoo.co.jp/articles/3ee0004895eca70cffeb35e259f056a42ae9fe74/images/000', 'https://www.alba.co.jp/articles/category/tour/pga/post/173918/photo/?id=article__2021080116250754166&utm_source=news.yahoo.co.jp&utm_medium=referral']"
チーム韓国がパリ五輪で公式会見　アン・ビョンハンは「金メダルで両親を超えたい」（ゴルフ総合サイト ALBA Net）,https://news.yahoo.co.jp/articles/54960f643e3ca864d0ea1c32e1cb0d9d172a5779,https://newsatcl-pctr.c.yimg.jp/t/amd-img/20240730-00000015-alba-000-1-view.jpg?exp=10800,2024-07-30T14:00:06+09:00,2024-07-30T14:00:31+09:00,ゴルフ総合サイト ALBA Net,alba,ゴルフ総合サイト ALBA Net,929,\n2度目の五輪に出場するアン・ビョンハン（写真は5月）\n＜パリ五輪 事前情報◇29日◇ル・ゴルフナショナル（フランス）◇7174ヤード・パー71＞\n惜敗…松山英樹は東京でメダル獲得ならず【写真】\n韓国の激しい代表レースを制した初出場のトム・キム、2016年のリオ大会に続く2度目の五輪出場となるアン・ビョンハンが公式会見に臨んだ。\n\nすでに練習ラウンドを済ませたキムは、「想像以上にラフが長くなるだろうと思っていた。コースのコンディションは最高」と絶賛した。同コースで行われ、久常涼が勝利した昨年のDPワールド（欧州）ツアー「フランスオープン」にも出場しており、「メダルを獲得するためには相当いいプレーをしないとならない。素晴らしいテストになる」と話した。\n\n一方、アンはコースに到着したばかりだが、「2016年のフランスオープンに出場した。ライダーカップも見たし、コースはよく覚えている」という。\n\nアンにとって五輪は特別な意味がある。両親がともにオリンピアン、1988年の「ソウル五輪」に卓球で出場、韓国代表だった父は銅メダルを獲得、母は中国代表でシングルスで銅メダル、ダブルスでは銀メダルを獲得している五輪一家だ。\n\n「だから子供の頃からずっと五輪を見てきた。きっとどの選手よりも五輪の中で育ったと思う」\n\nオリンピアンでメダリストの両親だが「父も母も五輪出場は1度だけ、僕はリオに続いて2度目の出場だ。でも金メダルを持ち帰って、両親を超えたい」とトップを目指すと宣言した。\n\n韓国には徴兵制度がある。原則18歳～28歳の男性は18～21カ月の兵役義務を果たさなければならない。五輪で“金メダル”を獲得するとその義務は免除されるのだが、義務を全うしないと国民からは厳しい目が向けられるのも事実。\n\nそのことについて聞かれたキムは、「もっとも簡単な答えは、僕たちは今週はいいプレーをするためにここに居るということ。プレーに集中したい。韓国人であることに誇りを持っている。徴兵制度はあるのが現実。ベストなプレーをして表彰台に立ちたい」とキム。目指すは金メダルで、兵役義務の免除ではないと話した。（文・武川玲子＝米国在住）,['https://newsatcl-pctr.c.yimg.jp/t/amd-img/20240730-00000015-alba-000-1-view.jpg?pri=l&w=640&h=426&exp=10800'],"['https://news.yahoo.co.jp/articles/54960f643e3ca864d0ea1c32e1cb0d9d172a5779/images/000', 'https://www.alba.co.jp/articles/category/tour/pga/post/173918/photo/?id=article__2021080116250754166&utm_source=news.yahoo.co.jp&utm_medium=referral']"
シャウフェレ、シェフラーの“米国最強コンビ”が金メダル有力候補　松山英樹は選出されず（ゴルフ総合サイト ALBA Net）,https://news.yahoo.co.jp/articles/8518261013b7e121d2afd05298b785ba968f21e4,https://newsatcl-pctr.c.yimg.jp/t/amd-img/20240730-00000012-alba-000-1-view.jpg?exp=10800,2024-07-30T12:00:05+09:00,2024-07-30T12:00:24+09:00,ゴルフ総合サイト ALBA Net,alba,ゴルフ総合サイト ALBA Net,518,\nザンダー・シャウフェレが2大会連続金メダルに挑む（写真は全英オープン）\n＜パリ五輪 事前情報◇29日◇ル・ゴルフナショナル（フランス）◇7174ヤード・パー71＞\n惜敗…松山英樹は東京でメダル獲得ならず【写真】\n8月1日から4日間の日程で「パリ五輪」のゴルフ競技が開催される。開幕に先立ち、PGAツアーが優勝予想（パワーランキング）を発表した。\n\n最有力に推されたのは5月の「全米プロゴルフ選手権」、2週前の「全英オープン」を制したばかりのザンダー・シャウフェレ（米国）。3年前の「東京五輪」金メダリストのタイトル防衛に期待がかかる。\n\n2番手に今年の「マスターズ」を制したスコッティ・シェフラー（米国）。圧倒的な強さで世界ランキング1位を独走するシェフラーが初のメダル取りにチャレンジする。\n\n3番手にはローリー・マキロイ（北アイルランド）。今大会をアイルランド代表として戦うマキロイも、メダル獲得に闘志を燃やしている。\n\n4番手にはコリン・モリカワ（米国）、5番手には先週のLIVゴルフで勝利を挙げたばかりのジョン・ラーム（スペイン）がつけた。\n\n日本代表の松山英樹と中島啓太はともに選出されなかった。,['https://newsatcl-pctr.c.yimg.jp/t/amd-img/20240730-00000012-alba-000-1-view.jpg?pri=l&w=640&h=426&exp=10800'],"['https://news.yahoo.co.jp/articles/8518261013b7e121d2afd05298b785ba968f21e4/images/000', 'https://www.alba.co.jp/articles/category/tour/pga/post/173918/photo/?id=article__2021080116250754166&utm_source=news.yahoo.co.jp&utm_medium=referral']"
ゴルフのラウンド予定は自分から誘う？ それとも誘われ待ち？【あなたはどっち派】（ゴルフ総合サイト ALBA Net）,https://news.yahoo.co.jp/articles/1ddf8760ac840e120906996c189f7989e102fdac,https://newsatcl-pctr.c.yimg.jp/t/amd-img/20240730-00000014-alba-000-1-view.jpg?exp=10800,2024-07-30T13:15:05+09:00,2024-07-30T13:15:25+09:00,ゴルフ総合サイト ALBA Net,alba,ゴルフ総合サイト ALBA Net,1039,\n写真: ALBA Net\nもちろんツーサムや3サムでのプレーもあるけど、ゴルフは4人1組が基本。同伴プレーヤーを誘ったり、誘われたりがある。ちなみにあなたは、誘う派ですか、それとも誘われるのを待つ派ですか？ アマチュアゴルファー二人に話を聞いた。\nラウンド時は要注意！ この間違いは健康被害に発展する→「サングラス濃い色のほうがいいは思い込み！」ゴルファーの間違いだらけの紫外線対策\n「自分のスケジュールで動けるから、行きたいコースがあればすぐに自分から誘う」というのは、岡田晃典さん。\n \n「私は月に4～5回はラウンドがしたいと思っていますが、誘われ待ちしているだけでは、なかなかその回数は行けません。誘われ待ちだと、仕事があったりして自分のスケジュール的に行けないことも多いんですよ。だから、自分から誘うほうが多いです」\n \n「ただし、『ゴルフに行かない？』みたいな誘い方ではなくて、行きたいコースや紹介してもらったコースが決まっていて、誰かを誘うことのほうが多いですね。あと仕事関係でもプライベートでも、新しく知り合った人でゴルフをやる方がいたら、取りあえず1回は誘います。やっぱり、ゴルフに行くと親しくなるスピードが早いので、仕事関係の人とラウンドするのは、すごく有意義だと思います」\n \n一方、「月に何度か誘われるので、誘われ待ちで十分」と話すのは、山浦良徳さん。\n \n「ラウンドは月イチくらいのペースなのですが、1か月に何度かは友達や知り合いからコンペに誘われることがあって、誘われたコンペの中から日程が合う日で月に1回くらいラウンドしている感じです。もうゴルフ歴は18年くらいになりますが、ここ数年はだいたいそういう感じですね。私はコンペとかでいろんな人と回れたり、いろんな人と知り合える\nほうが楽しいので、誘われるゴルフのほうがワクワクするタイプです」\n \n「自分から誘って行くと、同じメンバーになりやすいかなと思うので、今後も誘われ派でゴルフを続けていきたいです。でも、誘われたコンペがどうしても都合が合わなかったときは、自分から誘うこともありますけどね」\n \nさて、あなたはどっち派ですか？\n \n◇ ◇ ◇\n \n美人インストラクターがセクシーポーズ♥ たったの3分、体を動かすだけでミスショットが激減 関連記事→【上がり3ホールで大崩れ…そうならないために蹴り上げエクササイズでバテない下半身を作ろう】をクリック！,['https://newsatcl-pctr.c.yimg.jp/t/amd-img/20240730-00000014-alba-000-1-view.jpg?pri=l&w=640&h=426&exp=10800'],"['https://news.yahoo.co.jp/articles/1ddf8760ac840e120906996c189f7989e102fdac/images/000', 'https://www.alba.co.jp/articles/category/golf-life/post/p6d3fpbmu6g3/photo/?id=3TnmVVlj1fjo2buaLlhl&utm_source=news.yahoo.co.jp&utm_medium=referral']"
日本でも！スコッティ・キャメロン『B3 Triple Black Design LTD』パター、8月9日限定デビュー（ゴルフ総合サイト ALBA Net）,https://news.yahoo.co.jp/articles/4a15f871f8b5963cb7434e6e0b587d099a2863ba,https://newsatcl-pctr.c.yimg.jp/t/amd-img/20240730-00000011-alba-000-2-view.jpg?exp=10800,2024-07-30T11:34:31+09:00,2024-07-30T11:38:30+09:00,ゴルフ総合サイト ALBA Net,alba,ゴルフ総合サイト ALBA Net,711,\nスコッティ・キャメロンの数量限定作『B3 Triple Black Design LTD』パター\nアクシネットジャパンインクが新作パターのアナウンス。「スコッティ・キャメロン『B3 Triple Black Design LTD』パターを8月9日より数量限定で発売いたします」と、同社。既報の通り、現地16日に米国で発表された、カッコよすぎる真っ黒の限定パターが日本にも導入される。\nカッコ良すぎ！『B3トリプルブラックデザインLTD』パターのディテール【画像40枚】\n「スコッティ・キャメロンは、ツアーブラック仕上げが非常に美しいクラシックブレードデザインの限定シリーズ『B3 Triple Black Design LTD』を発表しました。このモデルはキャメロンが愛するコンバーチブル カー文化にインスパイアされており、【トリプルブラック】をテーマにヘッド塗装、シャフト、グリップのすべてを黒で統一した特別な仕様となっています。スコッティ・キャメロンパターの中でも高い人気と認知を誇る4つのブレードモデルから、あなたの感性を満たす特別な一本をお選びいただけます」（同社広報）\n \nヘッドタイプは『Newport 2』（左用あり）、『Newport 2 Long Neck』、『Santa Fe』、『Catalina』の4つで、中でも注目はキャメロン好きには懐かしい『Newport 2 Long Neck』だろうか。開閉を抑えるトウハングの少ないロングネックブレードは、PINGやオデッセイも限定パターを発売しており、キャメロンにも選択肢が生まれたことは大歓迎。ただし数量限定にて、気になる人はお早めに。,['https://newsatcl-pctr.c.yimg.jp/t/amd-img/20240730-00000011-alba-000-2-view.jpg?pri=l&w=640&h=480&exp=10800'],"['https://news.yahoo.co.jp/articles/4a15f871f8b5963cb7434e6e0b587d099a2863ba/images/000', 'https://www.alba.co.jp/articles/category/gear/post/iowo2i4m29/photo/?id=PmE1TRze6xjQDERGy97d&utm_source=news.yahoo.co.jp&utm_medium=referral']"
ツアー初VのL・コフリンが5位に浮上　古江彩佳は2位キープ【CMEグローブポイントランキング】（ゴルフ総合サイト ALBA Net）,https://news.yahoo.co.jp/articles/a589beeb965b92d11f4425593f085a906a706e5e,https://newsatcl-pctr.c.yimg.jp/t/amd-img/20240730-00000009-alba-000-1-view.jpg?exp=10800,2024-07-30T11:00:05+09:00,2024-07-30T11:00:42+09:00,ゴルフ総合サイト ALBA Net,alba,ゴルフ総合サイト ALBA Net,720,"\nツアー初優勝を挙げたローレン・コフリンが5位に浮上\n米国女子ツアー「CPKC女子オープン」を終えて、最新のCMEグローブポイントランキングが発表された。\n西郷真央の華麗なショット・イン・イーグル【動画】\n米国女子ツアー唯一となるカナダでの大会はローレン・コフリン（米国）が初優勝。500ポイント（pt）を獲得し、通算1,398.163ptで5位にジャンプアップした。昨年覇者のメーガン・カン（米国）は14位タイで大会を終え、28位→25位にランクアップした。\n\n3位タイでフィニッシュした韓国勢、ジェニー・シンとユ・ヘランはそれぞれ205ptを上乗せし、シンは31位へ、ヘランは通算1,520.617ptで4位をキープした。\n\n大会を2位で終えた西郷真央は320ptを獲得し、通算873.751ptで18位に浮上。吉田優利は28.375ptを獲得し、9ランクアップの121位へ。渋野日向子は7.75ptを上乗せしたが2ランクダウンの34位へ後退した。\n\n予選落ちとなった西村優菜と勝みなみはポイントを加算できず。西村は通算436.261ptで56位へ、勝は通算273.240ptで78位に立っている。\n\n今大会には出場しなかった笹生優花は通算974.162ptで13位、畑岡奈紗は40位、稲見萌寧は86位へそれぞれランクダウンする結果となった。古江彩佳は通算2,081.702ptで2位をキープした。\n\n1位からは前週と変わらず通算3,318.944ptでネリー・コルダ（米国）、古江、ハナ・グリーン（オーストラリア）、ヘランが続いている。\n\nシーズン終了時点で80位以内の選手に来季シード権が与えられる。",['https://newsatcl-pctr.c.yimg.jp/t/amd-img/20240730-00000009-alba-000-1-view.jpg?pri=l&w=640&h=426&exp=10800'],"['https://news.yahoo.co.jp/articles/a589beeb965b92d11f4425593f085a906a706e5e/images/000', 'https://www.alba.co.jp/articles/category/tour/lpga/post/v6jzaqqcp05/page/2/?utm_source=news.yahoo.co.jp&utm_medium=referral']"
由縁の地で父に捧げる金メダル　X・シャウフェレ「肩の荷が下りた」【東京五輪振り返り】（ゴルフ総合サイト ALBA Net）,https://news.yahoo.co.jp/articles/8ff494caae87d77e5475e447352098c4bc305e66,https://newsatcl-pctr.c.yimg.jp/t/amd-img/20240730-00000010-alba-000-1-view.jpg?exp=10800,2024-07-30T11:30:05+09:00,2024-07-30T11:30:23+09:00,ゴルフ総合サイト ALBA Net,alba,ゴルフ総合サイト ALBA Net,906,\n東京五輪で金メダルを獲得したザンダー・シャウフェレ\nパリ五輪の男子ゴルフ競技は8月1日（木）から行われる。前回、ザンダー・シャウフェレ（米国）が金メダルを獲得した2021年の東京五輪を振り返る。\n東京五輪、女子の金メダリストは？【写真】\n◇\n\nコロナ禍により史上初の延期、無観客で行われた東京五輪。霞ヶ関カンツリー倶楽部（埼玉県）を舞台に行われ、松山英樹と星野陸也が日本代表として出場した。3日目を終えた時点でシャウフェレは、トータル14アンダーで単独首位に立っていた。1打差の2位に松山、2打差の3位タイにはポール・ケーシー（イングランド）とカルロス・オルティス（メキシコ）が続いていた。\n\n前半こそ順調にスコアを伸ばしていったシャウェレだったが、後半でピンチが訪れる。14番でティショットを大きく右に曲げて、茂みの中へ打ち込んだ。生い茂る木をくぐっていくと、幸いにもボールを確認。「これが今日で一番ラッキーだった。あれがなかったら、今ここに立っていないと思う」とアンプレヤブルを宣言。ドロップして3打目を放ち、なんとか5打目でグリーンに乗せると、1パットのボギーで納めてトップの座を守り抜いた。\n\nローリー・サバティー二（スロバキア）と首位タイに並んで迎えた17番。ここでバーディを獲ってひとつ抜け出し、金メダルが目前に迫った。最終ホールのティショットも大きく右に曲げたが、3打目で1.2メートルほどに乗せてパーセーブ。「入れた瞬間、肩の荷が下りた」と、ほっと息をついて勝利をかみしめた。\n\n母は日本育ちの台湾人、祖父母が東京在住と日本とは由縁のあるシャウフェレ。父はかつて陸上の十種競技で五輪出場を目指していたが、飲酒運転のドライバーによる交通事故に巻き込まれ選手生命を絶たれていた。「ウィニングパットを決めたときに父の顔が浮かんだ。父の思いも報われたと思う。一緒に分かち合えてうれしい」。18番グリーンで受け取った金メダルを、表彰台の一番上で父のために掲げて見せた。\n\n今年のシャウフェレは「全米プロ」、「全英オープン」とメジャー2勝を挙げており絶好調。連覇に期待がかかる。,['https://newsatcl-pctr.c.yimg.jp/t/amd-img/20240730-00000010-alba-000-1-view.jpg?pri=l&w=640&h=426&exp=10800'],"['https://news.yahoo.co.jp/articles/8ff494caae87d77e5475e447352098c4bc305e66/images/000', 'https://www.alba.co.jp/tour/category/lpga/tournament/95033/live-photo/?id=livephoto__livephotoLpga-2021-08-07-0N7A3506&round=4&utm_source=news.yahoo.co.jp&utm_medium=referral']"
過酷な大移動をものともせず　渋野日向子が今季初めて日本ツアーに参戦　（ゴルフ総合サイト ALBA Net）,https://news.yahoo.co.jp/articles/94c189ee3cc5a74f36e96951697c83ea33d509a2,https://newsatcl-pctr.c.yimg.jp/t/amd-img/20240730-00000008-alba-000-1-view.jpg?exp=10800,2024-07-30T10:42:02+09:00,2024-07-30T10:44:43+09:00,ゴルフ総合サイト ALBA Net,alba,ゴルフ総合サイト ALBA Net,920,\n日本のファンにも会心の笑顔を見せてほしい渋野日向子（撮影：佐々木啓）\n渋野日向子のマネージャーが公式インスタグラムを更新。3つの国で連戦した後、今週末は北海道で開催される日本ツアーに参戦することを投稿した。\nマッサージを受けるシブコ 美しい景色で心も癒されそう【渋野日向子マネージャーの公式Instagramより】\n投稿の最初に国旗の絵文字を使って、フランス → 米国 → カナダと3カ国を移動してきたことを表現。フランスはメジャー大会「アムンディ・エビアン選手権」（7月11日から14日）で51位タイ、米国は「Danaオープン」（7月18日から21日）で53位タイ、カナダは「CPKC女子オープン」（7月25日から28日）で48位タイ。渋野は毎週末ごとに国境を越えて戦い続けてきた。\n \nこの大移動をマネージャーは英語で「貴重な経験を積んだ、最も過酷な移動」と表現。そして「次の目的地」として日の丸の絵文字を3つ並べた。次戦は今季初めて国内女子ツアー「北海道meijiカップ」（8月2日から4日）に登場する予定だ。\n \n最後は日本語で「北海道でお会いしましょう」と日本のファンに呼び掛けていた。\n \nそして投稿では、真剣な眼差しでラインを読む姿や、ドライバーショットのフィニッシュ、頭に手をやり思わず天を仰ぐ姿や、美しい夕日を背景にマッサージを受ける姿などの写真も公開した。\n \n日本で参戦の情報にファンは大喜び。「シブコおかえりという応援プラカードを持参して、応援に参ります」「北海道でお待ちしております」とコースで間近に観戦することを楽しみにする人や、「北海道へ応援に行こうと思ったら奥様の許しが出ませんでした」「生応援したいなぁ～」と残念がる人まで、数多くのコメントが寄せられていた。\n \n今季はこれまで17試合に参戦した渋野。シーズン当初は予選落ちが続いたが、メジャー大会「全米女子オープン」で単独2位となったのをきっかけに一気に復調。それ以降の7試合はすべて予選を通過している。\n \nその勢いに乗って、日本でも素晴らしいプレーと会心の笑顔を見せてくれることを、多くのファンが楽しみに待っている。,['https://newsatcl-pctr.c.yimg.jp/t/amd-img/20240730-00000008-alba-000-1-view.jpg?pri=l&w=640&h=426&exp=10800'],"['https://news.yahoo.co.jp/articles/94c189ee3cc5a74f36e96951697c83ea33d509a2/images/000', 'https://www.alba.co.jp/articles/category/golf-sns/post/hjodryht7/page/2/?utm_source=news.yahoo.co.jp&utm_medium=referral']"
柔道のきょうだい愛に感動　中島啓太がアスリート最高の舞台へ「自覚を持って」（ゴルフ総合サイト ALBA Net）,https://news.yahoo.co.jp/articles/9600729e5dc86f4f74b5a5cade7d6ca366606425,https://newsatcl-pctr.c.yimg.jp/t/amd-img/20240730-00000007-alba-000-1-view.jpg?exp=10800,2024-07-30T10:00:05+09:00,2024-07-30T10:00:45+09:00,ゴルフ総合サイト ALBA Net,alba,ゴルフ総合サイト ALBA Net,905,\n中島啓太がメダル取りへ！（写真は全英オープン）\n＜パリ五輪 事前情報◇29日◇ル・ゴルフナショナル（フランス）◇7174ヤード・パー71＞\n惜敗…松山英樹は東京でメダル獲得ならず【写真】\nアマチュア日本代表として長らく活躍してきた中島啓太が、プロ転向後初の日の丸を背負って戦う。現地時間8月1日に開幕する「パリ五輪」のゴルフ競技に出場する中島は、およそ2年ぶりのチーム“JAPAN”に気持ちが高ぶってきた。\n\n「五輪でプレーできることに興奮しているし、日本代表に入ることができて光栄に思っている」。2015年から8年間、JGAナショナルチームのメンバーとして活躍した中島にとって、JAPANのユニホームに袖を通すことは大きな目標だった。\n\n昨年は日本ツアーの賞金王に輝き、今年は欧州ツアーだ初優勝も達成。一気に世界ランキングを上げたことによって松山英樹に続く日本勢2番手として代表入りを決めた。「東京五輪」が行われた3年前はまだアマチュア。「（五輪は）意識していなかったし、思っていもいなかったので、その後の活動とか取り組みがよかったから戻ってこられたかなと思います」と、22年夏の「世界アマ」で一度プレー経験があるル・ゴルフナショナルに戻ってきた喜びを語る。\n\n日体大出身の中島にとって、五輪は身近にあったもの。多くのオリンピアン、メダリストを輩出してきた同大出身者は、今回のパリ大会でも大活躍を見せている。大会前の公式会見に臨んだ中島は注目のオリンピアンを聞かれると、同大出身で柔道競技に出場した兄・一二三、妹・詩の阿部きょうだいの名を挙げた。\n\n「阿部詩選手は残念ながら2回戦で負けてしまったんですけど、それをきょうだいの力でお兄ちゃんが金メダルを取ったところは感動しました」と、兄・一二三の2大会連続金メダルと妹・詩の涙に心を打たれたという。\n\n今度はそんな感動や勇気を与える番だ。「自覚を持ってプレーしたい」とオリンピアンとして気を引き締める。「オリンピックで金メダルを取るというのはゴルファーである前にアスリートとして最高の舞台」と、表彰台を目指す戦いに気合を込めた。,['https://newsatcl-pctr.c.yimg.jp/t/amd-img/20240730-00000007-alba-000-1-view.jpg?pri=l&w=640&h=426&exp=10800'],"['https://news.yahoo.co.jp/articles/9600729e5dc86f4f74b5a5cade7d6ca366606425/images/000', 'https://www.alba.co.jp/articles/category/tour/pga/post/173918/photo/?id=article__2021080116250754166&utm_source=news.yahoo.co.jp&utm_medium=referral']"
ついに登場！　話題の“10K”ヘッドに軽量モデルが続々追加!!　振ればドンピシャの秘密とは？（ゴルフ総合サイト ALBA Net）,https://news.yahoo.co.jp/articles/cdf1c3b91e51044e6fd44ff7385264bf2b6b76f0,https://newsatcl-pctr.c.yimg.jp/t/amd-img/20240730-00000006-alba-000-1-view.jpg?exp=10800,2024-07-30T10:00:05+09:00,2024-07-30T10:00:29+09:00,ゴルフ総合サイト ALBA Net,alba,ゴルフ総合サイト ALBA Net,1422,\n『軽量化』によって変わるのは、グリップ・シャフト・ヘッドの重さのバランスだ。標準よりもグリップ・シャフトを軽くして総重量を下げることで、振りやすさをアップ。一方、ヘッドは少しだけ軽くしているので、クラブ全体におけるヘッドの重さの割合が多くなるため、総重量が軽くてもヘッドにはパワーがある状態になり、インパクト効率はむしろ高くなる\n高MOI（慣性モーメント）のヘッドは構造上、シャフトのしなりが大きくなりやすいし、スイングしていて重さを感じやすい。シャフトとグリップを軽くすることで振りやすさが一気に高まり、デメリットを払拭したのが最新『軽量モデル』なのだ。\n話題の“10K”ヘッドに軽量モデルが登場。操作性が高いタイプは？ オートマチックに打てるタイプは？【写真】\nかつて『軽量モデル』というと、パワーがない人向けのクラブというイメージが強かった。しかし、最新の高MOIヘッドを採用しつつ軽量化されたモデルをチェックしたギアコーチの筒康博は、クラブ全体のバランスを見直すことで、「振りやすさが劇的に高まっている」と分析する。\n\n 「一見するとボールが曲がらず最強に見える“高MOI”ヘッドですが、ヘッド自体の重量が重くなりやすいですし、重心深度が深いぶん、シャフトのしなり挙動も大きくなるといったデメリットが存在します。ゴルファーのパワーによっては振りにくさを感じる場合があるのです。一方で最新の『軽量モデル』は、シャフトとグリップを軽くして全体のバランスを調整することで、高MOIヘッドでも重く感じることなく、軽快に振り切れるようになっています。しかも、総重量に対するヘッドの重さの割合を増やすことで、軽量化してもインパクト効率の高さはむしろ高まっています。高MOIヘッドの曲がらなさを生かしつつ、振りやすさ、飛ばしやすさをプラスしたのが最新『軽量モデル』なのです」\n\nヘッドの特性を見極めるポイントは『ネックの高さ』。低いほど重心距離が長くなりやすく、オートマチックに飛ばすことができる。ドライバーでミスをとことん減らしたい人は低めを選ぶと良いだろう。\n\nまた、クラフトマンの石塚昌広は次のように語る。「一方で適度な弾道コントロール性が欲しい場合はネック高めが最適です。適度にフェース開閉を使えるので操作性が高くなっています。ぜひ『軽量モデル』を使って、ティショットを楽にしてください」。\n\n振りやすさや性能バランスの良さがある『軽量モデル』は、多くのゴルファーにメリットがある。“新時代の標準モデル”といっても過言ではない仕上がりなので、ぜひ手に取って試してみてほしい。\n\n■試打・筒 康博\nつつ・やすひろ／過去の名器から最新クラブまで豊富過ぎる知識を持つ通称“ギアコーチ”。インドアゴルフレンジKz亀戸店でヘッドコーチとして、日々アマチュアの悩みに応えている。\n\n■試打・石塚昌広\nいしづか・まさひろ／インドアゴルフレンジKz亀戸店内にあるゴルフ工房「REAL SPEC GOLF」オーナー。鋭い感性とクラフト知識で最新ギアの性能を的確に分析する。\n\n◇ ◇ ◇\n \n●アプローチはスコアメイクの肝と言える。ウェッジ選びに困る人は、関連記事【フェースを開いて激スピンで止める？ ザックリを防いでミスなく寄せる？ 最新ウェッジ30機種を完全解剖】を読めば、アナタのベストウェッジが分かるかも？,['https://newsatcl-pctr.c.yimg.jp/t/amd-img/20240730-00000006-alba-000-1-view.jpg?pri=l&w=640&h=426&exp=10800'],"['https://news.yahoo.co.jp/articles/cdf1c3b91e51044e6fd44ff7385264bf2b6b76f0/images/000', 'https://www.alba.co.jp/articles/category/gear/post/fl3n_im1g/photo/?id=VhWV7jehh8UN8HTlQJIq&utm_source=news.yahoo.co.jp&utm_medium=referral']"
メダルの報奨金は“How Much?” 日本は金メダルで2500万円【パリ五輪ゴルフあれこれ】（ゴルフ総合サイト ALBA Net）,https://news.yahoo.co.jp/articles/6a0390c11b6ebd34f5658902959dbcca02e08c67,https://newsatcl-pctr.c.yimg.jp/t/amd-img/20240730-00000005-alba-000-2-view.jpg?exp=10800,2024-07-30T09:00:05+09:00,2024-07-30T09:09:06+09:00,ゴルフ総合サイト ALBA Net,alba,ゴルフ総合サイト ALBA Net,725,\nメダリストはいくらもらえる？\n112年ぶりに「リオ五輪」で復活した五輪ゴルフ競技が、まもなくパリ大会で開幕を迎える。男子は8月1～4日、女子は7～10日にパリ市街地からほど近いル・ゴルフナショナルで開催される。\n東京五輪のメダリストたち【写真】\n4ラウンド、72ホールの合計ストロークで行われる五輪ゴルフ。リオ、東京大会で4日間の激闘を勝ち抜いてメダルを獲得してきた選手たちは男女あわせて12人。五輪のメダルという栄誉とは別に、国によってはメダリストに報奨金も支払われる。\n\n気になるゴルフ競技だが、パリ五輪では日本人がメダルを獲得した場合、ゴルフ団体から『金』で2000万円、『銀』で1000万円、『銅』で600万円となっている。この額は21年の東京大会と同額で、16年のリオ大会と比べると倍額だ。\n\nこの内訳は、男子の金メダルの場合はJGAオリンピックゴルフ競技対策本部から1000万円と日本ゴルフツアー機構（JGTO）から、女子の場合は同対策本部から1000万円と日本女子プロゴルフ協会（JLPGA）から1000万円の計2000万円が支払われる。ほかのメダルも同様、同対策本部とJTGO及びJLPGAが折半する。\n\n上記とは別に、日本オリンピック委員会（JOC）からも報奨金が支払われ、金メダルで500万円、銀メダルで200万円、銅メダルで100万円。つまり、金メダルを獲得すれば、合計2500万円ゲットとなる。東京大会で銀メダルを獲得した稲見萌寧は合計1200万円をゲットした。\n\nちなみにお隣の韓国では、リオ大会で金メダルを獲得したパク・インビ（韓国）が、当時のレートで約3000万円を報奨金として受け取っている。,['https://newsatcl-pctr.c.yimg.jp/t/amd-img/20240730-00000005-alba-000-2-view.jpg?pri=l&w=640&h=426&exp=10800'],"['https://news.yahoo.co.jp/articles/6a0390c11b6ebd34f5658902959dbcca02e08c67/images/000', 'https://www.alba.co.jp/tour/category/lpga/tournament/95033/live-photo/?id=livephoto__livephotoLpga-2021-08-07-0N7A3506&round=4&utm_source=news.yahoo.co.jp&utm_medium=referral']"
バンカーの新セオリー!?　岩井千怜はスクエアスタンスでインから下ろす【女子プロの寄せ技】（ゴルフ総合サイト ALBA Net）,https://news.yahoo.co.jp/articles/e7d62d605bba8b4ac5546ccaa0cdbb8dc1d2da33,https://newsatcl-pctr.c.yimg.jp/t/amd-img/20240730-00000002-alba-000-1-view.jpg?exp=10800,2024-07-30T07:35:05+09:00,2024-07-30T07:35:24+09:00,ゴルフ総合サイト ALBA Net,alba,ゴルフ総合サイト ALBA Net,1270,\n岩井千怜のバンカーショットは通常のアプローチみたい!?\n女子プロのリカバリー率は約6割。つまりパーオンしなくても、半分以上の確率でパーセーブしている。そのテクニックを連続写真から学ぶ。今回取り上げるのは22歳にしてツアー6勝を挙げている岩井千怜のバンカーショット。「最近増えてきた」という従来のセオリーとは違う打ち方を、プロコーチの石井忍が解説する。\nアプローチみたいに打つ 岩井千怜のバンカーショットを連続写真で見る\n◇\n\n写真は練習日なのでピンではなく右のターゲットを狙っている。それを加味してもスタンスは完全にスクエア。スタンス通りにボールが飛んでいます。\n\n昔は30ヤードくらいの距離があるバンカーショットでも「オープンに構えて、アウトサイドからカットに打つ」のがセオリーでした。しかし、今の選手たちは、その技を使わなくてもワンピンには寄せられています。最近のウェッジはフェースを開いてカットに打たなくてもバンカーからボールを拾えるし、スクエアに構えて打つ選手が増えました。\n\n軌道もアウトサイド・インではなく、フェアウェイからのアプローチのようにプレーンに沿ってインから下ろしている。もちろん、オープンに構えてカットに打つのはプロにとって難しい技術ではありません。もし50センチに以内に止めようとするなら、カットに打たないと止まらないけど、ホームランのリスクもある。結局、どちらが再現性が高いかとなったら、スクエアに打った方がいい。\n\nアマチュアの方に参考にしてほしいのはヒザを曲げすぎていないこと。「ヒザを曲げて、腰を深く落として」というのは、カットに打つときのアドレス。砂を深く取るから体を低くしているだけ。アプローチみたいに打つときはそんなに砂は取らないから、軽く曲げるだけで十分です。\n\n昔のバンカーショットとの共通点はクラブを短く握ること。バンカーはボールの手前にヘッドを入れることが命だから、短く握った方が正確にヘッドをコントロールできます。\n\n■岩井千怜\nいわい・ちさと／ 2002年生まれ、埼玉県出身。22年から毎年2勝を挙げて、ツアー参戦3年目で早くも通算6勝。双子の姉、明愛とともに年間女王を狙える位置につけている。Honda所属。\n\n■石井忍\nいしい・しのぶ／1974年生まれ、千葉県出身。98年にプロ転向し、かつてはツアープレーヤーとしてレギュラーツアーで戦っていた。現在は『エースゴルフクラブ』を主宰し、プロゴルファーやアマチュアの指導を行うほか、軽快なトークで解説者としても人気を博す。\n\n◇ ◇ ◇\n\n●バンカーショットがアマチュアにとって難しい理由の1つは、通常のアプローチよりも2～3倍大きく振らなければならないこと。「ホームラン」の恐怖もあって、スイングが緩んでショートしがちだ。関連記事の『バンカー名人の上田桃子 距離のあるバンカーは、トップは大きくフィニッシュは小さくなる』ではピンまで距離があるときのバンカーショットについて解説している。,['https://newsatcl-pctr.c.yimg.jp/t/amd-img/20240730-00000002-alba-000-1-view.jpg?pri=l&w=640&h=426&exp=10800'],"['https://news.yahoo.co.jp/articles/e7d62d605bba8b4ac5546ccaa0cdbb8dc1d2da33/images/000', 'https://www.alba.co.jp/articles/category/lesson/post/rhx2az3w7l/photo/?id=oE55RU4OfbgFsnk2LFvC&utm_source=news.yahoo.co.jp&utm_medium=referral']"
松山英樹は東京大会の悔しさ忘れず　メダル取りに意欲「前回以上の結果を」（ゴルフ総合サイト ALBA Net）,https://news.yahoo.co.jp/articles/da38ce86ed956006476ed92b2f239dc5c8f22cbc,https://newsatcl-pctr.c.yimg.jp/t/amd-img/20240730-00000004-alba-000-2-view.jpg?exp=10800,2024-07-30T08:12:45+09:00,2024-07-30T08:13:27+09:00,ゴルフ総合サイト ALBA Net,alba,ゴルフ総合サイト ALBA Net,843,\n松山英樹がメダル取りへ！（写真は全英オープン）\n＜パリ五輪 事前情報◇29日◇ル・ゴルフナショナル（フランス）◇7174ヤード・パー71＞\n惜敗…松山英樹は東京でメダル獲得ならず【写真】\n自国開催の「東京五輪」では銅メダルをかけたプレーオフで敗れた松山英樹。3年前の悔しさを晴らすため、「パリ五輪」が行われるフランスに乗り込んだ。現地時間29日には大会前の公式会見に臨み、意気込みを語った。\n\n2021年の夏は松山にとって初めての五輪舞台。コロナ禍もあって無観客のなか、日の丸を背負いメダルに近い位置で最終日をスタートしながら、上位3人に入れず悔しい思いをした。「自分たちの国でやってプレーオフで負けてしまってメダルを取れなかった悔しさは今でも覚えています」と、あのときの記憶は鮮明に残っている。\n\nその後はケガもあって思うようなプレーができない時間が長く続いたが、今年は2月に復活優勝も果たした。日本のエースとして期待が集まる3年ぶりの五輪に向けて、気持ちは高まってきた。「またこの場所に戻ってこられてうれしいですし、3年前以上の結果を出せるように頑張りたいなと思います」とメダル獲得に照準を合わせる。\n\n五輪かメジャーか、プロゴルファーにとってどちらが権威あるものなのか。16年のリオ大会で112年ぶりに五輪競技に復活して以来、問われてきたこの疑問。「グリーンジャケットはゴルフをしている人なら分かると思うけど、知らない人は分からない。日本国民からしたら（五輪の）金メダルのほうが価値は大きい」。東京大会直前の「マスターズ」でゴルファーの“世界一”に上り詰めたが、今度は一人のアスリートとしての偉業を見据える。\n\n最近親しくなったアスリートが、目指していた五輪出場を逃したというエピソードも披露。「出られなかった人の分もしっかり頑張りたい」。スポーツ選手にとって五輪出場がいかに重いものかを実感したいま。日本勢初のゴルフ競技メダル、そして世界の頂点を狙う。,['https://newsatcl-pctr.c.yimg.jp/t/amd-img/20240730-00000004-alba-000-2-view.jpg?pri=l&w=640&h=426&exp=10800'],"['https://news.yahoo.co.jp/articles/da38ce86ed956006476ed92b2f239dc5c8f22cbc/images/000', 'https://www.alba.co.jp/articles/category/tour/pga/post/173918/photo/?id=article__2021080116250754166&utm_source=news.yahoo.co.jp&utm_medium=referral']"
7年ぶり4勝目を挙げたJ・ベガスが82人抜きの67位へ　松山英樹は8位キープ【FedExCupランキング】（ゴルフ総合サイト ALBA Net）,https://news.yahoo.co.jp/articles/1301d9c982598ed00887f967db8b2b55d8ec26e9,https://newsatcl-pctr.c.yimg.jp/t/amd-img/20240730-00000003-alba-000-1-view.jpg?exp=10800,2024-07-30T08:00:05+09:00,2024-07-30T08:00:26+09:00,ゴルフ総合サイト ALBA Net,alba,ゴルフ総合サイト ALBA Net,673,\n7年ぶりツアー4勝目を挙げたジョナサン・ベガス\n米国男子ツアー「3Mオープン」を終えて、最新のフェデックスカップランキングが発表された。\n個性的な久常涼のドライバースイング【連続写真】\n米国男子ツアーのミネソタ大会が終了し、単独首位から出たジョナサン・ベガス（ベネズエラ）がツアー4勝目を挙げた。ベガスは500ポイント（pt）を獲得し、67位へジャンプアップした。昨年覇者のリー・ホッジス（米国）は予選落ち。73位→77位へ後退となった。\n\n1打差2位タイで大会を終えたマックス・グレイザーマン（米国）は300ptを獲得し88位→64位へ、2打差3位タイでフィニッシュしたマット・クーチャー、マーベリック・マクニーリー（ともに米国）は163ptを獲得。クーチャーは113位へ、マク二ーリーは58位へランクアップした。\n\n日本勢から唯一出場した久常涼は予選落ちに終わり、通算360ptで107位へランクダウンとなった。\n\n今回は出場していない松山英樹は通算1899ptで8位をキープした。\n\n1位からは前週と変わらず通算5993ptでスコッティ・シェフラー、ザンダー・シャウフェレ（ともに米国）、ローリー・マキロイ（北アイルランド）、コリン・モリカワ、ウィンダム・クラーク（米国）と続いている。\n\nレギュラーシーズン終了時点のランキング上位70位までが来季シード権を獲得するとともに、年間王者をかけたプレーオフシリーズに進出。上位50位に入れば高額賞金や高額ポイントが付与される少人数の格上げ大会への出場権が得られる。,['https://newsatcl-pctr.c.yimg.jp/t/amd-img/20240730-00000003-alba-000-1-view.jpg?pri=l&w=640&h=426&exp=10800'],"['https://news.yahoo.co.jp/articles/1301d9c982598ed00887f967db8b2b55d8ec26e9/images/000', 'https://www.alba.co.jp/articles/category/tour/pga/post/dqb9et-noxur/?utm_source=news.yahoo.co.jp&utm_medium=referral']"
西郷真央が11ランクアップの41位　古江彩佳が8位で日本勢トップ【女子世界ランキング】（ゴルフ総合サイト ALBA Net）,https://news.yahoo.co.jp/articles/79d121d957ae1e8fb60ee331e0c206a4b1414afd,https://newsatcl-pctr.c.yimg.jp/t/amd-img/20240730-00000001-alba-000-1-view.jpg?exp=10800,2024-07-30T06:52:38+09:00,2024-07-30T06:53:14+09:00,ゴルフ総合サイト ALBA Net,alba,ゴルフ総合サイト ALBA Net,451,\n西郷真央が11ランクアップ\n7月29日付の女子世界ランキングが発表された。米国女子ツアーのカナダ戦「CPKC女子オープン」で2位に入った西郷真央が52位から41位にランクアップした。\n西郷真央が2位！ 最終日のハイライト【動画】\n6月の海外メジャー「KPMG全米女子プロゴルフ選手権」で7位タイに入った西郷。前週の「DANAオープン」では16位タイ、そして米ツアー自己最高位となる2位で一気にランキングを上げている。\n\n日本勢トップは大会出場のなかった古江彩佳。前週と変わらず8位となっている。「パリ五輪」に挑む笹生優花は10位、山下美夢有は19位でここまでがトップ20入り。\n\n畑岡奈紗は28位、岩井明愛が39位、西郷41位、小祝さくら42位、竹田麗央が46位で続く。今週金曜日から今季初の日本ツアー出場を控える渋野日向子は53位となっている。\n\n古江、笹生を含むトップ10に変動はなし。ネリー・コルダ（米国）が1位、2位にリリア・ヴ（米国）、コ・ジンヨン（韓国）が3位で続く。,['https://newsatcl-pctr.c.yimg.jp/t/amd-img/20240730-00000001-alba-000-1-view.jpg?pri=l&w=640&h=426&exp=10800'],"['https://news.yahoo.co.jp/articles/79d121d957ae1e8fb60ee331e0c206a4b1414afd/images/000', 'https://www.alba.co.jp/articles/category/tour/lpga/post/a8t2cviij/?utm_source=news.yahoo.co.jp&utm_medium=referral']"
