headline,mainEntityOfPage,image,datePublished,dateModified,author,media_en,media_jp,str_count,body,images,external_links
"日経平均は大幅反落、1,298.55円安の「31,714.03円」で取引終了…米「相互関税」発動→対中税率は脅威の104％も、中国側が表明した“まさかの決意”【4月9日の国内株式市場概況】（THE GOLD ONLINE（ゴールドオンライン））",https://news.yahoo.co.jp/articles/3ee9736c51c941a2e571d2289c5e5220263d5e1b,https://newsatcl-pctr.c.yimg.jp/t/amd-img/20250409-00068271-gonline-000-1-view.jpg?exp=10800,2025-04-09T19:02:12+09:00,2025-04-09T19:02:12+09:00,THE GOLD ONLINE（ゴールドオンライン）,gonline,幻冬舎ゴールドオンライン,1151,"日経平均は大幅反落、1,298.55円安の「31,714.03円」で取引終了…米「相互関税」発動→対中税率は脅威の104％も、中国側が表明した“まさかの決意”【4月9日の国内株式市場概況】
2025年4月9日（水）の日経平均株価をはじめ、日経平均寄与度の上位と下位銘柄、業種別騰落ランキング、東証プライム市場に上場している個別株式の騰落率ランキングなどをお伝えします。
【画像】「30年間、毎月1ドルずつ」積み立て投資をすると…
4月9日の東京市場は全面安の展開に。米国時間8日、レビット米大統領補佐官が報復関税を課す方針の中国に「あわせて104％の関税を課す」と表明しました。一方、中国は相互関税について「最後まで戦う」としてさらなる報復を示唆。こうしたなか、米中貿易摩擦の激化懸念や経済情勢悪化への警戒感が強まり、リスク回避の売りが集中しました。日経平均株価は13:30ごろにこの日の安値となる31,258.18円をつけると、引けにかけてやや下げ幅を縮めたものの、前日比1,298.55円安の31,714.03円と、大幅に反落して取引を終えています。日経平均構成銘柄の騰落数は、値上がりが16銘柄、値下がりが207銘柄、変わらずが2銘柄。

日経平均株価の寄与度下位は、アドバンテスト〈6857〉、東京エレクトロン〈8035〉、ファーストリテイリング〈9983〉、ソフトバンクグループ〈9984〉、リクルートホールディングス〈6098〉となり日経平均を押し下げた一方、寄与度上位は、ニトリ〈9843〉、KDDI〈9433〉、日本製鋼所〈5631〉、イオン〈8267〉、ニコン〈7731〉となりました。

また、東証プライム市場の売買高は27億5,100万株、売買代金は5兆5,295.57億円となり、前日と比べて増加。

業種別では、上昇した業種はなく、非鉄金属、保険業、鉱業、石油・石炭製品、繊維製品などが下落しました。

東証プライム市場の個別銘柄の上昇率は、1位が神戸物産〈3038〉で+256円（+6.70％）の4,079円、2位がパルグループホールディングス〈2726〉で+200円（+5.98％）の3,545円、3位がライフドリンクカンパニー〈2585〉で+80円（+5.05％）の1,664円となりました。

一方下落率は、1位が武蔵精密工業〈7220〉で-197円（-9.29％）の1,923円、2位が安川電機〈6506〉で-259円（-8.85％）の2,666.5円、3位がオプトラン〈6235〉で-114円（-8.79％）の1,183円で取引を終えました。

なお、年初来高値を更新したのは9銘柄、年初来安値を更新したのは108銘柄でした。
THE GOLD ONLINE編集部",[],[]
VIX指数急騰後の株価はどのように推移する傾向があるか【解説：三井住友DSアセットマネジメント・チーフマーケットストラテジスト】（THE GOLD ONLINE（ゴールドオンライン））,https://news.yahoo.co.jp/articles/9f24e3c1d0c1509cd466d35e8b61a81da0c483bf,https://newsatcl-pctr.c.yimg.jp/t/amd-img/20250409-00068274-gonline-000-1-view.jpg?exp=10800,2025-04-09T18:06:53+09:00,2025-04-09T18:06:53+09:00,THE GOLD ONLINE（ゴールドオンライン）,gonline,幻冬舎ゴールドオンライン,1902,"（※写真はイメージです／PIXTA）
本連載は、三井住友DSアセットマネジメント株式会社が提供する「市川レポート」を転載したものです。
●VIX指数は一般に株価の先行きに不透明感が強まると大きく上昇しやすく恐怖指数とも呼ばれる。

●2008年以降VIX指数の超えは今局面を除き回あるが、足元の超えはかなり大きな数値。

●VIX急騰でも年以内に市場は落ち着き、株高となる過去の傾向は、長期視点の大切さを示唆。
VIX指数は一般に株価の先行きに不透明感が強まると大きく上昇しやすく恐怖指数とも呼ばれる
［図表］過去にVIX指数が40を超えた局面とその後の株価の推移 （注）年月日は右欄のVIX指数が最高値をつけた年月日。VIX指数が示唆する30日間の株価変動予想はS&P500種株価指数の変動予想。半年後と1年後は応当日ベース。（出所）Bloombergのデータを基に三井住友DSアセットマネジメント作成
VIX指数とは、S＆P500種株価指数のオプション価格（売る権利や買う権利を取引する際の価格）をもとに、米シカゴ・オプション取引所（CBOE）が算出している指数です。例えば、VIX指数の10という数値は、今後30日間において、S＆P500指数が現在の水準から上下2.9％（10を12の平方根で除した値）の範囲で推移するという投資家の予想を示唆しています。

したがって、株価の先行きに不透明感が強まる場面では、投資家が予想する株価の変動範囲が拡大し、VIX指数の値は大きく上昇する傾向があることから、VIX指数は「恐怖指数」とも呼ばれています。VIX指数は通常、10〜20程度で推移していますが、一般に30を超えると市場の不安感が強まっている状態とされ、40を超えると極度の警戒感が広がっている状態とされます。
2008年以降VIX指数の40超えは今局面を除き5回あるが、足元の50超えはかなり大きな数値
今回の米相互関税ショックを受け、4月8日時点のVIX指数は52.33まで上昇しました。これは今後30日間で、S＆P500指数が4月8日の終値から上下15.1％の範囲（4,230.05ポイントから5,735.49ポイント）で推移するという投資家の見方を反映しており、依然として株価の先行きが極めて見通しにくい状況にあると思われます。そこで、以下、過去にVIX指数が40を超えて上昇した際、その後の株価はどのように推移したかを検証します。

2008年以降、VIX指数が40を超えた局面は5回ありました（今局面は除く）。具体的には、(1)2008年のリーマン・ショック、(2)2010年の欧州債務危機、(3)2011年の米国債ショック（米国債の格下げによる市場の混乱）、(4)2015年のチャイナ・ショック、(5)2020年のコロナ・ショックの時ですが（図表）、今回のVIX指数の52.33は、まだリーマン・ショックやコロナ・ショックほどではありませんが、かなり大きな数値であることが分かります。
VIX急騰でも1年以内に市場は落ち着き、株高となる過去の傾向は、長期視点の大切さを示唆
(1)において、VIX指数は2008年11月20日に80.86を記録しましたが、S＆P500指数は30営業日後に20.0％、半年後に20.1％、1年後に45.0％上昇しました。(2)から(4)では、VIX指数は40台に達しましたが、(2)の30営業日後を除き、S＆P500指数は30営業日後、半年後、1年後、いずれも上昇しています。(5)において、VIX指数は82.69を記録しましたが、S＆P500指数はやはり、30営業日後、半年後、1年後に上昇しています。

このような動きを踏まえると、VIX指数が40を超えて急騰する局面は、確かに市場に極度の警戒感が広がっている状態ではあるものの、その後1年以内に市場は総じて落ち着きを取り戻し、S＆P500指数は上昇する傾向があるといえます。今回も、米相互関税をめぐる不透明感は強く、VIX指数は50を超えていますが、過去の実例は、やはり長期の視点が大切であることを示唆しているように思われます。

※当レポートの閲覧にあたっては【ご注意】をご参照ください（見当たらない場合は関連記事『VIX指数急騰後の株価はどのように推移する傾向があるか【解説:三井住友DSアセットマネジメント・チーフマーケットストラテジスト】』）。

市川 雅浩

三井住友DSアセットマネジメント株式会社

チーフマーケットストラテジスト
市川 雅浩,三井住友DSアセットマネジメント株式会社",[],[]
手取り34万円「頑張っても貯蓄は増えません」…日本のサラリーマン「カツカツな生活」の実態（THE GOLD ONLINE（ゴールドオンライン））,https://news.yahoo.co.jp/articles/14bfc830f423030a0f0c5658e7cb19206a0513c6,https://newsatcl-pctr.c.yimg.jp/t/amd-img/20250409-00068263-gonline-000-1-view.jpg?exp=10800,2025-04-09T14:22:05+09:00,2025-04-09T14:22:05+09:00,THE GOLD ONLINE（ゴールドオンライン）,gonline,幻冬舎ゴールドオンライン,2270,"（※写真はイメージです／PIXTA）
日本のサラリーマン、平均的な給与はどのくらいなのだろうか。国税庁のレポート「令和5年分 民間給与実態統計調査」によると、給与所得者のなかで正規社員の平均給与は530万円。非正規社員の平均給与は202万円である。「平均」というものは、ピラミッドの上にいる大きな数字が押し上げるものであるから、実際にはこの額より少ないという人も多いであろう。さらに言えば、税引き後の「手取り額」でいうともっと少なくなるはずだ。懸命に働くサラリーマンのリアルを見ていこう。
【早見表】年金に頼らず「夫婦で100歳まで生きる」ための貯蓄額
「身の丈に合った生活」とはいうが…
国税庁のレポート「令和5年分 民間給与実態統計調査」によれば、給与所得者のなかで正規社員の平均給与は530万円になる。ざっくりと計算すると、手取り額は年収で約415万円、ボーナスを考慮しない場合、月収で約34万円だ。

上を見てもキリがなく、下を見てもキリがないのが「お金の世界」ではあるが、「平均」に達するまでも競争は厳しい。「平均くらいでいいや」という心の平穏（あるいは諦念）を手に入れるまでのハードルは、思いのほか高いようだ。

「通勤に無理のない程度に住居費のかからない地域に暮らし、節制して“身の丈に合った生活”をして、老後のためにコツコツと計画的に貯金をしようと思っていましたが、給料が上がらずカツカツです」

そう語ってくれたのは千葉市在住、メーカー勤務28歳の葛西さん（仮名）だ。

「食費や電気代などを節約するため、家事を頑張り丁寧な生活を心がけているのですが、そのために仕事のほうは必要最低限でおこなっているためか、昇進・昇給がほとんどない状態です。努力に見合うほど貯金できていません。

同僚で仕事を頑張り、良い給料をもらっている人もいますが、職住近接で東京に住んでおり、付き合いも多くなるためか、貯金額でいえば私とさほど変わらないようでした。どちらも“自分なりに頑張っているのにね”という話になりました」

頑張る方向性をどちらに向けたとしても、“資産は増えない”という悲しい実態があるようだ。
「生活さえできていれば、貯蓄しなくても」は無理
「生活さえできていれば、無理に資産を増やす必要はないだろう」という考え方もある。しかし、金融庁の「老後資金2,000万円不足」報告書の問題にあったように、国は警鐘を鳴らしている。この先、満足に生活すらできなくなるかもしれない。すなわち、年金が足りないのだ。

厚生労働省が運営するホームページ『いっしょに検証!公的年金』には、将来年金がどのくらいもらえるのか、モデルケースで質問に答えている。

“厚生年金に40年間加入して、その期間の平均収入（月額換算した賞与含む）が月43.9万円の場合、受給額は月額約9.0万円の老齢厚生年金と、月額約6.5万円の老齢基礎年金を合計した約15.5万円（2021年度）になります。”

平均収入が月43.9万円、この時点で正規社員サラリーマンの平均給与よりも高いのだが、それでも月額で手に入る年金は「約15.5万円」。初任給よりも減ってしまうのであるから、貯蓄がなければ生活が成り立たないのは明らかだ。
子供の教育、親の介護でパンクは必至
「老後資金2,000万円くらいなら、普通に貯まるだろうと思っていました。ですが、子供の教育費に想像以上の金額がかかり、かなりきついです。大学まですべて公立で……と考えてましたが、そんなにうまくいくものじゃありません。とはいえ大学までは出させてあげたいという親としての愛情は、貯蓄をしなければという気持ちにどうしても勝るものです」

そう語るのは東京都在住、36歳の高嶋さん（仮名）だ。子供が大学を卒業するころには親の介護も待っているだろうと不安に思っているという。

「親は個人事業主であったため、年金は少なく、資産もありません。介護施設に入ることになったら、私が出さなければならないと考えています。仕事があるので、自宅に引き取り、在宅介護をすることはできません。ここでも、自分の将来に備えた貯蓄はできないのではないか?と不安は増すばかりです」

実際に、介護施設にはどの程度の費用がかかるのであろうか。
「資産形成」を阻んでいるものの正体
杢野暉尚氏の著作『人生を破滅に導く「介護破産」』より以下を抜粋する。

“介護施設の中でも、とくに安く入所できるといわれる特別養護老人ホーム（特養）の場合、利用料金は入所者本人の要介護度と所得によって決まります。 親が一般的な会社員で定年まで勤め上げ、平均的な額の厚生年金を受給している場合で、要介護3になり特別養護老人ホームへ入所したとすると、ユニット型個室利用で月額18万円程度の費用がかかります。厚生年金の平均受給額は14万円程度であるため、年金以外に年間約50万円の負担が必要です。

しかし、年金収入とそのほかの所得が年間80万円以下だった場合、公的な補助があり、同じ要介護3でも月額8万円程度で入所できるため、負担は軽くなります。”

子供への愛情で、貯蓄ができなかった高嶋さんが、親の介護施設に大きな金額をかける可能性は、容易に想像がつく。それにより老後資金が貯まらないとあれば、今度は高嶋さんの子供が、金銭的に高嶋さんの面倒をみる日が来るのかもしれない。愛情と清貧の連鎖が、資産形成を阻む社会の改善が望まれる。
THE GOLD ONLINE編集部",[],[]
これが老後の現実か…〈年金月12万円〉75歳のおひとり様男性、「米が高くて買えねぇよ」と悲鳴、1日1食で我慢の日々（THE GOLD ONLINE（ゴールドオンライン））,https://news.yahoo.co.jp/articles/9b346aee39b9a9a277632e39f920482c894a6534,https://newsatcl-pctr.c.yimg.jp/t/amd-img/20250409-00068237-gonline-000-1-view.jpg?exp=10800,2025-04-09T14:02:16+09:00,2025-04-09T14:02:16+09:00,THE GOLD ONLINE（ゴールドオンライン）,gonline,幻冬舎ゴールドオンライン,2035,"（※写真はイメージです／PIXTA）
備蓄米を放出したにもかかわらず、コメ価格は13週連続で値上がり。その先にあったのは、年金だけではどうにもならない、困窮を極める年金生活者の生活でした。
【早見表】年金に頼らず「1人で120歳まで生きる」ための貯蓄額
固定費だけで7万円…75歳おひとり様「ギリギリの生活」
年金だけで老後を暮らす──それがどれほど厳しいことなのか、実際に体験するまでは実感が湧かないかもしれません。佐藤正夫さん（仮名・75歳）は、月12万円、手取りで月10.5万円という年金で生活しています。退職後10年以上が経ち、貯蓄は底をつき、厳しい生活を強いられています。

佐藤さんは埼玉県内の築50年のアパートに暮らしています。家賃は月5万円弱。そこに光熱費や通信費などを加えると、毎月の固定費は7万円近くになります。残り3.5万円程度で、食費・医療費・日用品などをすべて賄わなければなりません。

食費は1日500円以内に抑え、野菜や魚は見切り品を狙って購入しています。服は10年以上着ているものばかり。風呂は2日に1回で、お湯は洗濯に再利用しています。エアコンは極力使わず、夏と冬は「命がけ」の生活だと語ります。高齢になると避けられないのが医療費です。高血圧気味の佐藤さん、医療費は月1万円程度になることもあります。

もともとギリギリの生活だったところに、昨今の物価高が直撃。特に昨今の米の高騰は大きな打撃だといいます。総務省『小売物価統計調査』によると、2025年3月の米の価格（5キロ袋入り/コシヒカリを除く）は4557円。1年前（2306円）から約2倍に高騰しています。

「備蓄米の放出とかいっていたけど、全然値段は下がらないじゃないか。どうなっているんだ。米さえ食べておけば何とかなると思っていたけど、こんなに高いんじゃ、何を買って生きていけばいいのか」

生活はどんどん苦しくなるばかり。食事を1日に1回にするなど、さらなる節約を強いられています。また先日、家賃を1週間滞納してしまったことがありました。大家からの督促状が届き、「このままでは住む場所を失うかもしれない」と不安に駆られたといいます。
年金だけでは生活が成り立たない…困窮を極める高齢者たち
「自分の老後は自分で何とかする」

佐藤さんは、そう思って生きてきたといいます。若いころは中小企業で営業職として働き、65歳まで現役を続けましたが、退職金はゼロ。預貯金は500万円ほどありましたが、老後の生活のなかで減る一方です。親戚とは疎遠で、「生活が苦しい」と相談できる相手もおらず、ただ耐える日々が続いています。

「これが老後の現実だよ。こんなひもじい思いをするなんてな」

さらに生活に困窮したら、最終的には生活保護という制度があります。厚生労働省によると、2025年1月、生活保護を受ける人は200万4559人。そのうち65歳以上の高齢者は90万1659人で、ひとり暮らしの高齢者は83万9565人です。65歳以上の独居高齢者は約3600万人といわれているので、ひとり暮らしの高齢者の50人に1人以上が生活保護を受けている計算になります。

ただ佐藤さんのように、生活保護を受けるほどではないものの、年金だけでは生活が成り立たない高齢者も少なくありません。そんな人たちにとっては、生活の質を大きく左右するちょっとした工夫や情報が命綱となります。

たとえば、住まいについてはUR賃貸住宅や自治体の高齢者向け住宅など、比較的安価な物件を検討することができます。また、地域包括支援センターを通じて、買い物支援や配食サービスの情報を得ることも可能です。医療費は、高額療養費制度や各自治体が独自に行っている医療費助成制度を活用することで、一定の軽減が見込めます。さらに、介護保険サービスを早めに申請しておけば、将来的な在宅介護の費用を抑えることにもつながります。

ひとり暮らしの高齢者にとっては、体調不良や突発的な出費がそのまま生活の崩壊につながることも少なくありません。そうならないために、計画的な生活設計とともに、地域のつながりを保つことが重要です。警察庁によると、2024年1〜3月にひとり暮らしの自宅で亡くなった65歳以上の高齢者は約1.7万人。単純計算で、年に6.8万人の高齢者が独居状態で亡くなっています。そのなかには「貧困→社会からの孤立」というパターンで孤独死を遂げているケースが多いといわれています。

老後に向けて、「こんなことになるとは」と後悔しないためには、お金の準備だけではないと心得ておきたいものです。

[参考資料]

総務省『小売物価統計調査（動向編）』

厚生労働省『被保護者調査（令和7年1月分概数）』

警察庁『令和6年上半期（1〜6月分）（暫定値）における死体取扱状況（警察取扱死体のうち、自宅において死亡した一人暮らしの者）について』",[],[]
「資産1億円超」を達成するも、築50年の古びた家に住み、近所のスーパーで買った洋服を愛用する60歳男性。富裕層にも関わらず、あえて「貧しく見える」暮らしを選ぶワケ【CFPの助言】（THE GOLD ONLINE（ゴールドオンライン））,https://news.yahoo.co.jp/articles/e0f3959d24d2652d31e9ef61568bfe20ab46c3d8,https://newsatcl-pctr.c.yimg.jp/t/amd-img/20250409-00068191-gonline-000-1-view.jpg?exp=10800,2025-04-09T12:32:17+09:00,2025-04-09T12:32:17+09:00,THE GOLD ONLINE（ゴールドオンライン）,gonline,幻冬舎ゴールドオンライン,2744,"（※写真はイメージです／PIXTA）
節約や貯金、収入増などが重なり、年齢が上がるにつれ資産額が増えてくる人は少なくありません。しかし、「本当のお金持ちはお金を持っていることを隠す」と言われています。それはいったいなぜなのでしょうか?　今回はトータルマネーコンサルタント・CFPの新井智美氏が、山田一郎さん（仮名・60歳）の事例と共に、資産を持っている人がそれを隠す理由・重要性について解説します。
【早見表】年金に頼らず「1人で120歳まで生きる」ための貯蓄額
節約や貯金に努めた理由は、子ども時代の環境と親の教え
山田一郎さん（仮名・60歳）は元会社員。現役時代の年収は1,500万円でしたが、60歳になったのを機に完全にリタイアしました。

一郎さんは、子どもの頃は決して裕福とはいえない家庭で育ちました。何かにつけ「うちにはお金がないの!」という母親。欲しいものは買ってもらえず、唯一もらえる誕生日プレゼントだけが楽しみだったといいます。

また、「お金が余ったら貯金しておきなさい」とも言われ、忠実に貯金していました。お小遣いも友達と比べると少なく、いかに無駄遣いをしないかを考えながら遊んでいたそうです。

その習性が身に付いたまま成長した一郎さんは、社会人になってからもきちんと貯金を続け、1人暮らしの時にはできるだけ外食を避け、ほぼ自炊を行うなど、節約にも努めていました。

もちろん、結婚相手にも同じ価値観を求め、結婚後も極力無駄な出費をなくす生活を続けています。
早くから運用を取り入れ、60歳で1億円超の資産を達成
一郎さんは、早くから貯蓄だけでなく運用を取り入れることの重要さも感じていました。30年前にバブル経済が一気に崩壊し、預金利率も1％を下回るようになってきたからです。

そのことをファイナンシャル・プランナーに相談したところ、運用の経験がない人に向けたリスクの少ない投資信託というものがあると知り、余剰資金はできるだけ投資信託で運用することにしました。

同時に運用に関する本を読んで勉強し、最終的には購入する投資信託の銘柄や資産配分も自分で分析できるようになったといいます。

その結果、60歳で1億円を超える資産を持つことができたのです。

このように、節約・貯金・投資などによって富裕層になった一郎さんですが、お金を持っているという素振りは一切見せません。むしろお金がない人と思われるような生活を送っています。

それには、今は亡き祖父の影響がありました。
土地成金だった祖父が反面教師に…お金があることを隠すワケ
一郎さんの祖父は多くの土地を持っており、その土地が国に買い上げられたことにより、一気にお金持ちになった人です。お金持ちが多く暮らす住宅街に豪邸を建て、その時代では珍しい車にも乗っていたとのこと。小さい頃に祖父の家に行くたびに家の大きさと庭の広さに驚くばかりだったといいます。

しかし、一郎さんの祖父は一気に大きな金額を手に入れたことで、銀行からの営業や証券会社からの営業がひっきりなしに来るようになりました。そして言われるがまま株取引を行ったところ、実はその株取引は信用取引でした。結局、預金の半分を失うという大失敗をしてしまったのです。

一郎さんは祖父のことを教訓にし、できるだけお金持ちと思われないための工夫を行っています。

なぜならお金を持っていると知られた時点で、嫉妬や妬みをかうこともありますし、なにより祖父が受けたような金銭的な被害を受ける可能性が高くなるからです。

一郎さんの家は亡くなった両親が住んでいた家（築50年）の室内をリフォームしたもので、外観は年季の入った古い住宅です。車は夫婦2人で十分なコンパクトカーに長く乗っていて、身に着けている服も近所のスーパーの2階にある衣料品コーナーで数千円で買えるものばかりです。

ただ、妻の趣味であるアンティークに惹かれ、家の家具はアンティークのものを見つけて揃えるようにしています。アンティークの家具には高額なものもありますが、時代が経つにつれ価値も高まっていくことから、一種の投資だと考えているそうです。質素な生活を続けている一郎さん夫婦にとっては最高の贅沢です。

また、一郎さんはもともと時計好きだったこともあり、今ではアンティークの時計収集にはまっているとのこと。ただ、それを身につけて出歩くことは一切せず、鑑賞用として保管しています。

さらに、人と話す時の話題にも気をつけています。時計の収集の話題を自分からすることもなく、親族以外の人を家に入れることもあまりしません。幸い親族にはアンティーク家具や時計などに趣味のある人がおらず、家の中に価値があるものがたくさんあることも知られずに済んでいます。
「お金があるから幸せ」ではない
いきなり大きなお金を持つと相応の生活を送ろうと思う人もいます。クレジットカードをランクの高いものにしたり、ブランドものをたくさん買ったり、高級車を購入したりする人もいるでしょう。

しかし、そのような行動は、「自分はほかの人と比べてお金を持っています」と表現していることにほかなりません。

世の中には自分よりもお金を持っている人はたくさんいます。上を見たらきりがありません。ただ周りと比べているだけです。そしてその範囲はごく限られたものに過ぎず、単なる自己満足でしかないのです。

それに気付かずお金があることをアピールした結果、不要な勧誘が増えたり、盗難の被害に遭いやすくなったりしてしまいます。

そもそも、ブランドものを見せびらかしたり、高級車を頻繁に買い替えたりする人は、他人よりも優位に立ちたいと思っているケースが多いです。しかし、それを続けるには努力が必要です。何らかの理由で収入が途絶えることも否定できませんし、人間というものは一度生活ランクが上がるとそれを下げるのは難しいものです。

一郎さん夫婦は、人にお金持ちだと思われることに価値を感じていません。築き上げた資産で自分の趣味を取り入れた生活ができていることに満足しています。

また、一郎さん夫婦には子どもがいないため、元気なうちは国内旅行などを楽しむつもりです。そして、どちらかが介護が必要な状態になれば、夫婦で民間の介護付き老人ホームに入居し、残った資産は日本や海外の子ども達を支援するNPO団体に寄付しようと考えています。
 

「お金があるから幸せ」ではなく、「お金があることで自分の心が豊かになる」ことを意識することこそが、お金を持つ人にとって重要だといえるでしょう。

新井智美
トータルマネーコンサルタント
CFP
新井 智美",[],[]
プロレスラー川田利明、15年間続けたラーメン屋経営で「ここまでみじめな思いをさせるか」と感じた業者からのヘビーなひと言（THE GOLD ONLINE（ゴールドオンライン））,https://news.yahoo.co.jp/articles/f166c1b4f02ffe327deec25ae02c5365a0a8e365,https://newsatcl-pctr.c.yimg.jp/t/amd-img/20250409-00067882-gonline-000-2-view.jpg?exp=10800,2025-04-09T11:32:15+09:00,2025-04-09T11:54:55+09:00,THE GOLD ONLINE（ゴールドオンライン）,gonline,幻冬舎ゴールドオンライン,2533,"（写真／タイコウクニヨシ）
プロレスラー・川田利明がラーメン屋経営に挑み、15年目を迎えた2025年。名義貸しの誘いを断り、すべて自分で切り盛りする道を選んだ先に待っていたのは、想像を超える過酷な現実だった。投資話、個人経営の厳しい現実、そして「お金が人を変える」プロレス業界でも目の当たりにした教訓――。著書『プロレスラー、ラーメン屋経営で地獄を見る』（宝島社）より、地獄を見ながらも店を続ける川田が、商売の裏側と覚悟の大切さを赤裸々に綴る。
【早見表】年収別「会社員の手取り額」
「名義貸し」を断った理由
今から書く話は、芸能人やスポーツ選手だけの特権かもしれないが、こういうお店を出す時のひとつの王道パターンとして「名義貸し」という形がある。つまり「川田利明の店」としてオープンし、看板にも店内にも俺の写真が飾ってあるけれども、俺はイベントや取材がある日しか店には行かず、あとは厨房から経営までノータッチ、というシステムだ。

この形態だと、俺にはまったくリスクがない。名前を貸しているので、そのお金が毎月、入ってくるだけだ。こんな楽なシステムはない。でも、俺は単なる金儲けのために飲食業をチョイスしたわけではない。

全部、自分でやりたい。仕入れも、料理も、片付けも自分でやりたい……というところが原点なので、名義貸しビジネスにはこれっぽっちも興味がなかった。そこまで名前もない。

そもそも、そういう店で長続きしているケースって、ほとんどないんだ。だって名義料を払って、家賃を払って、従業員に給料を払って……と考えたら、どう考えたって、お金が回るはずがないでしょ?　すべて自分でやっている俺の店ですら、ちっとも儲からないのに、そんな上手い話はないわけだ。

プロレス業界でも何度も見てきた光景

読者の人には思い浮かべてほしい。タレントやレスラーの名前や写真を前面に押し出したお店が、今どれだけ残っているか。そうそう、「お店を出すんだったら、投資しますよ!」という話は、ありがたいことに少なからずあったんだ。もし、この本を読んでいる方の中で、そうやってお金を出してくれる人がいるんだったら、それはもう、その話には絶対に乗るべきだ。

初期投資のリスクが減るんだから、開業へのハードルがかなり低くなる。もちろん、金を出す以上は少なからず経営にも口出しされるだろうけど、それは仕方のないこと。ただ、最初に「もし店の経営に失敗したとしても、投資していただいたお金は返済できませんよ」という約束だけは取り付けること。ここをうやむやにしてしまうと、のちのち面倒なことになるので、そこはキッチリとしておいたほうがいいだろう。

俺の場合、自分の名前を出してやる以上、誰がお金を出していようと、店の経営に失敗してしまったら「あの川田がラーメン屋を出して、すぐに潰したよ」と言われてしまう。そのリスクは自分で金を出そうと、スポンサーがいようと変わらない。でも、店が上手くいった場合、美味しいところはみんな投資した人に持っていかれてしまう。この世の中、お金を出した人間のほうが有利だからね。それに上手くいったら上手くいったで、人間関係がこじれてしまうことが多々ある。お金は人を変える。プロレス業界で何度も見てきた光景だ。

つまり、上手くいこうと失敗しようと、俺にはあんまり得がない話だと思ったので、投資の話は断ってしまった。ここまで書いてきたように、開店するためにこんなにもお金がかかるんだったら、たしかに投資してもらったほうが楽だったな、と思う反面、そうなっていたら、俺流の経営方針で出資者と揉めて、店は続いていなかっただろうな、とも思う。

なんだかんだ10年目を迎えたということは、きっと、これが俺にはベターなやり方だったんだろうな、と今となっては思うけど……読者の方で信用できる投資者がいるんだったら、ぜひ乗っかるべき。これは間違いない。
個人経営店の知られざる切なさ…いまだにすべて「現金払い」という悪夢
ラーメン屋に限らず、個人経営の店はいろいろと大変なことが多い。これも商売を始めるまではわからなかったことだが、毎日、業者の方に持ってきてもらう食材は、仕入れの品と引き換えに現金で支払わなくてはならない。これが企業だったら、毎月、まとめて一括で支払うところなんだろうけど、個人経営の店はそのあたりの信用がないので、「その場で現金決済してもらっています」と、最初に釘を刺された。

そりゃね、最初は「仕方がないよな」と納得したけれども、10年目を迎えた今（※2025年で15年目）でも、取引のシステムは変わっていない。こうなると、「いったい何年間、店を続けたら信用してもらえるんだよ」という話になってしまうけど、これが悲しい現実だ。

もっと悲しいのが、朝、仕入れのために支払った現金が、前日の売り上げ金を上回ってしまった時だ。一日単位の話ではあるけれど、リアルな形で「昨日と今日とでこれだけの赤字」と明示されるわけで、そこにはもう夢も希望もへったくれもない。

たぶんサラリーマンだったら、ここまでみじめな思いを仕事ですることって、そんなにないと思うんだよ。お金だって請求書のやり取りが基本でしょ?　実際、俺も全日本プロレスにいた時に、お金のことや、社会的な信用においては、みじめな思い出はないからね。会社を辞めることの裏には、そういうリスクもたくさんあるということを、とにかくわかってほしいし、会社に守られている一面も知ってほしい。サラリーマンの生活が長かった人こそ、その苦労は強く感じるかもしれないな。

俺の場合、ちょっと特殊な職業だったし、最後のほうは無所属としてフリーランスに近い形でリングに上がっていたので、ワンクッションはあったけれど……会社に守られてきた立場から、いきなり自分が店を守らなくてはいけない立場に変わるということは、経済的にも、そして精神的にもかなりヘビーなんじゃないかな?

そのあたりの覚悟ができていないと、かなり早い段階でギブアップすることになると、肝に銘じておいてほしい。

川田 利明
「麺ジャラスK」店主、プロレスラー",[],[]
トランプ政権下の為替動向と今後の展望…当面は「関税政策による米国景気減速懸念」「リスクオフの円高圧力」続くか（THE GOLD ONLINE（ゴールドオンライン））,https://news.yahoo.co.jp/articles/75cffa1368bc78f9e5706e43a5400a83026d9554,https://newsatcl-pctr.c.yimg.jp/t/amd-img/20250409-00068162-gonline-000-1-view.jpg?exp=10800,2025-04-09T11:02:16+09:00,2025-04-09T11:02:16+09:00,THE GOLD ONLINE（ゴールドオンライン）,gonline,幻冬舎ゴールドオンライン,2814,"（※写真はイメージです／PIXTA）
2期目のトランプ政権が発足後、世界各国は矢継ぎ早に打ち出されるアメリカの経済政策への対応に追われています。金融市場も大きな影響を受けていますが、為替の動きはどうなるのでしょうか。これまでの動きを追いながら、今後の展望を探ります。SBI FXトレード株式会社の藤田行生氏が解説します。
【早見表】年金に頼らず「夫婦で100歳まで生きる」ための貯蓄額〈2025年最新版〉
就任後の為替動向…1月下旬、ドル円相場は158円台を記録
トランプ大統領の2期目就任後、米国経済の強化と貿易不均衡是正を掲げた政策が市場に大きな影響を与えてきました。とくに、メキシコやカナダ、中国への高関税導入が示唆され、これがドルを一時的に押し上げる要因となりました。

ドル円相場は1月下旬に158円台を記録し、トランプ政権の減税、規制緩和、移民政策がインフレを高止まりさせ、FRBの利下げ終了観測を強めたことで「トランプトレード」（ドル高・金利高）が加速しました。共和党が上下両院を掌握する「トリプルレッド」状態も政策実行力を高めるとの見方から、ドル買いがさらに進みました。しかし、2月に入ると、関税政策が米国経済を減速させる懸念が浮上し、ドル高は一服。

市場では、スティーブン・ミラン氏が米大統領経済諮問委員会委員長に指名され、ミラン氏が提唱したとされる「マール・アラーゴ合意」が注目され始めました。この合意は米国債再編やドル安政策を他国と協議する内容とされ、特にドル安政策への警戒感が市場に広がりました。

歴史を振り返ると、1985年の「プラザ合意」ではドルが1年で35％下落し市場にショックを与えました。その後は急激なドル下落を防ぐためになされた「ルーブル合意」でも急激なドル安を抑えきれませんでした。

これらの経験から「マール・アラーゴ合意」が現実化すれば相場の急変もあると市場には警戒感が強まり、ドルの上値は重くなりました。

3月初旬には、トランプ大統領が円安に不満を表明したこともあり、ドル円は150円を割り込む展開に。そして4月3日（日本時間）、新たに発表された追加関税政策が市場に衝撃を与えました。この関税強化策を受け、株価が急落し、リスクオフムードが急速に広がったことで、円買いが強まり、ドル安が加速する状況となりました。
今後の為替見通し:カギは関税政策・金融政策・地政学的要因
今後の為替動向を左右する要因として、以下の3つがカギを握ります。

(1)関税政策の影響

4月3日（日本時間）追加関税は、米国経済への打撃とグローバル貿易の混乱を招くとの懸念から、株価急落とリスクオフの円買いドル売りを誘発しました。この影響で、ドル円は短期的には145円を下回る可能性も浮上しています。

関税強化が続けば、インフレ率の高止まりからドルの高止まりも考えられますが、米国景気減速懸念が強まれば、ドル高は持続しにくく、むしろ円買いが優勢となるでしょう。一方で、関税によるインフレ圧力がFRBの金融政策に影響を与え、金利上昇が再びドルを下支えする可能性も否定できませんが、株価動向と景況感次第でしょう。

(2)米国の金融政策

トランプ大統領がFRBに低金利政策を求める姿勢を崩していない中、トランプ政権の関税政策の影響により米国の景気減速懸念が高まれば、市場は再びFRBの利下げが進むことを織り込みに行くと思われます。これはドル安要因となります。

一方、日銀は緩やかな利上げ姿勢を維持しており、仮に円安が進む局面では日銀の利上げ観測が強まるでしょう。これはドル円の上値を抑える要因となりそうです。

(3)地政学的要因

トランプ大統領はウクライナや中東での戦争終結を公約に掲げて当選したわけですが、解決は容易ではなく、地政学的緊張が続けばリスクオフの円買いがさらに進む可能性があります。

ドイツは地政学的リスクの高まりを受け、軍事費を増やすために財政を拡大することで対応することを検討しており、これはユーロ買いドル売りを呼んでいます。

今回のトランプ政権の関税政策による株価急落とドルの下落は、こうした地政学的リスクが招いた不確実性が市場心理に与えてきた影響が根底にあったと考えています。

逆に、和平が進展すればリスク選好が回復し、ドル円では円安方向に振れる可能性もありますが、現時点では不透明感が強い状況です。

以上の要因を踏まえ、筆者は関税政策による米国景気減速懸念とリスクオフの円高圧力が当面続くと考えます。年初2025年のドル円予想レンジを140〜160円と見ていましたが、トランプ政権の政策運営をここまで見てきて、年央にかけて140円台前半を試す展開を想定し、年末までには130円台への突入の可能性もあると見ます。
過去1ヵ月の動向の振り返り（日本時間4月3日15時現在）
ドル円（USD/JPY）は、主に147〜150円レンジで安定した動きを見せました。堅調な米国の経済指標やFRBの金融政策への思惑がドルを支え、日銀の利上げ姿勢が円安を抑える構図となりました。3月下旬にはレンジを上抜けし、151円をトライする場面もありましたが、4月3日（日本時間）の追加関税政策の発表で株価が急落し、リスクオフの円買いが急進し、ドル円は145円台に急落しました。

ユーロ円（EUR/JPY）は、ドイツの財政拡大への思惑からユーロ金利が上昇し164円台を試す場面がありましたが、米国の関税政策発表によりドル売りとなり、ユーロドルは上昇したものの、リスクオフの円買い圧力が勝ったことでユーロ円は160円台に急落しました。

新興国通貨に目を向けると、南アフリカランドは対円8.2円前後で比較的安定して推移していましたが、4月3日のトランプ関税政策により急激に円買いが進むと、8.0円を割れ7.55円近辺まで下落。トルコリラは対円4.0〜4.2円前後で推移していましたが、トルコ政治に対する懸念から一時パニック的な売りとなり3.5円を割れる場面がありました。

トルコリラ売りが一巡すると3.9〜3.95円でレンジ取引が継続し落ち着きを見せていましたが、こちらも同様に4月3日のトランプ関税により一時3.80円近辺まで急落しています。

藤田 行生
SBI FXトレード株式会社
代表取締役社長

※　本連載に記載された情報に関しては万全を期していますが、内容を保証するものではありません。また、本連載の内容は筆者の個人的な見解を示したものであり、筆者が所属する機関、組織、グループ等の意見を反映したものではありません。本連載の情報を利用した結果による損害、損失についても、筆者ならびに本連載制作関係者は一切の責任を負いません。投資の判断はご自身の責任でお願いいたします。
藤田 行生",[],[]
NHK大河ドラマ、テーマが〈戦国〉のときは「高視聴率」「景気拡張局面」が多い…不思議な共通点（THE GOLD ONLINE（ゴールドオンライン））,https://news.yahoo.co.jp/articles/2eb73805d868ff97a67d3b264d1ee984a5d721d1,https://newsatcl-pctr.c.yimg.jp/t/amd-img/20250409-00068153-gonline-000-1-view.jpg?exp=10800,2025-04-09T11:02:16+09:00,2025-04-09T11:02:16+09:00,THE GOLD ONLINE（ゴールドオンライン）,gonline,幻冬舎ゴールドオンライン,1638,"NHK大河ドラマ、テーマが〈戦国〉のときは「高視聴率」「景気拡張局面」が多い…不思議な共通点
約40年にわたり国内外の景気分析をしてきたエコノミスト・宅森昭吉氏が、景気や市場を先読みするヒントを紹介する本連載。今回は、大河ドラマの扱う内容と景気局面の動向について見ていきましょう。
【早見表】年金に頼らず「夫婦で100歳まで生きる」ための貯蓄額〈2025年最新版〉
2025年のNHK大河ドラマ『べらぼう』、視聴率は苦戦中
［図表1］NHK大河ドラマ視聴率 歴代ワースト10  （ビデオリサーチ調べ・関東地区）
2025年のNHK大河ドラマは、『べらぼう〜蔦重栄華乃夢噺（つたじゅうえいがのゆめばなし）〜』が放送されている。

横浜流星が演じる主人公の蔦屋重三郎は、江戸時代中期から後期にかけて活動した版元であり、版元として化政文化隆盛の一翼を担い、北尾重政、山東京伝、曲亭馬琴、喜多川歌麿、葛飾北斎、東洲斎写楽など多数の作家、浮世絵師の作品刊行に携わった。そんな江戸時代のプロデューサーと言える人物の生涯を描いたドラマである。

興味深い大河ドラマで面白い内容だが、テレビ視聴率は昨年（2024年）に放送された平安時代の紫式部の生涯を描いた『光る君へ』と同様に低空飛行だ。『光る君へ』の年間平均視聴率（ビデオリサーチ、関東地区）は10.7％で歴代ワースト2位だった。

『べらぼう』の3月30日の第13話までの視聴率平均は10.6％で、この数字のままでも歴代ワースト2位に相当するが、第4話以降の視聴率がすべて10.6％以下で推移していることからみて、最終的に『光る君へ』を下回り、歴代ワースト2位になる可能性が高そうだ。

  現在はNHK総合に先駆けて放送するNHK BSでの放送に加え、「NHK+」では、放送後1週間であればPCやスマホなどで見逃し配信がみられる時代であり、視聴率が上がらない環境ではあるが、ドラマの描く時代が影響しているかもしれない。
戦国時代の出世物語、他の時代と視聴率を比較すると…
1
/
2
［図表2］NHK大河ドラマ視聴率 歴代トップ10  （ビデオリサーチ調べ・関東地区）
［図表3］1997年以降のNHK大河ドラマ視聴率（トップ・ワースト10作品を除く）  （ビデオリサーチ調べ・関東地区）
テレビ視聴率を重視するなら「戦国」の世を選んだほうがいいようだ。戦国時代の出世物語の視聴率は他の時代と比べて高い。歴代高視聴率ランキングベスト10のうち戦国物が6本も入っていて、3本の「江戸」を引き離している。歴代で一番高い視聴率は、「独眼竜政宗」（1987年、年間平均視聴率39.7％）、次いで「武田信玄」（1988年、年間平均視聴率39.2％）でいずれも「戦国」だ。
「今宵はここまでにいたしとうござりまする」は流行語大賞に
［図表4］1984年から1989年までの新語・流行語大賞「流行語部門・金賞」受賞語
「武田信玄」では母親の語りで物語が進行するという形式をとっていたので、信玄の母・ 大井夫人役でナレーターでもあった若尾文子が各話の最後に言う「今宵はここまでにいたしとうござりまする」は流行語大賞にもなった。

  戦国の出世物語は、景気によい刺激を与えるのであろう。1987年、1988年はバブル景気に重なり、日経平均株価は1988年12月に初めて3万円台に乗せた。

歴代6位の記録を持つ『太閤記』（1965年、年間平均視聴率31.2％）や、同じく5位の『おんな太閤記』（1981年、年間平均視聴率31.8％）と、豊臣秀吉ものは視聴率が高い。

バブル崩壊後20世紀中で最も景気が良かった1996年の『秀吉』は歴代8位で、年間平均視聴率30.5％である。「上げ潮じゃ」「心配ご無用」という、竹内直人演じる秀吉が発するセリフは人々を勇気付けたようだ。

宅森 昭吉
景気探検家・エコノミスト
景気循環学会 副会長　ほか
宅森 昭吉",[],[]
悲しくなってくる…82歳母の“変わりゆく姿”に「もう限界」東京都板橋区在住、年収900万円・53歳サラリーマンの悲嘆【ルポ】（THE GOLD ONLINE（ゴールドオンライン））,https://news.yahoo.co.jp/articles/5fd347bd5575618e087b777dd0329a0a933963de,https://newsatcl-pctr.c.yimg.jp/t/amd-img/20250409-00068001-gonline-000-1-view.jpg?exp=10800,2025-04-09T11:02:16+09:00,2025-04-09T11:02:16+09:00,THE GOLD ONLINE（ゴールドオンライン）,gonline,幻冬舎ゴールドオンライン,4703,"（※写真はイメージです／PIXTA）
自分の親は持病もないし元気だから大丈夫……そう思って準備を先延ばしにしていると、いざというとき「取り返しのつかない後悔」にさいなまれるかもしれません。突然始まった介護生活によって今までの生活が一変した53歳の篠原保夫さん（仮名）もその1人です。ルポライター増田明利氏の著書『今日、50歳になった　悩み多き13人の中年たち、人生について本音を語る』（彩図社）より、50代の“生の声”を紹介します。
【早見表】年収別「会社員の手取り額」
変わりゆく母の姿に53歳息子は何を思う
氏名/篠原保夫（53歳）

出身地/東京都足立区　現住所/東京都板橋区

最終学歴/94年大学卒業

職業/電子機器メーカー勤務・管理職　年収/約900万円

家族構成/妻51歳（歯科衛生士、パート勤務）、長男21歳（大学4年生）

50歳になって思ったこと/考える余裕なし。ただ老親のことが心配

予定外の訪問診療を頼んだものだから、篠原さんが出社できたのは午後勤務開始の直前。当日申請だったが半日休暇を認められたので欠勤扱いは避けられた。これだけは助かった。

篠原さんは電子機器メーカー勤務で経理部の管理職。この日の訪問診療というのは同居している高齢のお母さんが夜半から熱を出したため、2週間ごとに来てくれている在宅診療の先生に急遽予定外の往診をお願いしたからだ。

「朝8時ちょうどに電話してお願いしたのですが、来てもらえたのは10時半だった」

診察してもらったところインフルエンザではなく単なる感冒。扁桃腺が腫れたため熱が出たが大事ないということだった。

「その場でいつもの調剤薬局にスマホで処方箋を送ってもらったけど、届けられるのは正午過ぎということでした」

これでは休まなければならないので、たまに利用している生活支援サービス会社に頼んでヘルパーさんに来てもらい、薬の受け取りと料金の支払い、昼食後の服用だけ面倒見てもらうことにし、やっと出勤してきたという次第。

「生活支援サービス会社は介護保険外のサービス業なんです。料金は1時間3,000円必要。今日は来てもらってから帰るまで1時間半ぐらいかかるでしょうから明後日頃に4,500円払ってくれと請求書が来る」

困っているから利用しているが安くはないと思う。それでも利用しなければならないのが痛いところだ。

物忘れが増え…認知症になった82歳の母

急に熱を出したお母さんは82歳。約3年前に軽い脳梗塞を発症。命に別状はなかったが左半身の動作が悪くなり、物忘れも多くなった。

機能回復のリハビリをやったがほとんど効果がなく、自分の足で歩いて移動するのは困難で室内でも歩行補助器が必要。1年前頃から軽い認知症の症状も現れてきた。

「まだらボケというか、時々だけど記憶が抜けちゃうんです。自分の名前や住所が分からなくなったり、生年月日や年齢があやふやになったりすることがあるんです」

理解力も衰え、気になっていることを何度も繰り返し問うてくる。

「この3か月ほどで認知症が進んだ感じです。わたしを含めて家族の顔が認識できないことがある」

人物誤認の症状は顕著で、息子の篠原さんを自分の弟と間違えたり、孫たちをヘルパーさん、看護師さんと呼んだりすることがある。

「自宅にいるのに家に帰りたいとわけの分からないことを口走ったりすることもあります」

特に困るのが夜中の不穏行動。真夜中に突然大声をあげて騒ぐことがある。

「落ち着かせてどうしたのか尋ねたら知らない男がいるって……。幻覚とか妄想みたいなものなんでしょうね」

この他にも食事をしたことを忘れ、再三食べ物を要求してきたり、既に亡くなっている親やお兄さんが来ると言うようなこともあるそうだ。

「わたしも母親は病気なんだということは理解している。だけどねえ」
母親がデイサービス施設を気に入っているワケ
現在の医学では認知症を治すことは不可能で、進行を遅らせるのが精一杯。それでも徐々に悪くなっていく。しかし、それに付き合わされる家族の負担は大きい。注意しても教えても元の状態に回復することはないのだから余計に辛い。

介護保険の区分は要介護3。独り暮らしが不可能で食事やトイレは第三者の援助が必要なレベルだ。

「今のところ食事は自分でできている。ただ飲み込むのが上手くできないこともあってよくむせたりつかえたりしています。トイレも歩行器でヨタヨタ歩きながら行っている。手伝おうとすると凄く嫌がるんです。だから転ばないよう見ているけど」

体力も筋力も落ちていくわけだから1、2年で介助が必要になると覚悟している。

現在の生活状況はどうかというと、月曜日、水曜日、金曜日の3日はデイサービス施設に通っている。

「迎えの車が来るのが朝8時半前後。夕方4時まで施設で過ごし、帰ってくるのは5時近くになってから。嫌がらずに通所しているけど親しい人はいないみたいですね。施設長さんは他の同年齢の人と比べて特に悪いという感じはしないと言ってくれるけど」

お昼ご飯と3時のおやつは提供してもらえるし、入浴サービスもある。家では浴槽に浸 かるのは危険なのでシャワーや掛け湯で我慢してもらっているが、施設ではリフトを使って湯船に入れるから気に入っているらしい。
妻子の協力でどうにか母親の面倒を見続ける毎日
「妻は歯科衛生士でして。ひとつ先の駅にある歯科クリニックでパート勤めをしています。勤務日は母がデイサービスに通っている月・水・金の週3日。母を送り出したあと出勤し、6時間勤務し夕方4時半頃に戻って母の帰りを待つというサイクルでやってくれている」

奥さんも急に休むのは難しく、今日のように突発的なことがあるときは篠原さんが対処しているわけだ。

「息子はおばあちゃん子なので世話することを嫌がらない。美容院や整形外科のクリニックに行くときは車椅子を押して連れて行ってくれるので助かっている」

現在の支援状態はというと、土日、祝日は篠原さんと息子で手分けして介助している。奥さんはパートが休みの火曜日・木曜日に諸々のことをやってくれているのでゆっくり休んでもらいたいから。

「気晴らしに買い物に行ったり友だちとランチしているみたいです。それぐらいの息抜きは必要ですからね」

これまでは家族3人で日時を調整し、何とか面倒を見てこられたがどうも雲行きが怪しくなってきた。
篠原家を襲う“さらなる悲劇”
「妻のお父さんが家で転倒して腰の骨と大腿骨を折る大怪我を負いまして。寝たきりというほどではないけど家事的なことやリハビリの付き添いなどの必要が生じたんです。5年前にお母さんが亡くなってから独り暮らしをしていまして、たまに妻と妻の兄嫁さんが様子を見に行っていたけどお元気だったのに」

今はヘルパーさんが週に2回来て掃除・洗濯などをしてくれ、炊事・食料品の買い出し・通院付き添いは妻と兄嫁さんが交代で受け持っているが先のことは分からない。

「頭の方はしっかりしているのですが糖尿病持ちだし、来年には80歳になるから認知症にならない保証はない。妻もそれを心配しています」

協力してくれている息子も来年は社会人になるので今のように頼むのは無理。

「ダブル介護になる危険性が高い……。わたしも妻も高齢の親がいるからこういう危険があることを考えておくべきだったな」

奥さんにこれ以上の負担を頼むわけにはいかないし、篠原さんも頻繁に早退したり半日休暇を取ったりするのも難しい。

「弟がいるのですがこいつは薄情であてにならない」

金銭的な負担は一切しないし、たまに来ても食事の世話だけやってそそくさと帰っていく。仕方なくやっているという感じが見え見えだという。

お母さんに施設に入ってもらうという手もあるが、それも簡単なことではない。母親の国民年金と遺族年金だけでは有料老人ホームに入居するのは経済的に厳しい。サービス付き高齢者向け住宅も重度の介護状態になったら住み続けられないというデメリットがある。

「そこで月々の基本料金が9〜13万円という公設の特別養護老人ホームを選択したのですが、手続きは煩雑だし何百人も順番待ちしていて、いつ順番が回ってくるか見えないんです」

母親の“強がり”が心配

申し込み手続きは区役所に申請し、区が派遣したケアマネージャーとの面接、区の最終審査などをクリアしなければならなかった。

「ケアマネージャーとの面接の前に食事やトイレは一人でできないって言おうねと教えたのですが、年寄りは人前では少しでもよく見せたいのか、すごく元気なふりをするんです。普段は家の中でも歩行器を使っているのに壁伝いに歩いてトイレに行ったり、冷蔵庫から麦茶を出して『どうぞ』とやったりでした」

ケアマネージャーには「お元気じゃないですか」と言われたが、帰ったら介護ベッドに倒れ込む始末だった。

「入居申請は受理してもらえたのですが、先に500人近くも待機していると教えられてびっくりしました。母の順番が来るには7、8年かかるかもしれません。既に入居している人や先の順番の人たちが死んでくれるのを待っているみたいで嫌だなあ」

20代、30代の頃は高齢者福祉に税金を使うのは生産的じゃないと思っていたが、自分の親が支援や介護を必要とするようになって浅はかさに気づかされた。

「母の世話や通院の付き添いのために有給休暇は積み増ししてあります。自分の体調が悪く、本当なら休暇を申請して休みたいと思うこともあるけど我慢するしかない」
介護退職が頭をよぎる…もう、限界
大手企業は介護者向けの短時間勤務制度を設けたり社員の相談窓口を設置したりしていることがあるが、篠原さんが勤務する会社にはこういった支援制度はない。上司や同僚には事情を話してあるので大変ですねと気遣ってくれるが、急に休んだり早退することが何度もあるとやはり申し訳ないと思ってしまう。

「母の状態が悪化しても特養に入れなかったら、9時〜18時まで勤務する正社員では介護と仕事の両立は無理だろうと不安になります」

休職して介護に専念するか、最悪の場合は介護退職することもあり得ると危機感を感じてしまう。

「母の状態は1年前と比べると明らかに体力が落ちています。ボケの症状が出てくる頻度も増えていますし」

指の力が落ちたため、カーディガンのボタンをとめるのに3分もかかったり、畳に座った状態で靴下を履こうとしたら横に倒れてしまい自力で起き上がれないようなことが何度かあった。

「ほぼ正常な受け答えができるときがあるが、どういう訳なのか今どこにいるのか理解できないこともある。こういうときは顔つきがおかしく、能面のような感じなんです。話しかけても反応がありませんでね」

ゴキブリがいるとあちこちに殺虫剤を撒いたり、魔法瓶に話しかけたりている姿を見ると悲しくなってしまう。

「介護には準備期間がない。ある日突然やってくる。そこが出産や子育てと違う。親が80歳近くになったら身内で役割分担や金銭的なことを話し合っておくべきですよ」

親には持病はなく元気でやっている。支援や介護はまだ先だと思っていると、そのときが来たときに何をどうしたらいいのか、どこに相談すればいいのか混乱することになる。50代サラリーマンにとって介護は待ったなしなのだ。

増田 明利
ルポライター",[],[]
姉ちゃん、一体どうしたんだ？父の遺産1億円のみならず〈上場企業サラリーマン・独身弟〉の財産まで探りを入れる姉の暴走…55歳弟が頭を抱えたワケ【相続の専門家が解説】（THE GOLD ONLINE（ゴールドオンライン））,https://news.yahoo.co.jp/articles/8236e39b841e94b2c95fd99a1b98487f38e78879,https://newsatcl-pctr.c.yimg.jp/t/amd-img/20250409-00068246-gonline-000-2-view.jpg?exp=10800,2025-04-09T10:02:15+09:00,2025-04-09T18:06:53+09:00,THE GOLD ONLINE（ゴールドオンライン）,gonline,幻冬舎ゴールドオンライン,1814,"（※写真はイメージです／PIXTA）
父親の急逝後、実家の通帳や実印を持ち帰った姉に戸惑う森さん。相続の主導権を握ろうとする姉に、どう対応すればよいのでしょうか。相続実務士の曽根惠子氏（株式会社夢相続代表取締役）が、きょうだい間の相続対応について解説します。
年金に頼らず「夫婦で100歳まで生きる」ための貯蓄額
父親が亡くなった
森さん（55歳・男性）から相談がありました。父親が急逝し、実家は母親が1人暮らしになってしまったため、週の半分は実家で暮らしています。


姉がすぐ近くに住んでいるものの、姉は自分の子どもや夫の世話で忙しいという理由で、父親の介護もあまり協力はしてくれませんでした。父親が元気な頃でも厳格な父親と波長が合わないようで、あまり実家に寄り付かなかったのが実情です。
母親には強い
姉は父親には歯向かったりできずに従順な態度を取っていました。しかし、母親にはわがままを言うことが多く、父親が亡くなるとすぐに実家にやってきて、父親の預金通帳や母親の実印など重要書類はすべて自分が管理すると言い放ち、持ち帰ってしまったのです。


以前より姉の扱いには腫れ物に触るようにしてきた母親の弱みに付け込んだようで、姉の暴走は母親にも、森さんにも止められないといいます。
姉の目的は?
父親の相続税の申告も姉の知り合いから紹介された税理士に依頼をしてしまい、母親と森さんには説明もありません。


それだけならまだいいとして、森さんが困っているのは、姉が森さんの預金なども教えろと迫っていることです。


森さんは上場企業のサラリーマンとして勤続30年になります。しかも独身なので、姉とすれば森さんの財産も自分たち家族に影響してくると思っているのか、あるいは税理士にアドバイスされたのか、かなり高圧的に言ってくるというのです。


姉の質問に答えないといけないのでしょうか?　と森さん。
きょうだいでも他人
今回の直近のテーマは父親の相続税の申告です。父親の財産を確認して、分け方を決めて、分割協議をして、相続税の申告・納税をすることが課題です。


ここに、将来の相続の対象である森さんの預金などは含まれません。まして姉に知らせる義務はないと言えます。
父親の財産
父親の財産は自宅3,900万円と預金6,000万円で1億円未満ですが、相続税の基礎控除を超えているため、相続税の申告はしないといけません。姉の考えでは自宅は母親が相続、預金は3等分にすればいいのでは?　と思っているようです。


全部を母親が相続すれば納税は不要ですが、家族のいる姉は早めに相続したいということでしょう。姉の案に同調して、関係を保ちながら父親の相続を終えることをお勧めしました。


森さんには自分の財産は、まだきょうだいに知らせる時期ではないので、次の母親の財産について自宅や預金をどうするか、母親の意向を優先して話し合うようにお勧めしました。
相続実務士のアドバイス
●できる対策
父親の相続税の申告は円満に終わらせる。
次の母親の相続についても母親の意思確認をする。

●注意ポイント
きょうだいでも相続の場面でなければ、預金を知らせる必要はありません。きょうだいでも家計は別ながら、独身の場合は、姉が相続人にもなるため、意図など確認しておきましょう。


　　　　　　　　

曽根 惠子
公認不動産コンサルティングマスター
相続対策専門士
相続実務士®

株式会社夢相続 代表取締役

◆相続対策専門士とは?◆

公益財団法人 不動産流通推進センター（旧 不動産流通近代化センター、retpc.jp）認定資格。国土交通大臣の登録を受け、不動産コンサルティングを円滑に行うために必要な知識及び技能に関する試験に合格し、宅建取引士・不動産鑑定士・一級建築士の資格を有する者が「公認 不動産コンサルティングマスター」と認定され、そのなかから相続に関する専門コースを修了したものが「相続対策専門士」として認定されます。相続対策専門士は、顧客のニーズを把握し、ワンストップで解決に導くための提案を行います。なお、資格は1年ごとの更新制で、業務を通じて更新要件を満たす必要があります。

「相続対策専門士」は問題解決の窓口となり、弁護士、税理士の業務につなげていく役割であり、業法に抵触する職務を担当することはありません。
曽根 惠子",[],[]
日本経済への追い風は今後10年以上続く？いま日本株を買う人が「利益という果実」を得られるワケ【エミン・ユルマズ×木原直哉】（THE GOLD ONLINE（ゴールドオンライン））,https://news.yahoo.co.jp/articles/27143746d5767ebc20c11bad703cba726839419f,https://newsatcl-pctr.c.yimg.jp/t/amd-img/20250409-00066349-gonline-000-2-view.jpg?exp=10800,2025-04-09T10:02:15+09:00,2025-04-09T15:22:01+09:00,THE GOLD ONLINE（ゴールドオンライン）,gonline,幻冬舎ゴールドオンライン,1865,"（※写真はイメージです／PIXTA）
2012年のワールドシリーズ・オブ・ポーカー（WSOP）で日本人初優勝を果たし、投資家としても大活躍している木原氏と、新進気鋭のエコノミストであり、日本ポーカーの祭典JOPTで2度の優勝経験を持つエミン・ユルマズ氏。本記事では、エミン・ユルマズ氏/木原 直哉氏による書籍『「確率思考」で市場を制する最強の投資術』（KADOKAWA）を一部抜粋・再編集して、今後の日本経済や日本株の動向についてご紹介します。※記載内容は書籍発行当時のものです。
【早見表】年収別「会社員の手取り額」
日本株が外国人投資家に買われている背景
エミン:このところの日本株の上昇は、外国人投資家の旺盛な買いによって支えられている側面が大きいです。彼らが日本株を評価するようになった背景には、複数の要因が挙げられます。

まず、日本企業の収益性を示すROEが改善し、企業統治（ガバナンス）も強化されたことで、投資対象としての魅力が増したことです。さらに、従来の日本企業は内部留保を重視する傾向にありましたが、近年では株主還元を重視する姿勢へと変化したことも評価されています。

そして、世界的に見て流動性の高い先進国の株式市場の中で、ここまで割安な株価水準にあるのは日本市場だけという状況も、彼らの投資意欲を掻き立てているのです。

木原:ただ、ここ数年で割安さがかなり是正されてきましたね。1〜2年前だったPBR0.2倍なんていう銘柄もゴロゴロあったのに、そこまで異常な割安株はさすがにほとんどなくなってしまいました。割安銘柄でこれだけ選択肢があるのも、今だけなのかもしれませんね。

エミン:そしてもうひとつ、日本株が外国人投資家に買われている背景に、地政学的な理由があります。アメリカと中国が新冷戦の状態にある中で、中国からの撤退を余儀なくされたグローバル資本は新たな行き場を求めています。その新たな行き場として、日本が選ばれ始めているのです。

台湾の世界的な半導体ファウンドリーであるTSMCが熊本に最先端工場を建設したのも、有事に対する備えです。もし有事が起こって台湾の拠点や工場が中国に抑え込まれでもしたら、たちまち事業展開ができなくなってしまいますからね。

また、オラクルは、10年間で80億ドル（約1.2兆円）以上の投資を日本で行い、データセンターの設備とスタッフを増強するとしています。マイクロソフトやアマゾンも同様に日本での大規模なデータセンター投資を発表しています。

木原:そうでしたね。
相場で儲けられるタイミングは「ミスマッチ」が起きたとき
エミン:海外企業が日本で事業投資をすれば、資金だけでなく人材も情報も集まり、雇用を生み、地域経済も潤います。この流れは数年で終わるものではなく、今後10年以上にわたって、グローバル企業の日本進出や投資が続くでしょう。

ここまで追い風が吹いているのに、それでもPBRが1倍を切る銘柄がたくさんあるというのは、もう完全なるミスマッチです。基本的に、相場で儲けられるタイミングというのは、ミスマッチが起こったときです。

市場は必ずしも完全に合理的ではありません。もしそうであればすべての要因が一瞬で株価に織り込まれるので割安な銘柄を発見することなどできないし、誰も大きくは儲けられません。ミスマッチが解消されるまでのわずかな期間で、うまく投資できた人がその果実を得られるのです。

もちろん、短期的には下方向に大きく動くことはあるでしょう。それでもいずれは日経平均が10万円を経て、30万円に届く日がやってくるはずです。

木原:僕自身は、日本株や日本経済の将来を予測するスキルを持ち合わせていないので、その場その場の現実や予測可能な近しい将来を見て投資判断をしています。要するに、目の前の日本株には魅力的な銘柄がたくさんあるから投資しているわけですが、割安という魅力が薄れてしまっても、別の投資妙味を持つ市場になれば嬉しいですね。

エミン:木原さんらしい、ブレない投資スタイルだね。

エミン・ユルマズ
エコノミスト、為替ストラテジスト

木原 直哉
プロポーカープレーヤー

※本記事は『「確率思考」で市場を制する最強の投資術』（KADOKAWA）の一部を抜粋し、THE GOLD ONLINE編集部が本文を一部改変しております。記載内容は当時のものであり、また、投資の結果等に編集部は一切の責任を負いません。
エミン・ユルマズ,木原 直哉",[],[]
ベンツを乗り回しブランド品を身にまとう高級マンションの40代住人が…まさかの「管理費100万円滞納」、あきれた言い分【FPが解説】（THE GOLD ONLINE（ゴールドオンライン））,https://news.yahoo.co.jp/articles/3fa3ea1e9238112450f2336dc7fe0ddc5fbe1f33,https://newsatcl-pctr.c.yimg.jp/t/amd-img/20250409-00067907-gonline-000-2-view.jpg?exp=10800,2025-04-09T07:02:18+09:00,2025-04-09T09:52:00+09:00,THE GOLD ONLINE（ゴールドオンライン）,gonline,幻冬舎ゴールドオンライン,2592,"（※写真はイメージです／PIXTA）
マンションの管理組合に関わっていると、思いもよらない問題に直面することがあります。その一つが「管理費・修繕積立金の滞納」の問題です。500世帯規模の大規模マンションの管理組合で理事長を務めたファイナンシャルトレーナーFP事務所の森逸行氏は、マンション管理組合の経験の中で、意外にも「経済的に余裕があるように見える世帯ほど、管理費を滞納するケースがある」ことを知りました。​本稿では、分譲マンションの管理組合で実際に起きた事例をもとに、居住者によるトラブルを防ぐための具体的な対策について、同氏が解説します。
年金に頼らず「夫婦で100歳まで生きる」ための貯蓄額
高級マンションの“見えない問題”
全身ブランド品に身を包みながら1年以上の滞納

ある世帯の話です。​40代の夫婦は入居当初からベンツを所有し、ハイブランドのバッグやアクセサリーを身に着け、いかにもお金持ちの雰囲気を出していました。​エントランスですれ違うほかの住民たちも「裕福な家庭なんだろうな」と思っていたはずです。​

しかし、管理会社による収支報告で明かされたのは衝撃の事実。なんと、彼らは1年以上、管理費と修繕積立金を未納にしているというのです。​毎月の管理費と修繕積立金を合算すると100万円近い金額。お金がないようにはみえないのに、なぜなのでしょうか?

見た目ではわからない“管理費未納”問題。そんな彼らの振る舞いは、これだけにとどまりませんでした。

滞納世帯が“騒音被害”を主張し、上階住民を追い出す

さらに驚いたのは、この滞納世帯が「上の階の足音がうるさい」と管理組合に繰り返し苦情を申し立てていたことです。

管理組合としても、住民間の騒音トラブルには直接の関与はしないものの、できる範囲で対応する必要があります。そのため、上階の世帯に注意喚起を行い、ゴムマットを敷くなどの防音対策を検討してもらうことに。

しかし滞納世帯は、それだけでは納得せず、上階の世帯に対して改善を求め続けました。その結果、上階の世帯は精神的な負担を感じ、最終的に引っ越しを選ばざるを得なくなったのです。

管理費を未納にしながらも管理組合には強く要望を出し、結果として上階の住民を退去に追い込むという状況が生まれてしまいました。管理組合としては、対応の難しさを痛感した出来事です。
滞納する理由は「お金がないから」とは限らない
管理組合は、管理費と修繕積立金を未納する世帯には督促の案内を始めます。督促を進めていくと、滞納世帯の反応はさまざまでした。​

「うっかり忘れていました」というケースもあれば、「支払いを優先する必要がないと考えていた」という驚きの言い分を聞くこともあります。​特にこの世帯の場合、「手元資金がない」「いずれまとめて払うつもりだった」と言い放ちました。

​つまり、支払い能力がないのではなく、「管理費は後回しにしてもいい」と考えていたのです。​しかし、管理費や修繕積立金はマンション全体の運営に関わる重要な資金になります。​管理費と修繕積立金を滞納されると、管理組合の財務が圧迫され、将来的に住民全体の負担が増える可能性に繋がります。​

日本人より外国人のほうがルールを遵守?外国人世帯は未納ゼロ

管理組合の記録を調査すると、意外な事実が判明しました。マンション内の外国人世帯の管理費滞納は、ゼロだったのです。

日本人世帯の中には、収入が高そうにみえるにもかかわらず​管理費と修繕積立金を滞納するケースがありましたが、外国人世帯はルールをしっかり守り、期日どおりに管理費と修繕積立金を支払っていました。文化的な違いや契約遵守の意識が影響しているのかどうかはわかりませんが、現状、この点だけみれば日本人よりも外国人のほうがルールを守っているようです。
滞納を防ぐために…管理組合ができること
管理費の滞納はどのマンションでも発生しうる問題です。​特に大規模マンションでは、住民の経済状況や価値観が多様化しているため、より慎重な対応が求められます。​滞納を防ぐためには、以下の対策が効果的です。​



・管理費の口座引き落としの徹底

・滞納が発生した場合の迅速な対応

・管理組合の役割について住民の理解を促す

3ヵ月などの未納が発生したら、すぐに通知を送ることが重要です。6ヵ月以上の滞納が続く場合は、顧問弁護士や管理会社の力を借りて法的措置の検討も必要になります。

​また、管理費や修繕積立金がどのように使われているのか、定期的に住民と情報を共有し、管理費財源の重要性を理解してもらいましょう。​「滞納が増えると、将来的に管理費を値上げせざるを得ない」ということを居住者に知ってもらうことが必要になります。
滞納者を出さないために…居住者ができること
1.毎月の管理組合の議事録を読む

管理組合の毎月行われる理事会では、滞納者の状況やマンション運営の課題が話し合われています。そのため、毎月の議事録を確認することで自分の住むマンションがどのように運営されているのかを把握し、トラブルの早期発見につなげることができます。

2.総会に参加する/委任状を提出する

マンションの重要な方針が決定される年一回行われる総会には、直接参加することが望ましいですが、難しい場合は委任状を提出し、意思表示をすることが大切です。また、参加率が低いと、重要な決定が決まらないこともあるため、住民一人ひとりの関与が求められます。
マンションは共同の財産
マンションは共同で管理・運営する財産になります。一部の住民の身勝手な行動が、ほかの住民の負担を増やすことにつながります。特に「お金があるのに払わない」という滞納者には、毅然とした対応を取ることが不可欠です。管理組合として、適切なルールを設け、早期対応を徹底することで、住みよいマンションを維持していくことができます。

また、居住者一人ひとりが管理組合の運営に関心を持ち、積極的に関与することで、より公平で健全なマンション環境が実現できます。あなたのマンションでも、ぜひ一度マンション管理組合の状況を確認してみてはいかがでしょうか。

森 逸行

ファイナンシャルトレーナーFP事務所

代表
森 逸行",[],[]
生成AIは「ビジネスに不可欠」…7割の大企業経営者が回答、投資額には温度差も【全国の企業経営者800件の回答に基づく調査結果】（THE GOLD ONLINE（ゴールドオンライン））,https://news.yahoo.co.jp/articles/ee338b58df13999f860117ffe0452506239b4f8e,https://newsatcl-pctr.c.yimg.jp/t/amd-img/20250409-00068152-gonline-000-1-view.jpg?exp=10800,2025-04-09T07:02:18+09:00,2025-04-09T07:02:18+09:00,THE GOLD ONLINE（ゴールドオンライン）,gonline,幻冬舎ゴールドオンライン,1461,"画像：PIXTA
ビジネスの現場で注目を集める生成AI。文章生成にとどまらず、画像や音声、プログラミングまで対応範囲が広がる中、大企業の経営層はその影響力をどう見ているのか。企業向けクラウドや生成AI（人工知能）サービスを手掛けるFIXERが実施した最新調査では、多くの企業が生成AIの導入に関心を示す一方、巨額投資には慎重な姿勢も見られた。以下、アンケート調査の結果を詳しく見ていく。
世界主要国「労働生産性」ランキング【2022年】
関心はあれど投資は慎重──生成AIをめぐる企業のリアルな温度感
生成AIサービスなどを手掛けるFIXERが2月に実施した大企業経営者らを対象としたアンケート調査によると、「生成AIが今後のビジネスに影響を与える」との回答が約7割に達した。

今後の生成AIへの投資の見通しについては「投資を増やしていきたい」が3割だった。日本の大半の大企業では生成AIの事業への影響を意識しており、生成AIへの投資にも関心が強まりつつある。ただ、多額の投資を計画している企業はなお少なく、AIを通じた日本企業の業務効率化や生産性の向上には十分とは言えないのが現状だ。
「生成AIが全くビジネスに影響しない」との回答は7％のみ
調査はFIXERが全国の従業員300人以上の企業の経営者を対象に1月30日〜2月1日に実施し、800件の有効回答を得た。情報・通信のほか、金融・保険、エネルギー、不動産、流通・小売りなどの企業が対象となった。なお、中小企業庁の定義によれば、製造業では「資本金3億円以下または従業員300人以下」が中小企業にあたり、それを超える企業は大企業に分類される。本記事では、当調査対象企業を“大企業”として記載している。

  アンケートで、生成AIが今後のビジネスに与える影響について聞いたところ、「非常に大きく影響する」が23.4％、「やや影響する」が46.1％と合計で約7割に達した。「あまり影響しない」は22.8％、「全く影響しない」は7.8％で、大半の経営者がAIの生産性向上への効果や役割を無視できないと考えていることがわかる。

生成AIは急速に進化しており、文章だけではなく、プログラミングや画像、音声など多くの生成ができるようになってきた。近い将来に会社員の既存業務の大半を生成AIが代替するようになると指摘する専門家も少なくない。

  今後の生成AIへの投資については「大きく増やしていきたい」が5.4％、「増やしていきたい」が24.6％となり、「投資を増やしていきたい」との回答は3割に達した。「現状と変わらない」は44.3％で、7割以上が現状維持または投資を増やすと答えている。「生成AIが今後のビジネスに影響する可能性が高い」と考えている経営者が多いことが企業の投資意欲にも反映されている。
「生成AIに1億円以上投資」は大企業でも5％
将来的に生成AIに投資したいと考えている金額について聞いたところ、「100万円以上の投資をしたい」との回答は32.3％だった。前回調査（23年10月）と比べて1.1ポイント上昇したものの、半数にも達しなかった。「1億円以上投資したい」との回答も5.7％にとどまり、前回調査から1ポイント低下した。

生成AIは新たな技術であるため、中国発の「ディープシーク」の登場など、その動向や進化が激しい側面がある。こうした背景から多くの大企業経営者は現時点では生成AIへの大規模な投資には二の足を踏んでいるようだ。
日高 広太郎",[],[]
宇宙ビジネスの市場見通しに変化はなく、宇宙産業は今後もさらに成長【解説：東京海上アセットマネジメント】（THE GOLD ONLINE（ゴールドオンライン））,https://news.yahoo.co.jp/articles/3256a00af038b699c56c6bcaaaaac85e1a8be78c,https://newsatcl-pctr.c.yimg.jp/t/amd-img/20250409-00068122-gonline-000-1-view.jpg?exp=10800,2025-04-09T06:46:49+09:00,2025-04-09T06:46:49+09:00,THE GOLD ONLINE（ゴールドオンライン）,gonline,幻冬舎ゴールドオンライン,3316,"（※画像はイメージです／PIXTA）
米国の関税政策などを巡り米景気に対する不透明感が強まるが、宇宙ビジネスの市場見通しに変化はなく、宇宙産業は今後もさらに成長することが期待されています。気候変動や安全保障、経済社会の環境変化などを背景に、地球観測衛星の活用が拡大しており、世界の地球観測衛星の市場規模は拡大する見通しです。大きな成長が期待できる市場として注目の「宇宙ビジネス」について、東京海上アセットマネジメントが解説します。
宇宙関連企業の利益は堅調な成長が見込まれる
［図表1］ 出所：ブルームバーグ、FactSet、ヴォヤIMより東京海上アセットマネジメント作成※基準価額（税引前分配金再投資）は信託報酬控除後です。※当ファンドの一株当たり利益（EPS）成長率は、東京海上・宇宙関連株式マザーファンドの保有銘柄をもとに算出。各企業の市場コンセンサス予想を基に作成。※世界株式：MSCI ACWI指数、米ハイテク株：ナスダック総合指数、各株価指数は、税引後配当込み、円換算。
■米トランプ政権が打ち出す関税措置や政府効率化省（DOGE）の動きなどを受け、先行き不透明感が強まるなか、米国株式市場では、ソフトウェア、ハードウェア、半導体関連株等、グロース株を中心に下落し、ディフェンシブ性が高い銘柄が選好されやすい地合いとなっています。

■このような環境下、宇宙関連企業の株式に投資を行う当ファンドの基準価額（税引前分配金再投資、以下同じ）は、保有している防衛関連の銘柄が下支えし、「為替ヘッジなし」、「為替ヘッジあり」ともに世界株式と比べると堅調な動きとなっています。また、当ファンドの基準価額は2025年初来、米ドル円が下落（円高ドル安）したことが大きな下落要因となり、実質的な株価の値動きはしっかりと推移しています。

■足元の株式市場の下落は、主に米国の関税政策などを巡り米景気に対する不透明感が強まり、投資家のセンチメントが悪化したことによるもので、宇宙ビジネスに対する懸念によるものではありません。宇宙ビジネスの市場見通しに変化はなく、宇宙産業は今後もさらに成長することが期待されており、当ファンドが保有する宇宙関連企業の利益は堅調な成長が見込まれています。

  ※上記の株価指数は、当ファンドのベンチマークではありません。
世界の航空宇宙・防衛関連企業の株価は上昇
1
/
2
［図表2］  出所：ブルームバーグ※世界航空宇宙・防衛株式：MSCI ACWI航空宇宙・防衛株価指数、世界株式：MSCI ACWI指数、各株価指数は、税引後配当込み、米ドル。
［図表3］国際平和研究所（SIPRI）※実質ベース
■欧州連合（EU）は3月6日の特別首脳会議で「再軍備計画」の推進で合意し、防衛力の強化へ8千億ユーロの資金確保を目指すこととしました。欧州をはじめとして、日本など各国が防衛費への支出を増やし、関連企業の業績が伸びるとの観測等を背景に、世界の航空宇宙・防衛関連企業の株価は上昇しています。

  ■世界の軍事費は拡大基調となっており、2024年の軍事費も2023年比で増加し過去最大を更新しました。2025年2月中旬までは、トランプ相場で株高が先行しましたが、足元では景況感の鈍化がみられ、軍事費の拡大が支えとなる航空宇宙・防衛関連株式に注目が集まりやすい環境が続いています。
「宇宙開発競争」で競う世界の大富豪マスク氏とベゾス氏
■アマゾン・ドット・コム創業者ジェフ・ベゾス氏は、2000年に私財を投じてブルーオリジンを設立し、約25年を経て1月16日に初めて大型ロケット「ニューグレン」を打ち上げました。一方、テスラの最高経営責任者（CEO）イーロン・マスク氏は、2002年にスペースXを設立し、わずか6年でロケット「ファルコン1」を地球周回軌道に乗せることに成功しました。宇宙開発をリードする両者ですが、宇宙開発の進展を見ると、マスク氏が先行しており、ベゾス氏は後を追う状況となっています。この違いは、両者の宇宙開発におけるアプローチや資金調達方法の違いからもみてとれます。
「アジャイル型」で開発するマスク氏
■リスクを恐れずに、失敗から学び、迅速に改善を繰り返すアジャイル開発で開発スピードを大幅に向上。

■スペースX初期のロケット「ファルコン1」の開発に1億米ドル（約150億円*1）を投入したといわれる。米国防総省やNASAとの大規模な契約で強力な後押しを受け、民間顧客や外部の投資家を引き付け資金を調達。

アジャイル（Agile）開発とは!?
「アジャイル（Agile）」とは「俊敏な、機敏な」という意味で、アジャイル開発は、シリコンバレーで広く採用されているシステム開発手法です。
一連の工程を短期間で繰り返しながら開発を進め、迅速にフィードバックを取り入れて改善を行います。アジャイル開発は、製品の品質向上と開発のスピードを大幅に向上させるため、システム開発において重要なアプローチとなっています。
慎重なアプローチをとったベゾス氏
ブルーオリジンに累計146億米ドル（約2兆1,850億円*1）を投じたと推定。最近まで自己資金のみで同社を支え、慎重なアプローチをとってロケット技術を開発。開発が難航していた大型ロケット「ニューグレン」を1月に打ち上げ、大きく先行するスペースXを追う。

出所:各種資料を基に東京海上アセットマネジメント作成。

*1　1米ドル=149.67円（2025年2月末時点）で円換算。

※上記に記載のスペースXとブルーオリジンは未上場です。また、アマゾン・ドット・コム以外、2025年2月末時点で当ファンドの組入銘柄ではありません。
地球観測衛星の市場規模は拡大見通し
［図表4］ 出所：欧州連合宇宙計画庁（EUSPA）※2033年は予想値（2024年1月時点）
■リモートセンシングとは、遠く離れたところから、対象物に触れずに対象物の形や性質を測定する技術のことで、計測するセンサーは地球観測衛星だけでなく、航空機やドローンなどにも搭載されます。衛星リモートセンシングのデータは、スマートフォンの地図アプリの画像や気象情報の観測等、私たちの生活の身近なところですでに使われています。

■気候変動や安全保障、経済社会の環境変化等を背景に、世界で地球観測衛星の重要性が増しています。AI（人工知能）や深層学習の進歩、小型衛星コンステレーション活用による観測の即応性向上等により、地球観測衛星の活用は、安全保障やビジネス用途等で拡大しています。

■世界の地球観測衛星の市場規模（データ及びこれを活用した付加価値サービスの売上高）は2023年の約34億ユーロ（約5,244億円*2）から2033年までに約59億ユーロ（約9,243億円*2）に拡大する見通しです。

*2　1ユーロ=155.6円（2025年2月末時点）で円換算。
今後、衛星データは様々な用途での活用が期待
1
/
2
［図表5］ 出所：欧州連合宇宙計画庁（EUSPA）
［図表6］ ※写真はイメージです。
■地球観測衛星は気候変動、都市開発、農業、エネルギーの分野が市場の半数を占めています。衛星には、地球の陸地、海洋、大気、気象パターンに関するデータを収集する様々なセンサーや機器が搭載されており、収集されたデータは、環境モニタリング、天然資源管理、気候研究等、幅広い用途に利用されています。

  ■広範囲のデータを衛星で取得し、状況に応じてドローンや地上のカメラで局地的なデータを取得すれば、組み合わせて必要な解析を行うことができるようになるなど、今後、衛星データは様々な用途での活用が期待されています。

  東京海上アセットマネジメント

※当レポートの閲覧にあたっては【ご留意事項】をご参照ください（見当たらない場合は関連記事『宇宙の市場見通しに変化はなく、宇宙産業は今後もさらに成長【解説:東京海上アセットマネジメント】』を参照）。
東京海上アセットマネジメント株式会社",[],[]
日本の社長は平均年齢60.5歳だが…世界有数の運用会社が注目する「取締役会の年齢層」と「株価」のふしぎな相関【アライアンス・バーンスタインが解説】（THE GOLD ONLINE（ゴールドオンライン））,https://news.yahoo.co.jp/articles/01c96c6fbb5e86bcb9ccd2c484bb61777cb9e29a,https://newsatcl-pctr.c.yimg.jp/t/amd-img/20250409-00067944-gonline-000-1-view.jpg?exp=10800,2025-04-09T06:02:20+09:00,2025-04-09T06:02:20+09:00,THE GOLD ONLINE（ゴールドオンライン）,gonline,幻冬舎ゴールドオンライン,2792,"（※写真はイメージです／PIXTA）
米国の大手資産運用会社であるアライアンス・バーンスタインによると、「取締役会の年齢層」と「株価パフォーマンス」には相関関係があるそうです。その根拠と「取締役会の年齢」が投資家に与える影響について、詳しくみていきましょう。アライアンス・バーンスタイン株式会社の責任投資ヘッドである臼井はるな氏が解説します。
【画像】「30年間、毎月1ドルずつ」積み立て投資をすると…
深刻化する「社長の高齢化」問題
1
/
2
［図表1］社長の平均年齢は一貫して上昇 出所：帝国データバンク：中小企業庁（Statistaより引用）、AB
［図表2］社長の交代率は低下している 出所：帝国データバンク：中小企業庁、PR Times（Statistaより引用）、AB
日本企業を見ると、社長の平均年齢は1990年以降、54.0歳から60.5歳へと30年以上にわたり上昇の一途をたどってきました（図表1）。社長交代率は1990年の4.8％から3.8％と悪化しており、高齢化の一因にもなっています（図表2）。

    経営陣の若返りは、企業の活力を増すために大事な要素だとみられているのかもしれません。

損害保険大手の東京海上ホールディングスは2025年1月14日、小池昌洋常務執行役員（53歳:発表時点）が社長に昇格する人事を発表しました。現小宮暁社長（64歳:発表時点）から11歳若返るかたちです。

こうしたニュースが話題に上ることそのものが、危機感を映し出しています。

「若い取締役」と「財務成績の改善」は相関関係にある

社長に限らず取締役の年齢は、企業価値の側面で注視されるテーマです。

たとえば、米国ニューハンプシャー大学の研究者は、米国においてX世代（1965〜1980年生まれ）の取締役の存在が、総資産利益率（ROA）と株価純資産倍率（PBR）で見た財務成績の改善と相関関係にあることを発見しています※1。さらには、研究開発（R＆D）投資が多く、特許取得活動に取り組んでいる企業では、そうした相関関係が特に強いことも見つけ出しました。

※1　参照:SRN「New Kids on the Block: The Effect of Generation X Directors on Corporate Performance」（英語、外部サイト）

とはいえ、米国でもS＆P500指数を構成する企業群では全取締役の70％近くがベビーブーマー（1946年から1964年生まれ）世代で構成されていて、50歳未満の取締役はわずか5％に過ぎません。

取締役会の世代が極端に偏ることで、業績改善や事業の耐久性、後継者育成といったさまざまな課題への取り組みが不十分になってはいないでしょうか。

取締役会の特徴に言及したレポートは他にもあり、たとえば、米国の銀行の取締役会であれば、年齢ダイバーシティの進展度合いが、ローン貸倒償却や不良債権の減少と相関関係にあることが発見されています※2。

※2　Sage Journals「Age diversity and the monitoring role of corporate boards: Evidence from banks」（英語、外部サイト）

また、取締役会メンバーの年齢が多様化することで、リーダーシップの緩やかな交代につながり、経験や知識の喪失を軽減しながら継承プロセスを円滑に進めることができると分析するものもあります。

こうした調査結果は、投資家にとって、どのような意味があるのでしょうか?　アライアンス・バーンスタイン（以下、当社）では株価との関係を深掘りしました。
年齢層が幅広い企業のほうが、年率リターンが高い
［図表3］取締役会の年齢ダイバーシティが大きいほど、過去のリターンが高い（米国） 出所：ブルームバーグ、FTSEラッセル、IDC、AB
具体的には、ラッセル1000指数の構成企業を取締役の年齢層に従って3つのグループに分類し、2017〜2023年の株価パフォーマンスを分析しました※（図表3）。



※　3つのグループは以下のとおりです。

1.最年長の取締役と最年少の取締役との年齢差が30歳を超える取締役会

2.最年長の取締役と最年少の取締役との年齢差が21〜30歳までの取締役会

3.最年長の取締役と最年少の取締役との年齢差が21歳未満の取締役会

  その結果、1.の取締役の年齢差がもっとも大きいグループの企業がもっとも高い年率リターンを創出した一方で、3.の年齢差がもっとも小さいグループの企業が創出したリターンはもっとも低いことがわかりました。

この傾向はほとんどのセクターで一貫して見受けられ、イノベーション志向のセクターではより顕著です。創業者が主導する企業とそれ以外の差を調整しても、傾向は同様でした。

取締役会の年齢ダイバーシティは、テクノロジーやヘルスケアなどのR＆D集約型のセクターでもっとも価値が高く、素材や不動産などのあまりR＆D集約型ではないセクターではもっとも価値が低いようです。

もちろん若さがいつも経験に勝るというわけではありません。取締役の選出においては、その資質がもっとも重要なことに変わりはないと当社は考えています。

とはいえ、複数世代で構成される取締役会が過去数年間にわたり、単一の世代で構成される取締役会よりも高い投資パフォーマンスを上げる傾向があったことは、見逃せない事実です。

取締役会の「年齢層」が、優良株を選ぶ“決め手”のひとつに

取締役会の年齢ダイバーシティがもたらすメリットが明らかになりつつある一方で、この課題に対応する規制やガバナンス・コードはまだ見当たりません。

こうした状況はいずれ変化する可能性が高く、当社としては、企業が取締役会を刷新していくなかでどのように年齢ダイバーシティを考慮しているかを見極めるとともに、こうした考慮がプラス（もしくはマイナス）に作用するセクターをより明らかにしていきたいと考えています。

投資を行う際に検討すべきファクターは数多くあり、取締役会の構成はその1つにすぎません。しかし、取締役会の年齢ダイバーシティが業績指標やリターンの向上と相関関係にあることが明らかになっている以上、投資家は、投資先企業の取締役会の年齢ダイバーシティを注意深く分析すべきでしょう。

日本においても、年齢をはじめ異なる視点から取締役が選出されることで、経営への適切な監督機能が発揮されることを期待しています。

臼井 はるな

アライアンス・バーンスタイン株式会社

責任投資ヘッド

※当レポートの閲覧にあたっては【ご注意】をご参照ください。
臼井 はるな",[],[]
"俺には役不足だろ…「年収1,500万円」から「年収500万円」に激減の60歳定年サラリーマン、エリートでもぶちあたる「高すぎる壁」（THE GOLD ONLINE（ゴールドオンライン））",https://news.yahoo.co.jp/articles/cdbc133ae14b8618e0f6023de3e6cd450e244fa0,https://newsatcl-pctr.c.yimg.jp/t/amd-img/20250409-00068204-gonline-000-1-view.jpg?exp=10800,2025-04-09T05:02:15+09:00,2025-04-09T05:02:15+09:00,THE GOLD ONLINE（ゴールドオンライン）,gonline,幻冬舎ゴールドオンライン,2620,"（※写真はイメージです／PIXTA）
長年、企業の中枢で活躍してきたエリートサラリーマンも、60歳という節目を迎えれば定年という現実が待っています。それまで役職がつき会社の中枢で活躍していたのに、一転、現役社員のサポート役にまわるなど、環境の変化に戸惑うことも。定年後に訪れる「高すぎる壁」。果たして、どのように乗り越えていけばいいのでしょうか。
▼【早見表】サラリーマンの平均退職金額…勤続年収と企業規模別にまるわかり
定年後に直面する「大幅に給与減」の現実
2年前に60歳を迎え、定年を迎えた今井聡さん（仮名・62歳）は、キャリアの終焉を感じました。サラリーマンとして順調に昇進し、名の知れた大企業で部長にまで昇進。年収は1,500万円を誇っていましたが、定年後に迎えた現実は厳しく、年収は一気に500万円以下に減額となりました。これまでの高収入に慣れていた今井さんにとって、このギャップは大きな衝撃だったといいます。

定年を迎える4ヵ月前、人事部との定年後の働き方についての面談が行われました。「今井さんが希望すれば再雇用により引き続き会社で働くことができる」「雇用形態は契約社員となり、規約により給与は決められる」「現行とは別部署の配属となり、正社員のサポート役となる」ことなどが説明されました。

ここで、大企業における定年年齢の現状を見てみましょう。



【大企業における定年年齢】

60歳…74.3％

61〜64歳…3.0％

65歳…23.1％

66〜69歳…1.1％

70歳以上…3.1％

出所:厚生労働省『令和6年 高年齢者雇用状況等報告」』 ※数値は定年制のある企業の回答より

多くの企業で60歳が定年と定められていることが分かります。今井さんも、この一般的な定年制度のもと、「再雇用」という新たなステージを前に、年収や仕事の内容に大きな変化が訪れることになったのです。

今井さんは、再雇用契約を結ぶことになりました。正直、イメージできないこともあったといいます。そのひとつが給与です。役職手当がなくなり、また給与水準は正社員ではなく契約社員と同様となります。大卒で就職して以来、正社員がいることが当たり前であったし、30代後半で役職がついてからは、給与はぐんと増えました。それが20代の若手の頃と変わらない水準にまで減るとは……。定年後に振り込まれた給与は月30万円、手取りで23万円ほど。ここで初めて現実だと思い知ったといいます。

給与に加えて今井さんを悩ませたのは、「エリートとしての誇り」と「役不足感」でした。かつては会社の中枢で活躍し、さまざまな決定権を持っていた部長職から、再雇用後は雑務やサポート的な仕事に従事。同僚と会議を行うことも少なくなり、報告書を作成する業務や雑務が主な仕事です。この仕事の内容に対して、「俺には役不足だろ……」「なんでこんなこと、俺がしなければならないのか」などという思いを強く抱きました。

「惨め……そのとき感じた思いを表すなら、ぴったりな言葉です」と今井さんは振り返ります。
再雇用後に求められる「新たな役割」にモチベーションがあがらない
40年近くの会社員人生で培ったスキルが再雇用後にはほとんど生かせない状況となり、次第に「やりがい」を感じることも少なくなりました。さらに「自分はこの会社に不必要な人間なのではないか」と感じることが多くなります。「このままでいいのか」という思いが日に日に大きくなっていきました。

さらには再雇用後、次第に孤独感が強まっていきました。それまで仕事を通じて人とのつながりを感じていましたが、会議などに呼ばれることはなく、淡々と業務をこなすだけ。やろうと思えば、会社内のコミュニケーションはすべてメールで完結できます。上司や部下とのコミュニケーションの機会は極端に少なく、自分から話をしなければ、ひと言も発しないまま定時を迎えてしまいます。

だからといって、積極的なコミュニケーションも憚られました。定年前、同じ部署内の再雇用社員、つまり今の今井さんと同じ立場の人から先輩風を吹かせて話をされることがあり、「老害だな」と感じていたからです。「あなたが現役の頃と状況はずいぶんと違うんだよ」「サポートならサポートに徹してほしい」などと思っていた手前、とても自分から話しかけることはできません。「存在自体、老害などと思われているのではないか……」とさえ感じることがあり、一層、社内で孤立を深めていったのです。

給与減と役不足感。大企業の部長まで上りつめた今井さんにとっては、高すぎる壁でした。

心境の変化

定年から2年。今でも再雇用社員として働いています。ただ心境の変化はあったようです。

「若手社員から仕事の進め方やキャリアに関する相談を受ける機会があり、自身の経験を踏まえたうえで話をしました。彼らは喜んでくれて……。かつて自分が若手だったころ、上司に相談してもなかなか親身になってもらえなかった経験がありました。あのとき、もっと気軽に相談できるベテラン社員がいればと考えていましたが、今の私ならそのような存在になれると考えたんです」

単に心の持ちようが変わっただけですが、以来、再雇用である自分の存在意義を感じられるようになりました。心の持ちようは外からもわかるのでしょうか。現役社員から相談などで話しかけられることも増え、仕事終わりに一回りも二回りも年下の社員から誘いを受けることも。さらに単調に思えた仕事も現役社員が活躍するための基盤となり、自分の仕事が間接的にではあるものの、会社の役に立っていることを実感できるようになったのです。

「毎日顔を合わせ、挨拶を交わす同僚たちがいる。それだけで定年で仕事を辞めなくてよかったと感じています」

定年後の働き方について考える

定年後、雇用形態や役職の変更が伴うことが多く、大幅な給与減となることは珍しくありません。またシニア社員にはそれまでのキャリアを生かすことが求められる一方で、その活かし方を十分に確立できていない企業も少なくありません。このような状況下、再雇用される側も、定年後の実際の働き方を事前に把握しつつ、やりがいをどこに求めるか、しっかりと検討しておくことが重要です。

[参考資料]

厚生労働省『令和6年 高年齢者雇用状況等報告」』",[],[]
