headline,mainEntityOfPage,image,datePublished,dateModified,author,media_en,media_jp,str_count,body,images,external_links
＜気付いたら来ておった＞『豊臣兄弟！』中村襲撃直後、唐突に現れた兄・藤吉郎。不自然すぎる登場にザワつく視聴者「…何かした？」「本性を考えると」「何かにつけて不穏」（婦人公論.jp）,https://news.yahoo.co.jp/articles/100ad88390b5db11ce888392693197ae43c95e39,https://newsatcl-pctr.c.yimg.jp/t/amd-img/20260111-00020496-fujinjp-000-6-view.jpg?exp=10800,2026-01-11T23:30:39+09:00,2026-01-11T23:57:15+09:00,婦人公論.jp,fujinjp,婦人公論.jp,1695,"（『豊臣兄弟！』／(c)NHK）
NHK大河ドラマ「豊臣兄弟!」（NHK総合、日曜午後8時ほか）。

1月11日に放送された第二回「願いの鐘」で再び野盗の襲撃を受けることになった小一郎たち。
【写真】慟哭する小一郎。その腕の中には…
その直後に現れた兄・藤吉郎のある不自然な一言に視聴者の疑惑が高まっているようで…

*以下第二回のネタバレを含みます。
（『豊臣兄弟！』／(c)NHK）
◆＜第二回のあらすじ＞

故郷の中村に戻った小一郎（仲野太賀）は、直（白石聖）の縁談が決まったことを知る。

自分の気持ちを押し殺して喜ぶ小一郎に、寂しげな表情を浮かべる直。

一方清須では、尾張統一を目指す信長（小栗旬）が岩倉城攻めを決行する。

清須での居残りを命じられた藤吉郎（池松壮亮）は、信長の妹・市（宮崎あおい　*崎はたつさき）から呼び出しを受ける。

そしていよいよ直の祝言の日。花嫁姿の直が突然、小一郎の前に姿をあらわす。
◆慟哭する小一郎の前に…

再び野盗の襲撃を受けた中村。

難をなんとか逃れた小一郎と直が歩いていると、村の仲間・玄太が泣きながら田の横でうなだれているところに出くわします。

その先には首のない信吉の体が…。

玄太によると、植えたばかりの苗を守ろうとして命を落としたという信吉。

小一郎はその首に歩み寄ると、抱きしめながら慟哭します。

「次から次へと…わしらが何をした…。何なんじゃ、これはー!」と天に向かって叫んだ小一郎。

するとその前になぜか清須にいるはずの兄の藤吉郎の姿が。
◆侍になれ!小一郎!

泣き叫ぶ小一郎を目に留めると、藤吉郎は「これが…この世じゃ!」と言い放ちます。

「何でここにおるんじゃ」と小一郎に尋ねられると「わしにも分からん。気付いたら来ておった」「おみゃあに呼ばれた気がしてのう」と答えた藤吉郎。

対して「信長は何もしてくれない」などと小一郎が心の内を叫んだ後、藤吉郎は「言いたいことはそんだけか?　なら今度はわしの番じゃ」と話します。

そして前回、秀吉と武士として共に歩むのを拒絶した小一郎に対し、あらためて「侍になれ!小一郎!」とその意思を伝えるのでした。
◆視聴者の感想は

再度野盗の襲撃を受けた中村。

しかし前回とは異なり、最初にやってきた野盗は、その後に来た黒ずくめの集団によって駆逐。その集団はさらに子供を含めた村人たちを虐殺。家にまで火をつけるなど、先の野盗より、さらに輪をかけて蛮行を重ねる様子が見られました。

すると焼け跡となった村、そして信吉の首を抱いて慟哭する小一郎の前に、なぜか清須にいるはずの藤吉郎が現れます。その理由について「気付いたら来ていた」などと語った藤吉郎。

その様子をいぶかしむ人も多かったようで、たとえば視聴者からは「藤吉郎どこから湧いてきた?疑いたくないんだけど…誰かが手引きしないと信長領内で野盗なんて無理なんだが…藤吉郎…小一郎を引き抜くために何かした…?」「村が焼かれたあとに、ひょこっと藤吉郎が現れるのは怖かったです。小一郎になぜ居るのかと問われて＜わからん＞と答えになっていない返答をしてるんですが」「爽やかなラストに誤魔化されそうになるけど、とにかく全てが不穏過ぎて…」「天下人になってからの本性を考えるとそれくらいは平気でやりそう（家族ですら政の道具にする男） 」「一話の藤吉郎から二話の鐘から何かにつけて…不穏」といった声があがっていました。

ーーー

大河ドラマ第65作「豊臣兄弟!」で描くのは、戦国時代のど真ん中。強い絆で天下統一という偉業を成し遂げた豊臣兄弟の奇跡──夢と希望の下剋上サクセスストーリー!!

主人公は天下人の弟・豊臣秀長。

歴史にif（もしも）はないものの、『秀長が長生きしていれば豊臣家の天下は安泰だった』とまでいわしめた天下一の補佐役・秀長の目線で戦国時代をダイナミックに描く波乱万丈のエンターテインメント!

秀長を仲野太賀、秀吉を池松壮亮が演じ、脚本は八津弘幸、語りは安藤サクラが担当する。
「婦人公論.jp」編集部",[],[]
今夜スタート！篠原涼子主演『パンチドランク・ウーマン−脱獄まであと××日−』。厳格な女刑務官が愛した男は塀の中の殺人犯だった…＜ネタバレ＞（婦人公論.jp）,https://news.yahoo.co.jp/articles/643236fa9d935dce8633c8562c0fd35aaf9e2d0e,https://newsatcl-pctr.c.yimg.jp/t/amd-img/20260111-00020469-fujinjp-000-1-view.jpg?exp=10800,2026-01-11T12:30:38+09:00,2026-01-11T12:30:38+09:00,婦人公論.jp,fujinjp,婦人公論.jp,1137,"日曜ドラマ『パンチドランク・ウーマン−脱獄まであと××日−』
本日2026年1月11日（日）夜10時30分から、篠原涼子主演の新日曜ドラマ『パンチドランク・ウーマン−脱獄まであと××日−』が、日本テレビ系にてスタートする。
【写真】殺人犯・日下怜治（ジェシー）がやってきて…
自分にルールを課し、規律正しく真面目に生きるひとりの女刑務官、冬木こずえ。
高い塀に囲まれた拘置所で、他人にも、自分にも厳しく生きてきた。

そんな彼女が出会ってしまった、ひとりの殺人犯——
彼は、彼女の秘密に大きく関わる人物だった。
この出会いが、彼女の人生を大きく狂わせていく。

女刑務官　×　殺人犯　×　刑事

海外で起きた衝撃の実話に着想を得た禁断の物語。
彼女が手に入れるのは、愛か?それとも絶望か?

「あなたと一緒なら、地獄に墜ちても構わない」

****

氷川拘置所の、女性が収容された区域『女区（じょく）』の区長・冬木こずえ役を篠原涼子。強盗殺人の罪で起訴され、氷川拘置所に移送されてきた未決拘禁者・日下怜治役をジェシー（SixTONES）。日下怜治の事件を担当している刑事・佐伯雄介役を藤木直人が演じる。

主題歌『Canaria』（カナリア）は、いきものがかりの水野良樹が作詞・作曲を手掛け、「鈴木雅之 feat. 篠原涼子」として鈴木と篠原が歌う。
日曜ドラマ『パンチドランク・ウーマン−脱獄まであと××日−』
◆＜第1話あらすじ＞

厳格な女刑務官が愛してしまった男は、塀の中の殺人犯だった——。

氷川拘置所、女性だけが収容された区域『女区（じょく）』の区長を務める刑務官・冬木こずえは、常に規律正しく、冷静沈着。他人に干渉せず、感情に流されず、実直に職務を遂行する。

すべては、閉ざされた塀の中の秩序を保つため、他人にも自分にも厳しく生きてきた…はずだった。あの男が現れるまでは——。

実の父親の殺人容疑で移送されてきた殺人犯・日下怜治。見覚えのあるその顔に、こずえは息をのむ…。

鋭い目つきで周囲を威嚇する怜治を、刑務官たちは徹底マーク。こずえも動揺を隠しながら毅然とした態度で臨むが、そんなこずえの心をかき乱すように、怜治は収容されるや否や次々と問題を起こし……。

よみがえる記憶…こずえの中で何かが少しずつ崩れ始め…。

怜治の事件を担当する警視庁捜査一課刑事・佐伯雄介と共に、こずえは激動の渦にのまれていく——。

こずえの過去に一体何が!?怜治の事件の真相は!?

欲望まみれの塀の中で巻き起こる壮絶な争いと事件の数々!

やがて厳格な女刑務官は《悪女》へと変貌していく——。

予測不能な脱獄サスペンスが幕を開ける!!
「婦人公論.jp」編集部",[],[]
寧々の妹・ややの入り婿として家督を継ぐ。信長の死後は秀吉に仕え、秀長・秀吉の数少ない身内として戦乱の世を共に歩むことに…演じるのは大地伸永さん『豊臣兄弟！』キャスト発表（婦人公論.jp）,https://news.yahoo.co.jp/articles/75c7baa36e2585d4aa383820171dd86324be3910,https://newsatcl-pctr.c.yimg.jp/t/amd-img/20260111-00020444-fujinjp-000-1-view.jpg?exp=10800,2026-01-11T12:30:38+09:00,2026-01-11T12:30:38+09:00,婦人公論.jp,fujinjp,婦人公論.jp,1203,"（『豊臣兄弟！』／(c)NHK）
◆放送開始『豊臣兄弟!』

2026年度のNHK大河ドラマ『豊臣兄弟!』。

1月4日の放送開始を挟んで、ドラマを彩るキャストが続々と発表されています。
信長が絶大な信頼を置いた名将。本能寺後123万石となるも、最期には腹を切って取り出したしこりを秀吉へ…演じるのは池田鉄洋さん
今回は秀長・秀吉の数少ない身内として、戦乱の世を共に歩むことになる人物をご紹介!

ーーー

【物語】

大河ドラマ第65作で描くのは、戦国時代のど真ん中。強い絆で天下統一という偉業を成し遂げた豊臣兄弟の奇跡──夢と希望の下剋上サクセスストーリー!!

主人公は天下人の弟・豊臣秀長。

歴史にif（もしも）はないものの、『秀長が長生きしていれば豊臣家の天下は安泰だった』とまでいわしめた天下一の補佐役・秀長の目線で戦国時代をダイナミックに描く波乱万丈のエンターテインメント!
（『豊臣兄弟！』(c)NHK）
◆浅野長吉

ーーのちの浅野長政。寧々の妹・ややの入り婿となり、浅野家の家督を継ぐ。信長の死後は秀吉に仕え、秀長・秀吉の数少ない身内として、戦乱の世を共に歩むことに。のちに豊臣政権の五奉行の一人に任じられる。

＜大地伸永さん コメント＞

■出演のオファーを受けたときの率直なお気持ちをお願いします。

「光栄だ」という気持ちと同時に、大きな責任を感じました。

ただ、長吉という人物の持つ人間味や葛藤、時代の中で懸命に生きた姿に触れるうちに、「ぜひ挑戦したい」という思いが強くなりました。

この役を通して、彼の生き様を自分なりに丁寧に表現できたらと思います。

■演じるにあたっての意気込みをお聞かせください。

素晴らしい方々に囲まれて、引き締まる思いと同時に、ワクワクが止まらない日々を過ごさせて頂いてます!

皆様が凄くクリエイティブなので、助けられてばかりですが、役と共に成長出来るよう頑張ります!

ーーー

【放送予定】

[総合] 日曜 夜 8時00分〜8時59分/ （再放送）翌週土曜 後1時05分〜2時04分
[NHK BS] 日曜 後 6時00分〜6時59分
[BSP4K] 日曜 後 0時15分〜1時14分/ （再放送）日曜 後6時00分〜6時59分
【作】八津弘幸
【音楽】木村秀彬
【語り】安藤サクラ
【出演】仲野太賀 池松壮亮 他
【時代考証】黒田基樹、柴 裕之
【制作統括】松川博敬、堀内裕介
【プロデューサー】高橋優香子、舟橋哲男、吉岡和彦（展開・プロモーション）、国友 茜（広報）
【演出】渡邊良雄、渡辺哲也、田中 正

【公式サイト・SNS】
https://www.web.nhk/tv/pl/series-tep-P52L88MYXY
X:nhk_toyotomi
Instagram:nhk_toyotomi
「婦人公論.jp」編集部",[],[]
生方美久脚本のミステリー『嘘が嘘で嘘は嘘だ』初回あらすじ。みつ子は離婚した元夫に会いに居酒屋に。そこに現れたのが…＜ネタばれあり＞（婦人公論.jp）,https://news.yahoo.co.jp/articles/f2edbe9a85fe5547f80b54a9a0122fe6698a1d36,https://newsatcl-pctr.c.yimg.jp/t/amd-img/20260111-00020431-fujinjp-000-1-view.jpg?exp=10800,2026-01-11T12:30:38+09:00,2026-01-11T12:30:38+09:00,婦人公論.jp,fujinjp,婦人公論.jp,632,"（『嘘が嘘で嘘は嘘だ』／(c)フジテレビ）
菊地凛子さん主演、生方美久さん脚本のミステリードラマ『嘘が嘘で嘘は嘘だ』（フジテレビ系、日曜午後11時15分〜）の初回「メリークリスマス、嘘つきたち」が1月11日、放送される。
【写真】居酒屋に集うのは、誰もが何かを抱えた“嘘つき”たち
新潟のとある小さな居酒屋。店に集うのは、誰もが何かを抱えた“嘘つき”たち。離婚した、元夫の幸助（錦戸亮）に呼び出された主人公・みつ子（菊地凛子）と、自称イケメン結婚詐欺師の中村（塩野瑛久）、そして頭から血を流しながら入ってくる刑事・並木（竹原ピストル）は、どういう訳か、席を共にすることに。そんな中、テレビには近くで起きた轢き逃げ交通事故のニュースが…。果たして誰が「嘘つき」なのか?

嘘つきだらけの居酒屋で繰り広げられる、怪しいクリスマスの夜の物語。

主題歌は、FUJIBASEの『yosuga』。音楽はフジモトヨシタカさん。

*以下、1月11日放送回のネタバレを含みます。
（『嘘が嘘で嘘は嘘だ』／(c)フジテレビ）
◆初回あらすじ

新潟のとあるアーケード街。

雪を被ったみつ子はぶつくさ文句を言いながら居酒屋へ入る。

「待ち合わせなんですけれど」みつ子は、離婚した元夫・小林幸助に会いにきたのだった。幸助の不倫がきっかけで離婚したふたり。

と、そこへ自称イケメン結婚詐欺師の中村が嘘か本当か分からない話をしながら、みつ子に近づくがー…。
「婦人公論.jp」編集部",[],[]
なぜ人は＜さみしい＞という感情に苦しめられるのか？脳科学者・中野信子「現代は集団でしか生きられないような過酷な環境ではないのに、脳がそれに適応していない可能性が…」（婦人公論.jp）,https://news.yahoo.co.jp/articles/1615e316c9f2aca11397bfc412d4982a212b563d,https://newsatcl-pctr.c.yimg.jp/t/amd-img/20260111-00020381-fujinjp-000-1-view.jpg?exp=10800,2026-01-11T12:30:38+09:00,2026-01-11T12:30:38+09:00,婦人公論.jp,fujinjp,婦人公論.jp,2997,"ひとりでいるのがつらい（写真提供：PhotoAC)
ひとりでいるときなどに感じやすい《孤独感》。脳科学者・中野信子さんによれば、孤独感は「他者と心が通じていない」と感じることで生じるものだと言います。コロナ禍が明け、多くの人が孤独感から解放されるはずでしたが、実際には今「そばにいるのに孤独」「わかりあえない」という、新たな感情を抱えているようで…。書籍『「さみしさ」に負けないための脳科学』をもとに解説します。
【書影】誰もが抱える「孤独感」の正体を脳科学で解き明かす!中野信子さん著書『「さみしさ」に負けないための脳科学』
* * * * * * *

◆「さみしいのは、よくないことだ」という思い込みが苦しみを強める

この記事は、人がさみしいという感情に苦しめられてしまう理由について、脳科学的な分析を試みつつ、社会的要因を含めて考察していきます。

そもそもさみしさは誰にでも生じる感情であり、それを感じることは、別に恥ずかしいことでもなく、みじめなことでもありません。

たしかに、さみしさは健康上のリスクを高めてしまうという研究が知られています。

けれども、それをネガティブに捉えてしまうことは、より苦しみを強めてしまうことになります。

さみしくて苦しいときに、「なぜ苦しいのか、なぜむなしいのか」とよく考えてみると、その背景には、人間の本能としての機能があるだけでなく、自分自身がつくり出したネガティブな思い込みが潜んでいたり、他人による刷り込みがあったりします。


ひとりになるとさみしくなるのは、生存本能によるところがあります。しかし現代は、集団でしか生きられないような過酷な環境ではなくなってきています。
◆さみしいという感情と、うまく付き合っていく

さみしくて不安になるのは、脳が現代社会に適応していない、ということかもしれないのです。

そう考えると、「集団でいるほうが安全である」という認知も、考え方によって変わってくるでしょう。

なぜなら、ひとりでいればなにも起こらなかったのに、集団になるからこそ争いが生まれ、ときには命を落とす危険すらあるからです。

つまり、「集団=安全」でもなければ、「ひとりでいる=命の危険が迫っている」という時代でもないということです。もちろん、「ひとりでいる=むなしい」も、単なる思い込みという可能性もあるのです。

このように、さみしいという感情と、さみしさに付随する苦しみを分解し、それぞれを突き詰めて考えることで、むなしさなど、さみしさが引き起こす別のネガティブな感情とも、うまく付き合っていくことができるのではないでしょうか。

それこそ、「家族なのに、親しいパートナーなのに、わかり合えない=さみしい」という感情は、家族だから、パートナーだからわかり合えるという、なんの保証も根拠もない思い込みから生まれるのです。
◆親しい関係性のなかの「確証バイアス」の罠

さみしさの感じ方は、相手との関係性によって大きく異なります。

それは、日常のコミュニケーションや、スキンシップの距離感と似ているかもしれません。

他人から体を触られた場合、自分が相手をどう思っているか、つまり、どのように認知しているかによって、その接触の感じ方が変わってきます。

手を握る、肩に手を乗せるといったちょっとした接触でも、もしあなたがその相手に好意を持っていたなら悪い気はしないでしょう。好きな相手なら、嬉しくなって、自分も相手に触れたいと思うかもしれません。

ところが、まったく好意を持っていない会社の上司や同僚に突然、髪の毛や体の一部を触られたらどう感じるでしょうか?　

きっと不快に思い、「セクハラではないか」と疑ってしまうかもしれません。まったく知らない人なら、痴漢行為として憤りを感じることだってあるはずです。

このように、同じ接触でも、相手との関係性や相手に対する感情によって、わたしたちはまったく違うように認知します。

好きな相手から「髪を切ったね」といわれたら嬉しいのに、関係性の薄い人にいわれると不快に感じてしまう、というようなこともあったりします。
気持ちを共有できる相手とは？（写真提供：PhotoAC)
◆「確証バイアス」といわれる性質

さみしさにも、似たところがあります。

自分が好ましいと思う相手や関係性の近い相手—具体的には、家族や友だち、恋人などであれば、「自分の気持ちを共有したい、理解し合いたい」と思うことが多いでしょう。

そして、関係が近くなればなるほど、「気持ちを共有できているはず」「理解し合えるはず」「助けてくれるはず」と信じようとします。

わたしたち人間は、自分の先入観に沿った情報を集め、自分の都合のいいように解釈してしまう性質を持っています。

これは、「確証バイアス」といわれるものです。

そして、それが実は錯覚であり、本当は理解し合えないのだと気づいたとき、さみしくつらい気持ちを抱えてしまうのではないでしょうか。

もし相手が自分にとってどうでもいい存在なら、自分の思いや気持ちを共有できなくても、相手から理解されずとも、まったく気になりません。

親子、きょうだい、夫婦、恋人、友だち、職場の同僚、上司、近所の人……。こうした関係性の違いと、付き合いの深さといった関係性の強弱によって感じ方が変わるのです。

さみしさは極めて社会的な感情であり、相手との関係性によって大きく左右されるものだといえるでしょう。
◆愛情が憎しみに変わる理由

人と関わることによって起こるさみしさには、「オキシトシン」という脳内ホルモンが関係していると考えられます。

「愛情ホルモン」や「絆ホルモン」とも呼ばれるオキシトシンは、脳に愛情を感じさせ、人間同士の絆をつくるホルモンといわれています。

そのオキシトシンがもっとも分泌されるのは、セックスするときと分娩時なのですが、誰かと同じ空間に長い時間一緒にいるだけでも、オキシトシンの濃度は高まるとされています。

また、互いに目を合わせて話をしたり、スキンシップをとったりするときにも、オキシトシンが分泌されることがあきらかになっています。

オキシトシンは、相手に親近感を持たせたり愛着を感じさせたりする働きを持ち、家族や仲間とのあいだに絆や愛情をもたらすため、人間関係をつくるうえで良い働きをします。

一方で、オキシトシンの濃度が高まると、相手が愛情や信頼を裏切るような行為をした場合に許すことができず、逆に憎しみや怒り、嫉妬といった感情を生じさせてしまうということもあります。

例えば夫婦関係において、相手が自分の気持ちを理解してくれないと感じるとき、それが他人ならさほど気にならないのに、ひどくさみしく、ときに強い怒りを感じてしまうのはそのためだと考えられます。

オキシトシンの働きにより、夫や妻、子どもといった相手に強い愛情を感じるわけですが、その働きが行き過ぎると、相手が「自分とは違う人格を持つ人」で「決して自分の思いどおりにはならない」というあたりまえのことさえ、わからなくなってしまうというわけです。

※本稿は『「さみしさ」に負けないための脳科学』（アスコム）の一部を再編集したものです。
中野信子",[],[]
「がんセンター」と「大学病院」何が違う？医療コンサルタントが特徴を解説。病院の形態より先に考えるべきことは…（婦人公論.jp）,https://news.yahoo.co.jp/articles/446593a74be19b2538fb2c6aaee49db6b6d4240e,https://newsatcl-pctr.c.yimg.jp/t/amd-img/20260111-00020356-fujinjp-000-1-view.jpg?exp=10800,2026-01-11T12:30:38+09:00,2026-01-11T12:30:38+09:00,婦人公論.jp,fujinjp,婦人公論.jp,5706,"（写真はイメージ。写真提供：PhotoAC）
「がん」と診断されたときに直面する「どの病院に行くべき?」「どの医師に診てもらえばいい?」といった疑問——しかし、がん患者のための情報サイト「イシュラン」で編集長を務める医療コンサルタント・鈴木英介さんは「ランキング本や口コミサイトなど、世の中の多くの方が頼りにする情報は、実は賢明な病院・医師選びに結びつきにくい」と語ります。そこで今回は、鈴木さんの著書『後悔しないがんの病院と名医の探し方〜「有名病院」「ランキング」に頼らず、最善の選択を』から、本当に信頼できる主治医にたどり着くための方法を一部ご紹介します。
【書影】がん患者と家族に寄り添う、病院・医師選びの道しるべ。鈴木英介『後悔しないがんの病院と名医の探し方〜「有名病院」「ランキング」に頼らず、最善の選択を』
* * * * * * *

◆その病院、「がん診療連携拠点病院」ですか?

「がん」と聞くと、まず大きな病院にかからなければ、と大概の人が思うでしょう。確かに、手術や抗がん剤治療、放射線治療などが必要となるであろうことを考えると、大病院でないと不安に感じるのは自然なことです。

しかし、一口に「大病院」と言っても、色々な形態の病院があります。がんセンター、大学病院、国立/県立/市立などの公的な病院、民間の総合病院……　これらの様々な形態の病院の中から、一体どこを選んだら良いのでしょうか。それとも、病院の形態以外に、何か先に考えるべきことがあるのでしょうか。

答えは「あります」です。

まず考えるべきポイントは、その病院が「がん診療連携拠点病院」か否か、です。「『がん診療連携拠点病院』なんていうものがあるの? 初めて聞いたぞ」という方も、多いかもしれません。

「がん診療連携拠点病院」とは、「専門的ながん医療を提供している施設」として国が審査・認定している病院です。では、いわゆる「がんセンター」と何が違うのでしょうか。

「がんセンター」は間違いなく専門的ながん医療を提供している施設で、どのがんセンターも、がん診療連携拠点病院として認定されています。ただ、がんセンター以外にも、国から「専門的ながん医療を提供している施設」として認定されている病院が、たくさんあるのです。

その数、2025年11月時点で、全国に391箇所。
厚生労働省　「がん診療連携拠点病院等一覧表（令和7年11月1日現在）」

情報元の厚生労働省のウェブサイトの中では、「都道府県がん診療連携拠点病院」（51施設）及び「地域がん診療連携拠点病院」（340施設）が、いわゆる「がん診療連携拠点病院」に該当します。

「地域がん診療連携拠点病院（特例型）」（12施設）、「特定領域がん診療連携拠点病院」（1施設）、「地域がん診療病院」（60施設）に関しては、「がん診療連携拠点病院」より指定の要件が緩和されているので、別物と考えてください。

「『がん診療連携拠点病院』なんて、昔からあったかなあ?」と疑問に思った方もいらっしゃるでしょうが、無理もありません。実は「がん診療連携拠点病院」が指定されるようになったのは、2007年からですから、それほど歴史が長いわけではないのです。

2006年に「がん対策基本法」が成立し、がん医療の充実を図るための具体的な施策が推進される体制が整いました。そして、厚生労働省が2007年4月に、がん診療の中核となる病院として、全国に「がん診療連携拠点病院」を指定しました。初期段階では約200の病院が指定されましたが、その後、定期的に医療機関の評価を行い、基準を満たす病院が追加指定されると同時に、基準を満たしていない病院は指定を見直す仕組みが導入されて、今に至ります。
◆「がん診療連携拠点病院」の判断基準

では、国は何に基づいて「がん診療連携拠点病院」が「専門的ながん医療を提供している」と判断しているのでしょう?

具体的には、

・一定数以上の悪性腫瘍の手術、化学療法、放射線治療を行っている
・専従の放射線医が1人以上いる
・専従かつ常勤の病理医が1人以上いる
・緩和ケア病棟を有する
・がん相談支援センターを有する

などの要件をすべて満たす必要があります。

現代のがん治療は「チーム医療」です。外科の名医が一人いたら良質のがん治療が提供できる、というわけではありません。がん治療は病院としての「総合力」が問われますし、それに応えるだけの体制ができている必要があります。「がん診療連携拠点病院」は、この総合力を備え、なおかつ相応の診療実績も伴った病院なのです。

では、「がん診療連携拠点病院」でないと絶対にダメなのでしょうか? また、「がん診療連携拠点病院」であれば絶対に大丈夫でしょうか? 答えは、どちらも「No（ノー）」です。「がん診療連携拠点病院」以外にも、素晴らしいがん治療を提供する病院や医師は存在しますし、「がん診療連携拠点病院」だからと言って、必ずしもあなたのがん種の治療に強いとは限りません。

例えば、「認可保育園」と「非認可保育園」みたいなもの、と言ったらわかりやすいかもしれません。「認可保育園」であれば、保育士の配置や施設の大きさなど、一定の条件はクリアしている安心感があります。一方で、「非認可保育園」は質が揃っているとは言い難いけれど、中にはしっかりした優良な保育園も存在します。

また、「認可保育園」だからと言って、あなたのニーズに本当に合った保育園であるとの絶対的な保証はできません。一つ言えるのは、「認可保育園」の方が「非認可保育園」より、「当たり」の確率が高いと期待できるということです。

「がん診療連携拠点病院」も「認可保育園」と同じく、「当たり」の確率が高いことを示す重要な指標です。したがって、まずは調べておかなければいけない基本の情報として、頭に入れておきましょう。
◆大学病院やがんセンター、病院の種類によって何が違う?

がん診療連携拠点病院は、いわゆる「大病院」がほとんどです。ただ、同じ「大病院」でも、「がんセンター」「大学病院」「公立や民間の総合病院」など、色々な形態があります。病院を選択する際に見逃せない、これらの施設形態に応じた特徴の違いを見ていきましょう。

「がんセンター」の良いところ・悪いところ

「がんセンター」というのは読んで字のごとく、がんの専門病院で、どのがんセンターも地域におけるがん医療の中核拠点として、診療、研究、教育、予防啓発など、多岐にわたる役割を果たしています。

がんセンターは全国で17箇所あります。経営母体別に列挙してみましょう。

国立がん研究センター
・国立がん研究センター中央病院（東京都）
・国立がん研究センター東病院（千葉県）

国立病院機構
・北海道がんセンター（北海道）
・四国がんセンター（愛媛県）
・九州がんセンター（福岡県）

都道府県立がんセンター
・宮城県立がんセンター（宮城県）
・山形県立がん・生活習慣病センター（山形県）
・栃木県立がんセンター（栃木県）
・群馬県立がんセンター（群馬県）
・埼玉県立がんセンター（埼玉県）
・千葉県がんセンター（千葉県）
・神奈川県立がんセンター（神奈川県）
・新潟県立がんセンター新潟病院（新潟県）
・静岡県立静岡がんセンター（静岡県）
・愛知県がんセンター（愛知県）
・大阪国際がんセンター（大阪府）
・兵庫県立がんセンター（兵庫県）

また、上記の他に、東京に「公益財団法人がん研究会有明病院」（通称:がん研有明病院）という病院もあります。「がん研」という響きが共通しているからか、国立がん研究センター中央病院と混同されている方も多いようですが、組織としては全く別物です。ただ、がん研有明病院も、がん専門病院として高度ながん医療と研究を担っているという意味では、他のがんセンターと同格と言って良いでしょう。

これらの「がんセンター」は、当然、がんに関しては高度な治療レベルが担保されていると考えて良いです。がん領域では、大学病院以上に臨床研究も盛んで、様々な治験が、がんセンターが中心になって実施されています。また、大学病院と異なり、いわゆる硬直的な組織（診療科）の垣根はないので、充実したチーム医療が期待できるのも良いところでしょう。

一方で、全国にそれほど数があるわけではないので、そもそも通院できる範囲に存在しないかもしれません。また、もう一つ注意しなければならないのが、「がんセンター」はがんに特化した専門病院であるが故に、がん以外の持病があったとしても、院内の診療科で連携して治療、というわけにはいかないという点です。したがって、がん以外に大きな持病を抱えて治療を継続しているような方に対しては、お勧めしにくい選択肢であると言えるでしょう。
◆「大学病院」の良いところ・悪いところ

「大きな病気は大学病院に限る」という「大学病院信者」は、まだまだ多いようです。大学が医師の教育・育成・配置、研究、臨床応用をリードした時代が長く続いたので、大学の医局を筆頭としたヒエラルキーが、現代の医療システムの中でも、ある程度は残っているのは間違いありません。

そして、いわゆる「旧帝大」が研究や臨床応用をリードしている診療科も、いまだにあります。特に、古くから存在する診療科（内科、外科、皮膚科、精神科、耳鼻咽喉科、泌尿器科など）は、その傾向があるように感じます。

ところが、がんは、ある意味ほとんどすべての診療科が関係してくる、“診療科横断”の疾患群です。身体のほとんどの部位で発生し得ますし、治療法として外科的な手術もあれば、抗がん剤を使った内科的な治療もあれば、放射線治療もある、といった具合に、診療科が広くまたがる方が普通です。

こうした疾患では本来、異なる診療科が協力し合う「チーム医療」が必要になるのですが、大学は診療科縦割りの“タコツボ”組織の文化が残っていることが多く、「チーム医療」が不得手な傾向があります（特に、外科系と内科系の診療科間の垣根が高い印象があります）。そして、歴史の長い「旧帝大」は、より一層、その傾向が強いイメージがあります。

さらに、患者が多く、医療者も忙しいため、外来診療では長時間待たされる可能性が高い、という面もマイナスです。

ということで、がんの場合は、「大学病院なら絶対間違いない」「有名大学の診療レベルは他よりも優れている」というような先入観は、持たない方が良いでしょう。

とはいえ、確かに、臨床研究はがんセンターと並んで盛んで、治験への参加に興味があるのならチャンスがあるでしょうし、がん以外の重篤な持病があって、大学病院で治療しているような状況であれば、同じ病院で治療が可能、といった利点はあります。

こうした長所と短所を両方とも考慮した上で、考えるべき選択肢と言えるでしょう。
（写真はイメージ。写真提供：PhotoAC）
◆「公立や民間の総合病院」の良いところ・悪いところ

一般的な総合病院は、数が多い上に、規模や運営母体も様々で、なかなか一概に言いにくい面があります。例えば、運営母体で言えば、国立病院もあれば、都道府県や市区町村などの自治体が経営している病院もあれば、私立の民間病院もあります。

とはいえ、すべての診療科が一つの施設にあり、院内での診療科間の“壁”も大学病院ほど高くはないため、診療科間の連携が比較的取りやすい点は、共通しています。

例えば、持病で通院していて、信頼している主治医がいる総合病院が身近にあるような場合は、まず同じ病院を検討したら良いでしょう。また、聖路加国際病院や虎の門病院のような一部の“ブランド病院”を除けば、大学病院やがんセンターよりは、待ち時間は短いことが多いはずです。

ただ、前述の通り、総合病院と言っても本当に色々ですので、前項で説明した「がん診療連携拠点病院」かどうか、「あなたのがんの専門医」がいるかどうか、あなたのがんの症例数が乏しくないか、といった吟味はしっかりしておく必要があります。
◆「クリニック」の良いところ・悪いところ

乳がんなど一部のがんでは、施設によっては手術対応も可能ですので、クリニック（開業医）も選択肢に入ります。乳がんでは、手術はクリニックの乳腺専門医が近隣の病院のベッドを借りて行い、その後のフォローは自施設で行う、というようなケースもあります。また、血液のがんでは、ここ数年、血液疾患専門のクリニックがポツポツと出来始めており、血液がんの検査・診断や抗がん剤での治療を行っています。

クリニックの医師は、コミュニケーションは一般的に丁寧な印象がありますし、外来での診療時間も、大病院と比べたらしっかり取ってもらえます。また、待ち時間は比較的短く、職場や自宅の近くにあれば、働きながらがん治療をするような場合には向いていると思います。

一方、手術にしても薬物治療にしても、複雑な治療や、厳重な副作用管理を要する場合には向きません。特に、進行・再発した乳がんのケースには、あまり向かないでしょう。

また、クリニックの中には、科学的根拠に乏しい免疫療法や幹細胞療法などの治療を、自由診療として行っている施設もありますので、しっかりとした吟味が必要です。

こうした怪しげなクリニックは、「あきらめないがん治療」「身体に優しいがん治療」「まずはお気軽にご相談ください」などといった“甘い言葉”を売り文句にしていることが多いので、ネット上の広告表示でそうした文言を目にしたら、要注意です。少なくとも、「あなたのがんの専門医」がいなければ、やめておいた方が良いでしょう。

※本稿は、『後悔しないがんの病院と名医の探し方〜「有名病院」「ランキング」に頼らず、最善の選択を』（大和書房）の一部を再編集したものです。
鈴木英介",[],[]
「築60年の古い一軒家」に惹かれ、50代で東京・京都の二拠点生活を決意。勢いで家を借りてから、はたと考えたのが……（婦人公論.jp）,https://news.yahoo.co.jp/articles/017879cf7cf73a24a191640e3e5612245da089b8,https://newsatcl-pctr.c.yimg.jp/t/amd-img/20260111-00020346-fujinjp-000-1-view.jpg?exp=10800,2026-01-11T12:30:38+09:00,2026-01-11T12:30:38+09:00,婦人公論.jp,fujinjp,婦人公論.jp,3318,"（写真はイメージ。写真提供：PhotoAC）
50代になって、「何かを変えたいけど、何から始めればいいかわからない」「やりたいことはあるけど、自信がない」…こうした悩みを抱えている人はいませんか?　インスタグラマーのしょ〜こさんは、「誰だって、いくつになったって、新しい世界を見に行くべき」と語り、50代になってから二拠点生活や海外へのひとり旅を始めるなど、さまざまな「実験」を行っています。そこで今回は、そんなしょ〜こさんの著書『50代、「心地いい暮らし」は自分でさがす 東京・京都の二拠点生活、海外ひとり旅、憧れの身軽な生き方』から抜粋し、お届けします。
【写真】昭和っぽい雰囲気と、畳の上にゆらゆらと揺れる木漏れ日にグッときた
* * * * * * *

◆二拠点生活は突然に

それは突然のことでした。ある日メールボックスに届いたメールマガジンを開くと、とある写真が目に飛び込んできたのです。それは長年愛読していた『東京R不動産』の賃貸物件を紹介するメルマガ。若いころから「いつか東京に住めたらなぁ」と漠然とした憧れはあったものの、50年以上も生まれ育った京都から飛び出す勇気もなく、ただ物件を眺めるだけで満足していました。

そんな私の前に、突如築60年の古い一軒家が現れたのです。古びた木枠の窓や畳、それに小さな庭までついている。静かなたたずまいがなんて愛らしいんだろう!（私は味のある古い物件が大好物なのです）。東京都内で古い一軒家の物件なんてそうそう見つかるまい。しかも家賃が破格といっていいほどの金額。今ならがんばったら借りられるかも……?　え、借りるのか私!?

東京で暮らすことと同じように、二拠点生活にもなんとなくの憧れがありました。とはいえ、実際に何かを調べたり行動に移したりしたことはなく、「いいなぁ、うらやましい」くらいのテンション。そんな中、目に飛びこんできた小さな古い家が熱量のメーターを突然上げてきたのです。自分で言うのもなんですが、熱量のメーターが上がった私は自分でも制御不能です。

長年賃貸物件のメルマガを購読してきて、物件を見るのがもはや趣味になってしまった私から見ても魅力的で、これは人気物件になるにちがいない。ということは早く手を打たないと誰かに取られてしまう!　本当に借りるかどうかの判断もつかないまま、気がつけば「内見申し込み」のメールをポチっと送信していました。

物件を担当してくれるのはAさん。さわやかな好青年です。いざ、内覧——。
『５０代、「心地いい暮らし」は自分でさがす東京・京都の二拠点生活、海外ひとり旅、憧れの身軽な生き方』（著：しょ～こ／PHP研究所）
◆「借りる」ほうにぐいっと心が傾いた瞬間

思ったよりも薄暗いな。古びた感じは想像していたよりもリアルでした。日当たりはさほどよくなさそう。お風呂はあまりきれいじゃない。マイナス面が目についてしまう。だけどだけど、部屋の壁二面に掃き出し窓があり、その向こうにさまざまな木が植わっている小さな庭が見渡せる。縁側っぽくベンチもおかれている。このベンチでお茶したら楽しそうだなぁ。妄想は膨らみます。

「2階も見ますか?」とAさんが促してくれて、急な階段を上ると、畳敷きの6畳間が一つ。ベランダの向こうは庭の木々の葉がわさわさと生い茂り、その向こうには校舎が見える。学校?

「そうなんです。高校が隣ですね。夕方になると部活の声が聞こえてくるんですよ」

ベランダから中に入り、ふと足元に目をやると、木漏れ日が畳に影を落とし、ゆらゆらと揺れています。実は私、木漏れ日が大好きで、見るともれなく写真を撮ってしまうほどなのです。この瞬間、「借りる」ほうにぐいっと心が傾きました。

ちょっと暗めの1階とは違い、2階の和室は太陽の光がさんさんと降り注いでいます。寝室はこっちかな?　ここでお昼寝したらいいだろうなぁ。近所からの目線もないし、ベランダでお茶しちゃったりなんかして……。またもや妄想が膨らみます。

そこでAさんがひとこと。

「どうしますか?　このあと予約が何件か入っていて、先に申し込みをしてもらわないと流れる可能性があります。先着順なのか、大家さんが決めるのかはまだわかりませんが、とりあえず仮申し込みだけでもされますか?」

うわぁ、どうしよう?　ちょっとイメージと違ったところもある。だけど庭と木漏れ日が魅力的すぎる。一生に一度、こんな家に住めるチャンスはないかも。二拠点生活うんぬんというよりも、この家そのものの吸引力に惹かれてしまった私は、逡巡の末に「申し込み書、どこに送ったらいいですか?」と口を開いていました。

駅までご一緒しましょうか。Aさんと一緒に私鉄の駅まで歩きました。駅からは徒歩20分とけっこう距離があるのと、建物が古いことで家賃が安いよう。だけど駅までの道のりも、川が流れていたり見晴らしのいい大きな公園を抜けたりと、散歩コースとして最高なのです。東京に部屋を借りる、ということがじわじわと現実味を増してきます。審査はあるみたいだけど、そこでダメだったら縁がなかったってことだよね。

「なぜ二拠点生活を始めたんですか?」

そう聞かれると、うまく答えられません。でもいいじゃないですか。50歳を過ぎて東京で暮らしたくなった。いい物件と出合った。木漏れ日にひと目惚れした。理由なんてそれぐらいシンプルでいいと思うのです。
◆大きな家電が必要だ!

勢いで東京に家を借りてから、はたと考えました。京都の団地を極限まで片づけて、不要なものを手放した。だから今さらモノは増やしたくないんだけど、東京の家にも家財道具は必要になる。さて、何をどこまで揃えるか——。

そもそも、二拠点でどんな風に生活がしたいのか。たとえば京都の団地を本宅にして、気分転換用にホテル替わりで東京に滞在するのか。それとも月に半分ずつ、行き来するのか。そこで気づいたのは、「一度、東京でちゃんと暮らしてみたい」という心の声でした。たまに遊びに来るんじゃなくて、“ふつうの生活”がしたい。スーパーで買い物をし、料理をし、晴れた日はベランダで洗濯物を干すような。

となると、ストレスなく生活できる場として家をととのえたほうがよさそうです。冷蔵庫や洗濯機を置かないという想像もしてみたけど、やはりあったほうがいい。どうせ買うなら心から気に入って、かつ、この家に似合うものを、徹底的に探そう!

そうと決まればひたすら検索です。1週間ぐらいかけて検索の鬼となり、めぼしい候補を上げていく。最終的に残ったのは、角が丸く「Grand Line」とロゴが入ったアメリカっぽい冷蔵庫でした。サイズも2ドアで大きすぎず、ちょうどいい。いざ届いて柱のくぼみに設置してみたら、これがしっくり収まること!　チョイスは大正解でした。
悩みに悩んだレイアウト、今はこの形に。折り畳みテーブルで朝ごはんを食べることも。（写真：『５０代、「心地いい暮らし」は自分でさがす東京・京都の二拠点生活、海外ひとり旅、憧れの身軽な生き方』より。撮影６１５１）
◆洗濯機は……

洗濯機は難問でした。まずおしゃれなデザインのものが極端に少ない。今はやりの乾燥機つきの縦型ドラムは巨大すぎるし、そこまで本格的なものはいらない。値段も高いしね。

そもそも、この家の洗濯機置き場が、謎なんです。キッチンの流しとコンロ台があり、すぐ左手にお風呂。その向かいにドーンと洗濯パンがある。つまりはキッチンの一部に洗濯機があるから、どうしたって目立ってしまう。なるべく小さめで存在感を感じさせないもの。

ということで、「無印良品」の洗濯機を選びました。大きな家電ふたつが揃っただけで急に生活感が出てくるから不思議です。

「ここに腰をすえて月の半分を暮らすぞ」と、じわじわ実感が湧いてきました。

※本稿は、『50代、「心地いい暮らし」は自分でさがす 東京・京都の二拠点生活、海外ひとり旅、憧れの身軽な生き方』（PHP研究所）の一部を再編集したものです。
しょ～こ",[],[]
