headline,mainEntityOfPage,image,datePublished,dateModified,author,media_en,media_jp,str_count,body,images,external_links
米テロ対策トップ辞任、イラン戦争支持できず　「切迫した脅威なし」（ロイター）,https://news.yahoo.co.jp/articles/45093359ec74982afe811a1d4b70bfbde43bfe11,https://newsatcl-pctr.c.yimg.jp/t/amd-img/20260317-00000142-reut-000-2-view.jpg?exp=10800,2026-03-17T23:45:32+09:00,2026-03-18T01:51:58+09:00,ロイター,reut,ロイター,465,"米国家テロ対策センターのケント所長。昨年１２月、ワシントンで撮影（２０２６年　ロイター/Elizabeth Frantz）
［ワシントン　１７日　ロイター］ - 米国家テロ対策センターのケント所‌長が１７日、辞任した。イランでの⁠戦争を支持できないと説明した。トランプ政権でイラ​ン情勢を理由に辞任する初の最高位の高官となる。

ケント‌氏はＸに投稿したトランプ大統領に宛てた書簡で「良心に‌照らして、進行中‌のイランでの戦争を支​持することはできない。イランは米‌国に差し迫った脅威を与えておらず、こ‌の戦争はイス​ラエルとその強力なロビー‌活動の圧力によって始まったことは⁠明らかだ」と述べた。

ケント氏はギャバード米国家情報長官と近い関係にあ⁠る。ギャバード長官は、​対イラ‌ン軍事作戦を巡り公式声明を一切発表しておらず、公の場に姿を見⁠せたのは、イランで死亡し⁠た米兵の遺体が移送された時のみだ。

トラン⁠プ大統領は記者団に対し、ケント氏が「‌安全⁠保障について非常に弱かった」​とし、辞任は良いことだとコメントした。",[],[]
イラン外相「ホルムズ混乱は米・イスラエルの攻撃と不可分」、非難呼びかけ（ロイター）,https://news.yahoo.co.jp/articles/82e5a8b17e5e65a101d7d50e26d0db778eaf5e17,https://newsatcl-pctr.c.yimg.jp/t/amd-img/20260317-00000141-reut-000-1-view.jpg?exp=10800,2026-03-17T23:08:03+09:00,2026-03-17T23:08:03+09:00,ロイター,reut,ロイター,262,"イランのアラクチ外相。昨年１２月、モスクワで撮影（２０２６年　ロイター/Ramil Sitdikov/Pool/File Photo)
［ドバイ　１７日　ロイター］ - イランの‌アラグチ外相は国⁠連のグテレス事務総長​に対し、原油輸送の要‌衝ホルムズ海峡の混乱‌は、米国‌とイスラ​エルによるイラン‌に対する軍事攻撃‌と切​り離して論じるこ‌とはできない⁠と伝え、国際的な平和と安全に⁠関与する​国や‌機関に対し、同攻撃を非難する⁠よう呼び⁠かけた。

アラグチ氏が⁠対話アプリ「テレ‌グラ⁠ム」への投稿​で明らかにした。",[],[]
米経済、イラン情勢の打撃なし　海峡通航徐々に再開と米ＮＥＣ委員長（ロイター）,https://news.yahoo.co.jp/articles/ce0a1e2f8f3328f86372a91aacb6adf3313ad636,https://newsatcl-pctr.c.yimg.jp/t/amd-img/20260317-00000140-reut-000-2-view.jpg?exp=10800,2026-03-17T21:13:52+09:00,2026-03-17T21:51:17+09:00,ロイター,reut,ロイター,705,"米国家経済会議（ＮＥＣ）のハセット委員長は１７日、ペルシャ湾の石油輸送の要衝ホルムズ海峡を石油タンカーが「少しずつ通り始めている」と述べた。ホワイトハウスで２０２５年３月撮影（２０２６年　ロイター／Kent Nishimura）
［ワシントン　１７日　ロイター］ - 米国家経済会議（ＮＥＣ）のハセット委員長は１７日、ペルシャ湾の石‌油輸送の要衝ホルムズ海峡を石油タンカ⁠ーが「少しずつ通り始めている」と述べ、米国経済はイランによる同海峡封鎖の​打撃を受けておらず健全だと指摘した。ＣＮＢＣに述べた。

対イラン軍事作戦が短期間で終了‌するとの政権の立場を改めて示した。

「すでに、タンカーが海峡を少しずつ通り始めてい‌るようだ。いかにイラ‌ンに余力がないかを示す兆候だ​と思う」とし「短期的にこれが終結することを非‌常に楽観視している。そして終結後、タンカーが製油所に到達する‌までの数週間に価​格に影響が出るだろう」と語った。

中東‌からの石油供給減少で、アジアの米国向け石油製品輸⁠出が減少している兆しがあるとし、その対応策を策定したとした。

トランプ米大統領は１６日、対イラン軍事作戦を⁠理由に、今月末からの中国訪問​を約１カ月延期す‌るよう要請したと明らかにした。

ハセット氏は、米国の対イラン軍事行動は中国の利益にもなると指摘。「⁠これは両国の目的が一致しているケースの一⁠つだ。われわれは世界の石油市場の安定を望んでいる」⁠と述べた。「近いうちのことだが、この戦争が終われば、２人は‌会っ⁠て話し合うことがたくさんあるだろう。その​時に中国が何らかの謝意を示してくれればと思う」と語った。",[],[]
ＪＰモルガン、英利下げ時期の予想を先送り　27年第1四半期（ロイター）,https://news.yahoo.co.jp/articles/35d366f739685787bd1f86b83acaad867f73f970,https://newsatcl-pctr.c.yimg.jp/t/amd-img/20260317-00000139-reut-000-1-view.jpg?exp=10800,2026-03-17T20:03:28+09:00,2026-03-17T20:03:28+09:00,ロイター,reut,ロイター,650,"ＪＰモルガンは１７日、イングランド銀行（英中央銀行）の次回の利下げ時期の予想を２０２７年第１・四半期に先送りした。エネルギー価格上昇によるインフレ圧力を指摘している。ロンドンで２０２５年２月撮影（２０２６年　ロイター／Toby Melville）
[１７日 ロイター] -     ＪＰモルガンは１７日、イングランド銀行（英中央銀行）‌の次回の利下げ時期の予想を２０２７年⁠第１・四半期に先送りした。エネルギー価格上昇によるインフレ圧力を​指摘している。

従来は４月と６月にそれぞれ２５ベーシスポイントの利下げを見‌込んでいた。

バークレイズも１６日、年内の利下げはないと予想した。

ＪＰモルガン‌は、エネルギ‌ーコストの高止まりにより​インフレ目標２％への回帰が遅れる可能性がある‌とし、英中銀が「長期的な政策据え置き」局面に‌入る可能性が​高いと指摘。

第４・四半期の平均インフ‌レ率予測を従来の２．２％から２．９％に引き上げ、インフレの正常化⁠は２７年までずれ込むと警告した。

また、２６年の英国の国内総生産（ＧＤＰ）成長率予想を０．８％から０．６％に下方修正した。⁠エネルギー料金の上昇が実​質所得を‌圧迫するとしている。エネルギー料金は７月に急騰し、来冬にかけて高止まりす⁠る見通し。

同社は「中銀は今週の会⁠合で、政策金利が依然として制約的であるこ⁠とを認識し、緩やかな緩和バイアスを維持す‌るだ⁠ろう。だが、追加緩和の可能性は当​面、検討課題から外れることになる」と述べた。",[],[]
独ＺＥＷ景気期待指数、3月は－0.5に急低下　中東紛争で物価高懸念（ロイター）,https://news.yahoo.co.jp/articles/14b29507b31a470d24c70771adc0ce76666d00c9,https://newsatcl-pctr.c.yimg.jp/t/amd-img/20260317-00000138-reut-000-2-view.jpg?exp=10800,2026-03-17T19:43:53+09:00,2026-03-17T20:14:36+09:00,ロイター,reut,ロイター,678,"欧州経済センター（ＺＥＷ）が１７日発表した３月の独景気期待指数はマイナス０．５となり、市場予想を大幅に下回った。中東での紛争激化に伴う物価上昇圧力を背景に、投資家心理が急速に悪化した。フランクフルトで２０２２年２月撮影（２０２６年　ロイター／Timm Reichert）
Maria Martinez

[ベルリン １７日 ロイター] - 欧州経済センター（ＺＥＷ）が１７日発表した３月の独‌景気期待指数はマイナス０．５に急低下⁠し、２０２５年４月以来の低水準となった。中東での紛争激化に伴う物価上昇圧​力を背景に、投資家心理が急速に悪化した。

指数は前月の５８．３から急低‌下。ロイターがまとめた市場予想（３９．０）も大きく下回った。

調査は３月９日─１６日に実施‌された。

ＺＥＷのワムバッ‌ハ所長は「ＺＥＷ指数は崩壊した」​との声明を出し、インフレ圧力の増大が、‌ようやく始まりつつあったドイツ経済の回復を‌失速させるリ​スクが高まっていると指摘した。

ワ‌ムバッハ氏は、こうした経済への悪影響⁠がどの程度強まるかは、中東紛争の激しさや持続期間に左右されるとした。金融⁠市場の専門家の間では、紛​争の早期‌解決には懐疑的な見方が広がっているという。

現況指数はマイナス６２．９と、前月のマイナ⁠ス６５．９から上昇した。

ドイツ銀行リサー⁠チは２０２６年の成長率予測を１．０％とし、昨年１２月の１．５％から下方修正し⁠た。同社のエコノミスト、マルク・シャッテ‌ンベ⁠ルク氏は「ドイツ経済の回復が​完全に停滞するとは予想していない」と述べた。",[],[]
インド、ホルムズ通航巡るイランとの拿捕タンカー返還協議を否定（ロイター）,https://news.yahoo.co.jp/articles/9e463acdaea93b40477859ef5441c7aad7b63321,https://newsatcl-pctr.c.yimg.jp/t/amd-img/20260317-00000137-reut-000-1-view.jpg?exp=10800,2026-03-17T19:40:21+09:00,2026-03-17T19:40:21+09:00,ロイター,reut,ロイター,286,"インド外務省の報道官は１７日、拿捕しているタンカー３隻を巡る取引についてイランと協議を行っていないと述べた。グジャラート州ムンドラ港で１６日撮影（２０２６年　ロイター／Amit Dave）
[ニューデリー １７日 ロイタ‌ー] -     インド外務⁠省の報道官は１７日、拿捕​しているタンカー３隻を巡‌る取引についてイラン‌と協‌議を行っ​ていないと述‌べた。

ロイターは１６日、複数‌の関​係筋の話とし‌て、インド船⁠籍またはインド行きの船舶⁠の安全な​ホル‌ムズ海峡通航をインドが要⁠請する見⁠返りとして、⁠イランが拿捕され‌てい⁠る３隻の返還を求​めたと伝えた。",[],[]
EXCLUSIVE-イラン新最高指導者、米との緊張緩和案拒否　「まず屈服を」（ロイター）,https://news.yahoo.co.jp/articles/08fb9e6e3c8a5e872ca1d41abbbc2ae0a270b9a1,https://newsatcl-pctr.c.yimg.jp/t/amd-img/20260317-00000136-reut-000-2-view.jpg?exp=10800,2026-03-17T19:22:05+09:00,2026-03-17T20:53:22+09:00,ロイター,reut,ロイター,659,"イランの新最高指導者モジタバ・ハメネイ師は、米国との緊張緩和や停戦に向けた提案を拒否した。イラン政府高官が１７日明らかにした。ＩＳＮＡ／ＷＡＮＡ提供（２０２６年　ロイター）
［ドバイ／モスクワ　１７日　ロイター］ - イランの新最高指導者モジタバ・ハメネイ師が、仲‌介国を通じて提示された米国との緊張緩⁠和案を拒否したことが分かった。モジタバ師は、まずイスラエルと米国が「屈服​する」ことを要求したという。

イラン政府高官が１７日明らかにした。モジタバ師は、‌最高指導者への指名後、初の外交政策会議を開催し、米国とイスラエルへの報復に‌対して「非常に強硬か‌つ真剣な」姿勢を示したという。

緊​張緩和に向けた提案は２カ国の仲介国を通じてイラン側に‌提示された。仲介国の名前や提案の内容は不明。これについて、‌モジタバ師は、「​米国とイスラエルが屈服し、敗北‌を認め、賠償を支払うまでは、和平で合意する適切な⁠時機ではない」と述べたという。会議に対面で出席したかどうかは不明。

同師は、父のハメネイ師が殺害された⁠攻撃で負傷したとされる。イラ​ン当局筋は軽‌傷と述べているが米当局者は重傷だと指摘している。

ロシア国営タス通信は１７日、同師がモスクワで治療を受⁠けているとの報道をイランの駐ロシア大⁠使が否定したと報じた。先週末、クウェート紙は米イ⁠スラエル軍の空爆で父親を亡くし、自身も重傷を負ったと‌報じ⁠られた５６歳の男性が、プーチン・ロシア大統領​の個人的な招待で治療のためモスクワに移送されたと報じた。",[],[]
ハンガリーとスロバキア、石油製品パイプラインの建設で合意（ロイター）,https://news.yahoo.co.jp/articles/722b040a293d95e9f2c57d58ce7e0dca78aa3e28,https://newsatcl-pctr.c.yimg.jp/t/amd-img/default.jpg?exp=10800,2026-03-17T18:55:28+09:00,2026-03-17T18:55:28+09:00,ロイター,reut,ロイター,333,"[１７日 ロイター] - ハンガリーとスロバキアは、両‌国にあるＭＯＬ傘下の製油⁠所を結ぶパイプラインを建設し、ガソリ​ンやディーゼルなどの石油製品を輸送す‌ることで合意した。当局が１７日に発表した。

スロバ‌キア経済省は、‌全長１２７キロのパ​イプラインが２０２７年前半に完成する‌見込みだと説明。このパイプラ‌インは年​間１５０万トンの石油製品を輸‌送できる。

ハンガリーの石⁠油・ガスグループＭＯＬは両国に製油所を所有している。

欧州連合（ＥＵ）⁠加盟国では両国の​みが‌依然としてロシア産の石油を輸入。来年の輸入停⁠止を目指すＥＵの計画⁠に反対する一方で、クロアチア⁠からのパイプラインなどを通じ‌て原⁠油の供給源や輸送​ルートの多様化も模索している。",[],[]
ＥＵ、ロシアとのエネ取引意向ない＝カラス外交安全保障上級代表（ロイター）,https://news.yahoo.co.jp/articles/8f1a1a7a831de578edee2d1977a898e3d5b5bc1e,https://newsatcl-pctr.c.yimg.jp/t/amd-img/20260317-00000134-reut-000-1-view.jpg?exp=10800,2026-03-17T18:36:52+09:00,2026-03-17T18:36:52+09:00,ロイター,reut,ロイター,286,"欧州連合（ＥＵ）のカラス外交安全保障上級代表。3月16日、ブリュッセルで撮影。REUTERS/Omar Havana
[ブリュッセル １７日 ロイター] - 欧‌州連合（ＥＵ）の外相⁠に当たるカラス外交安全保​障上級代表は１７日、ロイターのイ‌ンタビューに応じ、エネル‌ギー価格‌の高騰が​続く中、ＥＵにはロシアと‌エネルギーに関する取‌引を行う​意向はないと‌述べた。

非公開の場で⁠もそのような意欲は見当たらないと⁠説明。「われ​われ‌は警戒を怠らず、ロシアの望むもの⁠を実際に与え⁠てはならない。彼⁠らの要求はますますエ‌スカ⁠レートするだ​けだからだ」と語った。",[],[]
EXCLUSIVE-ＥＵ、ホルムズ海峡の外交解決重視　米の予測不能性織り込み＝外交代表（ロイター）,https://news.yahoo.co.jp/articles/6adaa7a6e7d9b1aafc19c3d5f5034611559bf40f,https://newsatcl-pctr.c.yimg.jp/t/amd-img/20260317-00000133-reut-000-2-view.jpg?exp=10800,2026-03-17T18:27:51+09:00,2026-03-18T00:43:19+09:00,ロイター,reut,ロイター,766,"欧州連合（ＥＵ）のカラス外交安全保障上級代表。3月16日、ブリュッセルで撮影。REUTERS/Omar Havana
[ブリュッセル １７日 ロイター] - 欧州連合（ＥＵ）のカラス外交安全保障上級代表は１７日、エネルギー輸送の要衝‌ホルムズ海峡の航行の自由を回復する取り組⁠みについて、ＥＵが参加する可能性は排除されていないものの、外交的解決の一環として実現する公算が大きい​という認識を示した。

カラス氏はロイターのインタビューで「ホルムズ海峡で自国民を危険に‌さらす用意のある国はない」とし、「世界的な食料危機、肥料危機、エネルギー危機の回避に向け、ホルム‌ズ海峡を開放しておく‌外交的な方法を見つけなければならない」​と語った。

ＥＵは、トランプ政権下での米国の行動やイランにおける‌目的を十分に理解できなかったものの、トランプ大統領のホワイトハウス復帰か‌ら１年が経過する中で、ＥＵは米国​の「予測不能性」を織り込み、「より冷静」‌に対応するようになったと述べた。

ただ、「欧州諸国が最も懸念しているの⁠は、戦争開始前にわれわれに相談がなかったということだ。実際には、多くの欧州当局者が米国とイスラエルに戦争を始めないよ⁠う説得しようとしていた」とした。

戦闘を終​結させる時かとい‌う質問に対しては「もちろんだ。この戦争が終結すれば、誰にとっても利益になる」とし、ＥＵには「この戦争を真に終結さ⁠せるため、関係当事者を外交的に結び付ける手助けを⁠する用意がある」と強調した。

また、詳細には踏み込まなかったものの、「⁠湾岸諸国、ヨルダン、エジプトといった地域諸国と協議を重ねており、‌イラ⁠ン、イスラエル、米国がこの状況から脱却し、誰もが​面目を保てるような提案を提示できるかどうかを検討している」と明かした。",[],[]
仏ソジェン、国内リテール顧客向け証券保管事業の売却で暫定合意（ロイター）,https://news.yahoo.co.jp/articles/a088b2f8ad419ad7d0cb256826ade1aa1c563a23,https://newsatcl-pctr.c.yimg.jp/t/amd-img/20260317-00000132-reut-000-1-view.jpg?exp=10800,2026-03-17T18:25:10+09:00,2026-03-17T18:25:10+09:00,ロイター,reut,ロイター,279,"ソシエテ・ジェネラルのロゴ。2025 年 12 月撮影。REUTERS/Dado Ruvic
[１７日 ロイター] - 仏銀大手ソシエテ‌・ジェネラル（ソ⁠ジェン）は１７日、国内リテー​ル顧客向けの証券保管事業‌を地方銀行クレディ・ミュ‌チュエル‌・アルケアに​売却すること‌で暫定合意に至ったと発表‌した。​組織簡素化の一‌環となる。

ソジェ⁠ンの広報担当者は、当該事業には約１８０人⁠が従事してい​ると‌述べたが、売却価格については明ら⁠かにしなかっ⁠た。

この取引は労使協⁠議および規制当局の承‌認を⁠条件としてお​り、２０２８年に完了する見込み。",[],[]
イラク、ホルムズ通過でイランと協議　トルコ向け油送管再開も検討（ロイター）,https://news.yahoo.co.jp/articles/0a8f8f801566d10de133edca9ed381a45a3a3e50,https://newsatcl-pctr.c.yimg.jp/t/amd-img/20260317-00000131-reut-000-1-view.jpg?exp=10800,2026-03-17T18:07:33+09:00,2026-03-17T18:07:33+09:00,ロイター,reut,ロイター,718,"イイラクのアブドルガニ石油相。2025年10月、イラクのバスラで撮影。REUTERS/Essam Al-Sudani
[ドバイ １７日 ロイター] - イラクのアブドルガニ石油相は、国内タンカーの一部についてホルムズ‌海峡の通過を認めるようイランと協議し⁠ていると明らかにした。

自国海域でのタンカー攻撃を受け、原油輸出の混乱緩和を図る。国営通信​が１７日伝えた。

同相はまた、クルド地域を経由せずに原油をトルコのジェイハン港へ直‌接送るため、休止しているパイプラインの再稼働も進めていると述べた。キルクークからの直‌接輸出を可能にするた‌め、約１００キロ区間の点検を１週間以内に完了​する見通し。

キルクーク―ジェイハン・パイプラインは１０年以上停止‌しているが、中東情勢の緊迫化でホルムズ海峡経由の輸送が大きく制約‌される中、代替輸​出ルートとしての重要性が高まっている。

同‌パイプラインはかつて世界供給の約０．５％を担っていたが、過激派組織「⁠イスラム国」（ＩＳ）による攻撃が相次ぎ２０１４年に停止した。

石油省によると、再開後の輸出量は当初日量約２５万バレル、クルド地域の⁠油田分を含めれば約４５万バレルまで拡​大する可能性‌がある。

イラク政府はこれまでクルド自治区のパイプラインを暫定的な輸出ルートとして活用しようとしてきた⁠が、クルド自治政府が恣意的な条件を課している⁠と主張し、輸出が妨げられた場合は法的措置も辞さない構⁠えを示している。

一方、クルド側はこうした主張を否定し、輸出を妨害‌して⁠いないと反論。地域の石油産業が抱える安全​保障や経済上の課題にイラク政府が十分対応していないと批判している。",[],[]
インドネシア中銀、外貨取引規制を強化　ルピア下支えへ（ロイター）,https://news.yahoo.co.jp/articles/d3275015f88ea3d03c4d0eed4054d1731de0b79a,https://newsatcl-pctr.c.yimg.jp/t/amd-img/default.jpg?exp=10800,2026-03-17T17:52:19+09:00,2026-03-17T17:52:19+09:00,ロイター,reut,ロイター,391,"[ジャカルタ １７日 ロイター] - インドネシア中央銀行は１７日、‌通貨ルピアの下支え⁠を目的に、外貨取引に関する新たな規制を導入す​ると発表した。４月から適用する。

ペリー・ワルジヨ総裁‌によると、ルピア建てで外貨を購入する際の‌上限額を１当事者‌・月当たり１０万ドル​から５万ドルに引き下げる。

一方、国内‌ノンデリバラブル・フォワード（ＮＤＦ）の‌売却上限​は、１取引当たり５００万ドルから１０００万ドルに‌引き上げる。

スワップ取引の売⁠買上限も、１取引当たり５００万ドルから１０００万ドルに拡大する。

トーマス・ジワンドノ⁠副総裁は「外貨の​売買が投‌機的ではなく、実需に基づくものとなるようにするこ⁠とが狙いだ」と説明した。

ワル⁠ジヨ総裁は、ルピアについて、⁠他の新興国通貨と同様、米国・イス‌ラエ⁠ルの対イラン戦争の影​響で圧力を受けるとの見方を示した。",[],[]
マクロスコープ：住宅地上昇率、18年ぶり東京首位　インフレ下で進む「三層化」（ロイター）,https://news.yahoo.co.jp/articles/ad50d129437e7a4c5b8dd7a571abbc6372acbd74,https://newsatcl-pctr.c.yimg.jp/t/amd-img/20260317-00000129-reut-000-1-view.jpg?exp=10800,2026-03-17T17:36:56+09:00,2026-03-17T17:36:56+09:00,ロイター,reut,ロイター,2165,"写真は東京のオフィスビルや住宅地。2019年6月、東京で撮影。  REUTERS/Issei Kato
Kentaro Sugiyama

［東京　１７日　ロイター］ - 国土交通省が１７日発表した住宅地の公示地価は、東京都の上昇率が前年比６．５％となり、１８年ぶりに全国首位となった。建設コストの上昇分を住宅価格に転嫁しても買い手がつく需要の強さを映した。市場では、資産性の高い都心、実需が支える郊外、伸びが鈍る地方と「三層‌化」が進む。中東情勢の緊迫化による原油高や円安も重なり、住宅市場では地域や所得層による格差がさらに広がる可能性もある。

＜東京都心、⁠半住半投資＞

東京都心の住宅地は資産性が価格を押し上げている。交通利便性やブランド力の強さに加え、供給が限られる希少性が地価を支える構造だ。港区赤坂１丁目の住宅地は前年比２０．５％上昇し、１平方メートル当たり７００万円を超えた。同地点を含め、全国の住宅地の上昇率トップ１０に東京都心の６地点が入ったのも象徴的だ。

人口流入が続く都​市構造もあり、分譲マンションは価格が上昇しても需要が大きく落ち込む様子はみられない。購入を支えているのは富裕層や高所得世帯だ。共働きで高収入の「パワーカップル」がペアローンを組んで購入するケースも多いという。居住用で購入しつつも、資産価値の維持‌・上昇や将来の売却を見据えた「半住半投資」の側面が強まっている。

大和ハウス工業ハウジング・ソリューション本部の角田卓也マンション事業統括室長は「株高による資産効果もあり、不動産をポートフォリオに組み入れたいという投資家の意欲は強い」と指摘。「株価が現行並みの高水準で推移すれば購入者層は当面大きく‌変わらない」との見方を示す。

円安も都市部の不動産市場を下支えする要因‌とみられている。海外投資家から見れば、日本の不動産は相対的に割安とみられる場面もあり、都心の高額物件には​一定の関心が集まる。

＜郊外に流れる需要＞

一方、都心の住宅価格上昇は子育て世帯を郊外へ押し出す側面もある。一般的に住宅ローンは年収の５─７倍程度が無理のない水準とされるが、２３区内をあきらめ、神奈川県や‌千葉県、埼玉県などに検討エリアを広げる動きが続いている。

手の届く価格帯で住宅を取得できる郊外では実需が底堅く、戸建てへの関心も高い。つくばエクスプレス沿線の千葉県流山市や茨城県つくば市などは、都心へのアクセスや子育て‌支援策が人気を集める。堅調な住宅需要に支えられ、地価上昇が継​続している。

＜地方、購入可能「上限」も＞

もっとも、地方圏の上昇幅は前年の１．０％から０．９％へ縮小するなど、全国一様に動いていないことも明らかに‌なった。北海道では札幌市周辺の市の住宅地が地価や建築費の上昇で需要が弱まったほか、福岡市も同様の理由から多くの地域で売れ行きの鈍化が報告された。

３大都市圏の一角を占める名古屋圏の住宅地の上昇幅⁠も前年の２．３％から１．９％へ縮小。近年の地価上昇と建築費の高騰で住宅価格の総額が上昇し、中心部への交通利便性が劣る住宅地では需要の伸びが鈍化しつつあるという。

大和ハウスの角田氏は「建築費などの高騰で分譲マンションは地方都市でも坪単価が３００万円を下回ることが非常に難しくなっている」と説明。これらの地域の消費者が購入できる価格の上限に近づいてきており、それを大きく上回る事態となれば、仕入れ⁠た用地の用途転換をするデベロッパーも出てくるのではないか、と話す。

＜中東情勢の波及リスク＞

ここにきて、中東情勢もコスト上​昇リスクとして意識されてきた。米国とイスラエルに‌よるイラン攻撃を受け、原油価格が急激に上昇している。建築費を押し上げ、住宅価格のさらなる上昇につながるおそれがある。

ニッセイ基礎研究所の渡辺布味子・準主任研究員は「建設現場では重機や資材輸送などで燃料を大量に使うため、原油高は建築コストに跳ね返りやすい」と指摘する。コロナ前と比べて建築費は「体感で２倍程度に上がったと言われている」⁠といい、原油高が長引けばさらに上昇する可能性もあるという。

住宅市場を取り巻く金融環境も変化しつつある。ニッセイ基礎研の渡辺氏は、日銀による利⁠上げで住宅ローン金利が上昇すれば、借入可能額が減るため売れ行きが鈍くなると分析。「購入できる人とできない人の差が広がりやすい」とみている。

衆院選で自民党が圧勝したことを受け、「高市トレード」⁠による株高継続への期待もあったが、中東情勢が冷や水をかけた。中東リスクが長期化すれば株高による資産効果も弱まり、マンション購入の勢いが一時的に鈍る可能性もある。

金利上昇への耐性が強い富裕層が集ま‌る都心、借入コスト増⁠が直撃する中間層の郊外、需要が細る地方の一部と、金融環境の変化が与える影響の度合いも異なる。ニッセイ基礎研の渡辺氏は「デベロッパーが大量​供給したマンションを会社員層に売る従来型のモデルは、徐々に難しくなってきている」と話す。

公示地価が示した「三層構造」は、建築コストの高止まりや金融正常化という環境変化の中、さらに鮮明となる可能性もある。

（杉山健太郎　編集：橋本浩）",[],[]
中国石油大手、ロシア産調達再開を模索　米国の制裁猶予を活用（ロイター）,https://news.yahoo.co.jp/articles/cb668a06d91c5a7366e99d06157e2115173b038a,https://newsatcl-pctr.c.yimg.jp/t/amd-img/20260317-00000128-reut-000-1-view.jpg?exp=10800,2026-03-17T17:29:53+09:00,2026-03-17T17:29:53+09:00,ロイター,reut,ロイター,536,"3月9日、北京のシノペックのガソリンスタンドで撮影。REUTERS/Florence Lo
Chen Aizhu　Florence Tan

[シンガポール １７日 ロイター] - 複数の貿易関係者によると、中国の‌国有石油大手が、中東での紛争⁠に伴う供給不足を回避するため、ロシア産原油の調達再開に動いて​いる。米国の制裁猶予措置を活用する。

国有大手によるロ‌シア産の調達は昨年１１月以来となる。

中国石油化工（シノペック）と中国‌石油天然ガス（ペ‌トロチャイナ）傘下の​商社が今週、ロシア産原油の買い付けに‌向けてサプライヤーへの打診を開始した。

１７日時点で成‌約は確認され​ていないが、複数の関係者は「‌取引成立は間近」とみている。米・イス⁠ラエルとイランの紛争で原油が急騰する中、ロシア産はブラジル産や西アフリカ産に⁠比べて割安感が強いた​めだ。

国有石油大‌手は、３月１２日から３０日間の制裁猶予期間内に、支払いと引き渡しが完了できるか精査してい⁠る。すでに積み込み済みの貨物⁠が対象になる。

一方、一部の中小独立系製油⁠所（ティーポット）は、自社で精製するよりも転‌売す⁠る方が利益が出るとして、備蓄​しているロシア産の放出を検討しているという。",[],[]
インドネシア中銀、予想通り金利据え置き　利下げ余地限定的と示唆（ロイター）,https://news.yahoo.co.jp/articles/f26c9e6a698309090cf20254359454bcd53b227f,https://newsatcl-pctr.c.yimg.jp/t/amd-img/20260317-00000127-reut-000-2-view.jpg?exp=10800,2026-03-17T17:29:27+09:00,2026-03-17T19:16:38+09:00,ロイター,reut,ロイター,1050,"写真はインドネシア・ルピア紙幣。2015年3月、ジャカルタで撮影。REUTERS/Beawiharta
Stefanno Sulaiman　Stanley Widianto

[ジャカルタ １７日 ロイター] - インドネシア中央銀行は１７日、中東での戦争が同国経済に与える影響を巡って不透明感が高まる中、‌主要政策金利である７日物リバースレポ金利を予想通り４．７５％に据え置いた。⁠また、中東情勢の影響を踏まえ、当面は利下げの余地がほとんどないことを示唆した。

ロイターが調査したエコノミスト２６人のうち２４人​が据え置きを見込んでいた。

中銀はまた、翌日物の預金金利と貸出金利もそれぞれ３．７５％、５．５０％で据え置いた。

ペリー・ワルジヨ総裁は‌オンライン記者会見で今回の決定について「中東での戦争により世界情勢が悪化する中で、ルピア相場の安定を強化するとともに、２０２６─２７年のイン‌フレ目標の達成を確実にするこ‌とが目的だ」と説明。「今回の声明で利下げの可​能性に言及しなくなったのは、まさにこの中東戦争の影響によるものだ」とし、「当‌面は金利を維持し、為替介入を強化する方針だ」と述べた。

中銀はまた、通貨ルピアの下支えを目的に、‌外貨取引に関する新たな​規制を導入すると発表した。４月から適用する。

イラン戦争に伴う原油‌高で世界的なインフレ懸念が高まったことを受け、ルピアは今月、１ドル＝１万７０００ルピア付近の過去⁠最安値圏で推移している。金利据え置きの発表後は１万６９８０ルピアと、横ばいだった。

ＤＢＳのエコノミスト、ラディカ・ラオ氏は「今回の据え置き決定は、中東情勢の緊迫化や国内の財⁠政リスクが顕在化する中、中銀が金融市場の安定​を重視していることを‌示している」と述べた。

ワルジヨ氏は、国内経済の見通しが良好で、インフレも管理可能な水準にあることから、ルピアは安定を維持するとの見通しを示した。⁠一方で、イラン戦争が為替相場に影響を与えているとして、中⁠銀が市場介入を強化したことも明らかにした。

インドネシアの２月のインフレ率は４．７６％と、中銀の目⁠標レンジである１．５─３．５％を上回った。当局者は、２５年初めの電気料金割引のベース効果によるものだとし、‌インフ⁠レ率は近く目標範囲内に低下するとの見方を示した。

イラン戦争の影響​を巡る不確実性があるにもかかわらず、中銀は今年の国内総生産（ＧＤＰ）成長率見通しを４．９─５．７％に据え置いた。",[],[]
オアシス、カカクコム株を買い増し　12.11％（ロイター）,https://news.yahoo.co.jp/articles/bb27e3a964988312e371d4aea7a44b8d2511af5e,https://newsatcl-pctr.c.yimg.jp/t/amd-img/default.jpg?exp=10800,2026-03-17T17:24:56+09:00,2026-03-17T17:24:56+09:00,ロイター,reut,ロイター,184,"Kentaro Okasaka

［東京　１７日　ロイター］ - 香港‌の投資フ⁠ァンド、オアシス​・マネジメントが‌カカクコム株を買‌い増‌し、保有​比率を従‌来の７．９４％から１２．１１％に引き‌上げ​たことが１７日提出の‌変更報告⁠書で判明した。報⁠告義務発​生日‌は１０日。

保有目的は引き続き「⁠ポ⁠ートフォリオ⁠投資および重‌要提案行⁠為」​としている。",[],[]
26年公示地価は全国平均2.8％上昇、バブル後最大　都市部の需要好調（ロイター）,https://news.yahoo.co.jp/articles/7351112222567ba9119b9e2b74e574b28b59c82e,https://newsatcl-pctr.c.yimg.jp/t/amd-img/20260317-00000125-reut-000-1-view.jpg?exp=10800,2026-03-17T17:22:21+09:00,2026-03-17T17:22:21+09:00,ロイター,reut,ロイター,1016,"写真は晴天の東京。2008年1月、東京で撮影。REUTERS/Kim Kyung-Hoon
［東京　１７日　ロイター］ - 国土交通省が１７日に発表した今年１月１日時点の公示地価によると、全国の全用途平均が５年連続で上昇した。‌前年比の伸び率は２．８％と、バブル経済で資産価格が高騰していた１９９１年（１１．３％）⁠以来３５年ぶりの大きさだった。

コロナ禍で２０２１年に下落した地価は、景気の緩やかな回復や都市部の不動産需要を背景に上昇基調が続​いている。

＜全国の商業地、５年連続で上昇幅拡大＞ 

用途別では、商業地が全国平均で前年比４．３％上昇した。上昇幅は５年連続で拡大し、９１年（１２．９％）‌以来の高い伸びとなった。主要都市では店舗・ホテルなどの需要が堅調。オフィスについても空室率の低下傾向や賃料の上昇傾‌向で収益性が向上している。

東京都‌台東区や岐阜県高山市など、外国人観光客に人気​の観光地では、旺盛な店舗・ホテル需要を背景に地価の高い伸びが続いてい‌る。

住宅地は全国平均で２．１％上昇。リゾート地では別荘・コンドミニアムや移住者、従業員向けの住宅の旺‌盛な需要を背景に高い伸び​が継続。東京圏・大阪圏の中心部にあるマンション需‌要も旺盛で、全国の上昇率トップ１０に東京都内の６地点が入った。

このほか、半導体関連の⁠投資が行われている地域の需要も引き続き堅調。台湾積体電路製造（ＴＳＭＣ）が進出している熊本県の大津町や菊陽町、ラピダスが進出している北海道の千歳市などでは、⁠従業員向けの住宅用地や関連企業の工場・事務所​用地などの需要が‌好調となっている。

また、ネット販売の拡大で大型物流施設などの需要も強く、交通アクセスが良好な工業地は引き続き人気を集めている。

＜地方４市、建設費高騰⁠など影響　伸び率は鈍化＞

東京、大阪、名古屋の３大都市圏は全用途平均で４．６％上昇。⁠住宅地は３．５％上昇、商業地は７．８％上昇し、いずれも上昇幅は５年連続で拡大し、０８年以来の高い伸びと⁠なった。

地方圏は全用途平均が１．２％上昇と、伸び率は前年（１．３％）から鈍化した。

札幌市、仙台市、広島市、福岡市‌の地方４市は、⁠全用途平均で４．５％上昇し、１３年連続のプラスとなった。ただ、建設費の​高騰が都市開発の慎重化につながった面もあり、上昇幅は２３年（８．５％）の直近ピークから縮小してきた。",[],[]
イラン最高安保委事務局長ラリジャニ氏が死亡＝イスラエル国防相（ロイター）,https://news.yahoo.co.jp/articles/889838c0d1db82088fff504a2ff820a7e9bc06d3,https://newsatcl-pctr.c.yimg.jp/t/amd-img/20260317-00000124-reut-000-4-view.jpg?exp=10800,2026-03-17T17:19:37+09:00,2026-03-17T19:29:24+09:00,ロイター,reut,ロイター,594,"イランの最高安全保障委員会（ＳＮＳＣ）のラリジャニ事務局長。2024年11月、ベイルートで撮影。REUTERS/Thaier Al-Sudani
［エルサレム／ドバイ　１７日　ロイター］ - イスラエルのカッツ国防相は１７日、イランの最‌高安全保障委員会（ＳＮＳＣ）のラリジャニ⁠事務局長がイスラエル軍の攻撃で死亡したと発表した。

イラン側の確認は得​られていない。

複数のイスラエル当局者によると、ラリジャニ氏は、昨‌夜イスラエル軍がイラン全土で実施した空爆の標的の１人だった。

カッツ氏は声‌明で、軍からラリ‌ジャニ氏の死亡報告を受け​たと述べた。事実であれば、２月２８日の開戦初日に最高‌指導者ハメネイ師が殺害されて以来、最も序列の高い‌要人の暗殺となる。

ま​た、カッツ氏はイランの革命防‌衛隊傘下で国内の反政府デモ鎮圧などを担う民兵⁠組織「バシジ」のゴラムレザ・ソレイマニ司令官を殺害したとも発表した。

イスラエル首相府⁠は、ネタニヤフ首相が「イ​ラン体制の幹‌部の排除」を命じたとの声明を出した。

一方、イランの国営メディアは、ラリジャニ氏が⁠執筆したとされる手書きのメモ⁠を公開したが、カッツ氏の発言に対する直接的な⁠言及や公式な確認は今のところない。手書きのメモは‌米国⁠の攻撃で死亡したイラン人水兵を追​悼するもので、水兵の葬儀が１７日に行われる予定だった。",[],[]
出光興産、ＬＮＧ市場本格参入へ英事業会社に出資決定　5億ドル（ロイター）,https://news.yahoo.co.jp/articles/0540c4f7a06f185935e7fbb6d93d28c892bca871,https://newsatcl-pctr.c.yimg.jp/t/amd-img/20260317-00000123-reut-000-1-view.jpg?exp=10800,2026-03-17T17:16:15+09:00,2026-03-17T17:16:15+09:00,ロイター,reut,ロイター,300,"写真は出光のロゴ。2015年11月、東京で撮影。REUTERS/Toru Hanai
[東京 １７日 ロイター] -  出光興産は１７日 、米エ‌ネルギー・イ⁠ンフラ系投資会社ＥＩＧが設立・運営す​る液化天然ガス（ＬＮＧ）事業会社‌の英ミッドオーシャン・エナジ‌ーに５億米ド‌ル（約８００億円）​出資することを‌決定したと発表した。「ＬＮＧ事業に本‌格的​に参入するための‌第一歩」になると⁠した。

今月中に出資に関する契約を締結する⁠予定。ミ​ッド‌オーシャン・エナジーとの戦略的提携を⁠通じてＬＮＧ分野にお⁠ける事業機会の獲得を⁠目指し、今後、エネル‌ギー⁠のさらなる安​定供給に取り組む方針。",[],[]
東ソー、エチレン設備の再稼働延期　中東情勢で原料ナフサ調達難（ロイター）,https://news.yahoo.co.jp/articles/f34e50bde311da9d651284f8a337803e04c3e260,https://newsatcl-pctr.c.yimg.jp/t/amd-img/default.jpg?exp=10800,2026-03-17T17:09:12+09:00,2026-03-17T17:09:12+09:00,ロイター,reut,ロイター,810,"Kentaro Okasaka

［東京　１７日　ロイター］ - 東ソーは１７日、中東情勢を受け、定期検査のため停止中のエチレン製造設備の再稼働延期を決め‌たと明らかにした。原料ナフサの調達が滞ると判断し⁠た。当初は４月１９日再稼働の予定だった。

広報担当者は「予定通り動かしても（原料枯渇で）すぐ止めることになっては不安定​なので、稼働自体を送らせ、状況を見計らっている」と説明。再稼働時期については「ナフサの調達状‌況次第のため、いつになるかは答えられない」としている。

イラン沖のホルムズ海峡を船舶が航行できなくなっている影‌響で、ナフサの調達減が不可避‌との判断から国内でエチレン減産が相次いで​いる。これまでに三菱ケミカルグループや三井化学が減産を決めたほか、‌旭化成も三菱ケミカルと共同運営する施設で減産を開始している。

エチレンを原料とす‌る塩化ビニール樹脂につい​ても、信越化学工業がエチレン価格急騰で調達先‌から数量制限を受け、減産を余儀なくされているとして販売価格を４月から約２割値⁠上げすると発表している。

赤沢亮正経産相は１７日の閣議後会見でナフサに言及し、川下在庫の活用に加え、米国や南米からの輸入、国内での原油からの精製に⁠より「国内需要の４カ月分を確保可能」との見込​みを示した。その上で「‌関係企業と密接に連携しつつ、サプライチェーン確保に向けて必要な対応を実施していく」と述べた。

石油化学工業協会も１７日、中東情勢を巡⁠るコメントを発表し、ナフサの供給確保の観点から「極め⁠て高い緊張感をもって注視している」とした。石油化学製品は、全体的には２カ⁠月程度、ポリエチレンやポリプロピレンは国内需要の３ー４カ月程度の在庫があり「直ち‌に供⁠給困難となる状況ではない」という。「事態が一刻も早く収束​し、ペルシャ湾地域における船舶の安全航行が回復することを強く求める」とも訴えた。",[],[]
独インフラ基金、目的外流用8割超　追加投資創出に効果薄＝ＩＷ（ロイター）,https://news.yahoo.co.jp/articles/64d7e235668fa27ca04797087281b16808b4dc6e,https://newsatcl-pctr.c.yimg.jp/t/amd-img/20260317-00000121-reut-000-1-view.jpg?exp=10800,2026-03-17T17:08:21+09:00,2026-03-17T17:08:21+09:00,ロイター,reut,ロイター,622,"2025年2月、独ハンブルク港で撮影。REUTERS
Maria Martinez

[ベルリン １７日 ロイター] - ドイツのインフラ向け特別基金は、承認から１年が‌経過しても追加投資の創出にほとん⁠ど寄与していないことが、ドイツ経済研究所（ＩＷ）が１７日にロイターに提供した​調査で明らかになった。

ＩＷによると、過去１年間に使用された資金の８６％は本来‌の目的以外に流用された。

ＩＷの研究員トビアス・ヘンツェ氏は「（連立政権に‌は）投資計画の積み残‌しを解消する機会があった。​しかし今のところ、その機会は生かされて‌いない」と述べた。

調査によると、同基金を含み金融取引‌を除いた独政府の​実際の投資支出は、２０２５年に約７１０億ユーロ（‌約８１５億２０００万ドル）と、名目ベースで前年比２０億ユーロの増加に⁠とどまった。

またＩＷは、基金から１２０億ユーロが通常予算の穴埋めに使われたと指摘した。病院の運営費が⁠投資として計上されていた​事例があると‌した。

政府は２５年に同基金から１９０億ユーロを支出する計画だったが、実際の執行額はその約４分の３にとどま⁠った。

計画ではこのほか、気候・変革基⁠金向けに１００億ユーロ、各州向けに８３億ユーロを充てる予⁠定だった。しかし、気候基金の実際の投資は目標‌を８３億⁠ユーロ下回り、２４年の水準にも及ばなかった。​各州向け資金の拠出は、行政上の理由で２６年に先送りされた。",[],[]
トランプ氏訪中、時期の問題など巡り意思疎通を維持＝中国外務省（ロイター）,https://news.yahoo.co.jp/articles/3642ecb8ff5859ce6aa43fa3409f1d9c3757f128,https://newsatcl-pctr.c.yimg.jp/t/amd-img/20260317-00000120-reut-000-1-view.jpg?exp=10800,2026-03-17T17:06:41+09:00,2026-03-17T17:06:41+09:00,ロイター,reut,ロイター,247,"写真はトランプ米大統領と習近平中国国家主席。2025年10月、韓国・釜山で撮影。REUTERS/Evelyn Hockstein
[北京 １７日 ロイター] - 中国外‌務省の林⁠剣報道官は１７日、トラン​プ米大統領による‌訪中の件について両国‌は意‌思疎通を​維持している‌と述べた。時期の‌問題​などについて‌協議して⁠いるという。

トランプ氏は１６日、対イ⁠ラン軍事​作戦‌を理由に、今月３１日から４月２日⁠に予定し⁠ていた中国訪問を⁠約１カ月延期するよう‌要請⁠したと明​らかにした。",[],[]
中東「緊張感持ち注視」、石油製品直ちに供給難とはならず＝石化協（ロイター）,https://news.yahoo.co.jp/articles/01462c5fd8a5977cc7635c9c442376e4daa6940e,https://newsatcl-pctr.c.yimg.jp/t/amd-img/default.jpg?exp=10800,2026-03-17T17:01:41+09:00,2026-03-17T17:01:41+09:00,ロイター,reut,ロイター,434,"Kentaro Okasaka

［東京　１７日　ロイター］ - 石油化学工業協会は１７日、中東情勢を巡る‌コメントを発表し、石油化⁠学製品の原料となるナフサの供給確保の観点から「極めて​高い緊張感を持って注視している」と表明した。石油‌化学製品は全体的には２カ月程度、ポリエチレンやポリプロピ‌レンなどは国内需‌要の３ー４カ月程度の在庫があ​り「直ちに供給困難となる状況では‌ない」とした。

会員会社が、ナフサのペルシャ湾‌以外の地​域からの代替調達や国内での調‌達継続など、石油化学製品の安定供⁠給に向けたさまざまな取り組みを進めていると説明。国とも連携して情⁠報収集や必要な措置の​徹底を行うと‌した。「事態が一刻も早く収束し、ペルシャ湾地域における船舶の安全⁠航行が回復することを強く⁠求める」と訴えた。

同協会によると、日本国⁠内で消費されるナフサのうち約４割は国内で生産‌され、⁠約４割が中東地域から、約２割が​それ以外の地域から輸入されているという。",[],[]
中国、パキスタンとアフガンに自制求める（ロイター）,https://news.yahoo.co.jp/articles/0e74d1e640c15a363ac9d77924171d191ff221a7,https://newsatcl-pctr.c.yimg.jp/t/amd-img/20260317-00000118-reut-000-1-view.jpg?exp=10800,2026-03-17T16:46:39+09:00,2026-03-17T16:46:39+09:00,ロイター,reut,ロイター,208,"写真は破壊されたトラックから立ち上がる炎。3月13日、アフガニスタンのカンダハールで撮影。REUTERS
[北京 １７日 ロイター] - 中‌国外務省報道⁠官は１７日の会見で、​パキスタンとアフ‌ガニスタンに対し、‌冷‌静さを保​ち自制す‌ることを期待‌する​と述べた。

両国に‌対し中国⁠人職員の安全確保を求⁠めたこと​も明‌らかにし、緊張緩⁠和に向け⁠て引き続き建⁠設的な役割を‌果た⁠していく​方針を示した。",[],[]
湾岸諸国の航空会社、アジア路線の優位低下へ＝ルフトハンザＣＥＯ（ロイター）,https://news.yahoo.co.jp/articles/8b3bb9ea05a23477bad9af653ddbcf1688c127e7,https://newsatcl-pctr.c.yimg.jp/t/amd-img/20260317-00000117-reut-000-1-view.jpg?exp=10800,2026-03-17T16:32:50+09:00,2026-03-17T16:32:50+09:00,ロイター,reut,ロイター,564,"写真はルフトハンザ航空のカーステン・シュポア最高経営責任者（ＣＥＯ）。2025年3月、ベルギーのブリュッセルで撮影。REUTERS/Yves Herman
[ベルリン １７日 ロイター] - ドイツのルフトハンザ航空のカーステン・‌シュポア最高経営責任者（ＣＥＯ）は、エミ⁠レーツ航空やカタール航空など湾岸諸国の航空会社について、対イ​ラン戦争により、アジア路線での優位が低下するとの見通しを‌示した。

１７日掲載のビジネス誌マネジャー・マガジンとのインタビューで述べ‌た。

シュポア氏は「湾‌岸諸国の航空会社の主要ハ​ブは、現在明らかに新たなリスクにさら‌されている地域に位置している。これが世界の航空業‌界の将来に何を意​味するかは、今後を見極める必‌要がある」と述べた。

また、エミレーツ航空に対⁠してドイツ国内の空港の発着枠を拡大する議論も、今回の戦争により停滞すると指摘。

「⁠われわれ独自の路線を通じ​て成長するア‌ジア市場と結びつく力が低下し、欧州域外のハブへの依存が強まれば、欧州の主⁠権が弱まる」と述べた。

ルフトハンザの⁠北米路線については、昨年の欧州人の訪米需⁠要鈍化を米国発の需要増で相殺できているとし「‌今夏⁠の北大西洋路線では、欧州人よりも​米国人の乗客が多くなると予想している」と述べた。",[],[]
東京マーケット・サマリー（ロイター）,https://news.yahoo.co.jp/articles/6f7219240d35518d772677cd254ee6e62222c389,https://newsatcl-pctr.c.yimg.jp/t/amd-img/default.jpg?exp=10800,2026-03-17T16:28:50+09:00,2026-03-17T16:28:50+09:00,ロイター,reut,ロイター,3669,"[東京 １７日 ロイター] -  

■レートは終値（前日比または前週末比）、安値─高値

＜外為市場＞

                          ドル／円            ユーロ／ドル         ユー‌ロ／円          

           午後３時現在         159.43／159.46   1.1478／1.1480  183.03／183.04          

           ＮＹ午後５時         159.06／159.07   1.1503／1.1506  182.95／183.05          

午後３時のドルは前日のニューヨーク⁠市場終盤に比べて小幅にドル高／円安の１５９円前半で推移している。原油価格に左右されやすい​状況が続く中、ドルの底堅さが維持されている。一方、節目の１６０円が視野に入る‌中で投機筋がポジションを取りにくくなっているとの指摘もあり、やや膠着感の強い展開‌となった。

レポート全文： [JPY/J]

＜株‌式市場＞

               終値  前日  寄り  安値          

                   比   付き  ／高          

                           値           

                                      

           日経  53  -5  54  53          

           平均  70  0.  28  ,4          

               0.  76  6.  82          

               39      26  .5          

                           9─          

                           54          

                           ,3          

                           88          

                           .4          

                           3           

           ＴＯ  36  +1  36  3,          

           ＰＩ  27  6.  47  61          

           Ｘ   .0  34  .3  2.          

               7       2   72          

                           ─3          

                           ,6          

                           70          

                           .4          

                           7           

           プ​ラ  18  +8  18  1,          

           イム  69  .3  80  86          

           市場  .2  4   .0  1.          

           指数  1       0   99          

                           ─1          

                           ,8          

                           91          

                           .2          

                           8           

           スタ  16  -6  17  1,          

           ンダ  88  .8  05  68          

           ード  .2  7   .5  6.          

           市場  1       9   98          

           指数              ─1          

                           ,7          

                           11          

                           .9          

                           4           

           グロ  97  -1  99  97          

           ース  4.  5.  6.  1.          

           市場  63  04  34  45          

           指数              ─1          

                           ,0          

                           02          

                           .9          

                           7           

           グロ  75  -1  76  74          

           ース  0.  2.  8.  7.          

           25  72  38  56  96          

           0指              ─7          

           数               74          

                           .0          

                           3           

           東証  21  東証  61             

           出来  53  売買  30            

           高(  63  代金  2.            

           万株      (億  73            

           )       円)                

東京株式市場で日経‌平均は４日続落し、前営業日比５０円７６銭安の５万３７００円３９銭で取引を終えた。朝方は米株高の流‌れを引き継ぎ、底​堅く推移していたが、徐々に軟化し、マイナ‌ス圏に転落した。中東情勢への警戒感が根強い中、原⁠油先物が再び上昇基調となったことが投資家心理の重しとなった。ＴＯＰＩＸは反発した。

レポート全文： [.TJ]

＜円債市場＞

           国債先物・26年6月限         131.09            (+0.05)          

           安値─高値               130.98─131.21                        

           10年⁠長期金利             2.265％            (-0.010)          

           安値─高値               2.275─2.260％                         

国債先物中心限月６月限​は、前営業日比５銭高‌の１３１円０９銭と４営業日ぶりに小反発して取引を終えた。インフレ加速懸念がやや和らいだことや順調な入札結⁠果が相場を支援した。現物市場の新発１０年国債⁠利回り（長期金利）は同１．０ベーシスポイント（ｂｐ）低下の２．２６５％。

短期金融市場⁠で無担保コール翌日物の加重平均レートは、前営業日（０．７２７％）から‌横ば⁠い圏の見通し。「引き続きビッドサイドの資金調​達ニーズは強めだった」（国内金融機関）との声が聞かれた。

レポート全文： [JP/BJ]",[],[]
日経平均は4日続落、朝高後に軟化　原油高が重し（ロイター）,https://news.yahoo.co.jp/articles/b50dae1d3d1b90b0896788ba96a52aaf618eecfe,https://newsatcl-pctr.c.yimg.jp/t/amd-img/20260317-00000115-reut-000-1-view.jpg?exp=10800,2026-03-17T16:04:37+09:00,2026-03-17T16:04:37+09:00,ロイター,reut,ロイター,2316,"３月１７日、東京株式市場で日経平均は４日続落し、前営業日比５０円７６銭安の５万３７００円３９銭で取引を終えた。写真は２０２４年１２月、東京証券取引所で撮影（２０２６年　ロイター／Kim Kyung-Hoon）
Mayu Sakoda

[東京 １７日 ロイター] -     東京株式市場で日経平均は４日続落し、前営業日比５０円７６銭安の５万３７００円３９銭で取引を終えた。朝方は米株高の流れを引き継ぎ、底堅‌く推移していたが、徐々に軟化し、マイナス圏に転落した。中⁠東情勢への警戒感が根強い中、原油先物が再び上昇基調となったことが投資家心理の重しとなった。ＴＯＰＩＸは反発した。

三井住友信託銀行の瀬良礼​子シニアマーケットストラテジストは「イラン情勢の決着の目処がつかない。世界経済への下振れリスクが警戒され‌る中、ドル／円や原油価格の動向に神経質に反応するようになっている」とコメントした。

朝方は米国市場で原油価格が下落し株高となったことを‌好感する買いが広がったが、取‌引時間中は原油価格が上昇基調に転じた。ホルム​ズ海峡が事実上封鎖される中、トランプ米大統領がタンカー航行支援のため艦船派遣‌を求めているが、同盟国が拒否していることで供給懸念が強まったことなどが背景となった。

日経平均‌は５３５円高で寄り付いた後も上値を伸​ばし、６３７円高の５万４３８８円４３銭まで上昇した。その後は５万４０００円を軸にした小動きの展開‌となったが、後場終盤に軟化しマイナス圏に沈んだ。米ＷＴＩ先物が一時、４ドル（５％）超高の９８ドル付近と１００ドル⁠の大台に再び接近したことなどが嫌気された。

ＴＯＰＩＸは反発し、０．４５％高の３６２７．０７ポイントで取引を終えた。東証プライム市場指数は前営業日比０．４５％高の１８６９．２１ポイントだった。プライム市場の売買代金は６兆１３０２億７３００万円だった。

東証３３業種では、⁠値上がりが海運、鉱業、石油・石炭製品、医薬​品、卸売など２５業種、値下が‌りが非鉄金属、その他製品、ガラス・土石製品など８業種となった。

主力株では、アドバンテストが２％超安、ソフトバンクグループ、東京エレクトロンが０．５０─１％超下落し、３銘⁠柄で日経平均を２４３円程度押し下げた。フジクラ、レーザーテックは４─５％超安とな⁠った。

半面、川崎汽船、第一三共、日本郵船は５─６％超上昇した。ファーストリテイリングは小⁠幅高となった。

新興株式市場は、東証グロース市場２５０指数が１．６２％安の７５０．７２ポイントと、反落した。

東証プライム市場の騰落‌数は、値⁠上がりが１００７銘柄（６３％）、値下がりは５２４銘柄（３２％）、変わらずは６０銘柄（３％）だった。

                           終値           前日比       寄り付き      安値／高値            

           日​経平均            53700.39     -50.76    54286.26  53,482.59─          

                                                            54,388.43           

           ＴＯＰＩＸ           3627.07      +16.34    3647.32   3,612.72─3          

                                                            ,670.47           

           プライム市場指数        1869.21      +8.34     1880.00   1,861.99─1          

                                                            ,891.28           

           スタンダード市場指数      1688.21      -6.87     1705.59   1,686.98─1          

                                                            ,711.94           

           グロース市場指数        974.63       -15.04    996.34    971.45─1,0          

                                                            02.97           

           グロース250指数       750.72       -12.38    768.56    747.96─774          

                                                            .03           

           東証出来高(万株)       215363       東証売買代金(億  61302.73             

                                        円)",[],[]
東映、26年3月期配当予想を36円に引き上げ　従来12円（ロイター）,https://news.yahoo.co.jp/articles/e54c5ffd09b35ec6379708c19b02e6d5ca81a0ee,https://newsatcl-pctr.c.yimg.jp/t/amd-img/default.jpg?exp=10800,2026-03-17T16:02:17+09:00,2026-03-17T16:02:17+09:00,ロイター,reut,ロイター,179,"Shinichi Uchida

［東京　１７日　ロイ‌ター］ -     東映は１７日、２０２６年３月⁠期の配当予想​について、従‌来の１２円から３６円に引‌き上‌げる​と発表し‌た。これまで６円‌の期​末配当予‌想を⁠示していたが、業⁠績見​通し‌などを勘案し⁠特別配当２４円を⁠加える。

２５年３月期⁠の年間実績は‌特別⁠配６円を​含む１８円だった。",[],[]
スイス中銀、25年に外貨購入拡大　米関税でフラン高（ロイター）,https://news.yahoo.co.jp/articles/da0d96a388616a27c128c82817e0dab05ab68b6a,https://newsatcl-pctr.c.yimg.jp/t/amd-img/20260317-00000114-reut-000-2-view.jpg?exp=10800,2026-03-17T16:01:33+09:00,2026-03-17T17:25:03+09:00,ロイター,reut,ロイター,697,"スイス国立銀行（中央銀行）が１７日発表した２０２５年の外貨購入額は、５２億スイスフラン（約６５億９０００万ドル）相当で、２４年の１２億フランから増加した。写真は２０１１年８月、スイス・ベルンにある銀行で撮影（２０２６年　ロイター／Pascal Lauener）
John Revill

[チューリヒ １７日 ロイター] - スイス国立銀行（中央銀行）が１７日発表した２０２５年の‌外貨購入額は、５２億スイスフラン（６６億ドル）相⁠当で、２４年の１２億フランから増加した。

スイスフランは、トランプ米大統領が昨年４月に関税​を発表したことを受けて急騰。スイス中銀はフラン高を抑制す‌るために外貨買い入れを大幅に拡大した。

エコノミストは、スイス中銀は２６年もフ‌ラン高を抑制するため‌介入をさらに強化する一方、​政策金利は現行の０％で据え置くと予想してい‌る。スイス中銀は１９日に政策決定を発表する予定。

スイス中銀は今月、‌米・イスラエル​によるイラン攻撃による中東情‌勢緊迫でスイスフランが対ユーロで１０年超ぶり高値に上⁠昇したことを受け、為替介入姿勢を強めると表明した。フラン高はスイス輸出企業に打撃を与⁠え、デフレを招く恐れがあ​り、異例の口‌先介入に打って出た。

ＥＦＧ銀行のエコノミスト、ジャンルイジ・マンドルッツァート氏は「２６年につい⁠ては、スイス中銀が為替市場でより⁠積極的に動くと予想している」と指摘。ただ、大⁠部分は湾岸紛争の期間次第だと述べた。

「政策金利が０％であ‌る現⁠状では、通貨の急激な上昇リスクを軽減​するには為替介入の方が適している」と付け加えた。",[],[]
ＵＡＥ主要原油拠点に攻撃、積み込み一時停止　タンカーも被害（ロイター）,https://news.yahoo.co.jp/articles/ffa2613488664c9ad12a918e8f3c8f7583a67eda,https://newsatcl-pctr.c.yimg.jp/t/amd-img/20260317-00000112-reut-000-4-view.jpg?exp=10800,2026-03-17T15:52:39+09:00,2026-03-17T19:56:11+09:00,ロイター,reut,ロイター,481,"イランは１７日、アラブ首長国連邦（ＵＡＥ）に対する新たな攻撃を実施した。写真は１６日、テヘランで撮影。Majid Asgaripour/WANA提供写真（２０２６年　ロイター）
Alexander Cornwell　Jonathan Landay

[１７日 ロイター] - アラブ首長国連邦（ＵＡＥ）の主要な原‌油輸出拠点であるフジ⁠ャイラ港が１７日、攻撃を受け、輸出ターミ​ナルで火災が発生した。これにより、原‌油の積み込みが少なくとも一部停止した。

フ‌ジャイラの石‌油施設が攻撃を受​けるのは４日間で３回目。ドローン‌攻撃を受け、空域が一時閉鎖さ‌れた。

ＵＡＥによると、​アブダビでは迎撃さ‌れた弾道ミサイルの破片に⁠よりパキスタン国籍の１人が死亡した。[[]

ＵＡＥの巨大な天然ガス田「⁠シャー」は１７日も操​業を‌停止している。同港での国営企業ＡＤＮＯＣによる石油積み込みも⁠停止している。

英国海⁠運貿易オペレーション（ＵＫＭＴＯ）による⁠と、正体不明の飛翔体が１７日、フ‌ジャ⁠イラの東２３カイリでクウェー​ト船籍のタンカーに着弾した。",[],[]
ローム、デンソーの株式取得提案を特別委で「真摯に検討」（ロイター）,https://news.yahoo.co.jp/articles/8e6c98cbd360ec047af22f3b52df0853d4e72aab,https://newsatcl-pctr.c.yimg.jp/t/amd-img/20260317-00000111-reut-000-1-view.jpg?exp=10800,2026-03-17T15:48:49+09:00,2026-03-17T15:48:49+09:00,ロイター,reut,ロイター,583,"３月１７日、ロームは、デンソーから受けている自社の株式取得に関する提案について「企業価値向上に資するかという観点から真摯（しんし）に検討すべきであると考えている」とし、社外取締役らで構成する特別委員会で検討を進めていると明らかにした。写真はロームのロゴ。都内で２０１０年４月撮影（２０２６年　ロイター／Yuriko Nakao）
Kentaro Okasaka

[東京 １７日 ロイター] -     ロームは１７日、デンソーから受けている自社の‌株式取得に関する提案につ⁠いて「企業価値向上に資するかという観点から真摯（​しんし）に検討すべきであると考えている」とし、‌社外取締役らで構成する特別委員会で検討を進めている‌と明らかにし‌た。

ロームは同時に、東芝​や日本産業パートナーズ（ＪＩＰ）との間で‌提携強化に向けた協議を継続していると‌し、デンソー​の提案は「当社がこれまで‌主体的に検討・推進してきた経営戦⁠略とは別のもの」とした。その上で、他の選択肢とともに慎重かつ公正⁠に検討して判断する方​針として‌いる。

ロームは１３日、東芝とパワー半導体事業の統合に向けた交渉に入っ⁠たとの報道を受け、既に公⁠にしている通り半導体事業で資本提⁠携も視野に協議に入っており、パワー半‌導体⁠統合の選択肢も含めて協議を続​けているとのコメントを発表している。",[],[]
10ー12月期の需給ギャップ、2四半期ぶりプラス　実質年率1兆円の需要超過（ロイター）,https://news.yahoo.co.jp/articles/57e07069807fee7a46526282a3467e5778efa7da,https://newsatcl-pctr.c.yimg.jp/t/amd-img/20260317-00000110-reut-000-1-view.jpg?exp=10800,2026-03-17T15:45:56+09:00,2026-03-17T15:45:56+09:00,ロイター,reut,ロイター,369,"３月１７日、内閣府は、直‌近の国内総生産（ＧＤＰ）を反映した需​給ギャップが​プラス０．２％だったとする⁠推計値を発表​した。都内で昨年１１月撮影（２０２６年　ロイター／Kim Kyung-Hoon）
Takaya Yamaguchi

[東京 １７日 ロイター] -     内閣府は１７日、‌直近の国内総生⁠産（ＧＤＰ）を反映した需給ギャッ​プがプラス０．２％だったとする推‌計値を発表した。実質の年‌率換算で‌は１兆円程度のプ​ラスで、２四半期‌ぶりの需要超過となった。

２０２５年１０―１２月期ＧＤＰの２次‌速報​を踏まえ、内閣府‌が推計した。⁠需給ギャップは日本経済の需要と供⁠給のバランス​を示‌したもので、需要が供給を下回れば⁠マイナスとな⁠る。「デフレ完全⁠脱却」という経済環境‌に向⁠け、一進一退​の状況が続いている。",[],[]
グーグル、複数の中国企業とデータセンター向け冷却装置購入協議（ロイター）,https://news.yahoo.co.jp/articles/3e54d49dc38e527d258a4b56f7145532bff54b85,https://newsatcl-pctr.c.yimg.jp/t/amd-img/20260317-00000109-reut-000-1-view.jpg?exp=10800,2026-03-17T15:42:07+09:00,2026-03-17T15:42:07+09:00,ロイター,reut,ロイター,526,"米アルファベット傘下のグーグルは、英維克（Ｅｎｖｉｃｏｏｌ）やその他の中国企業とデータセンター向け液体冷却装置の購入について協議を行っている。写真はグーグルのロゴ。ドイツ・ベルリンで昨年１１月撮影（２０２６年　ロイター／Lisi Niesner）
[北京／シンガポール １７日 ロイター] -     米アルファベット傘下のグ‌ーグルは、英維克（Ｅｎｖｉｃｏｏｌ）やその他⁠の中国企業とデータセンター向け液体冷却装置の購入​について協議を行っている。複数の関係筋が明ら‌かにした。

グーグル台湾事業部の調達チームが今月に入ってか‌ら中国を訪問‌したという。関係筋に​よると、訪中は液体冷却システ‌ム向け部品の供給が引き締まっていることを‌反映して​いる。

グーグルも深センに拠点‌を置く英維克も、ロイターのコメン⁠ト要請に応じなかった。

今回の協議は、ＡＩ（人工知能）データセンターイ⁠ンフラ構築を巡る世界​的な競争‌が、先進チップだけでなく低価格帯の装置も逼迫させている実態を⁠浮き彫りにしている。⁠また、米中間の緊張が高まる中でも、世⁠界のデータセンター市場の成長において‌中国⁠のサプライヤーが果たす役​割が拡大していることも示唆している。",[],[]
グーグル、複数の中国企業とデータセンター向け冷却装置購入協議（ロイター）,https://news.yahoo.co.jp/articles/dfb0d1ab1421842d9d4fa70ad0cbb71528616131,https://newsatcl-pctr.c.yimg.jp/t/amd-img/20260317-00000108-reut-000-1-view.jpg?exp=10800,2026-03-17T15:42:07+09:00,2026-03-17T15:42:07+09:00,ロイター,reut,ロイター,526,"米アルファベット傘下のグーグルは、英維克（Ｅｎｖｉｃｏｏｌ）やその他の中国企業とデータセンター向け液体冷却装置の購入について協議を行っている。写真はグーグルのロゴ。ドイツ・ベルリンで昨年１１月撮影（２０２６年　ロイター／Lisi Niesner）
[北京／シンガポール １７日 ロイター] -     米アルファベット傘下のグ‌ーグルは、英維克（Ｅｎｖｉｃｏｏｌ）やその他⁠の中国企業とデータセンター向け液体冷却装置の購入​について協議を行っている。複数の関係筋が明ら‌かにした。

グーグル台湾事業部の調達チームが今月に入ってか‌ら中国を訪問‌したという。関係筋に​よると、訪中は液体冷却システ‌ム向け部品の供給が引き締まっていることを‌反映して​いる。

グーグルも深センに拠点‌を置く英維克も、ロイターのコメン⁠ト要請に応じなかった。

今回の協議は、ＡＩ（人工知能）データセンターイ⁠ンフラ構築を巡る世界​的な競争‌が、先進チップだけでなく低価格帯の装置も逼迫させている実態を⁠浮き彫りにしている。⁠また、米中間の緊張が高まる中でも、世⁠界のデータセンター市場の成長において‌中国⁠のサプライヤーが果たす役​割が拡大していることも示唆している。",[],[]
消費税のさらなる増税は考えていない＝高市首相（ロイター）,https://news.yahoo.co.jp/articles/b15e015680913f98baef41004246f29410698c34,https://newsatcl-pctr.c.yimg.jp/t/amd-img/20260317-00000107-reut-000-1-view.jpg?exp=10800,2026-03-17T15:39:24+09:00,2026-03-17T15:39:24+09:00,ロイター,reut,ロイター,310,"３月１７日、高市早苗首相（写真）は午後の参議院予算委員会で、消費税のさらなる増税は考えていないと語った。都内で２月撮影（２０２６年　ロイター／Kim Kyung-Hoon）
［東京　１７日　ロイター］ -     高市早苗首‌相は１７日午後の参議⁠院予算委員会で、消費税の​さらなる増税は考えていな‌いと語った。

山添拓委員（共産）‌の質問‌に答えた。

山​添委員は、か‌つて給付付き税額控除‌は消費増​税に伴う低所‌得者対策という位⁠置づけだったとして、今後の議⁠論でも消費増​税と‌セットで検討されることになる⁠のではないか⁠と質問した。

首相は「⁠私自身が消費税を増税‌する⁠考えは持って​いない」と述べた。",[],[]
ドバイのセラピスト、サウンドヒーリングで子どもに「心の安らぎ」を（ロイター）,https://news.yahoo.co.jp/articles/5610b4aeabf8456c2a541df479ad2b8540c29893,https://newsatcl-pctr.c.yimg.jp/t/amd-img/20260317-00010004-reutv-000-1-thumb.jpg?exp=10800,2026-03-17T15:38:45+09:00,2026-03-17T15:38:45+09:00,ロイター,reut,ロイター,205,ドバイを拠点とするアートセラピストが、イランによるミサイルやドローン攻撃を受けた子どもらのために、サウンドヒーリングや呼吸法の無料ワークショップを開催している。2月下旬以降、アラブ首長国連邦（UAE）を含む湾岸諸国は2000回を超える攻撃にさらされており、子供たちの間でも不安やストレスが広がっている。シンギングボウルや瞑想などを通じて、子供たちが内なる安心感を取り戻せるよう支援している（ナレーションなし）。,[],[]
アングル：トランプ氏、ホルムズ海峡再開に高い壁（ロイター）,https://news.yahoo.co.jp/articles/19b98d8572d12e0d2bddc78df8824c3eec18c75d,https://newsatcl-pctr.c.yimg.jp/t/amd-img/20260317-00000106-reut-000-1-view.jpg?exp=10800,2026-03-17T15:28:13+09:00,2026-03-17T15:28:13+09:00,ロイター,reut,ロイター,2634,"写真は停泊中のガスタンカー。3月11日、オマーンのシャイナスで撮影。REUTERS/Benoit Tessier
Sarah Young　John Irish

[１６日 ロイター] - トランプ米大統領は、世界のエネルギー供給の約５分の１が通過するホルムズ海峡の再開に向けて同盟国に協力を要請した。しかし、大規模な有志連合を結成できたとしても、イランによる封鎖を解除するのは極めて困難とみられる。

この狭い海峡の片側に位置するイランは、２月２８日に始まった米国とイスラエルによる攻撃に対抗すべく、‌無人機（ドローン）やミサイル、機雷を配備している。これにより、巨大な石油・ガスタンカーにとって極めて重要なこの水路を、危険地帯へと変貌させた。

＜イラ⁠ンはなぜ今、海峡を封鎖したのか＞

イランのイスラム革命防衛隊（ＩＲＧＣ）の司令官は２０１１年、海峡の封鎖は「コップ一杯の水を飲むより簡単だ」と豪語したが、この海峡への脅しはその前から幾度となく繰り返されてきた。

ＩＲＧＣは近年も海峡封鎖の可能性をちらつかせている。１６年や１８年の制裁や核開発計画をめぐる緊張のさなか、さらには昨年６月のイスラエルと米国による攻撃の際も同様だ。

専門家らは長​らく、海峡封鎖は最後の手段だと分析してきた。イランと敵対する国々に長期的な戦略の転換を促すリスクがあり、自国のエネルギー産業への報復を招きかねないからだ。

しかし、最高指導者の暗殺とともに２月２８日に始まったイランへの攻撃が、その状況を根底から覆した。イラン当局はこの紛争を「存亡の危機」と位置づけ、強‌硬派のＩＲＧＣが戦略の主導権を握るようになっている。

＜脅かされているのは何か＞

イランとオマーンの間に位置し、ペルシャ湾とオマーン湾を結ぶホルムズ海峡は、クウェート、イラン、イラク、カタール、アラブ首長国連邦（ＵＡＥ）といった産油国にとって、唯一の海への出口である。

原油価格は１６日、一時２２年以来の最高値まで高騰した。国連の指摘によれば、原油高は２２年のロシアによるウクライナ侵攻‌直後に見られたような、新たな生活費の危機の引き金になりかねない。

分析会社ケプラー‌によれば、硫黄やアンモニアを含む世界の肥料の約３３％がこの海峡を通過している。紛争が長期化すれば、肥料ショックを誘発し、世界の食​料安全保障を脅かす恐れもある。

戦争の長期化は、１９７０年代の中東オイルショックの再来のような、世界的な経済危機への不安をかき立てる要因となる。

＜海峡の安全確保の難しさ＞

海運ブローカーのＳＳＹグローバルによれば、航路の幅はわずか２海里（約３７００メートル）。船舶はイ‌ラン軍の部隊が潜伏できる島々や険しい海岸線の目と鼻の先で針路を変えなければならない。

イランの正規海軍はほぼ壊滅状態にあるものの、ＩＲＧＣは依然として高速攻撃艇や小型潜水艦、機雷、さらには爆発物を積んだジェットスキーなど、多彩な攻撃手段を保持していると、元英海軍中佐‌のトム・シャープ氏は指摘する。

非営利調査団体「情報レジリエンス・センター」に​よれば、イラン政府は月に約１万機のドローンを製造する能力を有している。

１日に３ー４隻の船舶を護衛して海峡を通過させることは、上空援護を担う７ー８隻の駆逐艦を投入‌すれば短期的には可能かもしれない。だが、小型潜水艦のリスクがどの程度軽減されているかにも左右され、数カ月間にわたってこの態勢を維持するには膨大な資源が必要になるとシャープ氏は語る。

欧州中東・北アフリカ研究所のアデル・バカ⁠ワン所長は、イランの弾道ミサイルやドローン、浮遊機雷の配備能力を削いだとしても、船舶は依然として自爆攻撃の脅威にさらされ続けるだろうと警告する。

英王立防衛安全保障研究所（ＲＵＳＩ）の機関誌、ＲＵＳＩジャーナルのケビン・ローランズ編集長は、戦争が数週間続くようであれば、何らかの護衛体制が構築されるとみている。

「世界は湾岸からの石油を必要としている。それゆえ、防衛措置を講じる計画が立案されている」と同氏は語る。

＜トランプ氏の狙いと同盟国の動き＞

トランプ氏は１５日、多く⁠の国が軍艦を派遣することに期待を示し、それを公然と要求した。さらに、支援を取り付けるべく７カ国と協議を進めていることも明かした。

この​発言は、同氏が米国際開発金融公社に対し、海運会社に保険と‌保証を提供するよう指示した１週間後のことだ。

英国のスターマー首相はトランプ氏と海峡再開の必要性について協議しており、以前には、英政府が同盟国と様々な選択肢を模索していると述べていた。

欧州連合（ＥＵ）の外相に当たるカラス外交安全保障上級代表は１６日、中東で展開するＥＵの海軍任務を原油輸送の要衝ホルムズ海峡に拡大することについて、ＥＵ外相から前向きな姿勢は示されなかったと述べた。マクロン仏大統領はトランプ氏の要請に先⁠立ち、欧州やアジアの数カ国が護衛のための共同ミッションを計画しているものの、それは紛争終結後に限られると明言していた。

ドイツは、紅海でのミッションでさえ効果が乏しいとし⁠て、その強化にすら懐疑的な姿勢を崩していない。

日本とオーストラリアは１６日、海峡を通過する船舶を護衛するための艦船派遣は予定していないと表明した。

＜周辺の海運の要衝では何が起きたか＞

イエメンの親イラン武装組織フーシ派は、保有兵器が限⁠られるにもかかわらず、米欧の海軍による対応をよそに、２年以上にわたり紅海を通過する海運の大半を麻痺させている。

多くの海運会社は現在も、アフリカ大陸最南端を回る長大なルートを強いられている。デンマークの海運大手マースクは、１月からスエ‌ズ運河ルートへの段階的な⁠復帰を目指すと述べていた。

ＥＵ主導の部隊はソマリア沖の海賊対策では成果を上げているが、相手はイランのＩＲＧＣとは比べ物にならないほど装備の劣る集団だった。

＜ホルムズ海峡に代わる選択肢はある​のか＞

ＵＡＥとサウジアラビアは、石油パイプラインを増設することで、ホルムズ海峡を迂回するルートを模索してきた。

だが、これらは現在稼働しておらず、２０１９年にサウジアラビアを横断するパイプラインがフーシ派によって攻撃された事態は、こうした代替手段も脆弱であることを浮き彫りにした。",[],[]
イラン、外国人含む約50人拘束　米・イスラエルに協力の疑い（ロイター）,https://news.yahoo.co.jp/articles/01941413add7439708c58128c97ccb301750213d,https://newsatcl-pctr.c.yimg.jp/t/amd-img/default.jpg?exp=10800,2026-03-17T15:27:22+09:00,2026-03-17T23:03:42+09:00,ロイター,reut,ロイター,384,"[ドバイ １７日 ロイター] - イランのメディアは１７日、イスラエル‌と米国に協力した疑い⁠で国内で約５０人が拘束され、外国人１０人が含まれると報じ​た。

タスニム通信によると、イラン北東部で重要‌施設の情報を収集し現場での工作活動を準備していた‌として、革命‌防衛隊の情報部門​が外国人１０人を逮捕した。国籍などの‌詳細は明らかにされていない。

また南部では、‌米国とイス​ラエルの「傭兵」と疑われ‌る５５人が拘束されたという。

そのほか、⁠情報省は、一部のイラン市民がインターネット遮断を回避するた⁠めに使用している​スターリ‌ンク・システム数百台が全国規模の作戦で押収されたと発表し⁠た。

警察当局などは、イラ⁠ン暦の年末に当たる１７日夜の祝祭が、⁠敵対勢力による「国内の治安悪化」‌につ⁠ながる可能性があるとし、​市民らに自宅にとどまるよう警告した。",[],[]
午後3時のドルは159円半ばへ小幅高、イラン情勢や原油にらみ継続（ロイター）,https://news.yahoo.co.jp/articles/05b76b313bd290d7d2c9c14eb3b5a5daea56e0ca,https://newsatcl-pctr.c.yimg.jp/t/amd-img/20260317-00000105-reut-000-1-view.jpg?exp=10800,2026-03-17T15:25:27+09:00,2026-03-17T15:25:27+09:00,ロイター,reut,ロイター,1424,"３月１７日、午後３時のドルは前日のニューヨーク市場終盤に比べて小幅にドル高／円安の１５９円前半で推移している。写真は米ドル紙幣。２０２２年２月撮影（２０２６年　ロイター/Dado Ruvic）
Hiroko Hamada

[東京 １７日 ロイター] -     午後３時のドルは前日のニューヨーク市場終盤に比べて小幅にドル高／円安の１５９円前半で推移している。原油価格に左右されやす‌い状況が続く中、ドルの底堅さが維持されている。一方、節目⁠の１６０円が視野に入る中で投機筋がポジションを取りにくくなっているとの指摘もあり、やや膠着感の強い展開となった。

前日の米国市場の終盤に１５９円近辺で​推移していたドルは、東京時間の早朝から徐々に水準を切り上げる値動きとなった。前日は下落していた原油先物相場が再び上昇‌すると、ドルも上げ幅を拡大。その後、原油相場の上昇が一服すると、ドル買いも弱まった。

片山さつき財務相は１７日の参院予算委員会で「為替相場は多‌様な要因を背景にマーケットで決ま‌る。（円安要因について）一概に申し上げるのは困難」​との認識を示した。ドルはやや円高方向に振れる場面があったが、その後は円売りが優‌勢となった。

一方、午後の取引ではもみ合う動きが続いた。原油価格とドルの連動性が強まる中で、「マーケットは‌イラン情勢の混迷がどれくらい​の期間続くかや、原油価格がどの程度の水準で推移してい‌くのかを見極めるムードとなっている」（ＳＭＢＣ信託銀行のシニアマーケットアナリスト・合澤史登氏）⁠との声が聞かれた。特に原油動向の不透明感が強い中では「投機筋がポジションを傾けづらくなっている」（合澤氏）として、ドル／円は横ばい圏での推移となっているという。

豪ドル／円は現在、１１２円半⁠ばで取引されている。オーストラリア準備銀行（ＲＢＡ、中央​銀行）は１７日、政策金利を２５ベーシ‌スポイント（ｂｐ）引き上げて４．１０％とした。インフレ抑制には借り入れコストの引き上げが必要と判断し、２カ月連続で利上げを決めた。採決では５人が利上げに賛成、４人が反対した。投票結果の⁠公表が始まって以来最も僅差での決定となった。

投票結果が僅差となったこ⁠とから、豪中銀が利上げに前のめりではないとの思惑が広がり、一時、豪ドル売り／円買いが進行。１１２．２５円⁠付近まで下落する場面があった。

ただ、豪中銀会合後の記者会見でのブロック総裁の発言が伝わると、‌再び豪ド⁠ル買いが進行。ブロック総裁は「反対票を投じたメンバーも利上げがい​ずれ必要になると認識」、「中東情勢の不確実性が議論の重要な焦点」などと述べた。

                          ドル／円            ユーロ／ドル         ユーロ／円          

           午後３時現在         159.43／159.46   1.1478／1.1480  183.03／183.04          

           午前９時現在         159.13／159.14   1.1497／1.1499  182.97／182.99          

           ＮＹ午後５時         159.06／159.07   1.1503／1.1506  182.95／183.05",[],[]
イスラエルの刑務所空爆は戦争犯罪、イラン国内で抑圧強化も＝国連（ロイター）,https://news.yahoo.co.jp/articles/e6fc1bfcb5595c6d27b74e3c1ceebc64c0c33e8e,https://newsatcl-pctr.c.yimg.jp/t/amd-img/20260317-00000103-reut-000-1-view.jpg?exp=10800,2026-03-17T15:22:58+09:00,2026-03-17T15:22:58+09:00,ロイター,reut,ロイター,645,"国連イラン独立国際事実調査団のサラ・ホサイン団長は１６日、イスラエルによる昨年の刑務所空爆は戦争犯罪だとの見解を示したほか、現在行われている米国とイスラエルの空爆を受け、イラン国内で抑圧が強まる恐れがあると警告した。写真はスイス・ジュネーブで１６日撮影（２０２６年　ロイター／Denis Balibouse）
Emma Farge

［ジュネーブ　１６日　ロイター］ -     国連イラン独立国際事実調査団のサラ・ホサ‌イン団長は１６日、イスラエルによ⁠る昨年の刑務所空爆は戦争犯罪だとの見解を示したほか、現在行わ​れている米国とイスラエルの空爆を受け、イラン国内で抑‌圧が強まる恐れがあると警告した。

イラン当局は、昨年６月にイスラエルが‌テヘランのエビン‌刑務所を攻撃し、７０人以上が​死亡したと発表していた。

政治犯を収容すること‌で知られる同刑務所は、最近の米・イスラエルに‌よる空爆でも​被害を受けており、英国人夫婦‌を含む収容者の安否が懸念されている。

ホサイン⁠氏は国連人権理事会で「エビン刑務所への空爆から、イスラエルが民間人用施設を意⁠図的に攻撃し、戦争犯​罪を犯したと‌信じるに足る十分な根拠がある」と説明。攻撃で子ども１人と女性８人を含む８０人が死⁠亡したと述べた。

また、イランで民間人⁠の死者が増加していることを非難。昨年の空⁠爆後にイランで処刑が増加したことに言及し‌た上⁠で、現在の軍事作戦により反体制派​への弾圧がさらに強まる恐れがあると懸念した。",[],[]
テスラとＬＧエナジー、米で電池工場　43億ドル投資（ロイター）,https://news.yahoo.co.jp/articles/4256ee65ebaad16c3fdc37378daa65599e0e61f9,https://newsatcl-pctr.c.yimg.jp/t/amd-img/20260317-00000102-reut-000-1-view.jpg?exp=10800,2026-03-17T15:15:08+09:00,2026-03-17T15:15:08+09:00,ロイター,reut,ロイター,706,"米政府は１６日、電気自動車（ＥＶ）大手テスラと韓国のＬＧエナジーソリューションが、ミシガン州ランシングに４３億ドルを投じ、リン酸鉄リチウム（ＬＦＰ）角形電池セルの製造工場を建設する契約を締結したと発表した。写真はテスラのロゴ。ドイツ・ベルリンで昨年４月撮影（２０２６年　ロイター／Annegret Hilse）
Kanishka Singh

[ワシントン １６日 ロイター] -     米政府は１６日、電気自動車（ＥＶ）大手テスラと韓国のＬＧエナ‌ジーソリューションが、ミシガ⁠ン州ランシングに４３億ドルを投じ、リン酸鉄リチウム（ＬＦＰ）角形電池セルの製​造工場を建設する契約を締結したと発表した。

生産開始は２０２７年を見込‌む。

米内務省は声明で「米国製セルはヒューストンで生産されるテスラ‌の蓄電システム『‌メガパック３』に使用され、​強固な国内電池サプライチェーンの構‌築につながる」と説明した。

今回の合意は、トランプ‌政権がインド太平​洋エネルギー安全保障サミット‌で打ち出した一連の案件の一部。

関係者は昨⁠年７月、テスラが関税の影響を踏まえ、中国からの輸入依存を減らすため、ＬＧエナジーソリュー⁠ションとエネルギー貯蔵シ​ステム（ＥＳＳ）用電‌池の供給契約を結んだと明らかにしていた。

当時、ＬＧエナジーソリューションは顧客名⁠や用途を明らかにせず、３年間で総額４３億⁠ドル規模のＬＦＰ電池供給契約を締結したと発表して⁠いた。

ＬＧエナジーソリューションは米国内でＬＦＰ電池を生産で‌きる⁠数少ない企業の１つ。ＬＦＰ電池は中国企業が主​導してきた分野で、米市場での存在感は限定的。",[],[]
ホルムズ護衛、安全を100％は保証せず─ＩＭＯ事務局長＝ＦＴ（ロイター）,https://news.yahoo.co.jp/articles/f8efde78f710483e0bdc08b3d6eedb6390d5a456,https://newsatcl-pctr.c.yimg.jp/t/amd-img/20260317-00000101-reut-000-1-view.jpg?exp=10800,2026-03-17T15:12:48+09:00,2026-03-17T15:12:48+09:00,ロイター,reut,ロイター,406,"国際海事機関（ＩＭＯ）のアルセニオ・ドミンゲス事務局長は、海軍による護衛がホルムズ海峡を通過する船舶の安全を「１００％保証する」ものではないと述べた。写真はオマーン・マスカットで１０日撮影（２０２６年　ロイター／Benoit Tessier）
[１７日 ロイター] -     国際海事機関（ＩＭＯ）のアルセニ‌オ・ドミンゲス事⁠務局長は、海軍による護衛がホルム​ズ海峡を通過する船舶の安全を「１００％保‌証する」ものではないと述べた。英‌紙フィナ‌ンシャル・タ​イムズ（ＦＴ）が１７日に伝えた。

同事‌務局長はＦＴに対し、海峡を切り開くた‌めの​軍事支援は「長期的も‌しくは持続可能な解決⁠策ではない」と指摘。「根本的な原因が海運⁠とは無関係で​ある‌紛争の巻き添えをわれわれは食らっている」⁠と語り、足止⁠めされている船舶乗組員の⁠食料や物資が枯渇すること‌につ⁠いて深刻な懸念を​抱いていると付け加えた。",[],[]
東ソー、エチレン設備の再稼働延期　中東情勢で原料ナフサ調達難（ロイター）,https://news.yahoo.co.jp/articles/a3fbb9d140626e0f0adca84724261b83cc7964aa,https://newsatcl-pctr.c.yimg.jp/t/amd-img/default.jpg?exp=10800,2026-03-17T15:07:51+09:00,2026-03-17T16:47:09+09:00,ロイター,reut,ロイター,810,"Kentaro Okasaka

［東京　１７日　ロイター］ - 東ソーは１７日、中東情勢を受け、定期検査のため停止中のエチレン製造設備の再稼働延期を決め‌たと明らかにした。原料ナフサの調達が滞ると判断し⁠た。当初は４月１９日再稼働の予定だった。

広報担当者は「予定通り動かしても（原料枯渇で）すぐ止めることになっては不安定​なので、稼働自体を送らせ、状況を見計らっている」と説明。再稼働時期については「ナフサの調達状‌況次第のため、いつになるかは答えられない」としている。

イラン沖のホルムズ海峡を船舶が航行できなくなっている影‌響で、ナフサの調達減が不可避‌との判断から国内でエチレン減産が相次いで​いる。これまでに三菱ケミカルグループや三井化学が減産を決めたほか、‌旭化成も三菱ケミカルと共同運営する施設で減産を開始している。

エチレンを原料とす‌る塩化ビニール樹脂につい​ても、信越化学工業がエチレン価格急騰で調達先‌から数量制限を受け、減産を余儀なくされているとして販売価格を４月から約２割値⁠上げすると発表している。

赤沢亮正経産相は１７日の閣議後会見でナフサに言及し、川下在庫の活用に加え、米国や南米からの輸入、国内での原油からの精製に⁠より「国内需要の４カ月分を確保可能」との見込​みを示した。その上で「‌関係企業と密接に連携しつつ、サプライチェーン確保に向けて必要な対応を実施していく」と述べた。

石油化学工業協会も１７日、中東情勢を巡⁠るコメントを発表し、ナフサの供給確保の観点から「極め⁠て高い緊張感をもって注視している」とした。石油化学製品は、全体的には２カ⁠月程度、ポリエチレンやポリプロピレンは国内需要の３ー４カ月程度の在庫があり「直ち‌に供⁠給困難となる状況ではない」という。「事態が一刻も早く収束​し、ペルシャ湾地域における船舶の安全航行が回復することを強く求める」とも訴えた。",[],[]
東ソー、エチレン設備の再稼働延期　中東情勢で原料ナフサ調達難（ロイター）,https://news.yahoo.co.jp/articles/c3083f3a84db7b132093cd6dee23603d328a959e,https://newsatcl-pctr.c.yimg.jp/t/amd-img/default.jpg?exp=10800,2026-03-17T15:07:51+09:00,2026-03-17T16:46:35+09:00,ロイター,reut,ロイター,810,"Kentaro Okasaka

［東京　１７日　ロイター］ - 東ソーは１７日、中東情勢を受け、定期検査のため停止中のエチレン製造設備の再稼働延期を決め‌たと明らかにした。原料ナフサの調達が滞ると判断し⁠た。当初は４月１９日再稼働の予定だった。

広報担当者は「予定通り動かしても（原料枯渇で）すぐ止めることになっては不安定​なので、稼働自体を送らせ、状況を見計らっている」と説明。再稼働時期については「ナフサの調達状‌況次第のため、いつになるかは答えられない」としている。

イラン沖のホルムズ海峡を船舶が航行できなくなっている影‌響で、ナフサの調達減が不可避‌との判断から国内でエチレン減産が相次いで​いる。これまでに三菱ケミカルグループや三井化学が減産を決めたほか、‌旭化成も三菱ケミカルと共同運営する施設で減産を開始している。

エチレンを原料とす‌る塩化ビニール樹脂につい​ても、信越化学工業がエチレン価格急騰で調達先‌から数量制限を受け、減産を余儀なくされているとして販売価格を４月から約２割値⁠上げすると発表している。

赤沢亮正経産相は１７日の閣議後会見でナフサに言及し、川下在庫の活用に加え、米国や南米からの輸入、国内での原油からの精製に⁠より「国内需要の４カ月分を確保可能」との見込​みを示した。その上で「‌関係企業と密接に連携しつつ、サプライチェーン確保に向けて必要な対応を実施していく」と述べた。

石油化学工業協会も１７日、中東情勢を巡⁠るコメントを発表し、ナフサの供給確保の観点から「極め⁠て高い緊張感をもって注視している」とした。石油化学製品は、全体的には２カ⁠月程度、ポリエチレンやポリプロピレンは国内需要の３ー４カ月程度の在庫があり「直ち‌に供⁠給困難となる状況ではない」という。「事態が一刻も早く収束​し、ペルシャ湾地域における船舶の安全航行が回復することを強く求める」とも訴えた。",[],[]
サッカー＝イラン、Ｗ杯会場の変更要請　連盟「ＦＩＦＡと交渉中」（ロイター）,https://news.yahoo.co.jp/articles/2b379b6d587cca93eec9d7c9da1c416a8b4ddcfe,https://newsatcl-pctr.c.yimg.jp/t/amd-img/20260317-00000098-reut-000-1-view.jpg?exp=10800,2026-03-17T15:00:11+09:00,2026-03-17T15:00:11+09:00,ロイター,reut,ロイター,728,"イ⁠ラン・サッカー連盟のメフディ・タージ会長は１６日、米国、カナダ、メキシコで今夏共催されるサッカーＷ杯の試合開催地について、イラン戦争を受けた選手らの安全上の懸念から米国からメキシコへの変更を求め、ＦＩＦＡと協議していると明らかにした。メキシコ・モンテレイで１４日撮影（２０２６年　ロイター/Daniel Becerril）
[１７日 ロイター] -     イラン・サッカー連盟のメフディ・タージ会長は１６日、米国、カ‌ナダ、メキシコで今夏共催されるサ⁠ッカー・ワールドカップ（Ｗ杯）の試合開催地について、イラン戦争を受け​た選手らの安全上の懸念から米国からメキシコへの変更を求め、国‌際サッカー連盟（ＦＩＦＡ）と協議していると明らかにした。

トランプ米大統領は１２日、イ‌ランが今夏のサッ‌カー・ワールドカップ（Ｗ杯）に出​場することを「歓迎する」としつつも、選手‌の「生命と安全のために適切ではない」という考えを示し‌ていた。

在メキシコイ​ラン大使館はＸに、タージ会長のコ‌メントとして「トランプ氏がイラン代表チームの⁠安全を保証できないと明言した以上、われわれが米国へ渡航することは決してない」とし、「Ｗ杯のイ⁠ラン戦をメキシコで開催で​きるよう、ＦＩＦＡと交渉‌している」と投稿した。

現時点でＦＩＦＡからコメントは得られていない。

６月１１日から７月１９日まで行われるＷ杯で、⁠イランは米国内（ロサンゼルスで２試合、⁠シアトルで１試合）で１次リーグを戦うことになってい⁠る。

ドンヤマリ・スポーツ相は１１日、米国とイスラエルによる空‌爆で⁠最高指導者ハメネイ師が殺害されたこと​を受け、イランはＷ杯に「参加できない」と述べていた。",[],[]
中国、海外登記企業の香港ＩＰＯ制限　国内への本拠移転要求（ロイター）,https://news.yahoo.co.jp/articles/aee28af7b3ad7963eb576e3aac305931ad09db9b,https://newsatcl-pctr.c.yimg.jp/t/amd-img/default.jpg?exp=10800,2026-03-17T14:53:28+09:00,2026-03-17T19:02:52+09:00,ロイター,reut,ロイター,504,"[１７日 ロイター] - 中国当局が、海外で登記された一部の中国企業に対し、‌香港での新規株式公開（ＩＰＯ）を制⁠限していることが１７日分かった。上場に先立ち、本拠地を中国国内に戻す​よう求めているという。事情に詳しい３人の関係者が明らかにした。

関‌係筋によると、中国証券監督管理委員会（証監会）はここ数日、複‌数のＩＰＯ候補企業に対し、‌企業構造を刷新しない限​り香港での上場は認められないとの意向‌を伝えた。

対象となる企業の具体的な数は不明だが、香港‌証券取引所の​ウェブサイトによれば、現在５３０社超‌が上場を申請している。

これに先立ち、ブルーム⁠バーグ・ニュース（ＢＢＧ）は１７日、事情に詳しい関係者の話として、中国が海外で登記された中国⁠企業による香港でのＩＰＯを制限し​ていると報じ‌た。

報道によると、中国の規制当局は最近、「レッドチップ」企業、すなわち中⁠国国外で登記されているが、中国国⁠内に資産や事業を保有する企業によるＩＰＯ申請を控⁠えるよう促しているという。

ブルームバーグによると、‌中⁠国当局はオフショア市場での中国企​業の株式売却について監視強化を目指している。",[],[]
中国、海外登記企業の香港ＩＰＯ制限　国内への本拠移転要求（ロイター）,https://news.yahoo.co.jp/articles/acb65296443ed09049b0975e8b9339d657f1bff0,https://newsatcl-pctr.c.yimg.jp/t/amd-img/default.jpg?exp=10800,2026-03-17T14:53:28+09:00,2026-03-17T19:01:49+09:00,ロイター,reut,ロイター,504,"[１７日 ロイター] - 中国当局が、海外で登記された一部の中国企業に対し、‌香港での新規株式公開（ＩＰＯ）を制⁠限していることが１７日分かった。上場に先立ち、本拠地を中国国内に戻す​よう求めているという。事情に詳しい３人の関係者が明らかにした。

関‌係筋によると、中国証券監督管理委員会（証監会）はここ数日、複‌数のＩＰＯ候補企業に対し、‌企業構造を刷新しない限​り香港での上場は認められないとの意向‌を伝えた。

対象となる企業の具体的な数は不明だが、香港‌証券取引所の​ウェブサイトによれば、現在５３０社超‌が上場を申請している。

これに先立ち、ブルーム⁠バーグ・ニュース（ＢＢＧ）は１７日、事情に詳しい関係者の話として、中国が海外で登記された中国⁠企業による香港でのＩＰＯを制限し​ていると報じ‌た。

報道によると、中国の規制当局は最近、「レッドチップ」企業、すなわち中⁠国国外で登記されているが、中国国⁠内に資産や事業を保有する企業によるＩＰＯ申請を控⁠えるよう促しているという。

ブルームバーグによると、‌中⁠国当局はオフショア市場での中国企​業の株式売却について監視強化を目指している。",[],[]
フィリピン、南シナ海全域に対する中国の主権主張を拒否（ロイター）,https://news.yahoo.co.jp/articles/cb255054172cff039cd17e0e3ddabc146f7d159c,https://newsatcl-pctr.c.yimg.jp/t/amd-img/20260317-00000095-reut-000-1-view.jpg?exp=10800,2026-03-17T14:38:48+09:00,2026-03-17T14:38:48+09:00,ロイター,reut,ロイター,680,"フィリピンは１６日、南シナ海全域に対する中国の主権主張を拒否すると表明し、スカボロー礁がフィリピンの領土ではないとフィリピン人外交官がかつて認めたという中国大使館の主張に異議を唱えた。写真は２月、ティトゥ島で撮影（２０２６年　ロイター／Karen Lema）
[マニラ １６日 ロイター] -     フィリピンは１６日、南シナ海全域に対する中国の主権主張を拒否‌すると表明し、スカボロー礁がフィリピ⁠ンの領土ではないとフィリピン人外交官がかつて認めたという中国大使館の​主張に異議を唱えた。

フィリピン外務省の報道官は記者会見で「中国に対し、‌海洋・領土の主張は、一方的な宣言やソーシャルメディアへの投稿ではなく、‌確立された国際法的手‌続きや紛争解決メカニズム​に従うべきであることを改めて指摘しなければな‌らない」とした上で、フィリピンはスカボロー礁および南沙諸‌島（スプラトリー​諸島）内のフィリピンが実効支配す‌る島々に対し「分割不能かつ疑いようのない、長年に⁠わたる主権」を有していると述べた。

在マニラ中国大使館は１７日、中国は南シナ海全域を自国の領土として主⁠張したことはないと説明。「フ​ィリピンが中‌国の立場を意図的に歪曲することは建設的ではなく、何の根拠もない」とした。

フィリピンと⁠中国はともにスカボロー礁の領有権を主⁠張している。

今回の問題の発端は、中国大使館による週末⁠のソーシャルメディアへの投稿。投稿によると、元フ‌ィリ⁠ピン大使がドイツのラジオ局に対し、スカボ​ロー礁はフィリピンの領土に含まれないと語ったという。",[],[]
イラン戦争警戒の債券投資家、ＦＯＭＣ前にリスク回避（ロイター）,https://news.yahoo.co.jp/articles/619f3e92293ed6ded8fc6d61d80b62008d1f6fe4,https://newsatcl-pctr.c.yimg.jp/t/amd-img/20260317-00000094-reut-000-1-view.jpg?exp=10800,2026-03-17T14:32:04+09:00,2026-03-17T14:32:04+09:00,ロイター,reut,ロイター,1636,"債券投資家たちは中東で戦争が起き市場に新たなリスクをもたらして以来防御的な姿勢に転じている。１８日の米連邦公開市場委員会（ＦＯＭＣ）の政策決定を前に、米短期国債の保有を増やしている投資家が多い。写真は１６日、ニューヨーク証券取引所で撮影（２０２６年　ロイター／Brendan McDermid）
Gertrude Chavez-Dreyfuss

[ニューヨーク １６日 ロイター] -     債券投資家たちは中東で戦争が起き市場に新たなリスクをもたらして以来防御的な姿勢に転じている。１８日の米連邦公開市場委員会（ＦＯＭＣ）の政策決定を前に、米短期国‌債の保有を増やしている投資家が多い。

ＦＯＭＣは政策金利を３．５０―３．７５％の範囲で据え置くと広く見込まれている。⁠政策立案者たちはイラン戦争が物価の安定と雇用の最大化という米連邦準備理事会（ＦＲＢ）の二つの責務にどのような影響を与えるか見極めている。

多くの投資家は警戒感を高めているが、紛争が短期間で終わ​って収束し、原油高のインフレに対する影響が限定的にとどまるだろうと依然として考えている。一部の投資家は、消費者物価が安定すれば年内の利下げの余地が生じ、米国債市‌場全体とより広範な債券市場に活気づく可能性があるだろうと見ている。

しかしながら今のところは、ポートフォリオ・マネジャーによると地政学的な緊張、根強いインフレ、弱まりつつある労働市場が相まって、ＦＲＢの‌政策決定の方向性を見えにくくしている。こうし‌た不確実性からまた、どのように紛争が推移しＦＲＢが対応するのかこれまでよりも​明確になるまで、一部の投資家たちの間では長期債の保有を避ける動きが広がっている。

「投資家はより慎重なポジションを‌取っており、債券市場のよりリスクの高い部分を避けている」とトゥエンティフォー・アセット・マネジメントのポートフォリオマネジャーのダニー・‌ザイド氏は語った。

ＪＰモルガンの最新調査によると、​積極的に取引をしている顧客の米国債の売り持ちポジションが２月初旬以来の最高水準‌に達しており、これは金利リスクを抑えようとする動きだ。

米２年債利回りは３月に入って、中央銀行が原油高のインフレ上昇圧力のために利下げ⁠できないのではないかという不安を反映して、３１ベーシスポイント（ｂｐ）上昇し、２０２４年１０月以来の大幅な月間上昇幅となっている。

＜転換点＞

「エネルギー主導のインフレがもたらす物価上昇が消費者支出を減少させ始める、需要破壊となる転換点が存在する」とフィラデルフィアのハート⁠ル・キャラハンで寄付金や慈善団体の資産を管理するブラッド・コンジャー​最高投資責任者（ＣＩＯ）は述べた。

「戦争が早‌期に終結しようと、あるいは長期化しようと、米国債は景気減速に対するヘッジになる」という。

米金利先物市場は投資家がＦＲＢの年内の利下げを期待する様子をほぼ示さなくなった。ＬＳＥＧの推計によると、市場は現在、わずか２４ｂｐｓの緩和しか織り込んでおら⁠ず、戦争が始まる前の５５ｂｐｓから低下している。

金利がどこへ向かうのかという議論は、ＦＲＢが１８日に「ドット・プロット」とし⁠て知られる金利見通しを含む経済予測の概要を発表する際により鮮明になるだろう。

ＦＲＢが昨年１２月のＦＯＭＣで利下げし、政策金利を現在の３．５０―３．７５％の範囲に決定した⁠際の「ドット」は、年内にあと１回の２５ｂｐの緩和を示していた。景気を抑制も加速もしない中立金利の推定中央値は３％のままだった。

イラン紛争が依然として‌激化している⁠状況で、投資家たちは全体的にＦＲＢが今回のＦＯＭＣで指針を大きく変更すると見込んでいない。

ニューバーガー・バーマ​ンの米金利チームの責任者であるオルミデ・オウォラビ氏は「現時点で次のステップを判断するのは誰にも分からない賭けのようなものだ」と語った。",[],[]
オスカー獲得のショーン・ペンさんがキーウ訪問、前日の授賞式欠席（ロイター）,https://news.yahoo.co.jp/articles/31b46cfec431b770d591d0ba2423f82137ab9729,https://newsatcl-pctr.c.yimg.jp/t/amd-img/20260317-00000093-reut-000-1-view.jpg?exp=10800,2026-03-17T14:24:09+09:00,2026-03-17T14:24:09+09:00,ロイター,reut,ロイター,585,"米俳優ショーン・ペンさんが１６日、ウクライナの首都キーウに列車で到着した。ウクライナの国営鉄道がホームに降り立つペンさんの動画を投稿した。ロンドンで昨年９月撮影（２０２６年　ロイター/Katie Collins）
[キーウ １６日 ロイター] -     米俳優ショーン・ペンさん（６５）が１６日、ウクライナの首‌都キーウに列車で到着した。ウ⁠クライナの国営鉄道がホームに降り立つペンさんの動画を投稿した。

ペ​ンさんは前日にハリウッドで開かれた米アカデミー賞授賞‌式を欠席。作品賞などを受賞した「ワン・バトル・アフター・アナ‌ザー」の演技で助‌演男優賞を獲得し、自​身３度目となるオスカーに輝いた。

ウクライナ国営鉄‌道はフェイスブックに「公式に発表する。ショー‌ン・ペンはオ​スカーよりウクライナを選んだ！」‌と投稿。ぎりぎりまで渡航を秘密にしていた⁠と説明した。

ゼレンスキー大統領も大統領府でＴシャツにジーンズ姿のペンさんと面会する写⁠真を投稿。「ショーン、あ​なたのおかげ‌で、われわれはウクライナの真の友人がどういう人かを分かっている」「あ⁠なたは本格侵攻が始まった初日から⁠ウクライナとともに立っていてくれた。それ⁠はきょうも変わらない」と書き込んだ。

ペンさん‌はロ⁠シアの侵攻を受けたウクライナを支​援し、これまでに繰り返し同国を訪問している。",[],[]
ＥＢＲＤ、イラン情勢で苦境の加盟国企業向け支援検討＝総裁（ロイター）,https://news.yahoo.co.jp/articles/8298afdbc86f423506526864c1d09d23b91d7e62,https://newsatcl-pctr.c.yimg.jp/t/amd-img/20260317-00000092-reut-000-1-view.jpg?exp=10800,2026-03-17T14:21:38+09:00,2026-03-17T14:21:38+09:00,ロイター,reut,ロイター,905,"欧州復興開発銀行（ＥＢＲＤ）のオディール・ルノーバッソ総裁（写真）はロイターのインタビューに応じ、イラン情勢がエネルギーや食料、金融セクターに及ぼす悪影響を、加盟国の企業が乗り切るのを支援するための措置を検討中だと明らかにした。写真は５日、トルコのイスタンブールで撮影（２０２６年　ロイター／Murad Sezer）
Libby George　Karin Strohecker

[ロンドン １６日 ロイター] -     欧州復興開発銀行（ＥＢＲＤ）のオディール・ルノーバッソ総裁はロイターのインタビュ‌ーに応じ、イラン情勢がエネルギーや食料、⁠金融セクターに及ぼす悪影響を、加盟国の企業が乗り切るのを支援するための措置を検討中だと明​らかにした。

米国・イスラエルとイランの戦闘は３週間目に突入し、原油価格が一時１バレル＝１００ドル超に跳ね‌上がったほか、入手できる肥料や食品、その他製品が制限され、ホルムズ海峡の事実上の封鎖や空路の‌迂回といった事態が生じて‌いる。

こうした中でルノーバッソ氏は「最も​明確な影響を受ける国の取引先を支えるため、既にわれわれが‌できることに目を向けつつある」と語った。

具体的には企業のエネルギー購入や‌肥料調達、エジプト、​ヨルダン、レバノンなどの観光業の事業継続‌を手助けする可能性が挙げられるという。

ルノーバッソ氏は「これは新⁠たなショックで、ショックに対処できるように支援を提供する準備を整える必要がある」と強調した。

またルノーバッソ氏は、ＥＢＲＤとして⁠ペルシャ湾岸諸国で働くエジプトやヨル​ダンの人々の本国送金‌が落ち込む可能性などを懸念しているほか、不確実性やエネルギー高騰のせいで遅れたり中止になったりしたプロジ⁠ェクトがないか見守っていると述べた。

ルノーバッソ⁠氏は、イランでの戦闘は、エネルギー高騰を通じてロシアの国庫を⁠潤す一方、ウクライナ財政を悪化させる以上、ウクライナのためにもな‌らな⁠いとの見方を示した。

ＥＢＲＤは東欧や中央アジア、中東、アフリ​カなどの約４０カ国における民間セクターの開発プロジェクトを促進している。",[],[]
ＥＢＲＤ、イラン情勢で苦境の加盟国企業向け支援検討＝総裁（ロイター）,https://news.yahoo.co.jp/articles/5ba11e0b0c4f4b392e11af1abc311a5a89c51d3a,https://newsatcl-pctr.c.yimg.jp/t/amd-img/20260317-00000091-reut-000-1-view.jpg?exp=10800,2026-03-17T14:21:38+09:00,2026-03-17T14:21:38+09:00,ロイター,reut,ロイター,905,"欧州復興開発銀行（ＥＢＲＤ）のオディール・ルノーバッソ総裁（写真）はロイターのインタビューに応じ、イラン情勢がエネルギーや食料、金融セクターに及ぼす悪影響を、加盟国の企業が乗り切るのを支援するための措置を検討中だと明らかにした。写真は５日、トルコのイスタンブールで撮影（２０２６年　ロイター／Murad Sezer）
Libby George　Karin Strohecker

[ロンドン １６日 ロイター] -     欧州復興開発銀行（ＥＢＲＤ）のオディール・ルノーバッソ総裁はロイターのインタビュ‌ーに応じ、イラン情勢がエネルギーや食料、⁠金融セクターに及ぼす悪影響を、加盟国の企業が乗り切るのを支援するための措置を検討中だと明​らかにした。

米国・イスラエルとイランの戦闘は３週間目に突入し、原油価格が一時１バレル＝１００ドル超に跳ね‌上がったほか、入手できる肥料や食品、その他製品が制限され、ホルムズ海峡の事実上の封鎖や空路の‌迂回といった事態が生じて‌いる。

こうした中でルノーバッソ氏は「最も​明確な影響を受ける国の取引先を支えるため、既にわれわれが‌できることに目を向けつつある」と語った。

具体的には企業のエネルギー購入や‌肥料調達、エジプト、​ヨルダン、レバノンなどの観光業の事業継続‌を手助けする可能性が挙げられるという。

ルノーバッソ氏は「これは新⁠たなショックで、ショックに対処できるように支援を提供する準備を整える必要がある」と強調した。

またルノーバッソ氏は、ＥＢＲＤとして⁠ペルシャ湾岸諸国で働くエジプトやヨル​ダンの人々の本国送金‌が落ち込む可能性などを懸念しているほか、不確実性やエネルギー高騰のせいで遅れたり中止になったりしたプロジ⁠ェクトがないか見守っていると述べた。

ルノーバッソ⁠氏は、イランでの戦闘は、エネルギー高騰を通じてロシアの国庫を⁠潤す一方、ウクライナ財政を悪化させる以上、ウクライナのためにもな‌らな⁠いとの見方を示した。

ＥＢＲＤは東欧や中央アジア、中東、アフリ​カなどの約４０カ国における民間セクターの開発プロジェクトを促進している。",[],[]
タイ、ロシア産原油の購入検討　交渉進行中＝副首相（ロイター）,https://news.yahoo.co.jp/articles/5815b09d88ea907277fe8f93a8808730bde123ae,https://newsatcl-pctr.c.yimg.jp/t/amd-img/default.jpg?exp=10800,2026-03-17T14:11:59+09:00,2026-03-17T14:11:59+09:00,ロイター,reut,ロイター,324,"[バンコク １７日 ロイター] -     タイ政府は原油‌購入の可能性につ⁠いてロシア政府と協議した。ピパッ​ト副首相が１７日、記者団に明らかにし‌た。

タイの外相が１６日に欧州で行われた会合で‌ロシア産原油‌の購入につい​て協議し、交渉が進行‌中という。

ピパット氏はまた、‌国内ディ​ーゼル燃料価格の上限‌を１リットル当たり３３バーツ（１．０２ド⁠ル）に抑えるよう努めると述べた。

タイの石油備⁠蓄は９６日分あり、１７日中に​燃料価格‌について協議する予定だとした。

同国の石油基金⁠は現在１２０億バーツ（３億７０３７万ドル）⁠以上の赤字を抱えており、⁠政府は赤字額が４００億バーツを‌超え⁠ないようにするこ​とを議論しているという。",[],[]
再送自民がイラン情勢会議開催、エネルギー供給に懸念　艦船派遣には温度差（ロイター）,https://news.yahoo.co.jp/articles/a041a44b888a4b7ba0c289f82d0075d5b36f4884,https://newsatcl-pctr.c.yimg.jp/t/amd-img/20260317-00000089-reut-000-4-view.jpg?exp=10800,2026-03-17T14:10:09+09:00,2026-03-17T16:43:57+09:00,ロイター,reut,ロイター,1162,"３月１７日、自民党は、イラン情勢の悪化を踏まえ関係合同会議を開催し、小林鷹之政調会長（写真）は、事態の早期鎮静化のため日本の外交努力でできることや国際連携の在り方について「いかなるオプション（選択枝）があり得るのか議論したい」と述べた。２０２４年９月撮影（２０２６年　ロイター／Takashi Aoyama）
(文中の表現を微修正します)

Yoshifumi Takemoto　Tamiyuki  Kihara

［東京　１７日　ロイター］ - 自民党は１７日、イラン情勢の悪化を踏まえ関係合同会議を開催した。出席議員らによると、‌事態長期化によるエネルギー供給減への懸念が相次いだ。ト⁠ランプ米大統領が呼びかけているホルムズ海峡への艦船派遣については意見に温度差が見られた。

出席した小野寺五典・税制調査会長（元防衛相）​は、トランプ大統領が日本などに呼びかけているホルムズ海峡への艦船派遣に関し、「調査・研究のミッションでは難しい」‌と述べ、日本の協力は停戦後に限定されるべきと記者団に話した。

小野寺氏は現状について、日本と密接な関係のある他国が攻撃を受け日本の存立が脅‌かされる「存立危機事態」でも米軍‌などへの後方支援活動が可能となる「重要影響事態」​でもないと指摘し、自衛隊の艦船派遣は難しいとの見解を表明した。

これに対して鈴木宗男参‌院議員は、仮に中国が艦船を派遣すれば日本の立場は非常に悪くなるとして、訪米する高市早苗首相がトランプ‌大統領の派遣要請を「受け止め​る。専門家で協議する」と表明すべきとの見方を示した。

   会‌議の冒頭では、小林鷹之政調会長が、事態の早期沈静化のため日本の外交努力でできることや国際⁠連携の在り方について「いかなるオプション（選択枝）があり得るのか議論したい」と述べた。事態が長期化した場合は、国民生活を守るため「最悪のシナリオを考える必要があ⁠る」とも指摘した。

  小野寺氏によると出席者からは、石油輸入​が途絶する可能性への‌懸念や、高市首相に対し訪米時に日本の立場を説明してほしいなどの声が相次いだという。

鈴木氏も、エネルギーの安定供給を懸念する声が多かったと語り、ロシアからのエ⁠ネルギー輸入を増やすだけで安心感は全く異なるとの見解を示した。

前⁠回１２日の同会議では、石油や液化天然ガス（ＬＮＧ）等の「量」と「価格」の両面で取り組むエネルギー⁠安定供給の確保や海上輸送途絶対策の緊急提言をとりまとめ、翌日高市早苗首相に手渡した。

１７日の会議‌では外務、防⁠衛、経済産業、国土交通の各省からイラン情勢の現状について説明があ​った。経産省提出資料には、２─６月にＬＮＧ価格が上昇すれば夏場の電気・ガス料金が上昇するシナリオなどが記されている。",[],[]
ベトナムＥＶビンファスト、第4四半期は赤字拡大　米工場建設再開へ（ロイター）,https://news.yahoo.co.jp/articles/bfd6e8d56a93e2f39e198e622debed2fc5fc9e58,https://newsatcl-pctr.c.yimg.jp/t/amd-img/20260317-00000088-reut-000-1-view.jpg?exp=10800,2026-03-17T14:06:09+09:00,2026-03-17T14:06:09+09:00,ロイター,reut,ロイター,806,"ベトナムの電気自動車（ＥＶ）メーカー、ビンファストが１６日発表した２０２５年第４・四半期決算は、純損益が３５兆２０００億ドン（１３億４０００万ドル）の赤字となり、赤字幅は前年同期比４６．５％拡大した。写真はビンファストのＥＶタクシー。ハノイで昨年８月撮影（２０２６年　ロイター／Athit Perawongmetha）
Phuong Nguyen　Zaheer Kachwala

[１６日 ロイター] -     ベトナムの電気自動車（ＥＶ）メーカー、ビンファスト‌が１６日発表した２０２５年第４・四半期決算は、純損益⁠が３５兆２０００億ドン（１３億４０００万ドル）の赤字となり、赤字幅は前年同期比４６．５％拡大した。計画中の米南部​ノースカロライナ州工場に関連する減損処理が響いた。

赤字額は前期比‌でも１５％増加した。損失のうち２億３５６０万ドルは、同工場の資産価値見直しに伴うもの。

レ・テ‌ィ・トゥ・トゥイ会長‌は投資家向け説明会で「米​市場には全力を注いでおり、準備を水面下で‌進めてきた」とし、２０２８年のソフトローンチ（試験的な稼働開始）‌を目指すとした。​同社は２４年に、ＥＶ市場の先行き不透明を理由‌に同工場の建設を延期していた。

一方、ベトナム国内⁠の需要は堅調だ。ビンファストの第４・四半期のＥＶ納車台数は８万６５５７台と、前期比で１２７％、前年同期比で６３％それぞれ増え⁠た。このうち約８０％を国内向けが​占めた。また、‌電動二輪車の納車台数は前年同期比４５０％増の約１７万２０００台に達した。今年半ばからハノイ市中心部でガ⁠ソリン二輪車の乗り入れが禁止され⁠ることが背景にある。

今年は世界で少なくとも３０万台の納車⁠を目指すほか、二輪車の納入台数を２５年比２．５倍に引き上げる‌目標⁠を掲げ、インド、インドネシア、マレー​シア、タイ、フィリピンなどの市場に狙いを定めている。",[],[]
中国のＪＤドットコム、欧州でオンライン通販サイト立ち上げ（ロイター）,https://news.yahoo.co.jp/articles/aad5cc0672c3265853a3f19ed8755abf21e7536c,https://newsatcl-pctr.c.yimg.jp/t/amd-img/20260317-00000087-reut-000-1-view.jpg?exp=10800,2026-03-17T13:59:43+09:00,2026-03-17T13:59:43+09:00,ロイター,reut,ロイター,570,"ＪＤドットコムのロゴ。2025年2月11日撮影。REUTERS/Dado Ruvic/Illustration/File Photo
James Davey　Helen Reid

[ロンドン １６日 ロイター] - 中国ネット通販大手の京東集団（ＪＤドットコ‌ム）は１６日、欧州の英国とドイツ、⁠フランス、オランダ、ベルギー、ルクセンブルクの各国でオ​ンライン通販サイト「Joybuy（ジョイバイ）」を立ち上げた。

京東集‌団は中国国内で激しい競争や、消費者の購買意欲低下に直面してい‌る中で、経営多角‌化の一環として事業の​国際化を進めている。中国発のオンライ‌ン通販サイトのＳＨＥＩＮ（シーイン）やＴｅｍｕ（テム）な‌どの台頭に直面し​ている米アマゾン・ドット‌・コムは、京東集団の欧州進出で圧力が⁠さらに強まりそうだ。

ジョイバイはウェブサイトとアプリでハイテク製品、家電、美⁠容、家庭用品、食品など計１０万点​を超える‌商品を販売する。取り扱うブランドはアップル、サムスン、ソニー、フィリ⁠ップスなど。また、ロレア⁠ル、ブラウン、デロンギ、ＢＲＩＴＡ、ボダムといったブ⁠ランドの専用ストアも設ける。

ＪＤドットコムは昨年、‌ド⁠イツの家電量販セコノミーを２２億​ユーロ（約２５億２０００万ドル）で買収することで合意していた。",[],[]
イラン情勢で化石燃料依存リスク証明、脱炭素加速を＝ＵＮＦＣＣＣトップ（ロイター）,https://news.yahoo.co.jp/articles/33041b49bdc05e3f403b7fa4ebc6de87ba84f4f9,https://newsatcl-pctr.c.yimg.jp/t/amd-img/20260317-00000086-reut-000-1-view.jpg?exp=10800,2026-03-17T13:55:41+09:00,2026-03-17T13:55:41+09:00,ロイター,reut,ロイター,598,"ベルギーのドローゲンボスにあるガスタービン発電所の煙突。2024年1月16日撮影。REUTERS/Yves Herman/File Photo
Kate Abnett

[ブリュッセル １６日 ロイター] - 国連気候変動枠組み条約（ＵＮＦＣＣＣ）のサイモン‌・スティール事務局長は１６日にロ⁠イターに対し、米国・イスラエルによるイラン攻撃に起因するエネルギ​ー市場の混乱は化石燃料に頼る危険性を学ぶ教訓であり、‌各国政府は脱石油・ガスの取り組みをより迅速に進めるべきだと訴えた。

ス‌ティール氏は「エ‌ネルギー移行を加速させ、​経済を縛り付けてきた（化石燃料との）‌依存関係を断ちきる時があるとすれば、まさに今だ」‌と語り、戦争​によるエネルギー価格高騰は石‌油・ガス輸入への依存が国家の安全保障と政⁠活費にどれほど脅威を与えるかを証明したと付け加えた。

さらに「これらのリスクは今や⁠誰の目にも明らかで、足元​で燃え広がっ‌ている」と強調した。

今年は１１月にトルコで第３１回国連気候変動枠組み条約締約国会議（ＣＯＰ３１）が開⁠催される。

トルコは１２日、イランから⁠飛来した３発目のミサイルを北大西洋条約機構（ＮＡＴＯ）の⁠防空システムが迎撃したと発表した。スティール‌氏は、ＵＮＦＣＣＣ事⁠務局は安全保障リスクを注視してい​るものの、現時点でＣＯＰ３１を巡る変更はないとしている。",[],[]
英、鉄鋼輸入関税を2倍の50％に　国内産業保護の一環＝報道（ロイター）,https://news.yahoo.co.jp/articles/102be0b0f64d165c29ec365a05c192f65cce1731,https://newsatcl-pctr.c.yimg.jp/t/amd-img/20260317-00000085-reut-000-1-view.jpg?exp=10800,2026-03-17T13:51:55+09:00,2026-03-17T13:51:55+09:00,ロイター,reut,ロイター,452,"2025年4月17日、英リンカンシャー州スカンソープの工場で撮影。代表写真。REUTERS
[ロンドン １６日 ロイター] - 英国政府は鉄鋼輸入関税を２倍に‌引き上げる計画だと、１６日付のポ⁠リティコが報じた。苦境に立たされている国内鉄​鋼産業を保護する広範な戦略の一環という。

事情に詳‌しい関係者２人の発言として、政府は多くの海外製品‌の輸入割当を縮小‌する一方、割当量​を超える品目に対する関税を５０％に引‌き上げる見込みと伝えた。１９日に発表される予‌定だという。

この​措置が導入されれば、英国‌は欧州連合（ＥＵ）や米国とおおむ⁠ね足並みをそろえることになる。

政府報道官は鉄鋼戦略を近く発表する⁠と述べ、国内の鉄​鋼生産と‌鉄鋼関連雇用の持続可能な将来への取り組みは非常に明確だと⁠説明した。

２０２４年時点で、鉄鋼部門⁠は３万７０００人の雇用を支え、経済生産の０．１％を占めた⁠が、業界はエネルギーコスト高騰の‌ほか、⁠中国を中心とする安価な​輸入品との激しい競争に苦戦している。",[],[]
スイス政府、人口制限巡る国民投票で反対票促す「経済への脅威」（ロイター）,https://news.yahoo.co.jp/articles/65a93c3518d220bb2bf3009888922e661f207739,https://newsatcl-pctr.c.yimg.jp/t/amd-img/20260317-00000084-reut-000-1-view.jpg?exp=10800,2026-03-17T13:47:17+09:00,2026-03-17T13:47:17+09:00,ロイター,reut,ロイター,539,"2024年3月13日、スイスのジュネーブで撮影。REUTERS/Denis Balibouse
[チューリヒ １６日 ロイター] - ２０５０年まで国の人口を１千万人未満に制限する案の是‌非を問うスイスの国民投票につ⁠いて、同国政府は１６日、有権者に反対票を投じるよう促した。欧州連合（ＥＵ）​との協力関係に支障をきたすほか、経済に悪影響を及ぼすこ‌とを理由に挙げている。

この提案は右派の国民党が支持。人口を制限す‌るとともに、人の‌移動の自由を認めているＥＵと​の協定を破棄するべきだとしている。投‌票は６月１４日に行われる。

スイスは主な貿易相手であるＥＵへの市場アクセス‌を守るため、​関係深化に動いているさなかだ。‌ただ、提案の支持者は、過度の移民流入が⁠住宅不足や家賃高騰を招き、公共インフラを過度に圧迫していると主張。国民党はＥＵと⁠の関係緊密化がスイスに過​剰な規制を課‌し、主権を脅かすとしている。

一方、ヤンス司法警察相も同日、提案に反対を表⁠明。州政府や労働組合、雇用主の代⁠表者も、雇用市場や企業にマイナスになると⁠して反対の意向を示した。政府は、安全保障や移‌民に⁠関して他の欧州諸国と協力する上で、​こうした措置が足かせになるとの考えも示した。",[],[]
英消費者信頼感、25年1月以来の低水準　中東紛争懸念で＝Ｓ＆Ｐ（ロイター）,https://news.yahoo.co.jp/articles/b3e48592bed9b6069eb43163ae0b2a3d0afd8f7c,https://newsatcl-pctr.c.yimg.jp/t/amd-img/default.jpg?exp=10800,2026-03-17T13:45:21+09:00,2026-03-17T13:45:21+09:00,ロイター,reut,ロイター,461,"[ロンドン １６日 ロイター] - Ｓ＆Ｐグローバルが１６日に発表した３月の英消費者信‌頼感指数は４４．１と、２月の４４．８から低下し、２０２５年１月以来の⁠低水準を記録した。中東紛争が経済に及ぼす潜在的な影響​を示す初期の兆候となる。

調査は３月５─９日に実施された。

Ｓ＆Ｐグロー‌バル・マーケット・インテリジェンスのエコノミスト、マ‌リアム・バル‌ーチ氏は、「３月の消費者心理​の著しい悪化は、中東での戦争が英‌国経済に打撃を与えていることを示す最初の‌具体的な兆候​だ」と述べた。

家計の見通しは２３年１２月‌以降で最も悲観的となり、高額商品⁠の購入に対する慎重さは１年２カ月ぶりの高水準だった。

イングランド銀行（英中央⁠銀行）や民間エコノミ​ストらは、‌世界的なエネルギー価格の上昇がインフレを押し上げる恐れがあ⁠る中、米国とイスラエルの⁠対イラン戦争が経済に与える影響、特に⁠個人消費にどのような打撃を及ぼすかを‌注視⁠している。

英中銀は１９日の会合で予想​されていた利下げを見送る可能性が高い。",[],[]
ＮＢＡ＝レーカーズ6連勝、八村6得点　ブルズ河村は5得点（ロイター）,https://news.yahoo.co.jp/articles/4dac9d19b5771c872a801e6610869ce595099276,https://newsatcl-pctr.c.yimg.jp/t/amd-img/20260317-00000082-reut-000-1-view.jpg?exp=10800,2026-03-17T13:39:22+09:00,2026-03-17T13:39:22+09:00,ロイター,reut,ロイター,437,"ＮＢＡは１６日、各地で試合を行い、八村塁が所属する西地区３位のレーカーズは同４位のロケッツを１００─９２で下し、連勝を６に伸ばした。写真中央はレーカーズのレブロン・ジェームズ（２０２６年　ロイター/Imagn Images）
［１６日　ロイター］ -     米プロバスケットボー‌ル協会（ＮＢＡ）は１６日、各⁠地で試合を行い、八村塁が所属​する西地区３位のレーカーズは同４位の‌ロケッツを１００─９２で下し、連勝を６に伸ば‌した。

ベンチ‌から出場の八​村は２３分間のプレーで６得点３リ‌バウンド、１スチール。レーカーズ‌はル​カ・ドンチッチが３６得点、‌レブロン・ジェーム⁠ズが１８得点で勝利に貢献した。

ブルズの河村勇⁠輝はグリズリ​ーズ戦に‌途中出場で約１２分間プレー。５得点１リバウンド２アシ⁠ストをマークした。⁠ブルズは１３２─１０７で快勝した。

ホー⁠クスはマジックを１２４─１１２で破っ‌て１０連⁠勝。セルティック​スはサンズを１２０─１１２で下した。",[],[]
キューバ、亡命者の投資解禁へ　米国との協議開始で政策転換（ロイター）,https://news.yahoo.co.jp/articles/4935ca2de65b8311875f1efa2e03858435a9fd3d,https://newsatcl-pctr.c.yimg.jp/t/amd-img/20260317-00000081-reut-000-1-view.jpg?exp=10800,2026-03-17T13:25:20+09:00,2026-03-17T13:25:20+09:00,ロイター,reut,ロイター,1023,"2025年11月25日、ペレスオリバ・フラガ対外投資大臣（当時）が、ハバナで開催された第41回ハバナ国際見本市（FIHAV）で演説を行う様子（２０２６年　ロイター/Norlys Perez）
Daniel Trotta　Dave Sherwood

[ハバナ １６日 ロイター] - キューバ政府は１６日、米国在住のキューバ系住民やその他の海外亡命者に対し、国内企業への投資や事業所‌有を認める方針を示した。

これまで亡命コミュニティーは共産⁠党政権に対する厳しい経済制裁を支持してきた経緯がある。

キューバ政府はまた、米企業を含む外国企業の投資に対する障害の撤廃も進め​る方針を示した。ただ、米国が長年の制裁措置として実施している経済封鎖により、米国法の下では依然として貿易‌や投資が制限されていると指摘した。

キューバのペレスオリバ・フラガ副首相は国営テレビのインタビューで「制限はない」と述べた。

キューバは‌崩壊状態にある国内経済の立て‌直しを急いでいる。米国による石油封鎖や制裁の影響​で、停電の長期化や燃料、食料、医薬品の不足が深刻化している。

今回の政策転換は、‌キューバが米国との協議を開始したと認めてから数日後に示された。米政府当局者は、両国合意の一‌環としてキューバ経済の開放を​求める意向を示している。

キューバ国内に居住する国民は２０２１年か‌ら民間事業の開業・運営が認められているが、海外在住の国民は対象外だった。

オーガスタ大⁠学の経済学者パオロ・スパドーニ氏は「米キューバ間の経済関係を深めるきっかけになり得るが、依然として大きな障害は残る」とした上で「たとえそうであっても、将⁠来的に大きな意味を持ち得る重要な第一歩だ」と​述べた。

ペレスオリバ・フラガ‌氏は、事業規模によっては海外在住のキューバ人が「国の発展のさまざまな分野に全面的に参加できる」と説明。さらに「キューバは海外に住むキューバ人⁠コミュニティーからの投資を歓迎すると繰り返し表明してきた。⁠小規模事業だけを指しているのではない。より大きなプロジェクトへの投資の可能性も⁠含んでいる」と述べた。特に農業分野への投資を期待しているという。

トランプ米大統領は１６日、‌キュー⁠バに対する強硬な発言をエスカレートさせ、「何らかの形でキュー​バを掌握する栄誉」を得ることを期待していると述べ、同国に対して「私は何でもできる」と表明した。",[],[]
米連邦地裁、ケネディ厚生長官のワクチン政策変更差し止め（ロイター）,https://news.yahoo.co.jp/articles/100beebf2ec300772f4612d58b5256348f1e247c,https://newsatcl-pctr.c.yimg.jp/t/amd-img/20260317-00000080-reut-000-1-view.jpg?exp=10800,2026-03-17T13:21:03+09:00,2026-03-17T13:21:03+09:00,ロイター,reut,ロイター,941,"2025年10月2日、米ペンシルベニア州の薬局で、1歳の乳児がモデルナ社のCOVID-19ワクチンの接種を受ける様子（２０２６年　ロイター/Hannah Beier）
Nate Raymond　Ahmed Aboulenein　Leah Douglas

[ボストン １６日 ロイター] - 米東部マサチューセッツ州ボストンの連邦地裁は１６日、推奨される小児向け予防摂取回数‌の削減などケネディ厚生長官が進めている米ワクチン⁠政策の変更について、差し止めを命じる判決を下した。

また連邦地裁は、ケネディ氏が指名した米疾病対策センター（ＣＤＣ）ワ​クチン諮問委員会の委員１３人の人事についても、合法的に人選が行われなかったとして無効とする判断を示し‌た。

この裁判は、従来のワクチン政策を変更するケネディ氏の方針を厚生当局が実行したのは違法であり、政策変更によって‌ワクチンの摂取率が低下し‌て国民の健康が害されるとして、米国小児科​学会（ＡＡＰ）などの医療団体が起こした。

連邦地裁の判決を受け、ＣＤＣワクチン諮問委が１８日に予定して‌いた会合は延期されることになった。

連邦地裁の判決は、ケネディ氏が推進していた小児向け‌予防接種回数削減計画に大​きな打撃となった。長期にわたってワクチン懐疑‌派として活動してきたケネディ氏は昨年、トランプ大統領に指名されて厚生長官⁠に就任した。トランプ政権は連邦地裁の判決を不服として控訴するとみられる。

連邦地裁のブライアン・マーフィー判事は、米国は何十年にもわたって⁠疾病の撲滅と抑制に重点的に取り組んできたと指​摘。この取り組み‌は「手続き上の要件を経て法制化された科学的手法」を通じて展開されてきたと付け加えた。

その上でマーフィー氏は、ケネディ氏の下で政府⁠は「これらの手法を無視し、行動の信頼性を損なった」と⁠述べた。

原告の弁護士、リチャード・ヒューズ氏は記者団に「これは米国のワク⁠チンと公衆衛生のみならず、科学にとっても大きな勝利だ」と述べた。

ホワイトハウスは‌コメント⁠要請に即座には返答しなかった。厚生省のアンドリュー・​ニクソン報道官は、同省は「連邦地裁の判決が覆されるのを心待ちにしている」と話した。",[],[]
ケニア、ウクライナ紛争で国民のロシア軍入隊を阻止へ　大規模な勧誘活動に怒り（ロイター）,https://news.yahoo.co.jp/articles/a0a8a279dbea8650dd3121e5394a8cc8c04f383d,https://newsatcl-pctr.c.yimg.jp/t/amd-img/20260317-00010003-reutv-000-2-thumb.jpg?exp=10800,2026-03-17T13:08:04+09:00,2026-03-17T13:12:08+09:00,ロイター,reut,ロイター,614,"ウクライナ紛争でロシア側として戦うためにケニア人1000人超が勧誘された問題について、ケニア政府は3月16日、ロシア軍への入隊を今後認めないことで両国が合意したと発表した。ロシアによる大規模な勧誘活動は、アフリカ諸国の一部で怒りを買っている。

「ケニア人をロシア軍に入隊させない」。
ケニア政府は、国民がウクライナでロシア側として戦うことは認めないと発表。
ロシアによる大規模な勧誘活動は、アフリカ諸国の一部で怒りを買っている。

ケニアのムダバディ外相はモスクワでロシアのラブロフ外相と会談した後にこの発表を行った。

ムダバディ外相は、両国がこの決定に合意し、支援を必要とするケニア人のため、適切な外交ルートを通じて支援体制を整えると述べた。

「1000人以上のケニア人が――」

ケニア情報機関の報告書によると、1000人以上のケニア人が勧誘されていた。
当局の従来の推定の5倍に上るという。

ケニア側は、数千ドルの月給や多額のボーナスに惹きつけられたとみている。

ロシアのラブロフ外相は、ケニア人は自発的に入隊したと述べた。
ウクライナでどれほどのアフリカ人が戦ったのかは不明だが、ウクライナ政府は、ロシア側に1700人以上がいるとみている。

ロシア国防省はコメントの要請に応じなかった。

ムダバディ氏は16日、ケニアとロシアの関係を称賛。両国はエネルギー、観光、農業で引き続き協力関係を強化できると述べた。",[],[]
ＢｏｆＡ、26年のブレント原油見通し77.5ドルに上方修正（ロイター）,https://news.yahoo.co.jp/articles/fcc7d2bef233fef14418db155005fcd831d63c6c,https://newsatcl-pctr.c.yimg.jp/t/amd-img/20260317-00000079-reut-000-1-view.jpg?exp=10800,2026-03-17T13:03:20+09:00,2026-03-17T13:03:20+09:00,ロイター,reut,ロイター,422,"バンク・オブ・アメリカのロゴ。2017年1月10日、ニューヨークで撮影（２０２６年　ロイター/Stephanie Keith）
[１６日 ロイター] - 米バンク・オブ・アメリカ（ＢｏｆＡ）は１６日、２０２６年‌のブレント原油価⁠格の見通しを、従来の１バレル＝６１ドルから７７．５０ドルに引​き上げた。ホルムズ海峡で続く緊張状態‌を反映した。

同行の商品リサーチチームは、‌今回の見通し‌について、２つの可能​性が等しく存在すると指摘。４月ま‌でに事態が収束し供給が再開さ‌れれば価​格は７０ドル近辺に落ち着くが、‌混乱が第２・四半期まで⁠長引けば８５ドルに向けて上昇すると分析している。

また、中東で⁠の紛争が下半期ま​で長‌期化した場合、価格は「驚異的な」１３０ドルに達する可⁠能性があるとした⁠が、その確率は低いとみている。

戦⁠争が終結すれば、原油市場は再‌び供⁠給過剰に転じ、２０２７年には６５ドル​まで下落すると予測している。",[],[]
豪中銀、連続利上げ僅差で決定　方向性の見解は全員一致と総裁説明（ロイター）,https://news.yahoo.co.jp/articles/4595a51f83c828247ee38c8435c2a7e01618ba0d,https://newsatcl-pctr.c.yimg.jp/t/amd-img/20260317-00000078-reut-000-5-view.jpg?exp=10800,2026-03-17T12:49:15+09:00,2026-03-17T16:27:46+09:00,ロイター,reut,ロイター,1363,"2018年2月6日、オーストラリア準備銀行本部ビルの前（２０２６年　ロイター/Daniel Munoz）
Stella Qiu　Wayne Cole

[シドニー １７日 ロイター] - オーストラリア準備銀行（ＲＢＡ、中央銀行）は１７日、政策金利を２５ベーシスポイント（ｂｐ）引き上げて４．１０％とした。インフレ抑制には借り入れコストの引き上げが必要‌と判断し、２カ月連続で利上げを決めた。

ただ、採決では５人が利上げに賛成したのに対し、４人が反⁠対。投票結果の公表が始まって以来最も僅差での決定となった。

ブロック総裁は政策決定後の記者会見で、票の割れは方向性ではなくタイミングを反映したものであり、追加の引き締めが​必要であるという点では全ての理事会メンバーが一致したと強調。さらなるデータと中東情勢の明確化を待つため、「５月まで据え置くべきかどうかについて過去２日間‌にわたり非常に活発な議論が行われた」と説明した。

「理事会は政策金利を引き上げることが正しい判断であると決定した。もし行動を起こさなければ、こうした物価上昇圧力は広がり、‌最終的な調整はより困難なものとなるだろう」‌と述べた。

総裁が僅差での決定に至った経緯を説明した後、豪ドルは０．２％高と​上昇に転じ、０．７０８８米ドルとなった。３年物国債先物はそれまでの下落幅を縮小し、９５．４１とわずか２ティック安となった。

市場は５月の追加利上げ確率を４０％と見‌込んでおり、８月までに４．３５％へ引き上げられることは完全に織り込まれている。

ウェストパックのチーフエコノミスト、ルーシー・エリス氏は「理事会の‌意見がすでに分かれており、５月の追加利上​げは不確実性が高まっている」と指摘。ただ、総裁の説明を受けて、５月の利上げ予‌想を維持した。

「中東での紛争が依然として続いているかどうか、そして今後どのように展開していくかが極めて重要になる⁠だろう」と述べた。

中東紛争が激化し、原油価格の急騰が世界的なインフレ圧力を再燃させる恐れがある中、今週は主要中央銀行が政策決定を行う「中銀ウィーク」。米連邦準備理事会（ＦＲＢ）や欧州中央銀行（ＥＣＢ）を含む他の中銀は金利を据え置⁠くとの見方が大勢だ。

豪では、インフレ率が２─３％の目標レンジを上回って推移し、労​働市場も依然として過熱状態に‌あることから、市場では利上げ確率が７５％と見込まれていた。国内の主要４銀行はいずれも利上げを予想していた。

理事会は声明で「短期的なインフレ期待の指標はすでに上昇している」とし、「中東紛争により燃料価格が急⁠騰しており、持続すればインフレを加速させる」と指摘。「理事会は、インフレ率が当面⁠の間、目標を上回って推移する可能性が高いと判断した。また、インフレ期待を含め、リスクはさらに上振れ方向に⁠傾いている」と述べた。

キャピタル・エコノミクスのシニアエコノミスト、アビジット・スーリヤ氏は「理事会は最近の地政学情‌勢によって悪⁠い状況がさらに悪化する可能性があることを明らかに懸念している」と指摘。「票が割れたの​は、イラン情勢を巡る不確実性の高さが原因と思われる。なぜなら、紛争はどちらの方向にも大きなリスクをもたらすからだ」と述べた。",[],[]
ＦＲＢ議長の召喚状差し止め判断、政権が見直し求め申し立て（ロイター）,https://news.yahoo.co.jp/articles/3d67eb20e6d5c2c660fa94f5188d79ba8533f2be,https://newsatcl-pctr.c.yimg.jp/t/amd-img/20260317-00000077-reut-000-1-view.jpg?exp=10800,2026-03-17T12:47:06+09:00,2026-03-17T12:47:06+09:00,ロイター,reut,ロイター,456,"2026年1月28日、記者会見するパウエルＦＲＢ議長（２０２６年　ロイター/Jonathan Ernst）
[ワシントン １６日 ロイター] - 米司法省がワシントンの連邦地‌裁に対し、パウエル連邦準⁠備理事会（ＦＲＢ）議長に対する召喚状を差し止めた判断を見​直すよう求める申し立てを行ったことが、１６日に公表さ‌れた裁判所の文書で分かった。

同地裁は司法省がパウ‌エル議長に対する‌刑事捜査の関連で​送付した召喚状について、不適‌切として差し止めたことが１３日に公開された文書で‌明らかに​なっていた。捜査が利下げ‌を強要するための威嚇だとするパウ⁠エル氏の主張を認めた。

司法省は地裁にこの決定の見直しを求める申し⁠立てを提出。判事​が「誤っ‌た法的基準を適用した」ほか、「特定の重要な事実に関して誤った」⁠判断をしたと主張し⁠た。

申し立ては１２日に非公開で提出され、１６日に⁠公表された。

パウエル氏の捜査を担当する連‌邦検⁠事は１３日、見直しを求める申し立​てと控訴の両方を行うと表明していた。",[],[]
トランプ氏「イラン報復予想外」、情報当局は事前に警告と関係者（ロイター）,https://news.yahoo.co.jp/articles/84c9250fd29db31b3a5a34fa9f69ba9d2036f926,https://newsatcl-pctr.c.yimg.jp/t/amd-img/20260317-00000076-reut-000-1-view.jpg?exp=10800,2026-03-17T12:44:34+09:00,2026-03-17T12:44:34+09:00,ロイター,reut,ロイター,885,"アラブ首長国連邦ドバイで3月16日、ドローン攻撃で燃料タンクが損傷し、ドバイ国際空港付近から煙が立ち上っている様子（２０２６年　ロイター／Stringer）
Jonathan Landay　Phil Stewart　Erin Banco

[ワシントン １６日 ロイター] - トランプ米大統領は、イランを攻撃すれば米国の湾岸同盟国に対する報復‌を招きかねないとの警告を受けていたと、米政府⁠当局者と米情報機関の報告書に詳しい２人の関係者が明らかにした。

トランプ氏は１６日、イランの反応は予想外だったと述​べた。

関係者の１人は、作戦開始前の情報分析ではイランの反応について、「確実に起こるとはされて‌いなかったが、起こり得る結果の一つとして確かに挙げられていた」と述べた。

トランプ氏は１６日、２度にわたり、カタール、‌サウジアラビア、アラブ首長国‌連邦（ＵＡＥ）、バーレーン、クウェートに対するイ​ランの報復攻撃は予想外だったと主張した。

「（イランは）中東のこれ‌らの国々を攻撃するはずではなかった。誰も予想していなかった。われわれは衝撃を受け‌た」と語った。

トランプ政​権はイランが近く米国本土を攻撃できるミサイル‌を保有するようになるなど、米情報機関の報告によって裏付けられてい⁠ない主張を繰り返している。

こうした主張や、米国および中東地域に展開する米軍に対するイランの差し迫った脅威は、２月２８日にイスラエルと共同でイ⁠ランに対する空爆を開始するというトラ​ンプ氏の決定を正当化‌するために、同氏や一部の側近が挙げたさまざまな理由に含まれている。

関係者によると、トランプ氏は作戦に先立ち、イランが⁠経済的に極めて重要なホルムズ海峡の封鎖を図る可能⁠性が高いとの説明も受けていた。

先週、戦争に関する政府のブリーフィング⁠に出席した民主党議員らは、米国とイスラエルが戦争を開始する必要性を生‌じさせる⁠差し迫った脅威について聞いていないと述べた。

ホワイトハウ​スはコメント要請にすぐに応じなかった。国家情報長官室はコメントを控えた。",[],[]
日産、米国産ＳＵＶ「ムラーノ」を「逆輸入」　27年初めから販売（ロイター）,https://news.yahoo.co.jp/articles/c1a4313488e121719bb2c4437fffba6351449655,https://newsatcl-pctr.c.yimg.jp/t/amd-img/20260317-00000075-reut-000-1-view.jpg?exp=10800,2026-03-17T12:41:03+09:00,2026-03-17T12:41:03+09:00,ロイター,reut,ロイター,255,"2014年11月20日、ロサンゼルスで開催されたオートショーで北米初披露された日産クロスオーバー車「ムラーノ」（2015年型）(２０２６年　ロイター/Lucy Nicholson）
[東京 １７日 ロイター] - 日‌産自動車 は１７日、⁠米国で生産するス​ポーツ多目的車（ＳＵＶ）「‌ムラーノ」‌を日本市‌場に​導入し、２０２７年初‌頭から販売を開始‌する​と発表し‌た。

ムラーノ⁠は米テネシー州にある⁠工場​で生‌産。国土交通省が今年２月⁠に創⁠設した米国製⁠乗用車の認定制度‌を活⁠用し​て導入する。",[],[]
香港行政長官、原油高に「強い懸念」　供給網の混乱注視（ロイター）,https://news.yahoo.co.jp/articles/db89cfbc54b84bd38cee8a9e980dd1a1ba4ff13d,https://newsatcl-pctr.c.yimg.jp/t/amd-img/20260317-00000074-reut-000-1-view.jpg?exp=10800,2026-03-17T12:34:24+09:00,2026-03-17T12:34:24+09:00,ロイター,reut,ロイター,571,"2025年12月16日、北京で記者会見を行う香港のジョン・リー行政長官（２０２６年　ロイター/Tingshu Wang）
[香港 １７日 ロイター] - 香港の李家超（ジョン・リー）行政長官は１７日の会見で、‌米・イスラエルによる対イラン攻撃⁠に伴う原油価格の上昇について「強く懸念している」と述べた。

供給網の混​乱と燃料価格の高騰により、香港や他のアジア諸国が衝撃と変‌動に見舞われるとの認識を示した。

李氏は政府としてエネルギー供給の安定確保‌に取り組むととも‌に、供給や価格に関する情​報の透明性を高めると表明。「紛争が石油供給の‌混乱を招いており、当然リスクはある」とし、当局がリス‌ク軽減と価格​変動の監視に努めていると述べた。

また「‌政府は地元の航空会社と連絡を取り合って⁠いるほか、燃料供給業者とも会合を持つ予定だ。各社が社会的責任を認識するように努める」⁠と述べた。

香港のキャセイパシ​フィック航空‌は、ドバイ、リヤドへの全便の運航停止期間を３月３１日まで延長した。

一方で、李氏はこうした⁠リスクにもかかわらず、中東での紛⁠争は「香港の強みを浮き彫りにした」とし、香港⁠に新たな機会をもたらすとの見解を示した。「分‌散投⁠資と投資の安全性を求める投資家や企業​は、間違いなく香港に目を向けるだろう」と述べた。",[],[]
英、中東紛争に巻き込まれずとスターマー氏　ホルムズ海峡では「協力」（ロイター）,https://news.yahoo.co.jp/articles/7b6db143dc16c22dfb700f81bfd5513b4cfba388,https://newsatcl-pctr.c.yimg.jp/t/amd-img/20260317-00000073-reut-000-1-view.jpg?exp=10800,2026-03-17T12:30:55+09:00,2026-03-17T12:30:55+09:00,ロイター,reut,ロイター,639,"2026年3月16日、ロンドンのダウニング街で中東情勢について報道陣に語るスターマー英首相（２０２６年　ロイター／BROOK MITCHELL）
Elizabeth Piper　Sarah Young

[ロンドン １５日 ロイター] - スターマー英首相は１６日、英国がイランを巡る紛争に巻‌き込まれることはないとしつつも、⁠ホルムズ海峡の航行再開に向けた「実現可能な」計画について同盟国と協力​していくと述べた。

エネルギーコスト高に対する国民の懸念を和らげる‌ことを目的とした記者会見で、イランに対する米とイスラエルによる最初の空爆‌に参加しなかった‌自身の決定を改めて正当化した。

ト​ランプ米大統領がホルムズ海峡を通過する船‌舶護衛への協力を求めたことについては、海峡再開に向けたい‌かなる行動も​排除しなかった。ただし、「可能な‌限り多くのパートナー」との合意が必要と主張し⁠た。

「（石油）市場安定にはホルムズ海峡の封鎖解除が必要だが、それは簡単ではない」とした上で「⁠欧州のパートナーを含む全同盟​国と協力し、‌航行の自由を可能な限り迅速に回復し経済的影響を緩和できる実行可能な共同計画を策定⁠している」と説明した。

エネルギー価格⁠高騰については、労働者支援を最優先に進めると強調。⁠暖房用石油に依存する最も脆弱な世帯を対象とした５３００万ポ‌ンド（７０３０万⁠ドル）の支援策を最初の措置として提示​し、その他の措置についても継続的に検討すると述べた。",[],[]
米エヌビディア、欧州半導体メーカー各社と人型ロボット巡り提携（ロイター）,https://news.yahoo.co.jp/articles/e0b7b89056271fd86611e82012fb8e3d23b7ed79,https://newsatcl-pctr.c.yimg.jp/t/amd-img/20260317-00000072-reut-000-1-view.jpg?exp=10800,2026-03-17T12:28:21+09:00,2026-03-17T12:28:21+09:00,ロイター,reut,ロイター,579,"Nvidiaのロゴ。2025年8月25日に作成されたイラスト（２０２６年　ロイター/Dado Ruvic）
Toby Sterling

[アムステルダム １６日 ロイター] - 欧州の半導体メーカーであるインフィ‌ニオン、ＮＸＰ、ＳＴマイクロエレクトロニクス⁠は１６日、ヒューマノイド（人型）ロボット向けハードウエア販売に向け、​米半導体大手エヌビディアとの提携を相次いで発表した。

エヌビデ‌ィアはカリフォルニア州で開催する「ＧＰＵテクノロジーカンファレンス」の前日に‌これらの発表を調‌整。イベントでは同社が「Jetson Thor」​プロセッサーを用いてロボットの「脳」、‌つまり中枢コンピューティングプラットフォームと‌なる取り組みが注​目の的の一つとなる見込みだ。

欧州‌半導体メーカー各社の役割は、ロボットの体⁠を構成するその他の部品、具体的には安全かつ確実に動作させるために必要な電子機器、⁠センサー、モーションコン​トロール、電‌源管理、そして高速な内部通信を提供することにある。

これらの半導体メーカーはいずれ⁠も、自動車向けハイテクハード⁠ウエアの主要サプライヤーであり、アナリストに⁠よればヒューマノイドロボットやその他の高度な‌ロボ⁠ットと大きな共通点があるという。

いず​れの発表も財務的な詳細については言及されなかった。",[],[]
英政府、量子コンピューターに10億ポンド投資　経済成長後押しへ（ロイター）,https://news.yahoo.co.jp/articles/2fb362c922a02fcb7bb2769812ab5b11ad1156ef,https://newsatcl-pctr.c.yimg.jp/t/amd-img/20260317-00000071-reut-000-1-view.jpg?exp=10800,2026-03-17T12:20:37+09:00,2026-03-17T12:20:37+09:00,ロイター,reut,ロイター,688,"3月10日、英ロンドンのダウニング街で閣議に出席するリーブス財務大臣（２０２６年　ロイター/Isabel Infantes）
[ロンドン １６日 ロイター] - 英国のリーブス財務相は１６日、国内の量子セクター育成と経済全体‌の活性化を目的とし、高性能な量子コン⁠ピューターの調達に最大１０億ポンド（約１３．３億ドル）を投じると発表した。

財務省によると、今​回の新たな調達プログラムは、英国の量子能力を向上させるための総額２０億ポンド‌に及ぶ計画の一環。この計画には、以前に発表された１０億ポンドの支出も含まれている。

量子コンピ‌ューターは、複数の解‌決策を同時に処理することが可能で、​医療診断や温室効果ガスのモニタリング、安全な通‌信といった分野での技術革新を加速させる。

リーブス氏とスターマー首‌相は２０２４年の選挙前、停滞​する国内経済を加速させると有権者に訴‌えていた。しかし、これまでのところ成長は鈍い。中⁠東情勢の緊迫化による影響も懸念されている。

リーブス氏は１７日にロンドンの金融街シティーで行う演説で、国内の人⁠工知能（ＡＩ）企業を支援するため、昨​年発表された５億‌ポンド規模の「ソブリンＡＩ基金」を４月に立ち上げることにも言及する見通しだ。

同省によれば、リーブス氏は技⁠術推進に加え、欧州との連携強化や地域⁠経済の成長が政府戦略の中核であると強調する方針。スタ⁠ーマー氏は離脱後の欧州連合（ＥＵ）との貿易・協力の障壁を減ら‌した⁠い考えだが、単一市場への復帰は否定してお​り、協議は企業規制や若者の移動の自由といった分野に限定される。",[],[]
ＷＢＣ＝ベネズエラが初の決勝進出、終盤の集中打でイタリアに逆転勝ち（ロイター）,https://news.yahoo.co.jp/articles/bcf3e201b144fbc745dfb6d2bace93c971a6a30b,https://newsatcl-pctr.c.yimg.jp/t/amd-img/20260317-00000070-reut-000-1-view.jpg?exp=10800,2026-03-17T12:12:27+09:00,2026-03-17T12:12:27+09:00,ロイター,reut,ロイター,357,"ＷＢＣは１６日、米フロリダ州マイアミで準決勝を行い、ベネズエラ（青のユニホーム）がイタリアに４─２で逆転勝ちした（２０２６年　ロイター/Imagn Images）
［１６日　ロイター］ -     ワールド・ベースボー‌ル・クラシック（ＷＢＣ）⁠は１６日、米フロリダ州マイアミで​準決勝を行い、ベネズエラがイ‌タリアに４─２で逆転勝ちした。

試合はイタ‌リアが二回に‌満塁の好機か​ら押し出し四球と‌内野ゴロで２点を先制。しかし、‌ベネズ​エラは四回に指名‌打者エウヘニオ・⁠スアレスのソロ本塁打で１点を返し、七回に⁠はロナルド・​アクーニ‌ャ外野手、マイケル・ガルシア三塁手、⁠ルイス・アラ⁠エス一塁手の３連続適時打⁠で３点を奪って逆転した。

ベネズエ‌ラは⁠初の決勝進出。１７日の決​勝では米国と対戦する。",[],[]
アングル：「イランの脅威」除去望む湾岸諸国、当初の戦争反対が一変（ロイター）,https://news.yahoo.co.jp/articles/82412c04fa2d024c67ba424327462be748d209a1,https://newsatcl-pctr.c.yimg.jp/t/amd-img/20260317-00000069-reut-000-1-view.jpg?exp=10800,2026-03-17T11:58:07+09:00,2026-03-17T11:58:07+09:00,ロイター,reut,ロイター,2579,"3月16日、オマーンのマスカットの港で撮影。REUTERS/Stelios Misinas
Samia Nakhoul

[ドバイ １６日 ロイター] - 米国・イスラエルとイランの戦闘を巡り、ペルシャ湾岸諸国の考え方に変化が生じている。当初は米国にイラン攻撃をやめるよう要請していたが、今はイランが湾岸諸国の石油施設や経済に脅威を与える能力を失うまで軍事作戦を徹底してほしいとの声が大勢だ。３人の湾岸関係者がロイターに明かした。

同時にこれら３人や欧米とアラ‌ブの外交官５人の話では、米国は湾岸諸国に戦争へ加わるよう圧力をかけているという。そのうちの外交官３人は、トランプ米大統領は湾岸諸国の参戦を通じて、この軍⁠事作戦に対する地域の支持があると示して国際的な正当性をアピールするとともに、米国内の支持拡大も狙っている、と明かした。

サウジアラビアに拠点を置くガルフ・リサーチ・センター会長でサウジ政府の考えに詳しいアブドゥルアジズ・サーゲル氏は、湾岸地域全体にイランが全ての湾岸諸国との間で越えてはいけない一線を越えたとの認識が広がっていると指摘する。

サーゲル氏​は「初期の段階でわれわれはイランを擁護し、戦争には反対した。だがイランがわれわれを直接攻撃し始めた時点でわれわれの敵になった。それ以外に分類できない」と述べた。

＜イランの軍事能力＞

イランはミサイルやドローンで湾岸６カ国の空港、港、石油施設、商業拠点を攻撃しつつ、ホルムズ海峡の船舶航行を混乱させる形で既にその‌軍事力を証明している。

実際に攻撃を受けた湾岸諸国の間では、イランに重要な攻撃兵器や武器製造能力を保有させたままでは、地域の緊張が高まった場合いつでもエネルギーインフラを「人質」にできると自信を持たせてしまうとの懸念が強まった。

こうした中で湾岸関係者の１人は、戦闘が３週間目に突入した現在、トランプ氏はイランの軍事能力を全面的に弱体化させるべき、というのが湾岸諸国首脳の大多‌数が持つ感情になっているのは間違いないと述べた。

この関係者は、イランが弱体化しな‌い限り地域全体が人質化され続け、湾岸諸国は常に脅威にさらされると強調した。

イスラム教シーア派のイランは、スンニ派で米軍が基地を置くの​を認めている湾岸諸国に根強い不信感がある。湾岸のカタール、オマーンとイランの関係はそれほど悪くないものの、全体的な構図を変える要素ではない。

一方イランと同国に連携する組織は、湾岸諸国のエネルギー施設をたびたび攻撃してきた‌と非難されている。特に、２０１９年にサウジの石油処理施設が攻撃された際は、同国の石油生産量が一時半減して世界のエネルギー市場を動揺させた。ただイランは、この攻撃への関与を全面否定している。

いずれにせよ湾岸諸国首脳にとって、イランの軍事力を放置すればよりリスクが大きくなるの‌が現在の状況だ。

サーゲル氏は「作戦完了前に米国が手を引けば、われわれは自力で​イランと対峙することを迫られる」と解説した。

＜戦争激化懸念も＞

イランの脅威を巡るロイターの問い合わせについて、湾岸諸国のうちアラブ首長国連邦（ＵＡＥ）だ‌けが回答した。

ＵＡＥは、戦争ないし事態のエスカレーションに巻き込まれるつもりはないとしつつも、自国の主権や安全保障、領土の一体性と国民の安全を守るため「あらゆる必要な措置を講じる」権利を有していると認めた。

もっとも地域の複数の関係者は、湾岸諸国⁠にとって一国単独での行動は依然として選択肢にないと説明し、その理由として集団的な介入だけが個々の国に報復の矛先が向かうのを避けられるからだと付け加えた。

各国が確固たる認識を共有しているとも言えない。バーレーン、クウェート、カタール、サウジ、オマーン、ＵＡＥの６カ国が加盟する湾岸協力会議（ＧＣＣ）はビデオ会議を１回開催したのみで、アラブ連盟首脳会議は全く開かれていない。

湾岸諸国首脳が今なお恐れているのは、より広範かつ制御不能な紛争の引き金を引いてしまうことだ。

ＵＡＥ高官の１人は、米軍はＵＡＥの基地⁠を利用してイラン最大の石油積み出し港のカーグ島を攻撃した、とイラン側が非難した後も、行動の自制を選んだと明かす。

ただサーゲル氏は、中​東におけるイラン最大のライバルであるサウジについて、イランか‌ら主要石油施設や淡水化施設を攻撃されるか、国民に多大な犠牲者が出た場合は、反撃せざるを得なくなると予想する。

サーゲル氏によると、そうしたケースではサウジは戦争に介入するしかないが、それでも事態悪化を避けるために反撃は段階的に調整される形にしようとするだろうという。

＜戦略的ジレンマ＞

ロンドン・スクール・オブ・エコノミクスのファワズ・ゲルゲス氏は、根本的に湾岸諸国は戦略的ジレンマに直面していると分析する。⁠イランからの差し迫った攻撃の脅威と、米国・イスラエルが主導する戦争に巻き込まれるというはるかに大きなリスクの間で、いかに釣り合いが取れるよう対処するかという問題だ。

湾岸諸国が軍⁠事作戦に加わっても、米国には大きな援軍とはならない。その一方で、イランからの報復にさらされる危険だけが大きく増大する、とゲルゲス氏は話す。

結果的に湾岸諸国が選択しているのは「計算された自制」で、主権を守り越えてはならない⁠一線を提示しながら、自ら始めたわけではなく制御も不可能な戦争には踏み込まないという姿勢となっている。

ただイランは事実上、ホルムズ海峡をどの船舶が航行できるかを決定できる立場にあり、これは地域のどの国にとっても決して容認できない。

プリンストン‌大学近東研究所のバーナー⁠ド・ヘイカル教授は「イランがホルムズ海峡を封鎖できる力を示した今、湾岸諸国は根本的に（従来と）異なる脅威に見舞われている。もしこれに対処しなければ、危険は長期化する​だろう」と警告した。

またヘイカル氏は、世界経済は湾岸諸国の石油・ガスに依存し、その大部分が中国や日本などアジアに向かう以上、アジア諸国も責任を分担すべきだと主張。「中国はソマリア沖の航行の安全維持に貢献した。ここ（ホルムズ海峡）でも協力に乗り出すかもしれない」と述べた。",[],[]
ＬＮＧの世界需要、40年までに54―68％増と予測＝シェル（ロイター）,https://news.yahoo.co.jp/articles/04690c5f2d59e9b43adb77bc50ca81131004bde9,https://newsatcl-pctr.c.yimg.jp/t/amd-img/default.jpg?exp=10800,2026-03-17T11:40:10+09:00,2026-03-17T11:40:10+09:00,ロイター,reut,ロイター,924,"Shadia Nasralla　Stephanie Kelly

[ロンドン １６日 ロイター] -     世界最大の液化天然ガス（ＬＮＧ）取引企業のシェルは１６日、ＬＮＧの世界需要が２０４０年までに年間６億５０００万―７億１０００万トンとなり、２５年（４億２２００万‌トン）から５４―６８％増えるとの予測を発表した。５０年までに⁠は年間６億１０００万―７億８０００万トンとなり、２５年比で４５―８５％増加すると見込んだ。

アジアでＬＮＧ需要が好調に推移するのが要因としている。シェルはＬＮＧ販​売量を年率４―５％のペースで拡大する計画だ。

シェルは１年前には、４０年までに年間６億３０００万―７億１８００万トンに達すると予想していた。

＜気候‌変動活動家による決議案への対応＞

シェルの２０２５年定時株主総会で、アクティビスト （物言う株主）の「オーストラリア企‌業責任センター（ＡＣＣＲ）」など‌の株主は、世界のエネルギー需要や、５０年まで​に世界で温室効果ガスの排出を実質ゼロ（ネットゼロ）にする‌計画とシェルのＬＮＧ需要見通しの整合性を問う株主提案を出して約２１％の賛成票を獲得した。

シェ‌ルは１６日に公表した回答の中​で、シェルは自社のＬＮＧ戦略の正当性を主張。極低‌温のＬＮＧは将来のエネルギーシステムに不可欠な調整用燃料になるとし、⁠同社のＬＮＧプロジェクトはコストと温室効果ガス排出量の両面で競争力があると強調した。

ガスの世界消費量は３０年代にピークを迎える可能性⁠があり、欧州や日本などの一部地域では​既にピークを過ぎ‌ているもののＬＮＧ需要は増加が見込まれると説明。また、４０年までの天然ガス需要の伸びのうちＬＮＧが半分超を占め、その伸びの７０％をアジア⁠が占めるとの見方を示した。

＜ＡＣＣＲは「疑問が残る」と指摘＞

ＡＣＣＲの石油・⁠ガス戦略責任者、ニック・マザン氏は、シェルの回答は価格と温室⁠効果ガス排出量でＬＮＧが再生可能エネルギーなどの他のエネルギー源にどのよ‌うに⁠勝るのか十分に説明されていないと指摘。さらに地政​学的な危機によるＬＮＧ価格の高騰が需要を押し下げる可能性があるとも言及した。",[],[]
トランプ氏、キューバ掌握を示唆　「私は望むままに何でもできる」（ロイター）,https://news.yahoo.co.jp/articles/a0f730ffa1b6819f2cd9f5c13ecc7a529698e3f3,https://newsatcl-pctr.c.yimg.jp/t/amd-img/20260317-00010002-reutv-000-2-thumb.jpg?exp=10800,2026-03-17T11:39:19+09:00,2026-03-17T11:43:20+09:00,ロイター,reut,ロイター,555,"トランプ米大統領は3月16日、キューバに対する強硬な発言をエスカレートさせた。「何らかの形でキューバを手に入れる栄誉」を得ることを信じていると述べ、同国に対して「私は何でもできる」と表明した。同氏はキューバと近く合意に達するか、あるいは他の措置を講じる可能性があると述べており、長年緊張関係にある両国間に急展開が訪れることを示唆している。キューバのディアスカネル大統領は13日、米政権との協議を開始したと発表していた。

トランプ米大統領
米国とキューバの関係について、ずっと耳にしてきた言葉がある。
「米国はいつになったらキューバを手に入れるのか」、と。
私は、キューバを手中に収めるという栄誉を授かると信じている。
それは大きな名誉だ。
何らかの形で、キューバを手にすること。
そう、手中に収めるのだ。

解放するにせよ、占領するにせよ、私は望むままに何でもできると思う。
今のキューバは非常に弱体化している。
ずっと以前からそうだった。
指導者らは極めて暴力的だった。
カストロ元国家評議会議長の孫は非常に暴力的な指導者だ。
彼の兄弟も暴力的な指導者だ、極めて暴力的だ。
それが彼らの統治のやり方だった。
暴力によって統治してきたのだ。
だが、多くの人々が昔に戻りたいと願っている。
（ナレーションなし）",[],[]
フェラーリ、ＥＶ「ルーチェ」巡る商標問題否定　マツダが過去に同名車（ロイター）,https://news.yahoo.co.jp/articles/e6413ad30967116ac980735247fa7beb64c84d29,https://newsatcl-pctr.c.yimg.jp/t/amd-img/default.jpg?exp=10800,2026-03-17T11:24:33+09:00,2026-03-17T11:24:33+09:00,ロイター,reut,ロイター,392,"[ローマ １６日 ロイター] -     イタリア高級自動車メーカーのフェ‌ラーリは１６日、新型電気自動⁠車（ＥＶ）「ルーチェ」を巡り、マツダがかつて同名のモデル​を販売していたことについて、いかなる商標‌上の問題もないとする声明を出した。

同社は「われわれは‌国際法の下で‌登録された『フェ​ラーリ・ルーチェ』の商標を世‌界的に使用する権利を保持している」と‌説明。「通常通り​事前調査を実施し、わ‌れわれの権利と対立する第三者⁠の権利は確認されなかった」とした。

声明は、マツダが「ルーチェ」の⁠商標を使用できな​いように‌する可能性があると報じられたことを受けて出された。

マツダはか⁠つて、日本国内市場向⁠けに同名のモデルを販売していた。 ル⁠ーチェはイタリア語で「光」を意味する。

フ‌ェラ⁠ーリにとってルーチェ​は初のフルＥＶで、５月２５日の発表が予定されている。",[],[]
日産が九州工場で1週間約1200台減産へ、中東情勢の影響＝関係筋（ロイター）,https://news.yahoo.co.jp/articles/0ebf168ac09440f5cdb53afe8d5e81f3015641e7,https://newsatcl-pctr.c.yimg.jp/t/amd-img/20260317-00000066-reut-000-2-view.jpg?exp=10800,2026-03-17T11:18:11+09:00,2026-03-17T17:49:35+09:00,ロイター,reut,ロイター,674,"日産自動車が２３日から１週間程度、九州の工場で生産ペースを落とし、約１２００台の減産を実施することが分かった。 昨年１１月に中国国際輸入博覧会で撮影（２０２６年　ロイター/Maxim Shemetov）
Maki Shiraki

［東京　１７日　ロイター］ - 日産自動車が２３日から１週間程度、九州の工場で生産ペースを‌落とし、約１２００台の減産を実施すること⁠が分かった。 複数の関係者が１７日までに明らかにした。中東情勢が緊迫化したこ​とで、サプライチェーン（供給網）に影響が出ているため。

減産するのは、‌子会社の日産自動車九州（福岡県苅田町）で手がけているスポーツ多目的車（ＳＵＶ）「‌エクストレイル」（‌輸出向け車名：ローグ）とミ​ニバン「セレナ」。まずは３月２３日から２７日まで生産ペー‌スを落とし、セレナは３８０台、エクストレイルは８３２台減らす。

関係者の１人に‌よると、中東向け​車両の輸送が滞っているため、中東‌向け以外の車種を減産して中東向け車両の保管場⁠所を一時的に確保している。隣接する日産車体九州（福岡県苅田町）の工場では、中東で人気⁠が高く採算性の良い大型ＳＵＶ「パ​トロール」を‌生産している。

同関係者は「中東向けパトロールの輸送が停滞していてヤード（出荷拠点）が⁠満杯のため、他車種の生産ペースを⁠落として一時、保管スペースを確保している」と⁠話した。

日産の広報担当者は、減産する具体的な車種や台‌数に⁠ついては言及を避けたが、中東情勢を踏​まえ、「生産や物流への必要な調整は行っている」と述べた。",[],[]
ＵＡＥ、原油生産が半分以下に　ホルムズ海峡封鎖で油田操業停止（ロイター）,https://news.yahoo.co.jp/articles/a35a1a223ae981c74493e8e99a36f3521e855581,https://newsatcl-pctr.c.yimg.jp/t/amd-img/20260317-00000065-reut-000-1-view.jpg?exp=10800,2026-03-17T11:15:39+09:00,2026-03-17T11:15:39+09:00,ロイター,reut,ロイター,711,"ＵＡＥ東部フジャイラ港の沖合のタンカー。3月3日撮影。REUTERS/Amr Alfiky
Yousef Saba　Florence Tan

[１６日 ロイター] - アラブ首長国連邦（ＵＡＥ）の１日当たりの原油生産量が半分以下に減少し‌たことが、関係者２人の話で分かった。⁠イラン戦争とホルムズ海峡の事実上の封鎖により、ＵＡＥのアブダビ国営石油会社（ＡＤＮＯＣ）が広範囲​にわたって油田の操業一時停止に追い込まれたためだ。

通常は世界の石‌油供給量の約２割が通過するホルムズ海峡を商業用船舶が航行できなくなったことで、‌世界のエネルギー市‌場に大きな混乱がもたらされた。

ＡＤＮＯＣは１６日、​石油積み込みと貯蔵の主要拠点であるＵＡＥ東部フ‌ジャイラ港での積み込みを、ドローンによる攻撃を理由に一時‌停止した。別の攻​撃を受けて停止していた同港での操‌業は、１５日に再開したばかりだ。

石油輸出国機構（ＯＰＥＣ）への報⁠告によると、ＵＡＥの１月の石油生産量は日量３４０万バレル弱で、世界需要の３％強に相当する。

関係者２人の話では、油田の操業一時⁠停止は陸上油田と洋上油田の双​方に及んでい‌る。ＡＤＮＯＣは以前、洋上油田での生産を削減していると明らかにしていたが、関係者は洋上油田での生⁠産が全面的に停止されたと話した。

ロイ⁠ターの報道によると、ＯＰＥＣで最大の産油国であるサウジアラビ⁠アは生産量を約２０％削減した。ＯＰＥＣ２位のイラクは生産量を約７０％削減。アナリスト‌の推⁠計では、中東における石油生産の削減量​は現在、日量７００万─１０００万バレルで推移しており、世界需要の７─１０％に相当する。",[],[]
シンガポール非石油輸出、2月は前年比4％増　予想下回る（ロイター）,https://news.yahoo.co.jp/articles/4b6b81f5dd898742434b50184c8f9a4fc4de18ca,https://newsatcl-pctr.c.yimg.jp/t/amd-img/default.jpg?exp=10800,2026-03-17T11:13:19+09:00,2026-03-17T11:13:19+09:00,ロイター,reut,ロイター,365,"[シンガポール １７日 ロイター] -     シンガポール企業庁‌が１７日発表した２月の石油を⁠除く輸出は前年同月比４．０％増加した。集積回路とディ​スクメディア製品がけん引した一方、非‌電子機器は減少した。

ロイター調査による予想は５．５％増だ‌った。

主要市場の‌うち、韓国、台湾、​香港への輸出は前年同月‌比で増加したが、インドネシアと米‌国は減少した。

米​国は先週、シンガポー‌ルを含む１６の主要貿易相手国につ⁠いて不公正貿易慣行の調査に入ると発表。シンガポールに⁠ついては「大規模​または継‌続的な貿易黒字」と、最近の工業用地利用率低下にも⁠かかわらず製造能力が⁠拡大している点を指摘した。

シンガ⁠ポール貿易産業省はこれに対し、‌同⁠国の対米貿易赤字は約２７０億​ドル、工業用地利用率は約９０％と発表した。",[],[]
タリバン「病院空爆で400人死亡」、パキスタンは軍事施設と主張（ロイター）,https://news.yahoo.co.jp/articles/addc86647302059240f0c37fb26ec7777e547f2b,https://newsatcl-pctr.c.yimg.jp/t/amd-img/20260317-00000063-reut-000-6-view.jpg?exp=10800,2026-03-17T11:09:55+09:00,2026-03-17T17:50:20+09:00,ロイター,reut,ロイター,1110,"攻撃を受けた薬物依存者更生病院。アフガニスタン・カブールで3月17日撮影。REUTERS/Sayed Hassib
Mohammad Yunus Yawar　Ariba Shahid　Asif Shahzad

[カブール １７日 ロイター] - アフガニスタンのタリバン暫定政権は１７日、首都カブールにある薬物依存者更生病院にパキスタンによる空爆があり、‌少なくとも４００人が死亡、２５０人が負傷したと発表した。

空爆があったのは１６日⁠午後９時（日本時間１７日午前１時３０分）で、２０００床を有する薬物リハビリテーション病院が標的になったという。

タリバンのフィトラト副報道官はＸへの投稿で「病院の大部​分が破壊され、甚大な犠牲者が出ている恐れがある」とし、「これまでに死者は４００人に達し、負傷者は最大２５０人に上る」と述べた。救助隊‌が現場で消火活動と犠牲者の捜索を行っているという。

ロイターは死傷者数を独自に確認できていない。

一方、パキスタンの情報放送省はＸで、カブールとナン‌ガルハルにあるタリバンの装備‌保管施設や弾薬庫など「テロ支援インフラ」を標的に​したと主張。「攻撃は付随的な被害が生じないよう精密かつ慎重に行われた」とし、「薬‌物リハビリ施設であるとするこの誤解を招く情報は、国境を越えたテロリズムへの不当な支援を隠蔽し、世‌論をあおろうとするものだ」と​投稿した。

現場では黒焦げになった平屋建ての建物に炎の跡が‌残っていた。他の場所では、建物が木材や金属のがれきの山と化しており、一部では二段ベッ⁠ドが数台だけ無傷で残っているものの、毛布や私物、寝具が散乱していた。

住民によると、この病院は軍事基地が以前あった場所に建てられた。

目撃者によると、病院内で人々が夜の礼拝を終えよ⁠うとしていた際に３発の爆弾が爆発する音が聞こえ、その​うち２発が病室や患者エリ‌アを直撃したという。

アフガニスタン内務省報道官は、死者４０８人、負傷者２６５人と発表した。

両国間では先月、パキスタンによるアフガニスタンの「過激派拠点」への空爆をきっかけに⁠激しい戦闘が勃発した。

パキスタン側はタリバン政権がパキスタンへの攻撃⁠を行う武装勢力に安全な隠れ家を提供していると主張。タリバン側はこれを否定し、武装⁠勢力への対処はパキスタンの内政問題だとしている。

中国外務省報道官はパキスタンとアフガニスタン‌に対し、⁠冷静さを保ち自制することを期待すると述べた。

パキスタンのライバルであ​り、最近アフガニスタンのタリバンと緊密な関係を築いたインドは、病院への攻撃を非難すると表明した。",[],[]
英、若年層の雇用促進策発表　10億ポンド規模（ロイター）,https://news.yahoo.co.jp/articles/2b4f015b96648755a1e3d0ac4c3434cda4b02fea,https://newsatcl-pctr.c.yimg.jp/t/amd-img/20260317-00000062-reut-000-1-view.jpg?exp=10800,2026-03-17T11:07:34+09:00,2026-03-17T11:07:34+09:00,ロイター,reut,ロイター,572,"2024年12月1日、ロンドンの就職センター。REUTERS/Mina Kim/File Photo
David Milliken　Elizabeth Piper

[ロンドン １５日 ロイター] - 英政府は１６日、若年層の雇用創出に向け‌て、さらに１０億ポンド（約１３億⁠ドル）を投資する計画を明らかにした。教育・就労・職業訓練​のいずれにも従事していない１６─２４歳の人が約１００万人に達する中、‌若者の就業を後押しする。

先月発表された統計によると、英国の若‌年層失業率は１０年ぶ‌りの高水準に達してお​り、他の欧州諸国を上回っている。

マクファ‌デン労働年金相は、若者の雇用に意欲的な企‌業への助成金​や、補助金支給制度の拡大に充‌てると発表。これらの措置により２０万⁠人の雇用創出につながると述べた。

過去６か月間失業手当を受給していた１８─２４歳の人を雇用した⁠場合、企業に３０００ポンドの助成​金を支給。‌中小企業は、１６─２４歳の見習い１人につき２０００ポンドを受け取る。１８カ月間仕事が見つからなかった人⁠に週２５時間の補助金付き就労を提供す⁠る制度は、対象を２４歳まで拡大する。

一部の企業は、⁠最低賃金の引き上げに加え、社会保険料や‌その⁠他のコストの増加を理由に、若​年層の雇用費用を賄うのが困難と訴えている。",[],[]
米デル、26年度も従業員約10％減少　コスト削減続く（ロイター）,https://news.yahoo.co.jp/articles/23c6114d4e1c84b03300853b36754d9d4d0e1f2d,https://newsatcl-pctr.c.yimg.jp/t/amd-img/20260317-00000061-reut-000-1-view.jpg?exp=10800,2026-03-17T11:04:52+09:00,2026-03-17T11:04:52+09:00,ロイター,reut,ロイター,541,"2025年8月19日撮影。REUTERS/Dado Ruvic/Illustration/File Photo
[１６日 ロイター] - 人工知能（ＡＩ）サーバーメーカーの米デルは１６日、２０２６会‌計年度に従業員が約１０％に当⁠たる１万１０００人減少したと明らかにした。コスト削減のため採用を​抑制していることが示された。

年次報告書による‌と、この期間の退職金支払額は５億６９００万ドルで、前年同期の６億９３００万ド‌ルから減少し‌た。

１月３１日時点の従業員数は約９万７０００人で、​前年の同じ時期の約１０万８０００人から減少‌した。２５年度も約１０％減少していた。

業界の雇用削減状況‌を追跡す​るウェブサイトLayoffs.fyiによると、今‌年に入りハイテク企業６０社が合わせて３万８０００人以⁠上を削減しており、シリコンバレーではここ数カ月、労働者の⁠間でＡＩによる悪影響への懸念​が一段と‌強まっている。

デルは先月、２７年度には主力事業であるＡＩ向けに最適化され⁠たサーバーの事業売上高が⁠倍増すると予想。また現金配当⁠を２０％増額するとともに、自社株買いプログラ‌ムに１００億⁠ドルを追加投入すると発表​した。

同社株価は年初から２４％超上昇している。",[],[]
サムスン電子、スト計画で半導体供給に支障も＝労組代表（ロイター）,https://news.yahoo.co.jp/articles/d24cfdb67da3786f8a83bb0c42726a25ace51ad4,https://newsatcl-pctr.c.yimg.jp/t/amd-img/20260317-00000060-reut-000-1-view.jpg?exp=10800,2026-03-17T11:01:50+09:00,2026-03-17T11:01:50+09:00,ロイター,reut,ロイター,572,"2024年7月8日、韓国ファソン市で撮影。REUTERS/Kim Soo-hyeon
Hyunjoo Jin

[平沢（韓国） １７日 ロイター] - 韓国サムスン電子の主要労働組合は、５月のストライ‌キ計画に関する組合員の投票が⁠行われる中、半導体生産に影響が出ると警告している。

世界最大のメモ​リチップメーカーである同社でのストライキは、世界的な‌半導体供給逼迫をさらに悪化させる恐れがある。

サムスン電子労働組合（ＳＥＬＵ）‌の代表、チェ・ス‌ンホ氏は先週、投票が行わ​れる中、「生産に支障が出るだろう」と‌述べた。

１８日まで行われる投票では、サムスン電子の韓国国‌内従業員１２万５０００人のう​ち、約９万人の組合員が投票権を持‌つ。

チェ氏によると、労使交渉で合意できなかっ⁠た場合、５月２１日から１８日間のストを計画しており、首都ソウルの南、平沢にあるサムスン電子の⁠広大な半導体複合施設の生​産量の約‌半分に影響が及ぶ可能性があるという。

サムスン電子の広報担当者は、従業員との対⁠話を「誠意を持って」継続して⁠いくと述べた。

チェ氏は従業員の間で主要な競合⁠他社との賃金格差に対する不満が高まっており、ＳＫハイ‌ニッ⁠クスが昨年９月に組合の賃金改革要求を​受け入れたことを受け、ＳＥＬＵの加入者が急増したと述べた。",[],[]
バンク・オブ・アメリカ、米富豪による性的虐待被害者と和解（ロイター）,https://news.yahoo.co.jp/articles/ff69099e1abb85700cf76a57be8ecbf0297b4b9f,https://newsatcl-pctr.c.yimg.jp/t/amd-img/20260317-00000057-reut-000-2-view.jpg?exp=10800,2026-03-17T10:58:31+09:00,2026-03-17T11:03:07+09:00,ロイター,reut,ロイター,611,"バンク・オブ・アメリカのロゴ。2025年12月1日撮影。REUTERS/Dado Ruvic/Illustration
Luc Cohen

[ニューヨーク １６日 ロイター] - 米銀大手バンク・オブ・アメリカが、米富豪‌ジェフリー・エプスタイン氏による⁠性的虐待を助長したとして同行を提訴していた女性らと和解したことが、​裁判所の記録で１６日に分かった。

それによると、双方の弁護士は１２日、原則和‌解に達したとマンハッタンの連邦地裁に伝えた。和解の内容は明らかになっ‌ていない。

地裁判事が４月２日‌に審理を開き、和解案を承​認するかどうか検討する。

原告側は昨年１０月にバンク・‌オブ・アメリカを提訴。エプスタイン氏の犯罪に関する「‌膨大な」情報があ​ったにもかかわらず、同行が被‌害者の保護より利益を優先し、エプスタイン氏に⁠関連する不審な金融取引に対処しなかったと主張していた。

原告が指摘した取引には、アポロ・グ⁠ローバル・マネジメントの​共同創業者レ‌オン・ブラック氏によるエプスタイン氏への支払いが含まれていた。

ブラック氏は外部の⁠法律事務所による調査で、税務・相⁠続計画費用としてエプスタイン氏に１億５８００万ドルを支払って⁠いたことが判明し、２０２１年にアポロの最高経営責任者（ＣＥＯ）を退任‌した。⁠ブラック氏は不正を否定し、エプスタ​イン氏の犯罪行為については知らなかったとしている。",[],[]
サッカー＝チェルシーに史上最高額22億円超の罰金、不正支払いなどで（ロイター）,https://news.yahoo.co.jp/articles/dac181f6557d0dfc9519e70d58ca75e2cbdd499d,https://newsatcl-pctr.c.yimg.jp/t/amd-img/20260317-00000059-reut-000-1-view.jpg?exp=10800,2026-03-17T10:56:50+09:00,2026-03-17T10:56:50+09:00,ロイター,reut,ロイター,761,"サッカーのイングランド・プレミアリーグは１６日、チェルシーの過去の不正な支払いと財務報告に関する規定違反に対し、史上最高額となる総額１０７５万ポンドの罰金を科したと発表した。ロンドンで２０２２年４月撮影（２０２６年　ロイター/Chris Radburn）
［ロンドン　１６日　ロイター］ -     サッカーのイングランド・プレミアリーグは１６日、チェルシー‌の過去の不正な支払いと財務報告に関す⁠る規定違反に対し、史上最高額となる総額１０７５万ポンド（約２２億８０００万円）の罰金を科したと発表した。

リー​グの声明によると、チェルシーはロマン・アブラモビッチ氏がオーナーだっ‌た２０１１年から１８年の間に規定違反があった可能性を示す証拠があると、現オーナーが２２年にリーグへ自‌主的に報告。２５年にもアカデ‌ミー規定違反の可能性について​報告していたという。

調査の結果、リーグはチェルシーが選手‌獲得の際に選手のほか、未登録の代理人や第三者に対して不正な支‌払いをしていたこ​とを確認。「これらの支払いはプレミアリー‌グを含めた統括機関に開示されていなかった」とし、チェ⁠ルシーも開示しなかったことが義務違反に当たることを認めたと明らかにした。

これら２件の懲戒手続きにより、チ⁠ェルシーには罰金以外にもトップチ​ームの補強禁‌止処分（１年間、猶予２年）とアカデミーの補強禁止処分（９カ月）が科された。ただし勝ち点減点の処分は免れた。リ⁠ーグは「積極的な自己申告や並外れた調査へ⁠の協力が、処分軽減の重要な要因となった」としている。

ロシ⁠アの大富豪だったアブラモビッチ氏は巨額の資金投入で積極的‌な補⁠強を展開。しかし、ロシアによるウクライナ​侵攻を受けて、米国人投資家が率いるグループにクラブを売却した。",[],[]
テニス＝錦織412位、メドベージェフが9カ月ぶりトップ10　最新ランク（ロイター）,https://news.yahoo.co.jp/articles/9fb85f54735246b9e6dfc7670dd007c9b66bc295,https://newsatcl-pctr.c.yimg.jp/t/amd-img/20260317-00000058-reut-000-2-view.jpg?exp=10800,2026-03-17T10:56:38+09:00,2026-03-17T11:03:01+09:00,ロイター,reut,ロイター,652,"ＡＴＰが１６日付の最新世界ランキングを発表し、元世界ランキング４位の錦織圭は前回から１２８ダウンの４１２位となった。米オハイオ州シンシナティで２０２５年８月撮影（２０２６年　ロイター/Imagn Images）
［１６日　ロイター］ -     男子テニス協会（ＡＴＰ）が１６日付の最新世界ランキングを‌発表し、元世界ランキング４位の錦⁠織圭は前回から１２８ダウンの４１２位となった。

近年けがに苦しんでいる錦織は今季、​下部大会のチャレンジャーには出場しているものの、ＡＴＰツアー‌の試合に出られていない。日本勢最高位は前回から３つ順位を上げ‌た島袋将で１１０位と、ト‌ップ１００圏内に日本選手は１人もいな​い。

上位勢はカルロス・アルカラス（スペイ‌ン）が１位、ヤニク・シナー（イタリア）が２位、ノバク‌・ジョコビッ​チ（セルビア）が３位とトップ７まで変‌動なし。ロシア出身のダニル・メドベー⁠ジェフが１０位に入り、２０２５年６月３０日の９位以来９カ月ぶりとなるトップ１０返り咲きを果たした。

また、１６日付けの女子世界ラン⁠キングでは大坂なおみが１ラン​ク浮上の１５位に‌入った。内島萌夏が７８位で、日本勢のトップ１００入りは２人のみ。

世界１位は前回と変わらずベラルー⁠シ出身のアリーナ・サバレンカ⁠だったが、２位には直近のＢＮＰパリバ・オープン（ＯＰ）で⁠サバレンカに敗れて準優勝だったエレーナ・ルバ‌キナ（⁠カザフスタン）が入り、イガ​・シフィオンテク（ポーランド）が３位に後退した。",[],[]
原油先物が反発、2％超高　米の艦船派遣要請にドイツなど慎重姿勢（ロイター）,https://news.yahoo.co.jp/articles/0e54d98d7f6c6976b6af6dd7d68beb749c187a57,https://newsatcl-pctr.c.yimg.jp/t/amd-img/default.jpg?exp=10800,2026-03-17T10:56:06+09:00,2026-03-17T13:50:54+09:00,ロイター,reut,ロイター,517,"[１７日 ロイター] - １７日の原油先物は２％超上昇。ホルムズ海峡がほぼ封鎖‌される中、トランプ米大統領が⁠タンカー航行支援のため艦船派遣を求めているが、同盟国が拒​否していることで供給懸念が強まった。

０３５７ＧＭＴ（日本時間午後０時５７分）‌時点で、北海ブレント先物は２．７４ドル（２．７％）高の１バレル＝１０２．９５ドル、米ＷＴＩ先物は２．４５ドル（２．６％）高の９５．９５ドル。

前日‌は一部船舶が海峡‌を通過できたことを受​け、北海ブレント先物が２．８％、米ＷＴＩ先物が５．３％それぞ‌れ下落していた。

トランプ氏の船舶護衛への協力‌要請に対し、ドイ​ツなど複数の同盟国が１６日、艦船‌派遣に慎重な姿勢を示した。

ＩＧのマーケットア⁠ナリスト、トニー・シカモア氏は顧客ノートで「リスクは依然として深刻だ」と⁠し、イランからミサイルが​発射され‌たり、タンカーに機雷を仕掛けたりするだけで状況全体が悪化する恐れがあ⁠ると指摘した。

トレーダーらは⁠また、アジア時間朝方の取引中にドローン（⁠無人機）攻撃を受けてフジャイラ石油産業地‌区で⁠火災が発生したことで、価格が​さらに支えられたと述べた。負傷者の報告はない。",[],[]
米政権、革命防衛隊とヒズボラのテロ組織指定へ同盟国に働きかけ（ロイター）,https://news.yahoo.co.jp/articles/f4c63cbbf4d35a56fc1fe91d9d36efa445563c8b,https://newsatcl-pctr.c.yimg.jp/t/amd-img/20260317-00000055-reut-000-1-view.jpg?exp=10800,2026-03-17T10:50:08+09:00,2026-03-17T10:50:08+09:00,ロイター,reut,ロイター,546,"ルビオ米国務長官。3月3日、米首都ワシントンで撮影。REUTERS/Elizabeth Frantz/File Photo
Humeyra Pamuk

[ワシントン １６日 ロイター] - ロイターが入手した米国務省の内部電‌報によると、トランプ政権は、⁠攻撃のリスクが高まっていることを理由に、イランのイスラム革命​防衛隊（ＩＲＧＣ）とレバノンを拠点とする親イラン武装組織ヒズ‌ボラをテロ組織に指定するよう同盟国に働きかけることを、海外の‌米外交官に指示し‌た。

指令は１６日付で、ルビオ​米国務長官が署名。世界中の全ての米外交・‌領事機関に送付された。２０日までに「適切な最高レベル」‌の相手国当​局者にメッセージを伝えるよう‌求めた。

「イランおよびそのパートナーや代⁠理組織による攻撃のリスクが高まっている中、全ての国の政府は、イランおよびイラ⁠ンと結託するテロ組織​が各国の国民‌や市民を攻撃する能力を弱体化させるため、迅速に行動しなければならない」⁠と主張。

リスクの高まりに関する詳細⁠は明記していないが、イランが中東の近隣諸⁠国を攻撃してきた事例を挙げ、共同行動を求‌めた。

ＩＲＧＣと⁠ヒズボラは、既に米国やその他のい​くつかの国によってテロ組織に指定されている。",[],[]
キューバで大規模停電、1000万人に影響　抗議デモも発生（ロイター）,https://news.yahoo.co.jp/articles/45bc11954e69a76dd573fdadd8c50bcd0156ff41,https://newsatcl-pctr.c.yimg.jp/t/amd-img/20260317-00000054-reut-000-1-view.jpg?exp=10800,2026-03-17T10:45:52+09:00,2026-03-17T10:45:52+09:00,ロイター,reut,ロイター,702,"停電した店舗。3月16日、キューバ・ハバナで撮影。REUTERS/Norlys Perez
Dave Sherwood

[ハバナ １６日 ロイター] - 中米キューバの送電網運営会社ＵＮＥは１６日、大規模な停電が起きて約１０００万人‌が影響を受けたと交流サイト（ＳＮＳ）で発表した。⁠原因は調査中としている。

キューバの発電システムと送電網は老朽化によって機能不全に​陥っており、トランプ米大統領が命じたキューバへの石油禁輸措置も追い打ちを‌掛けている。数時間から数日間にわたる広範囲の停電が相次ぎ、先週末には共産党の一党独裁‌体制のキューバでは異‌例となる激しい抗議デモが起き​た。

当局は原因を特定できないとし、主要発電所の故障が原因‌ではないとしたことから、送電系統に問題があることを示唆してい‌る。

トランプ氏は１月、キ​ューバの最も重要な支援国だった南米ベ‌ネズエラの当時のマドゥロ大統領を拘束し、政権を崩壊さ⁠せた。ベネズエラ産原油のキューバへの供給を遮断し、キューバに原油を販売する国に追加関税を課すと脅して圧力⁠を強めている。

キューバは１３日、事態の打​開に向けて米国と‌の協議を開始したと発表した。

首都ハバナ在住のダヤナ・マチンさん（２６）は停電について「驚かなかった」⁠と語り、全てのキューバ国民が送電網からの⁠電力に代わる手段を必死で探していると説明。その上で「⁠私たちはこういう生活に慣れてきている」と語った。

ロイターが１６日‌に確認し⁠たＬＳＥＧの船舶追跡データによると、キューバは２０２６年​に入ってから石油を積んだ小型タンカーを２隻しか受け入れていない。",[],[]
イスラエルのネタニヤフ首相、イランで死亡説拡散　動画公開し否定（ロイター）,https://news.yahoo.co.jp/articles/d9483aac88b7c15c5c43b84db34e8234ad97ed47,https://newsatcl-pctr.c.yimg.jp/t/amd-img/20260317-00010001-reutv-000-1-thumb.jpg?exp=10800,2026-03-17T10:42:21+09:00,2026-03-17T10:42:21+09:00,ロイター,reut,ロイター,202,イスラエルのネタニヤフ首相は3月15日、イラン国営メディアが自身の死亡や負傷の噂を報じ、イラン国内のインターネット上で拡散したことを受け、コーヒーを注文して側近と会話する様子を収めた動画を公開した。エルサレム近郊のカフェで撮影された動画の中で、ネタニヤフ氏は自身の死亡説を冗談でかわしつつ、国民の強固な意志を称賛。同時に、現在もイランやレバノンに対して激しい攻撃を続けていると述べた（ナレーションなし）。,[],[]
米側から具体的な派遣要請ない＝ホルムズ海峡船舶護衛で官房長官（ロイター）,https://news.yahoo.co.jp/articles/c73a96210ac780b7d5f75f48450149a0c720c3e9,https://newsatcl-pctr.c.yimg.jp/t/amd-img/20260317-00000053-reut-000-1-view.jpg?exp=10800,2026-03-17T10:41:21+09:00,2026-03-17T10:41:21+09:00,ロイター,reut,ロイター,317,"2025年10月21日、都内で撮影。REUTERS/Kim Kyung-Hoon
［東京　１７日　ロイター］ - 木原稔官房長官は１７日‌の閣議後会見で、⁠トランプ米大統領がホルムズ海峡を通過​する船舶護衛への協力を各国に‌求めたことに関連し、報道は承知し‌ているとした‌上で「１５日の日米防​衛相電話会談を含め、‌米側から、わが国に対して具体‌的な派遣​要請があるわけで‌はない」と述べた。自⁠衛隊の派遣について何ら決まっていることもない⁠とした。

木原官房​長官は、‌ホルムズ海峡における航行の安全確保を含む⁠中東地域の平和と⁠安定の維持はエネルギ⁠ーの安定供給の観点などから国‌際社⁠会にとって極めて​重要だとの認識を示した。",[],[]
為替円安「多様な要因」、一概に申し上げるのは困難＝片山財務相（ロイター）,https://news.yahoo.co.jp/articles/a9151a67993ec8dc2a449b9f3ac0841d566ca6e0,https://newsatcl-pctr.c.yimg.jp/t/amd-img/default.jpg?exp=10800,2026-03-17T10:36:32+09:00,2026-03-17T10:36:32+09:00,ロイター,reut,ロイター,242,"Takaya Yamaguchi

[東京 １７日 ロイター] - 片山さつき‌財務相は１７日の参院予算⁠委員会で「為替相場は多様​な要因を背景にマーケット‌で決まる。（円安要因について）‌一概に申し‌上げるの​は困難」との認識‌を示した。浜野喜史委‌員（​国民民主）への答‌弁。

参院予算委では、⁠政府と日銀の関係についてもたださ⁠れ、片山財務​相は「‌国債買い入れを含む金融政策の具⁠体的な手法は、⁠日銀に委ねられ⁠ている」と述べた。日‌銀の⁠独立性を尊重​する考えを強調した。",[],[]
マクロスコープ：停戦はいつ？紛争から選挙まで「賭け」　予測市場が急拡大（ロイター）,https://news.yahoo.co.jp/articles/788591e4b7f1dd52b7303a9ac406a81a7e96a2c0,https://newsatcl-pctr.c.yimg.jp/t/amd-img/20260317-00000052-reut-000-1-view.jpg?exp=10800,2026-03-17T10:34:53+09:00,2026-03-17T10:34:53+09:00,ロイター,reut,ロイター,1961,"2021年8月18日、スカイツリーから見た都内の景色。REUTERS/Marko Djurica
Yusuke  Ogawa

［東京　１７日　ロイター］ - 選挙の勝敗から国際紛争の停戦時期、はたまたスポーツの試合結果や人気ドラマの展開まで――。世の中のあらゆる事象を取引の対象とする「予測市場」が、米国を中心に急成長を遂げている。前回の米大統領選を巡る「賭け」で一躍注目を集め、２０２５年‌の予測市場全体の取引額は４００億ドル超に達したとの推計もある。

現状、日本では法規制の対象だが、将来の事業化の可能性を議論⁠する会合が１４日、東京都内で開催され、起業家や経済学者ら数十人が参加。会場は熱気に包まれた。

市場の仕組みは、二者択一の賭けに近い。特定の出来事が「起こる」か「起こらない」かの予想を購入する。価格は１－９９セントの間で動くのが特徴で、ある選挙候補者が「当選する」の価格が１口６０セントで​あれば、実現した際に１ドルで清算。購入者は４０セント（手数料除く）の利益を得られる。当然、予想が外れたら、価値はゼロ。ただ、例えば８０セントまで上がった時点で売却し、途中で利益を確定することも可能だ。

カジノとは異なり胴元は存在せず、あく‌までもプラットフォームは取引の場を提供し、参加者同士が売買する。

数あるプラットフォームの中でも、米国のカルシとポリマーケットがとりわけ有名だ。カルシは米商品先物取引委員会（ＣＦＴＣ）の認可を受けて運営されている。マサチューセッツ工科大学（ＭＩＴ）出身で、大手ヘッジファンドでの勤務経験‌を持つタレク・マンスール氏らによって１８年に設立された。

一方のポリマーケ‌ットも、ニューヨーク証券取引所（ＮＹＳＥ）の親会社であるインターコンチネンタル取引所（ＩＣＥ）から出資を受けるな​ど、いずれも既存の金融業界との距離は近い。両社の企業評価額はすでに１００億ドル規模に達しているという。

＜機密漏洩に懸念も＞

予測市場が脚光を浴びたのは、２４年１１月の米大統領選だ。大手メディアによる‌世論調査において、民主党候補のハリス氏と共和党候補のトランプ氏の接戦が示される中、予測市場は早くからトランプ氏の優勢を織り込み、結果的にほぼ的中させた。市場の価格は、多くの参加者の予想が反映さ‌れており、出来事の発生確率をおおむね意味する。

この特長に​より単なる投資サイトではなく、新たなメディアとしても存在感を高めており、取引対象はスポーツや芸能にとどま‌らず、政治から地政学的なテーマまで幅広く網羅する。最近では、「米国のベネズエラ侵攻によってマドゥロ大統領は失脚するか」「米国はイランをいつ攻撃するか」といった取引が世間の話⁠題を集めた。

こうした取引は機密情報の漏洩や不正利用を誘発する恐れがあり、懸念の声も根強い。実際、イスラエル当局は、軍事作戦に関する情報を使ってポリマーケットで利益を得たとして予備役兵らを逮捕した。米議会では、政治家や政府高官による予測市場での取引を禁じる法案が提出されている。

トランプ氏長男のドナルド・トランプ・ジュニア氏はカルシの顧問⁠を務める傍らで、自身が参画するベンチャーキャピタルを通じてポリマーケットに出資をしている。

＜元法務大​臣が出席＞

日本では予測市場の運営はもちろん、海外‌の合法サービスであっても国内からの利用は刑法の賭博規制などに抵触する恐れがある。だが、米国での盛り上がりを受けて、将来の事業化の可能性を議論する「予測市場サミット」（主催は投資リサーチ会社のタネ）が先週末に開かれ、起業家やエンジニア、経済学者ら数十人が参加した。

登壇した慶応義塾大の坂井豊貴教授（経済⁠学）は「予測市場は人類にとって、民主主義や資本主義と並ぶ画期的なイノベーションだ」と指摘。元法務大臣で弁護士の牧原秀樹氏は「⁠予測市場はきっと社会的意義が発見されると思う。まだ世界的に評価が定まっていない段階だが、日本が理論的に後押しをしていくべきだ」と訴えた。

当面は、ポイントなどを活用した形⁠でのサービス開始が想定されそうだ。会合では、合法化に向けて推進団体を設立するアイデアが出された。企業経営への応用も期待されており、米フォード・モーターは社内に予測市場を開設。‌従業員にインセンテ⁠ィブを付与して販売台数予想を匿名で取引させたところ、従来より精度の高い結果が得られたという。

トヨタ自動車グループの横断組織「トヨ​タ・ブロックチェーン・ラボ」の上野直彦氏は「上司の顔色をうかがって予測数字を変えるなどの、社内のバイアスを排除できる。今後、大手製造業で広がるのではないか」との見方を示した。

（小川悠介　編集：橋本浩）",[],[]
米消費者の与信申請、2月は22年10月以来高水準＝ＮＹ連銀（ロイター）,https://news.yahoo.co.jp/articles/77a85cfe6216cc3658beb7e0ecadc86bc584585c,https://newsatcl-pctr.c.yimg.jp/t/amd-img/20260317-00000050-reut-000-1-view.jpg?exp=10800,2026-03-17T10:25:38+09:00,2026-03-17T10:25:38+09:00,ロイター,reut,ロイター,453,"2023年3月13日、米国ニューヨーク市にあるニューヨーク連邦準備銀行の入り口。REUTERS/Brendan McDermid
Michael S. Derby

[１６日 ロイター] - ニューヨーク連邦準備銀行が１６日に公‌表した最新の調査結果⁠で、２月の米消費者による与信の申請が２０２２年１０月以来の高​水準となったことが分かった。

与信の申請に‌当たって消費者の多くは、新規の借り入れ拡‌大ではなく、‌既存のクレジット​カードの利用限度額引き上‌げを求める傾向が強かった。

信用需要の‌拡大を受​けて、金融機関は与信‌審査を緩和している。調査によ⁠ると、新規与信申請の却下率は１５．９％と、２１年６月以来の水準に下がった。

一⁠方、過去１年間に金融​機関によ‌る顧客口座の閉鎖件数は過去最高水準に達した。ＮＹ連銀は口⁠座閉鎖が増加している⁠理由には言及していない。

また、突⁠発的な支出に備えて２０００ドルを用意‌でき⁠ると答えた人の割合は６３．３％と、​前回調査からわずかに低下した。",[],[]
カナダＣＰＩ、2月は前年比＋1.8％に鈍化　予想も下回る（ロイター）,https://news.yahoo.co.jp/articles/3e0b4d6a8135a7e17e9f9bef685687433a559559,https://newsatcl-pctr.c.yimg.jp/t/amd-img/20260317-00000049-reut-000-1-view.jpg?exp=10800,2026-03-17T10:22:41+09:00,2026-03-17T10:22:41+09:00,ロイター,reut,ロイター,688,"1月26日、カナダ・オンタリオ州トロントの食料品店で買い物をする人。REUTERS/Carlos Osorio
Promit Mukherjee

[オタワ １６日 ロイター] - カナダ統計局が１６日発表した２月の消費者物価指数（ＣＰＩ）は‌前年同月比１．８％上昇し、伸び率は前月の２．３％から⁠縮小した。ロイターがまとめたアナリスト予想の１．９％も下回った。

前年同月は政​府の売上税免除措置が終了した影響でＣＰＩが大きく上昇していた。間‌接税の影響を除いた場合、２月の上昇率は１．９％だった。

ＣＰＩは前月比では０．５％上昇。１月は横ばい、アナリス‌ト予想は０．７％上昇だった。

カナ‌ダ銀行（ＢＯＣ、中央銀行）はイン​フレ率が目標の２％付近で安定する中、昨年‌終盤から政策金利を２．２５％に据え置いている。

ＣＩＢＣキャピタル・マーケ‌ッツのシニアエコ​ノミスト、キャサリン・ジャッ‌ジ氏は「エネルギー価格ショックが見込まれ⁠る中、政策当局者は今回の穏やかな（ＣＰＩ）統計を歓迎するだろう」と指摘。「労働市場の⁠緩みがコアインフレを抑制​していること‌を示しており、ＢＯＣにとっては原油価格ショックの期間と規模が問題になる」と述べた。

２月の食品⁠価格は前年比５．４％上昇。一方、ガソリン価格⁠は燃料に対する炭素税が廃止された影響が続⁠き、１４．２％下落した。

住居費の伸びは１．５％に鈍化。住宅ローン金利‌コス⁠トの緩和が続いた。家賃は３．９％上昇した。

コアイ​ンフレ指標の一つであるＣＰＩ中央値は２．３％上昇。ＣＰＩトリム値も２．３％の上昇だった。",[],[]
アップル、ヘッドホン「ＡｉｒＰｏｄｓ　Ｍａｘ２」発表　549ドル（ロイター）,https://news.yahoo.co.jp/articles/ed19cbc872213d9b84a11dbf446b8c3ef1c95726,https://newsatcl-pctr.c.yimg.jp/t/amd-img/20260317-00000048-reut-000-1-view.jpg?exp=10800,2026-03-17T10:20:57+09:00,2026-03-17T10:20:57+09:00,ロイター,reut,ロイター,606,"米ニューヨーク・マンハッタンで2019年10月16日撮影。REUTERS/Mike Segar/File Photo
[１６日 ロイター] - 米アップルは１６日、ワイヤレスヘッドホン「ＡｉｒＰｏｄｓ　Ｍａｘ（エアポッド・マック‌ス）」の第２世代を発表した。価格⁠は５４９ドル。

２０２０年の初代モデル発売以来の大幅な刷新となる。新機能の追加やノイズ​キャンセリング機能の改良で、高級ヘッドホン市場を主導するソニ‌ーグループやボーズ、ゼンハイザーに対抗する。

エアポッド・マックス２には、‌最新のエアポッド‌シリーズに搭載されている​アップル独自のＨ２半導体が採用されている。２５日に３０カ‌国以上で予約受け付けを開始し、来月初旬から店頭販‌売を開始する。

同製品​にはアクティブノイズキャンセ‌リング機能とマイクシステムの改良に加え、アダ⁠プティブオーディオ、会話認識、リアルタイム翻訳といった新機能が含まれる。

昨年９月にエアポ⁠ッド・プロ３で初めて導入され​たリアルタイ‌ム翻訳機能は、アップルの人工知能（ＡＩ）プラットフォーム「アップルインテリジェンス」⁠を活用し、対面での多言語間の⁠会話を翻訳できる。

エアポッド・マックス２はＵＳＢ－Ｃ接続時に高解⁠像度ロスレスオーディオにも対応しており、より高音‌質の⁠オーディオを必要とする音楽クリエ​イターやプロユーザーをターゲットとしているという。",[],[]
南ア「イランとの関係断つ理由ない」、米の圧力に抵抗（ロイター）,https://news.yahoo.co.jp/articles/db9680b710990f1ce6497cc1a1183e3330ac0870,https://newsatcl-pctr.c.yimg.jp/t/amd-img/20260317-00000047-reut-000-1-view.jpg?exp=10800,2026-03-17T10:04:26+09:00,2026-03-17T10:04:26+09:00,ロイター,reut,ロイター,624,"写真は南アフリカのダンガー外務省国際関係協力局局長。2024年5月、オランダのハーグで撮影。REUTERS/Yves Herman
Tim Cocks

[ヨハネスブルク １６日 ロイター] - 南アフリカのダンガー外務省国際関係協力‌局局長は、イランとの関係を断つ理⁠由はないと表明した。先週末のロイターとのインタビューで述べた。

イスラエルに対​するジェノサイド訴訟の取り下げ、黒人エンパワーメント法の廃止、ト‌ランプ政権による南アの白人を対象とした難民プログラムの受け入れといった、‌トランプ政権のそ‌の他の要求についても拒否した。

ト​ランプ氏が、南アの黒人多数派政権が白人少数派‌を迫害していると非難し、極右のチャットルームで流布さ‌れている白人農家​からの土地接収に関する虚偽の主張‌を繰り返して以来、南アと米国の関係は急激に悪化。⁠トランプ氏は昨年８月、南アからの輸入品に３０％の関税を課した。

ダンガー氏は「われわれにイランとの関係を断⁠つ理由は何もない」と述べた。​一方「イラン‌に対して全く批判的でないわけではない」ともし、南ア政府が抗議活動に対する弾圧や、米国⁠との最近の戦争における近隣諸国へ⁠の攻撃について、イランを非難したことを指摘した。

ボゼ⁠ル駐南ア米大使は、着任後初のメディアインタビュー‌で、⁠南アのニュースサイトNews24に「イランとの結びつきは、​米との良好な関係にとって障害となる」と述べている。",[],[]
バグダッドの米国大使館に攻撃、ドローンとロケット弾で＝治安筋（ロイター）,https://news.yahoo.co.jp/articles/95e011b8f509c540188a7f165b6ddeb37b538765,https://newsatcl-pctr.c.yimg.jp/t/amd-img/default.jpg?exp=10800,2026-03-17T09:54:36+09:00,2026-03-17T11:11:59+09:00,ロイター,reut,ロイター,532,"[バグダッド １７日 ロイター] - イラク治安当局筋によると、１７日未明にバグダッドの米‌国大使館にドローン（無人機）とロ⁠ケット弾による攻撃があった。攻撃は同市周辺地域から行われ、少なく​とも５機のドローンが使用されたという。

同当局筋は米国とイスラエルによ‌るイラン攻撃開始以降で最も激しい攻撃だと述べた。

ロイターはバグダッドで激‌しい爆発音を確認‌した。また、少なくとも３機の​ドローンが大使館の方向へ飛来するのを確認‌した。うち２機は防空システムが撃墜したが、残る１機は大使館の‌敷地内に侵入し、​炎と煙が立ち上るのが見えた。

ロイ‌ターはコメントを求めて大使館の携帯電話番号に⁠電話をかけたが、電源は切れていた。

イラクでは複数の親イラン民兵組織が米国とイスラエルによ⁠るイラン攻撃への報復とし​て、イラク国‌内の米国関連施設を攻撃している。１６日には「神の党旅団（カタイブ・ヒズボラ）」が幹部⁠の死亡を発表、「人民動員隊（ＰＭＦ）」はシリ⁠ア国境近くの町で少なくとも８人の戦闘員が死亡した⁠と発表した。

イラク治安部隊はバグダッド各地に展開し、‌政府⁠機関や米国大使館など外国公館が集まる​旧米軍管理区域（グリーンゾーン）を閉鎖している。",[],[]
ナフサ、現時点で直ちに需給上の問題生じていない＝赤沢経産相（ロイター）,https://news.yahoo.co.jp/articles/57ddd862cc0b305576e6f65d9f526a43c1c11cf3,https://newsatcl-pctr.c.yimg.jp/t/amd-img/20260317-00000045-reut-000-1-view.jpg?exp=10800,2026-03-17T09:49:50+09:00,2026-03-17T09:49:50+09:00,ロイター,reut,ロイター,539,"写真は赤沢亮正経産相。2025年4月、都内で撮影。REUTERS/Issei Kato
Ritsuko Shimizu

[東京 １７日 ロイター] - 赤沢亮正経産相は１７日の閣議後会見で、原油を精製‌して作られるナフサについて「⁠現時点で直ちに需給上の問題は生じていない」と述べた。

川下在庫​の活用に加え、米国や南米からの輸入、国内での原油から‌の精製により「国内需要の４カ月分を確保可能」との見込みを示し‌た。その上で「関‌係企業と密接に連携し​つつ、サプライチェーン確保に向けて必‌要な対応を実施していく」とした。

三菱ケミカルグル‌ープなどは、​ナフサの調達減が避けられない‌とし、エチレンの減産対応を開始したこ⁠とを明らかにしている。      

政府は、原油価格高騰に対応し激変緩和措置を１９日から実施、ガソ⁠リン価格については１７０円程​度に抑制する。‌赤沢経産相は「１９日以降、おおむね１―２週間かけて、補助開始前に供給された在庫⁠が販売され、補助を踏まえた在⁠庫に切り替わるとともに、全国小売平均価格⁠は１７０円程度に向けて低下する」と述べた。    

高市早苗首‌相の⁠訪米に同行するかどうかについ​ては「現時点で決まっていることはない」とした。",[],[]
イランで6病院が避難、医療体制は対応可能な状態＝ＷＨＯ（ロイター）,https://news.yahoo.co.jp/articles/853a269acd5a1e05d26e766cc2f65c7386854729,https://newsatcl-pctr.c.yimg.jp/t/amd-img/20260317-00000044-reut-000-1-view.jpg?exp=10800,2026-03-17T09:47:53+09:00,2026-03-17T09:47:53+09:00,ロイター,reut,ロイター,578,"写真は損壊した車両。3月16日、イランのテヘランで撮影。WANA提供。REUTERS
[ジュネーブ １６日 ロイター] - 世界保健機関（ＷＨＯ）のハナン・バルキー東地中海‌地域事務局長は１６日、米国とイス⁠ラエルのイラン攻撃により６つの病院が避難を余儀なくされたが、現時点で​当局の緊急支援要請はなく、医療体制は持ちこたえている‌ようだと明らかにした。

「イランの初期医療と医療インフラは非常に良好で‌強固な状態にあり、‌現時点では負傷者に対応​できている」とロイターに述べた。

イランの‌アリ・バフレイニ駐ジュネーブ国連大使はこの日、２月２８日の紛‌争開始以来、国内​で１３００人以上が死亡、７０００人以上が負傷した‌と述べた。

ＷＨＯはテヘランに事務所を開設してイラン当⁠局の疾病管理を定期的に支援しており、これまでに１８件の医療施設攻撃と医療従事者８人の⁠死亡を確認している。

バルキー​氏は、ＷＨＯは状況がさら‌に悪化した場合の緊急物資搬入に備え、非常事態対応計画を策定していると述べ⁠た。

同氏によると、ＷＨＯは紛争のため、ドバイ⁠にある人道支援拠点からの緊急医療物資空輸⁠便の一時停止に追い込まれたが、現在は再開して‌いる。

現⁠在２５の加盟国による要請を処理中だが、ＷＨＯ報道​官はポリオ治療薬などがまだ到着していないと述べた。",[],[]
基調的な物価上昇率、2％に向けて緩やかに上昇＝植田日銀総裁（ロイター）,https://news.yahoo.co.jp/articles/a1e539337ba8c145b94879268dae092062ac1060,https://newsatcl-pctr.c.yimg.jp/t/amd-img/20260317-00000042-reut-000-2-view.jpg?exp=10800,2026-03-17T09:45:23+09:00,2026-03-17T10:42:18+09:00,ロイター,reut,ロイター,673,"写真は日銀の植田和男総裁。1月23日、都内で撮影。REUTERS/Kim Kyung-Hoon
Takahiko Wada

［東京　１７日　ロイター］ - 日銀の植田和男総裁は１７日の参院予算委員会で、基調的な物価上昇率につ‌いて「２％に向けて緩やかに上昇している」との⁠認識を示した。その上で、来年度後半から２０２７年度にかけて２％物価目標とおおむね整合的な​水準で推移すると見込んでいると改めて話し、賃金上昇を伴う形で２％物価目標を持‌続的・安定的に実現するよう適切に政策運営していきたいと語った。

浜野喜史委員（民主）の‌質問に答えた。

植田総裁は、‌物価上昇の要因について「長​い目で見れば、マネタリーベースなどの貨幣的な要因‌と関係するとの説もあるが、短期的には実体経済の様々な要因によって‌変動する」と述べ​た。

財政支出が総需要に働きかけることで景‌気を刺激し、設備投資や消費、雇用を増加させる結果、⁠需給ギャップや労働需給が改善すると物価や賃金の上昇につながるが、「先々の経済の供給力向上にもつながる場合に⁠は、長い目で見れば物価上昇圧​力を抑制する方向‌に作用することもある」とも話した。

国債の発行増が長期金利にもたらす影響については「中長期的な⁠財政健全化について、市場の信認が維持され⁠ているかが重要だ」と話した。

その上で、通常の市場の動きと⁠は異なるような形で長期金利が急激に上昇するといった「‌例外⁠的な状況」では、「市場における安定的な金​利形成を促す観点から機動的にオペ等を実施する」と改めて述べた。",[],[]
サッカー＝ネイマール、ブラジル代表の親善試合メンバー外に（ロイター）,https://news.yahoo.co.jp/articles/cb1849b6c7fe066874d5a7802e355564b7ccb8cd,https://newsatcl-pctr.c.yimg.jp/t/amd-img/20260317-00000043-reut-000-1-view.jpg?exp=10800,2026-03-17T09:44:48+09:00,2026-03-17T09:44:48+09:00,ロイター,reut,ロイター,553,"サッカーのブラジル代表を率いるカルロ・アンチェロッティ監督（写真）は１６日、今月行われる国際親善試合に向けた代表メンバーを発表し、ＦＷネイマールをメンバー外とした（２０２６年　ロイター）
［リオデジャネイロ　１６日　ロイター］ -     サッカーのブラジル代表‌を率いるカルロ・アンチェ⁠ロッティ監督は１６日、今月行われる国際親善試合に向けた代​表メンバーを発表し、ＦＷネイマール（３４）をメンバー外と‌した。

ブラジルは米国、カナダ、メキシコで共催される今夏の‌ワールドカッ‌プ（Ｗ杯）を見据え、２６日にボス​トンでフランスと、３１日にオーランドでク‌ロアチアと対戦する。

代表歴代最多７９ゴールを誇るネイ‌マールだが、２０２３年１０月​に膝に重傷を負って以降、‌代表から遠ざかっている。最近も筋⁠肉疲労で所属するサントスの試合を欠場しており、アンチェロッティ監⁠督が直接視察する計画​が頓挫し‌ていた。

同監督は「１００％の状態ならＷ杯に出場できるが、今はそうではないため招集⁠を見送った。練習を積み、⁠試合に出る必要がある」と説明。Ｗ杯に向けた準⁠備を進める中での決断となった。

ブラジルは６月‌にエ⁠ジプトとの親善試合を行った後、​同１３日にＷ杯１次リーグＣ組の初戦でモロッコと対戦する。",[],[]
ゴルフ＝最新世界ランク、松山は13位に後退　ヤングが4位に急上昇（ロイター）,https://news.yahoo.co.jp/articles/c52d9d517201917468e03f730d9e724d46bc54dd,https://newsatcl-pctr.c.yimg.jp/t/amd-img/20260317-00000041-reut-000-1-view.jpg?exp=10800,2026-03-17T09:44:00+09:00,2026-03-17T09:44:00+09:00,ロイター,reut,ロイター,404,"男子ゴルフの最新世界ランキングが１５日付けで発表され、松山英樹は前回から１つ順位を落とし、１３位となった。日本勢では引き続き最上位。米カリフォルニア州ペブルビーチで２月撮影（２０２６年　ロイター/Imagn Images）
［１６日　ロイター］ -     男子ゴルフの最新世界‌ランキングが１５日付けで⁠発表され、松山英樹は前回から１つ​順位を落とし、１３位となった。日‌本勢では引き続き最上位。

久常涼は‌前回６５位から４ラン‌クアップの６１位​に浮上。トップ１００入り‌の日本選手は２人だけだった。

上位‌勢で​は１位スコッティ・シ‌ェフラー（米国）、２位ロ⁠リー・マキロイ（英国）、３位トミー・フリート⁠ウッド（英国）​は‌変動がなかったが、４位には前回から１１も順位を上⁠げたキャメロ⁠ン・ヤング（米国）が⁠入った。

ヤングは１５日まで行われ‌たプ⁠レーヤーズ選手権​でツアー２勝目を挙げた。",[],[]
ウーバーとエヌビディア、ロボタクシー世界展開で提携　来年加州皮切りに（ロイター）,https://news.yahoo.co.jp/articles/1e864493f5b0958c2f4f8eb44656c9626953fae7,https://newsatcl-pctr.c.yimg.jp/t/amd-img/20260317-00000040-reut-000-1-view.jpg?exp=10800,2026-03-17T09:43:48+09:00,2026-03-17T09:43:48+09:00,ロイター,reut,ロイター,524,"写真はウーバーのロゴ。2025年8月撮影。REUTERS/Dado Ruvic
[１６日 ロイター] - 米配車大手ウーバー・テクノロジーズ と半導体大手エヌ‌ビディア は１６日、エヌビディアの自動運⁠転ソフトウエアを搭載した自動運転タクシー（ロボタクシー）をウ​ーバーの配車ネットワークに導入すると発表した。２０２７年にカリフ‌ォルニア州ロサンゼルスとサンフランシスコでサービスを開始し、２８年ま‌でに世界２８都市へ拡大す‌る計画だ。

当初はデータ収​集車両による走行で都市固有の走行条件を学‌習させ、オペレーター監視下での運行を経て、最‌終的には完全​無人運転の「レベル４」への移‌行を目指す。

展開地域は北米、欧州、オーストラ⁠リア、アジア全域を予定している。

自動運転タクシーの商用化を巡る競争は激化している。⁠現在は米アルファベ​ット傘下のウ‌ェイモが先行し、西部アリゾナ州フェニックス、サンフランシスコ、ロサン⁠ゼルスなどで完全無人運転を実施し、⁠着実に車両数を増やしている。

一方、米電気自⁠動車（ＥＶ）大手テスラも独自のカメラベースの技術、‌量⁠産能力と資金力を武器に参入を計画​しており、競争環境を一変させる可能性がある。",[],[]
トランプ氏、イラン新最高指導者の生存に疑問　「姿を見せないのはおかしい」（ロイター）,https://news.yahoo.co.jp/articles/01a0d8b5eb6168bd8bbd2b0f08d3c9c2b1aa124d,https://newsatcl-pctr.c.yimg.jp/t/amd-img/20260317-00010000-reutv-000-1-thumb.jpg?exp=10800,2026-03-17T09:35:46+09:00,2026-03-17T09:35:46+09:00,ロイター,reut,ロイター,115,トランプ米大統領は3月16日、空爆で負傷したと報じられているイランの新指導者モジタバ師の安否は不明という認識を示した。モジタバ師は公の場に姿を現しておらず、トランプ氏は「誰も彼を見ていないのは異常だ」と述べた（ナレーションなし）。,[],[]
ネビウスがメタとＡＩインフラ契約、5年間で最大270億ドル規模（ロイター）,https://news.yahoo.co.jp/articles/da5b2e0a15ad1aae1e2dc8bb3f1d3287bdb5e85e,https://newsatcl-pctr.c.yimg.jp/t/amd-img/20260317-00000039-reut-000-1-view.jpg?exp=10800,2026-03-17T09:26:43+09:00,2026-03-17T09:26:43+09:00,ロイター,reut,ロイター,417,"写真はネビウスのロゴ。2025年11月、英チャーツィーのデータセンター施設で撮影。REUTERS/Toby Melville
Aditya Soni　Toby Sterling

[１６日 ロイター] - オランダの人工知能（ＡＩ）‌インフラ企業ネビウス⁠・グループは１６日、米メタ・プラットフォ​ームズに対し、２０２７年までに複数拠点で総額１２０億‌ドル相当のＡＩコンピューティング能力‌を提供するこ‌とで合意した​と発表した。

これに加え、‌ネビウスが今後５年間に計画する１５０億ド‌ル相当の​処理能力のうち、‌他の顧客に販売しない⁠分についてもメタが購入することで合意し、契約⁠総額は最大２７０億ド​ルとなる。

ネ‌ビウスは昨年１１月にもメタと３０億ドル規模の契約を締結。⁠同９月にはマイクロソ⁠フトと１７４億ドル規模の契約を結⁠んだ。

米半導体大手エヌビディ‌アは⁠先週、ネビウスに２０億ドルを​出資すると発表している。",[],[]
ヘッジファンドは直近週で金融関連株に積極的な売り＝ゴールドマン（ロイター）,https://news.yahoo.co.jp/articles/abe2a5c3fb5375c5b035989c892a4d872346a4d0,https://newsatcl-pctr.c.yimg.jp/t/amd-img/20260317-00000038-reut-000-1-view.jpg?exp=10800,2026-03-17T09:23:45+09:00,2026-03-17T09:23:45+09:00,ロイター,reut,ロイター,690,"写真は3月9日、米ニューヨーク証券取引所で撮影。REUTERS/Brendan McDermid
Nell Mackenzie

[ロンドン １６日 ロイター] - 世界のヘッジファンドは１３日までの１週間で金融関連株のショートポジ‌ションを積極的に構築し、金融セクター⁠は国際的に売り越しとなった。ゴールドマン・サックスの顧客向けノートをロイターが１６日​に確認して分かった。

Ｓ＆Ｐ金融株指数は年初来で１１％、欧州の銀行株指数は同約８％下落して‌いる。

背景には、中東情勢緊迫化に伴う世界経済の悪化とともに、金融機関とプライベートク‌レジットのつながりが‌従来の想定よりも密接な可能性​が懸念されていることがある。

最近のムーディーズの報告書で‌は、米銀が昨年６月時点でプライベートクレジット事業者に３０００億ドル弱を‌融資していたこと​が明らかになった。

ＪＰモルガン・チェースは、‌プライベートクレジットの主要な取引相手とされるソフト⁠ウエア企業の株価に動揺が生じた後、プライベートクレジット・ファンド向けローン債権の評価額を引き下⁠げたと伝えられている。

アーレン・キャ​ピタル・マネ‌ジメントのマネジングディレクター、ブルーノ・シュネラー氏は、ＪＰモルガンの評価引き下げで他行も追随す⁠る可能性が浮上したため市場の注目が集まっ⁠たと指摘。金融システム全体に波及する場合、リスクヘッ⁠ジは銀行や保険、金融株指数などを通じて行うのが最も簡単な‌方法⁠になると説明した。

ゴールドマンによると、地銀​を除く金融のサブセクターも年初来で売り越しになっているという。",[],[]
植田日銀総裁、午前9時23分から参院予算委に出席＝国会筋（ロイター）,https://news.yahoo.co.jp/articles/fddbd4e227a065dfb7d213763a6108d1cf2d8f40,https://newsatcl-pctr.c.yimg.jp/t/amd-img/20260317-00000037-reut-000-1-view.jpg?exp=10800,2026-03-17T09:20:50+09:00,2026-03-17T09:20:50+09:00,ロイター,reut,ロイター,157,"写真は日銀の植田和男総裁。2025年12月、都内で撮影。REUTERS/Manami Yamada
［東京　１７日　ロ‌イター］ - 国⁠会筋によ​ると、日銀の‌植田‌和男‌総裁​が午‌前９時２３分から‌午前１０時２５分​まで参院‌予算⁠委員会に⁠出席​する。‌浜野喜⁠史委⁠員（民主）⁠の質問‌に答⁠える​予定。",[],[]
トランプ氏、キューバ掌握示唆　「何でもできる」（ロイター）,https://news.yahoo.co.jp/articles/2a8106bde54dcfd93cff27e9d4b29df24d3dbc76,https://newsatcl-pctr.c.yimg.jp/t/amd-img/20260317-00000036-reut-000-1-view.jpg?exp=10800,2026-03-17T09:19:07+09:00,2026-03-17T09:19:07+09:00,ロイター,reut,ロイター,816,"写真はトランプ米大統領。3月16日、ワシントンのホワイトハウス大統領執務室で撮影。REUTERS/Jonathan Ernst
Daniel Trotta

[ハバナ １６日 ロイター] - トランプ米大統領は１６日、キューバに対する強硬な発言をエスカレートさせ、「何らかの‌形でキューバを掌握する栄誉」を得ることを期待⁠していると述べ、同国に対して「私は何でもできる」と表明した。

キューバと米国は両国間の関係改善に向​けた協議を開始したばかりだった。

トランプ氏は大統領執務室で記者団に対し、「私はキューバを‌掌握する栄誉を得ることになると信じている。それは大きな栄誉だ。何らかの形でキューバを掌握する」と語っ‌た。

「解放するにせよ、占‌領するにせよ、私は望むことを何でもで​きると思う」と語った。

キューバは、米国がベネズエラのマドゥロ大統‌領拘束後に課した石油禁輸措置によって未曾有の経済危機に直面している。

トランプ‌氏の発言後、米紙ニュ​ーヨーク・タイムズ（ＮＹＴ）は関係者の話として、キュ‌ーバのディアスカネル大統領を退陣させることが二国間協議におけ⁠る米国の主要な目的だと報じた。米国はキューバの交渉担当者にディアスカネル氏の退陣が必要であることを示唆しているが、今後の対応⁠についてはキューバ側に委ねているとい​う。

キューバは伝統的‌に内政への干渉を拒否し、これに関連するいかなる提案も、交渉決裂の要因になると見なしてきた。

過去数十年にわたり米国はキ⁠ューバの共産主義政権に反対し、人権状況を批判して⁠きたが、１９６２年のキューバ危機を解決するためのソ連との合意の一環として、⁠キューバへの侵攻や侵攻支援を行わないという約束を守ってきた。

ホワイトハ‌ウスは、⁠キューバへの介入の可能性に関する法的根拠について、​まだ詳細を明らかにしていない。

キューバ政府はコメントの要請に応じなかった。",[],[]
日経平均は反発で寄り付く、原油価格の落ち着き好感　中東警戒くすぶる（ロイター）,https://news.yahoo.co.jp/articles/f715057a3cf975eb17913b8d36cdef1057b539c3,https://newsatcl-pctr.c.yimg.jp/t/amd-img/20260317-00000035-reut-000-1-view.jpg?exp=10800,2026-03-17T09:15:22+09:00,2026-03-17T09:15:22+09:00,ロイター,reut,ロイター,480,"写真は2025年12月、都内の株価ボード前で撮影。REUTERS/Issei Kato
[東京 １７日 ロイター] -     寄り付きの東京株式市場で日経平‌均は、前営業日比５３５円１１銭高の５万４２８６円２６銭と反発⁠してスタートした。米国市場で原油価格の下落を支えに株​高となり、好感する買いが先行している。一方、‌中東情勢への警戒感は根強く、原油価格の動向には引‌き続き注意が‌必要とみられている。

主力​株はトヨタ自動車が堅調。ソニーグ‌ループは横ばい圏。指数寄与度の高いフ‌ァーストリテ​イリングは小高い。ＡＩ（人工知能）‌・半導体関連はまちまち。東京エ⁠レクトロンはしっかり、アドバンテストは小安く、ソフトバンクグ⁠ループは小高い。

米半導体​大手エヌ‌ビディアのジェンスン・フアン最高経営責任者（ＣＥＯ）は開発者会議⁠の基調講演で、同社の人工⁠知能（ＡＩ）半導体の売上高が２０２７年末までに少なくとも１兆⁠ドルに達する可能性があるとの見通‌しを⁠示した。エヌビディア株は１．６％高、フィ​ラデルフィア半導体指数（ＳＯＸ）は１．９％高だった。",[],[]
エネルギー高騰で拙速な対応自制を、ＢＩＳが各国中銀に呼びかけ（ロイター）,https://news.yahoo.co.jp/articles/35434706f2bdf69fcb4dc1622d1b8a6e92c57f7c,https://newsatcl-pctr.c.yimg.jp/t/amd-img/20260317-00000034-reut-000-1-view.jpg?exp=10800,2026-03-17T09:12:54+09:00,2026-03-17T09:12:54+09:00,ロイター,reut,ロイター,787,"写真はガソリンスタンドで給油する従業員。3月9日、フィリピンのマニラ首都圏ケソン市で撮影。REUTERS/Lisa Marie David
Marc Jones

[ロンドン １６日 ロイター] - 国際決済銀行（ＢＩＳ）は最新の四半期報告書で、イラン情勢に起因する足元‌の世界的なエネルギー価格高騰について、⁠各国の中央銀行に拙速な対応を自制するよう呼びかけた。

今月に入って原油は４０％、ガスは６０％近く値上がりした。​ロシアのウクライナ侵攻とコロナ禍後の経済再開で世界的にインフレが進行した２０２２年‌を思い起こさせる状況になっている。

当時の米連邦準備理事会（ＦＲＢ）や欧州中央銀行（ＥＣＢ）などの主要中銀‌は利上げに動いたものの、‌物価高を一時的と見誤って対応が遅​れたことに批判が集まった。

こうした中で現在の市場では、各‌国中銀は同じ間違いを避けようとして早急に動く展開が織り込まれつつある。

し‌かしＢＩＳは慎重な姿勢が​必要だと指摘。チーフ経済アドバイザーを務‌めるヒュン・ソン・シン氏は「供給ショックが明らかに一過性⁠ならば、金融政策での対応はしないというのが定石だ」と述べ、どうするべきかの判断は、戦争と原油価格上昇がどれだ⁠け長引くかに左右されるとの見方を​示した。

短期金融市場‌が織り込む年内のＦＲＢの利下げ回数は１回に減少し、ＥＣＢについては７月までの利上げが１００％、年末までの２回目の利上げも８５％と想定されている。

シン氏は、⁠こうした状況を２２年の記憶に基づく「条件反射」⁠とみなしつつ、重要な物価指標にはそれほど大きな変化は見ら⁠れず、全体として非常に困惑する構図になっていると指摘した。

一方で‌シン氏は、⁠持続的なエネルギー高は長期化するほど実体経​済への影響が大きい以上、引き続き注視すべき大事な要素だと強調した。",[],[]
ＭＬＢ＝ドジャース、グラウンド名「ユニクロ・フィールド」に─報道（ロイター）,https://news.yahoo.co.jp/articles/ac88f0633f304529ea9efa61d9c7e0594889f63c,https://newsatcl-pctr.c.yimg.jp/t/amd-img/20260317-00000033-reut-000-1-view.jpg?exp=10800,2026-03-17T09:11:15+09:00,2026-03-17T09:11:15+09:00,ロイター,reut,ロイター,525,"ＭＬＢのドジャースが、日本の衣料品大手「ユニクロ」と公式フィールドプレゼンティングスポンサー契約を結んだと、スポーツ専門サイト「ジ・アスレチック」が１５日に報じた。米カリフォルニア州ロサンゼルスで２０２５年１０月撮影（２０２６年　ロイター/Imagn Images）
［１６日　ロイター］ -     米大リーグ（ＭＬＢ）のドジャースが、日本の衣‌料品大手「ユニクロ」と公⁠式フィールドプレゼンティングスポンサー契約を​結んだと、スポーツ専門サイト「ジ・アスレチッ‌ク」が１５日に報道した。本拠地のグラウンド名が「ユニ‌クロ・フィー‌ルド・アット・ドジャ​ースタジアム」となる見込みだ‌と伝えた。

ドジャースがフィールド命名権を‌売却する​のは１９６２年の開場から初めて。２０２２年からパ‌ートナーシップを模索していた。一⁠方、ドジャースは現時点でこの件について公式に発表していな⁠い。

２６日の今季開幕戦前に正​式発表さ‌れる予定で、契約には球場に関するあらゆる表示や看板にユニ⁠クロの名前を使用すること、⁠センターフィールドに新設される⁠看板へのロゴ掲載、そして独占的な‌マー⁠ケティングおよびプロモー​ション機会の提供などが含まれるという。",[],[]
国民会議の有識者メンバー、清家氏など12人内定＝城内経済財政相（ロイター）,https://news.yahoo.co.jp/articles/51468e7db3126708084944d6082ec48e22544e84,https://newsatcl-pctr.c.yimg.jp/t/amd-img/20260317-00000031-reut-000-1-view.jpg?exp=10800,2026-03-17T08:58:43+09:00,2026-03-17T08:58:43+09:00,ロイター,reut,ロイター,315,"写真は城内実経済財政相。2024年10月、都内で撮影。REUTERS/Issei Kato
［東京　１７日　ロイター］ - 城内実経済財政‌相は１７日の閣議後会見で、食⁠品消費税減税などを議論するた​めに高市早苗内閣が設置した社‌会保障国民会議の有識者メンバー１２人‌を内定し‌たと発表した。

メ​ンバーは清家篤・日本‌赤十字社社長、翁百合・日‌本総合研​究所シニアフェロ‌ー、片岡剛士ＰｗＣコンサルテ⁠ィング上席執行役員のほか、河野俊嗣・全国⁠知事会地方税​財政‌常任委員長（宮崎県知事）、久保田政一⁠日本経済団体連合⁠会副会長などで、清家氏が⁠座長に就任する予定。

城内‌経財⁠相は早期に有識者​会議を開催したいと述べた。",[],[]
金融市場に大きな変動、いかなる時も万全の対応とる＝片山財務相（ロイター）,https://news.yahoo.co.jp/articles/bc65a638013c48e2471c03db4161e057c4187b5e,https://newsatcl-pctr.c.yimg.jp/t/amd-img/20260317-00000030-reut-000-1-view.jpg?exp=10800,2026-03-17T08:56:35+09:00,2026-03-17T08:56:35+09:00,ロイター,reut,ロイター,206,"写真は片山さつき財務相。2月20日、都内で撮影。REUTERS/Kim Kyung-Hoon
Takaya Yamaguchi

［東京　１７日　ロイター］ - 片‌山さつき⁠財務相は１７日、中東情勢​の緊迫化で金‌融市場全般に‌大きな変‌動が​生じてい‌るとの認識を‌改め​て示した。市‌場対応を⁠巡り「いかなる時⁠も万​全の‌対応をとる」との考え⁠も語⁠った。同日午⁠前の閣議後、‌報道⁠陣の​質問に答えた。",[],[]
米同盟国、ホルムズ海峡船舶護衛に慎重　トランプ氏は不満表明（ロイター）,https://news.yahoo.co.jp/articles/af373c53e37e9aa9bba62e6c5128f8b4ca4d54aa,https://newsatcl-pctr.c.yimg.jp/t/amd-img/20260317-00000029-reut-000-1-view.jpg?exp=10800,2026-03-17T08:53:38+09:00,2026-03-17T08:53:38+09:00,ロイター,reut,ロイター,1263,"写真はホルムズ海峡近くの湾岸地域を航行するタンカー。3月11日、アラブ首長国連邦（ＵＡＥ）とオマーンの国境付近から撮影。REUTERS
Bo Erickson　Alexander Cornwell　Parisa Hafezi

[ワシントン／テルアビブ／ドバイ １６日 ロイター] - トランプ米大統領がエネルギー輸送の要衝ホルムズ海峡を通過する船舶護衛への協力を求めたのに対し、複数の同盟‌国は１６日、艦船派遣に慎重な姿勢を示した。

３週目に突入したイラン戦争に終息の兆しは見⁠えておらず、ホルムズ海峡が事実上封鎖された状態が続く中、エネルギー価格の高騰とインフレへの懸念が高まっている。

ドイツ、スペイン、イタリアなど複数の国は、​ホルムズ海峡の航行再開を支援するために直ちに艦船を派遣する計画はないと述べた。

ドイツのメルツ首相は「ＥＵ基本条約の下で必要とされる国連や北大‌西洋条約機構（ＮＡＴＯ）などからの要請はない。このため、この戦争がＮＡＴＯの任務でないことは当初から明らかだった」と述べた。また、米国とイスラエルが攻撃開始前にドイツと協議しな‌かったとし、「このため、ドイツが軍事‌的に関与するかどうかという問い自体が存在しない」と語った。

ス​ペインは紛争をエスカレートさせるようなことは一切しないとし、イタリアも軍艦を紛争地域に派遣す‌ることは紛争への参加とみなされるだろうという認識を示した。

トランプ氏はホワイトハウスのイベントで、多くの国が支援の用‌意を示したと述べる一方、一部の同​盟国に対しては不満を表明した。

「非常に熱心な国もあれば、そうでない国‌もある」とし、「長年にわたりわれわれが支援してきた国もあり、それらの国を恐ろしい外部勢力から守ってきたが、⁠彼らはさほど積極的でない。熱意の度合いが私にとって重要だ」と述べた。具体的な国には言及しなかった。

欧州連合（ＥＵ）の外相に当たるカラス外交安全保障上級代表は、中東で展開するＥＵの海軍任務をホルムズ海峡に⁠拡大することについて、ＥＵ外相から前向きな姿勢は示されなかったと​述べた。

一方、イスラエル軍は１６日、‌イラン戦争で今後３週間の詳細な作戦計画が策定されているとし、それ以降の計画も存在すると明らかにした。

軍報道官は「イランの体制を可能な限り弱体化し、あらゆる安全保障機関の能力を削ぎたいと⁠考えている」と述べた。

イランのイスラム革命防衛隊（ＩＲＧＣ）は中東にある米国の産業施設を⁠標的にするとし、米国が所有する工場付近の住民に避難を呼びかけた。

また、トランプ氏がイラン最大の石油輸⁠出拠点カーグ島にさらなる攻撃を行う可能性があると示唆したことに関連し、イラン軍報道官は、同島に対する米軍‌の攻撃が⁠発せられた国の石油・ガス施設を標的にすると警告した。

イランのアラグチ外相はＸへの投稿​で、米軍を駐留させ、イランへの攻撃を容認している一部の「近隣諸国」が、イラン人殺害を積極的に促していると主張した。",[],[]
ＭＬＢ＝大谷がドジャースに合流、キャンプ終盤に今春初の実戦登板か（ロイター）,https://news.yahoo.co.jp/articles/48323e13d6230ddc1523818e6321104908cee0f0,https://newsatcl-pctr.c.yimg.jp/t/amd-img/20260317-00000028-reut-000-1-view.jpg?exp=10800,2026-03-17T08:49:09+09:00,2026-03-17T08:49:09+09:00,ロイター,reut,ロイター,634,"ＭＬＢドジャースの大谷翔平選手（写真）がチームに再合流し、オープン戦終盤で今春初めて実戦登板する可能性が高まった。同球団のデーブ・ロバーツ監督が見通しを示した。ＭＬＢ公式サイトが伝えた。米アリゾナ州テンピで２月撮影（２０２６年　ロイター/Imagn Images）
［１６日　ロイター］ -     米大リーグ（ＭＬＢ）ドジャースの大谷翔平選手がチームに再‌合流し、オープン戦終盤で今春⁠初めて実戦登板する可能性が高まった。同球団のデーブ・ロバーツ​監督が見通しを示した。ＭＬＢ公式サイトが伝えた。

大谷は山本由伸投手と‌ともにワールド・ベースボール・クラシック（ＷＢＣ）出場のためキャンプ‌を離れていたが、‌日本はベネズエラに敗れて​準々決勝で敗退。これにより、レギュラーシ‌ーズン開始前にマウンドでの実戦調整が可能となった。

大‌谷は代表合流​前、打者としてはオープン戦１試合‌に出場したが、投手としての出番はなかった。⁠ドジャースは当初、日本が勝ち進むことを想定し、オープン戦での登板を計画して⁠いなかった。

ただ、大谷はＷＢＣ期間中​もブルペ‌ン投球を続け、１２日にはマイアミで打者相手に４イニング相当のライブＢＰ（実戦形式の打撃練⁠習）を消化した。

ロバーツ監督は大⁠谷について、昨季より長いイニングを開幕時⁠点から任せられるとの見方を示した。ドジャース‌は２６日⁠のダイヤモンドバックス戦でシーズ​ン開幕を迎える。開幕投手は２年連続で山本が務める。",[],[]
ＦＯＭＣに影落とすイラン情勢、慎重なタカ派姿勢打ち出すか（ロイター）,https://news.yahoo.co.jp/articles/e5fafbed4313adc3113726e6ca8509b03898a8d6,https://newsatcl-pctr.c.yimg.jp/t/amd-img/20260317-00000027-reut-000-1-view.jpg?exp=10800,2026-03-17T08:48:51+09:00,2026-03-17T08:48:51+09:00,ロイター,reut,ロイター,2294,"写真は米連邦準備理事会（ＦＲＢ）の外観。2022年6月、ワシントンで撮影。REUTERS/Sarah Silbiger
Howard Schneider

[ワシントン １６日 ロイター] - 米連邦準備理事会（ＦＲＢ）は１７－１８日に連邦公開市場委員会（ＦＯＭＣ）を開く。政策金利据え置きが決定されるのはほぼ確実視されている。議論の焦点は、米国・イスラエルとイランの戦闘を巡る不確実性が大きい中で、経済成長や物価にどのような影響が及ぶかになるだろう。

ＦＲＢは、コロナ禍の供給ショッ‌クによって２％の物価目標を５年連続で達成できない状況に置かれたことを踏まえ、今回のＦＯＭＣではあからさまではないにせよ、慎重な形でタカ派的な⁠姿勢を打ち出す公算が大きい。

物価上昇率は目標を約１ポイント上振れる局面を抜け出ないどころか、さらに加速する流れになっている。特に２週間で５０％近く高騰した原油価格の高止まりが続けば、その傾向が強まりそうだ。

ドイツ銀行のチーフ米国エコノミスト、マシュー・ルゼッティ氏は「２週間前には考えられなかった問題が、より活発に論​じられつつある。それはＦＲＢが年内に利上げする可能性だ」と先週記した。

もっともルゼッティ氏は、インフレ期待が明確に跳ね上がらない限り、現段階で利上げはまだ現実的ではないと結論付けている。

ＦＲＢは、醸成されているショックが物価上昇だけでなく、金融環境の引き締まりや資産価格下落、‌不確実性の増大という形で顕在化し、米経済の「耐える力」を損なわないかどうかにも目を配る必要がある。

ＴＳロンバードのグローバル・マクロ・チーフエコノミスト、ダリオ・パーキンス氏は、トランプ大統領の政策による混乱が生み出した最悪期を米経済がようやく乗り切ったように見えたところで、イランとの戦争という新たな対処を迫ら‌れていると指摘。同社の基本シナリオでは、戦争は短期間で終わるとみてい‌るが、足元のエネルギー危機は経済が耐えられる限界としては過剰なショックの１つになりかねないとの見方を示した。

経済のほ​ころびにつながるリスク要因としては、２月の非農業雇用者が前月比９万２０００人減少したことや、物価高が既に中低所得層の家計を逼迫させていること、資産価格下落が続いた場合の信用供給の引き締まりへの懸念など‌も挙げられる。

＜五里霧中での情勢判断＞

前回のＦＯＭＣ以降これまでに入手可能なデータの中では、基調的な経済見通しに変化をもたらす材料は見当たらない。

しかし最新データであっても、２週間前にイラン攻撃が始まり、ホルムズ海峡が事実上封鎖される事態になった後では、も‌はや古びた情報に思えてしまう。またトランプ氏はなお戦争終結の​時期や達成すべき目標をあいまいなままにしている。

それでもＦＲＢは今回のＦＯＭＣで最新の経済物価見通しを公表し、精一杯の推測を通じて、引き締め‌的な政策によりインフレに断固対峙すべきか、あるいは経済の減速を和らげるために利下げすべきかについて判断をしなければならない。

２０２２年にロシアがウクライナへ侵攻した際に、パウエル議長はその影響が「極めて不⁠透明だ」と述べるとともに、世界的な原油およびコモディティー価格の上昇による直接的な影響に加えて、海外の経済活動抑制やサプライチェーンがさらなる混乱を起こす可能性があり、それらが貿易などの経路を通じて米経済に波及すると指摘した。また金融市場のボラティリティーが特に持続した場合に、金融環境を引き締め、実体経済に影響が波及しかねないとも説明していた。

＜もっと流動的な状況＞

現在の状況はもっ⁠と流動的と言える。米国が戦争当事者となり、世界の石油生産やその他製品の大半の移動が滞っているからだ。

提起されている幾​つかの問題は重大で、計り知れないほど幅広い。例え‌ば米国債利回り上昇が、国際金融資本市場における米国が持つ特権の喪失を意味しているのか、それともインフレ期待の高まりか、あるいは別の要因が効いているのかという事柄がある。専門家の想定する「基本シナリオ」では戦争が短期に終わり、最終的には原油価格が下落する見通しになっている。ただより深刻なシナリオに従えば、米国とイランの対立は長期化する。

こう⁠した中でＦＲＢとしては、現在の不確実性を考慮して見通しを示す上で最も容易な方法は、今年の利下げ回数に関するＦＯＭＣメンバーの予想中央値を１回とした昨年１２月の内容を踏襲⁠することかもしれない。

ただ各メンバーの予想のばらつき自体が何事かを物語っている。１２月公表の見通しでは、１９人のうち６人は政策金利を高い水準に据え置くべきとの考えを示していた。そうしたタカ派姿勢は今年１月に一段と強ま⁠り、１月２７－２８日開催のＦＯＭＣの議事要旨では、数人のメンバーが年内の利上げ可能性を排除しない構えであることが判明した。

それ以降もインフレ懸念は高まる一方だが、経済成長の先行きやさまざまな亀裂を巡る不安も強まるかもしれない。‌これは予測を立て、⁠対外的なメッセージを策定しようとする中央銀行にとって、まさに「最悪の板挟み」だ。

ソシエテ・ジェネラルの調査責任者を務めるスバドラ・ラジャッパ氏は「戦​争は速やかに解決され、持続的な経済への悪影響はないというのが、われわれの基本シナリオの想定だ。しかしインフレの高まりと労働場市場悪化により、ＦＲＢが（物価安定と雇用最大化という）２つの使命を両立させることは難しくなっている」と分析した。",[],[]
ＭＬＢ＝ドジャース山本が開幕投手に、2年連続　本拠地では初（ロイター）,https://news.yahoo.co.jp/articles/2ee6e3dd4734439e7e22dc64f900daaa571b6212,https://newsatcl-pctr.c.yimg.jp/t/amd-img/20260317-00000026-reut-000-1-view.jpg?exp=10800,2026-03-17T08:47:38+09:00,2026-03-17T08:47:38+09:00,ロイター,reut,ロイター,777,"Feb 27, 2026; Scottsdale, Arizona, USA; Los Angeles Dodgers pitcher Yoshinobu Yamamoto (18) throws against the San Francisco Giants in the first inning at Scottsdale Stadium. Mandatory Credit: Rick Scuteri-Imagn Images
［１６日　ロイター］ -     米大リーグ（ＭＬＢ）ドジャースのデーブ・ロバーツ監督は１６日、ダ‌イヤモンドバックスとの今季開幕戦（２６日）⁠で、山本由伸投手（２７）が先発登板すると発表した。山本がシーズン初​戦のマウンドを任されるのは２年連続。ＭＬＢ公式サイトが伝えた。

山本は昨季、東‌京ドームで開催されたカブスとの開幕戦で自身初の開幕投手を務めたが、本‌拠地ドジャースタ‌ジアムでの開幕マウンドは​初めてとなる。昨季は３０試合に登板して１２勝８敗、防御率２．４９の好‌成績を残し、ナ・リーグのサイ・ヤング賞投票でも３位に入る‌などチームのエー​スへと飛躍を遂げた。

特にポストシ‌ーズンでの活躍は圧巻で、２試合連続の完投勝利はド⁠ジャースでは１９８８年のオーレル・ハーシュハイザー氏以来の記録となった。ワールドシリーズでは３勝を挙⁠げてＭＶＰに輝き、チームの連覇に​大きく貢献し‌た。

山本は直前までワールド・ベースボール・クラシック（ＷＢＣ）に日本代表として出場してい⁠たが、ドジャース合流後は２０日のパドレス⁠戦で最終調整を行う見込み。ロバーツ監督は「開⁠幕投手という大役の重みを思えば、（彼に任せるのは）‌非⁠常に簡単な決断。本拠地で開幕投手を務​めるのは特別なものになるだろう」と期待を寄せた。",[],[]
米韓外相が電話会談、ホルムズ海峡の安全確保の重要性で一致（ロイター）,https://news.yahoo.co.jp/articles/f6942c2fa03fdf7d676ea9a0fd8bd7303eaedc68,https://newsatcl-pctr.c.yimg.jp/t/amd-img/20260317-00000025-reut-000-3-view.jpg?exp=10800,2026-03-17T08:46:55+09:00,2026-03-17T17:39:26+09:00,ロイター,reut,ロイター,710,"写真は2月3日、米ワシントンで会談するルビオ米国務長官と韓国の趙顕外相。REUTERS/Jonathan Ernst
[ソウル １７日 ロイター] - ルビオ米国務長官は１６日、韓国の趙顕外相と電話会談を行い、世界経済と‌原油価格を安定させる上で、ホルムズ海峡の⁠安全確保に向けて各国が協力することがこれまで以上に重要との見方を示した。韓国外務省が​明らかにした。

トランプ米大統領は、韓国を含む各国に対して、ホルムズ海峡を通過する‌船舶を護衛するため艦船を派遣するよう呼びかけている。韓国政府はトランプ氏の要請を慎重に検‌討するとの立場を示し‌ている。

韓国外務省によると、趙氏はホ​ルムズ海峡における航行の自由が韓国や他国の安全保障お‌よび経済にとって重要という点でルビオ氏と認識を共有し、緊密な協議を継‌続することを提案​した。

趙氏はその後、米側からホルムズ海峡への‌艦船派遣要請があったかどうかを問う国会議員の質問に対し、⁠明確な回答を控えた。議員の間では、そうした措置は国内法に違反する可能性があるとの指摘も出ている。

趙氏は「同盟国の⁠要求にどう対応するかは非常に重要​な問題だ」と‌した上で、「決定を下す際には、憲法と法律に従って行動することを保証する」と述べた。

韓国国防省は１７日、ホルムズ海⁠峡への海軍艦船や部隊の派遣要請は受けていない⁠と明らかにした。安圭伯国防相は国会で、ホルムズ海峡への艦⁠船や部隊の派遣には国会の承認が必要になるとの認識を示した。

トラン‌プ氏⁠は１６日、ホルムズ海峡での船舶の通航再開に向けて​支援するよう各国に改めて呼びかけ、支援に積極的でない国を批判した。",[],[]
イラン戦争でガザ停戦にも暗雲、「平和評議会」とハマスが会談（ロイター）,https://news.yahoo.co.jp/articles/7659639fb7fbefde66a48313517bf9151ac828fd,https://newsatcl-pctr.c.yimg.jp/t/amd-img/20260317-00000024-reut-000-1-view.jpg?exp=10800,2026-03-17T08:44:44+09:00,2026-03-17T08:44:44+09:00,ロイター,reut,ロイター,651,"写真はイスラエル軍による空爆で被害を受けた車両。3月15日、ガザ地区中央で撮影。REUTERS/Mahmoud Issa
Nidal al-Mughrabi　Rami Ayyub

[カイロ／エルサレム １６日 ロイター] - トランプ米大統領が主導するパレスチナ自治区ガ‌ザの和平計画を担う「平和評議会」の代⁠表団が先週末、イスラム組織ハマスの代表とカイロで会談したと、関係筋３人が​明らかにした。米国とイスラエルによるイラン空爆開始以降、ガザでの‌停戦を巡っても緊張が高まっている。

会談開催が確認されたのはイラン戦争開始後では初‌めて。評議会はト‌ランプ氏が自ら議長を務める新​たな国際機関と位置付けられ、ガザ復興や治安の‌監督などを任務としている。

イスラエルは会談後の１５日、ガザとエジ‌プトを結ぶラファ​検問所を近く再開すると発表した。‌この検問所はイラン空爆開始以降、閉鎖されてい⁠た。関係筋の１人は、イスラエルの発表はハマスと評議会の会談の直接的な成果だと考えていると述べた。

関係⁠筋によると、ハマス代表は評議​会に対し、イ‌ラン戦争中にイスラエルが新たに課したガザへの規制が続くなら、停戦に基づくこれまでの合⁠意事項を撤回する可能性があると警告し⁠た。

イスラエルは２月２８日の開戦後、安全上の理由からガザとの境界⁠を封鎖。その後、限定的に一般物資や支援物資の搬入‌を再⁠開したが、ガザ南端のラファにある検問所は​閉鎖したままだった。

今週にも会談が予定されているという。",[],[]
ＵＡＥの巨大天然ガス田、無人機攻撃を受けて操業停止（ロイター）,https://news.yahoo.co.jp/articles/768c85ce4d15ab98e948bcbe9278e1b0d2d8c037,https://newsatcl-pctr.c.yimg.jp/t/amd-img/default.jpg?exp=10800,2026-03-17T08:42:26+09:00,2026-03-17T08:42:26+09:00,ロイター,reut,ロイター,460,"[カイロ １６日 ロイター] - アラブ首長国連邦（ＵＡＥ）アブダビの政府広報‌局は１６日、巨大な天然ガス田の「シャ⁠ー」がドローン（無人機）攻撃を受けて操業を停止したと​短文投稿サイト「Ｘ」で発表した。負傷者はなく、火災は‌沈静化したとし、被害状況を調査していると説明した。

シャー‌は同じ種類のガス‌田としては世界最大級​の規模を誇り、アブダビの南西１８０キロに‌位置している。

ロイターが取材した２人の情報筋によ‌ると、米国と​イスラエルによるイラン攻撃に‌端を発した紛争と、ホルムズ海峡の⁠事実上の封鎖によって、ＵＡＥのアブダビ国営石油会社（ＡＤＮＯＣ）が広範囲にわたって生産停止に⁠追い込まれた。これに​より、ＵＡＥの１日当たり‌の原油生産量は半分未満の水準に落ち込んでいる。

原油の主要輸出拠点とな⁠っているＵＡＥのフジャイラ港は無人機⁠攻撃により、この数日間に２回にわたって原⁠油の積み出し作業が中断された。２人の情報筋に‌よる⁠と、フジャイラ港での原油の積​み出し作業の一部は再開されているという。",[],[]
北朝鮮、22日に最高人民会議招集　憲法改正審議＝ＫＣＮＡ（ロイター）,https://news.yahoo.co.jp/articles/15285728e93f4ce1201fedd5813c4feb6c7417a9,https://newsatcl-pctr.c.yimg.jp/t/amd-img/20260317-00000022-reut-000-1-view.jpg?exp=10800,2026-03-17T08:30:33+09:00,2026-03-17T08:30:33+09:00,ロイター,reut,ロイター,640,"写真は最高人民会議の様子。2022年9月、国営の朝鮮中央通信（ＫＣＮＡ）提供。REUTERS
[ソウル １７日 ロイター] - 北朝鮮の新たに選出された最高人民会議（国会に相当）は２２日に第１回会‌議を招集し、憲法改正と今後５カ年の政⁠策に関する計画の実施について審議する。国営の朝鮮中央通信（ＫＣＮＡ）が１７日に報じた。

最高人​民会議は政府のあらゆる分野における政策の立法と管理を担うが、同会議に‌よる承認は最終的な権力を握る与党労働党が決定した措置に対する形式的なもの‌に過ぎない。

北朝鮮の憲法‌改正には、韓国を敵対国家と明​記する内容が含まれる可能性があり、そうなれば、‌対話と和解を推進する韓国にとって打撃となることから、同‌国の政策当局者や​アナリストが注視している。

ＫＣＮＡはまた、１５日に新たに‌選出された最高人民会議の代議員名簿を公表した。そ⁠の中には金正恩朝鮮労働党総書記の妹、金与正氏が含まれていた。

最高人民会議は国務委員会委員長やその⁠他の指導部を選出し、憲法改正​案を審議する‌予定だ。

先月の労働党大会で採択された新たな５カ年計画の実施についても検討する。この計画には、金正⁠恩氏が表明した核兵器の増強やより⁠強力な長距離ミサイルの開発が含まれている。

代議員名簿に正⁠恩氏の名前は含まれていなかった。

同氏は労働党総書記、国務‌委員⁠会委員長、朝鮮人民軍最高司令官として​国を統治している。国務委員長への再任は広く予想されている。",[],[]
中東からの原油輸出、ホルムズ海峡封鎖で最低でも日量60％減少（ロイター）,https://news.yahoo.co.jp/articles/11427352d238aa0f1a2b2e36bf373d009065d5da,https://newsatcl-pctr.c.yimg.jp/t/amd-img/20260317-00000021-reut-000-1-view.jpg?exp=10800,2026-03-17T08:27:02+09:00,2026-03-17T08:27:02+09:00,ロイター,reut,ロイター,703,"写真はイランとホルムズ海峡を示す地図のイメージ。2025年6月撮影。REUTERS/Dado Ruvic
Ahmad Ghaddar　Alex Lawler

[ロンドン １６日 ロイター] - サウジアラビアなどの主要産油国がある中東のペルシ‌ャ湾岸地域からの原油輸出が、３月１５日までの１週⁠間に２月と比べて最低でも日量６０％減ったことが、海運のデータとロイターの試算で分​かった。米国とイスラエルによるイラン攻撃を受けた紛争で供給が混乱‌し、原油の減産が起きているのが要因だ。

通常なら世界の石油供給量の約５分の１を輸送する‌ホルムズ海峡が事‌実上封鎖されたことで原油輸出​国が出荷できなくなり、油田での生産停止などの‌動きが出ている。原油価格は約４年ぶりの高値に急騰し、一部‌の燃料価格は過去​最高値を更新した。

Ｋｐｌｅｒ（ケプラー）のデ‌ータによると、サウジアラビアとクウェート、イ⁠ラン、イラク、オマーン、カタール、バーレーン、アラブ首長国連邦（ＵＡＥ）の８カ国からの原油、コンデン⁠セート、精製燃料の日量輸出量​は、３月１５日までの１週間の‌平均が９７１万バレルとなり、２月の２５１３万バレルから６１％減った。

一方、ボルテクサのデータによると、先週の８カ国か⁠らの原油輸出量は日量７５０万バレルと、２月の日量２６１０万バレル⁠から７１％減少した。

Ｋｐｌｅｒによると、紛争前にはこれら８カ国の原油⁠輸出量は、世界の海上石油輸出量（日量７０４３万バレル）の３６％を占めてい‌た。

ＵＡＥの⁠フジャイラ港はこの数日間にドローン（​無人機）攻撃を受け、原油の積み出しに支障が出ている。",[],[]
バンス米副大統領、トランプ氏のイラン対応「支持」　対立観測一蹴（ロイター）,https://news.yahoo.co.jp/articles/5701fabdbc0a63184a85970dbcec71fc564b6d48,https://newsatcl-pctr.c.yimg.jp/t/amd-img/20260317-00000020-reut-000-1-view.jpg?exp=10800,2026-03-17T08:21:54+09:00,2026-03-17T08:21:54+09:00,ロイター,reut,ロイター,633,"写真はバンス米副大統領。2025年12月、米アリゾナ州フェニックスで撮影。  REUTERS/Cheney Orr
Humeyra Pamuk　Bo Erickson

[ワシントン １６日 ロイター] - バンス米副大統領は１６日、トランプ米大統領によるイ‌ラン戦争への対応を支持すると強調⁠し、歴代大統領による「過去の過ち」が繰り返されることはないとトランプ氏を​信頼していると述べた。

バンス氏は２月２８日の対イラン攻撃開始以来、公の場で攻撃に‌対する明確な支持を表明していなかった。バンス氏は、反戦・孤立主義的な志向‌を持っていること‌で知られており、トランプ氏と​意見の対立があるのではないかとの憶測が広がっ‌ていた。

トランプ氏は数週間前に、バンス氏について自分とは「‌哲学的に少し異​なる」と述べた上で、対イラン攻撃‌に対して「おそらく熱意が欠けている」と漏らしてい⁠た。

バンス氏は１６日、攻撃に「賛同しているか」「躊躇はないか」と問われると、大統領はかねてよりイラン⁠が核兵器を保有すべきではない​と述べており、‌自分もそれに同意していると回答。

「大きな違いの一つは、われわれが賢明な大統領を持ってい⁠るということだ。過去には愚かな大⁠統領もいたが、私はトランプ氏が任務を遂行し、米国⁠民のために良い仕事をして、過去の過ちが繰り返され‌ない⁠ようにしてくれると信じている」と、大統領​執務室でのイベントでトランプ氏の横に立ちながら語った。",[],[]
パーク２４、英子会社が倒産更生手続き　負債総額740億円（ロイター）,https://news.yahoo.co.jp/articles/798f5b63890f31eae9866af1490786c37b6ffcb6,https://newsatcl-pctr.c.yimg.jp/t/amd-img/default.jpg?exp=10800,2026-03-17T08:20:21+09:00,2026-03-17T08:20:21+09:00,ロイター,reut,ロイター,262,"［東京　１７日　ロイター］ - パーク２４は１６日、駐車場‌運営の英連結⁠子会社、ナショナル・カー・パ​ークスが倒産更生手続きの‌開始を決めたと発表した。新型‌コロナの‌影響によ​る移動需要の減退‌やウクライナ情勢に伴うエ‌ネル​ギー価格の高騰な‌どを背景に構造的⁠な損失が続き、資金繰りが逼迫した。

負債総⁠額は１月末で３億５２６４万ポ​ンド（‌約７４０億円）。

パーク２４は、ナショナル・カー・パーク⁠スを英国の中⁠間持ち株会社を通じて⁠保有している。２６年１０月期連結業績‌予想⁠に与える影響​は精査中としている。",[],[]
イスラエルのレバノン「大規模地上攻撃」回避を、英仏などが共同声明（ロイター）,https://news.yahoo.co.jp/articles/ee5189bfab53bfe872cee2e8bea1c0f6c929e05c,https://newsatcl-pctr.c.yimg.jp/t/amd-img/20260317-00000018-reut-000-1-view.jpg?exp=10800,2026-03-17T07:57:40+09:00,2026-03-17T07:57:40+09:00,ロイター,reut,ロイター,413,"写真は3月16日、レバノンのベイルートで撮影。REUTERS/Raghed Waked
Kanishka Singh

[ワシントン １６日 ロイター] - カナダ、フランス、ドイツ、‌イタリア、英国は１６日、レ⁠バノンにおけるイスラエルの「大規模な地上攻撃」​に警鐘を鳴らし、回避を求める共同声明を‌発表した。

「イスラエルの大規模な地上攻撃は壊滅的‌な人道的被害‌をもたらし、紛争​の長期化につながる恐れがある」‌とし、「回避しなければならない」‌と強調。「大量​の避難民などレバノン‌の人道状況はすでに極めて憂慮⁠すべき事態だ」とした。

また、レバノンの親イラン武装組織ヒズボ⁠ラの武装解除に向​けたレバ‌ノン政府の取り組みに支持を示し、「持続可能な政治的解⁠決を交渉するイスラエルと⁠レバノンの代表者による実質的⁠な対話を求める」と表明。「対話を‌促進⁠する取り組みを強く支持し、​即時の対立緩和を求める」とした。",[],[]
訂正エヌビディアＡＩ半導体売上高、27年末までに1兆ドル到達も＝ＣＥＯ（ロイター）,https://news.yahoo.co.jp/articles/15bc4631910f9b129490cc04349492e54fefd4dc,https://newsatcl-pctr.c.yimg.jp/t/amd-img/20260317-00000017-reut-000-3-view.jpg?exp=10800,2026-03-17T07:48:54+09:00,2026-03-17T13:19:25+09:00,ロイター,reut,ロイター,1154,"米サンノゼで講演するエヌビディアのジェンスン・フアン最高経営責任者（ＣＥＯ）。3月16日撮影。REUTERS/Fred Greaves
(第２段落の「Ｇｒｏｋ」を「Ｇｒｏｑ」に訂正しました)

Stephen Nellis　Max A. Cherney

[サンノゼ（米カリフォルニア州）　１６日 ロイター] - 米半導体大手エヌビディアのジェンスン・フアン最高経‌営責任者（ＣＥＯ）は１６日の開発者会議における基調講演で、同社の人工知能（ＡＩ）⁠半導体の売上高が２０２７年末までに少なくとも１兆ドルに達する可能性があるとの見通しを示した。

フアン氏はカリフォルニア州サンノゼで開催中の年次開発​者会議「ＧＴＣ」で、新たなＣＰＵ（中央演算処理装置）と、２０２５年１２月に１７０億ドルで技術ライセンス契約を結んだ半導体新興企業Ｇｒｏｑ（グロック）（訂正）‌の技術に基づくＡＩシステムを披露した。これらはＡＩモデルが学習段階から推論段階へ移行する中で、同社の足場を強化しようとするフアン氏の取り組み‌の一環だ。

フアン氏は「推論の変曲点が‌到来した」と述べ、「需要は増え続けている」と強調した。

フ​アン氏は売上高１兆ドル到達の予想について詳しい内容は明らかにしていない。直近のガイダ‌ンスでは、今年の収益機会は５０００億ドル前後になると説明していた。

この日のエヌビディア株は新たな予測を受けて‌一時大幅に上昇したが、終値は１．２％高だ​った。

イーマーケターのアナリスト、ジェイコブ・ブーン氏は、１兆ド‌ル予想について「投資家の懸念があっても、エヌビディアのＡＩインフラに対する持続的な需要が⁠存在することを浮き彫りにしている。ＡＩ業界全体が初期の実験段階を超えて大規模な実装に突入しても、エヌビディアはＡＩ半導体市場で主導権を維持していることがうかがえる」と評価した。

フア⁠ン氏の説明では推論は２つのプロセスに分かれる。ＣＰＵや画像処理装​置（ＧＰＵ）などを一体化した‌次世代ＡＩデータセンター向けプラットフォーム「ベラ・ルービン」が第１段階の「プリフィル（膨大な入力情報を一気に読み込む作業）」を、グロックの新型半導体が第２段階の「⁠デコード（情報を理解して回答文として逐次出力する作業）」をそれぞ⁠れ担うという。

またエヌビディアが競争で優位にある根拠の１つとしてフアン氏は、ＧＰＵ向けの並列計算プラ⁠ットフォーム「ＣＵＤＡ」に言及した。

フアン氏は「導入ベースがあるからこそ開発者が引き寄せられ、彼らが画期‌的な技術⁠を生み出す新しいアルゴリズムを創造する。われわれは全てのクラウド​に依存し、あらゆるコンピューター企業に関与し、ほぼ全ての産業に製品や技術を提供している」と語った。",[],[]
ＥＵ、エネルギー価格抑制策を計画　炭素排出権拡大など＝欧州委員長（ロイター）,https://news.yahoo.co.jp/articles/278c3bd6f7ca95562bb90023482bafdf1e50fa64,https://newsatcl-pctr.c.yimg.jp/t/amd-img/20260317-00000016-reut-000-1-view.jpg?exp=10800,2026-03-17T07:45:07+09:00,2026-03-17T07:45:07+09:00,ロイター,reut,ロイター,694,"3月2日、ベルリンのガソリンスタンドで撮影。REUTERS/ Axel Schmidt
Kate Abnett　Alexander Chituc

[ブリュッセル １６日 ロイター] - 欧州連合（ＥＵ）欧州委員会のフォンデアライエン委員長は１６日、‌米国とイスラエルによる対イラン戦⁠争によって引き起こされたエネルギー価格高騰の影響を緩和する措置を講じると述べたが、​ガス価格の上限設定といった大規模な市場介入には踏み込まなかった。

１９日にブ‌リュッセルで開催される首脳会議に先立ち、ＥＵ各国首脳に宛てた書簡で、域内市場で利用可‌能な炭素排出権の供給‌を増やし、産業界への財政支援​を拡大することに重点を置いた計画を提示した。この‌提案には域内電力市場の再設計など、一部の政府が求めていたより‌抜本的な措置は盛​り込まれていなかった。

ＥＵは石油・ガスの大部‌分を、中東の供給削減の直接的な影響を受けない米国⁠やノルウェーなどの供給元から輸入している。

フォンデアライエン氏は「現時点では、ＥＵの物理的な供給の安全性は確保さ⁠れている。しかし、化石燃料価​格の上昇はす‌でにわれわれの経済に重くのしかかっている」と述べた。

同氏によると、２月２８日に始まったイラン紛争の間にＥＵの石油⁠・ガス輸入額が６０億ユーロ増加した。

ＥＵは最終消⁠費者のエネルギーコストを削減するため、炭素価格の高騰⁠が電力料金を押し上げた場合、産業界への公的支援を拡大‌する方針⁠という。

また、「短期的に価格を抑制する」ため、ＥＵ炭素市​場における排出権の供給を規制する仕組みの調整を提案する。",[],[]
イラン攻撃の米軍負傷者約200人に、大半は軽傷＝中央軍（ロイター）,https://news.yahoo.co.jp/articles/bb7f7ab06060820af309e014071f7a63465b50a1,https://newsatcl-pctr.c.yimg.jp/t/amd-img/20260317-00000015-reut-000-1-view.jpg?exp=10800,2026-03-17T07:41:26+09:00,2026-03-17T07:41:26+09:00,ロイター,reut,ロイター,234,"イラン・テヘランで、攻撃を受けたとされる建物から上る煙。3月11日にＳＮＳに投稿された動画から抜粋。Social Media/via REUTERS
[ワシントン １６日 ロイ‌ター] - 米軍は１６日、⁠対イラン軍​事作戦でこれまで‌に約２００人の米‌軍兵士が‌負傷​したと発‌表した。

米中央軍‌は声​明で、負‌傷者の大⁠半は軽傷で、１８０人はす⁠でに​任務‌に復帰したと述べ⁠た。

これに加⁠え、先月２８日の⁠攻撃開始以降、１３人‌の米⁠兵が死亡​している。",[],[]
ＩＥＡ、備蓄追加放出も　ホルムズ海峡再開が鍵＝事務局長（ロイター）,https://news.yahoo.co.jp/articles/a13317ed383787ef50680d23231a3decc2d84ac5,https://newsatcl-pctr.c.yimg.jp/t/amd-img/20260317-00000014-reut-000-1-view.jpg?exp=10800,2026-03-17T06:15:42+09:00,2026-03-17T06:15:42+09:00,ロイター,reut,ロイター,827,"- 国際エネルギー機関（ＩＥＡ） のビロル事務局長は１６日、ＩＥＡは先週合意した過去最大規模の石油備蓄放出に加え、必要に応じて追加的に備蓄を放出する可能性があると述べた。３月１２日撮影（２０２６年　ロイター／Dilara Senkaya）
Gianluca Lo Nostro　Robert Harvey

［パリ／ロンドン　１６日　ロイター］ - 国際エネルギー機関（ＩＥＡ） のビロル事務局長は１６日、ＩＥＡは先週合意した過去最大規模‌の石油備蓄放出に加え、必要に応じて追⁠加的に備蓄を放出する可能性があると述べた。

ＩＥＡは１１日、米国とイスラエルによるイラン軍事攻撃を背景​とした原油価格の高騰に対処するため、４億バレルの石油備蓄放出で合意した。ビロ‌ル氏は「ＩＥＡの迅速な対応で市場に落ち着きがもたらされ、原油価格は１週間前と比べ大幅に低下してい‌る」と指摘。合意され‌た放出量はＩＥＡ加盟国全体の備蓄の約２０％で、放​出後も１４億バレルを超える備蓄が残るという。

ただアナリストの‌間では、合意された放出量で十分か疑念が出ているほか、放出ペースが‌重要になるとの見​方が出ている。スパルタ・コモディティ‌ーズのフィリペ・エリンク・スールマン最高経営責任者（ＣＥＯ）は「⁠放出の規模は最大で日量４００万─６００万バレルにとどまる。原油の供給不足は日量５００万─８００万バレルに達しており、この差を埋めるには十⁠分ではない」と述べた。

ビロル氏は、放​出ペースには‌言及しなかったものの、アジア向けにはすでに備蓄原油の供給が始まっていると述べた。同時に、今回の備⁠蓄放出は当面の緩衝材にはなるものの、長期的な⁠解決策にはならないとし、「原油、天然ガスの安定した供⁠給の回復には、ホルムズ海峡の航行を可能にすることが最も重要に‌なる」⁠と指摘。ホルムズ海峡が直ちに再開したと​しても、世界のエネルギー取引が回復するには時間がかかると警告した。",[],[]
再送米国株式市場＝急反発、ＡＩ関連銘柄が高い　原油価格下落も好感（ロイター）,https://news.yahoo.co.jp/articles/70d88a0c44b40d25e02aebf65ad2e60a2fe57153,https://newsatcl-pctr.c.yimg.jp/t/amd-img/20260317-00000013-reut-000-3-view.jpg?exp=10800,2026-03-17T05:11:00+09:00,2026-03-17T06:21:32+09:00,ロイター,reut,ロイター,3595,"米国株式市場は急反発。人工知能（ＡＩ）関連銘柄が上昇を主導した。大規模な人員削減を計画しているというニュースが材料視され、メタが買われた。また、中東情勢を巡る不確実性が続く中、原油相場は下落した。（２０２６年　ロイター／Mike Segar）
(表の体裁を整えて再送します)

［１６日　ロイター］ - 米国株式市場は急反発。人工知能（ＡＩ）関連銘柄が上昇を主導した。大規模な人員削減を計画しているというニュ‌ースが材料視され、メタが買われた。また、中東情勢を巡る不確実性が続く⁠中、原油相場は下落した。

メタは２．３％高。従業員の２０％以上に影響を及ぼす可能性のある大規模な人員削減を計画していると関係者が明らかにした。人工知能（ＡＩ）インフラへの巨額​投資にかかる費用を相殺するとともに、ＡＩ活用による業務効率化に備えるという。

半導体大手エヌビディアはジェンスン・フアン最高経営責任者（ＣＥＯ）が年次開発‌者会議に登壇し、１．６％高で終了。

電気自動車（ＥＶ）大手テスラは１．１％上昇。イーロン・マスク最高経営責任者（ＣＥＯ）は１４日、人工知能（ＡＩ）半導体の設計・開発と大規模生産を目指す「テラファブ」プロジェクトが７日以‌内に始動すると発表した。

マイクロン・テク‌ノロジーは台湾に第２工場を建設する計画を発表したことを好感し、３．７％高​となった。

ベセント米財務長官が原油輸送の要衝ホルムズ海峡をイラン、インド、中国の一部の船舶が通過‌することについて、当面は「問題ない」との認識を示し、原油価格がやや下落したことも安心材料となった。

ＵＳバンク・ウェルス・‌マネジメントのチーフ株式ストラテ​ジスト、テリー・サンドベン氏は「イランの石油タンカーがホルム‌ズ海峡を通過している、あるいは間もなく通過するというニュースは世界経済の安定にとってプラスだ」としつ⁠つ、「総合的に見れば、前途は紆余曲折に満ちている。紛争がいつ終結するのか見通しは立たない」と述べた。

Ｓ＆Ｐ総合５００種は過去１カ月余りで最大の上昇率となった。業種別では情報技術のほか一般消費財が好調だった。

投資家⁠の不安心理を示すシカゴ・オプション取引所（ＣＢＯＥ）のボラティリティ​ー・インデックス（ＶＩＸ、恐怖指‌数）は低下。金利に敏感な小型株指数ラッセル２０００は０．９４％上昇した。

原油価格の下落を受け、デルタ航空が３．５％、ノルウェージャン・クルーズライン・ホールディングスが５．１％、それぞれ上昇。

暗号資産（仮想通貨）ビッ⁠トコインの上昇を好感し、ストラテジーは５．６％高となった。

ディスカウント小売大手ダラー・⁠ツリーは６．４％高。関税を巡る状況改善で短期的に恩恵を受ける可能性があると示唆した。

Ｓ＆Ｐ５００では値上がり銘柄数が値下がり⁠銘柄数を３．１対１の比率で上回った。

米取引所の合算出来高は１７４億株。直近２０営業日の平均は１９９億株。

                        終値       前日比      ％       始値        高値        安値        コード          

           ダウ工業株３０種    46946.41  +387.94  +0.83   46707.40  47176.14  46707.40            

            前営業日終値     46558.47                                                           

           ナスダッ‌ク総合     22374.18  +268.82  +1.22   22340.39  22521.59  22316.63            

            前営業⁠日終値     22105.36                                                           

           Ｓ＆Ｐ総合５００種   6699.38   +67.19   +1.01   6674.37   6729.79   6674.37             

            前営業日終値     6632.19                                                            

           ダウ輸送株２０種    17853.63  +121.79  +0.69                                           

           ダウ公共株１５種    1186.87   +6.45    +0.55                                           

           フィラデルフィア半導  7796.24   +149.61  +1.96                                           

           体                                                                              

           ＶＩＸ指数       23.51     -3.68    -13.53                                          

           Ｓ＆Ｐ一般消費財    1796.89   +23.69   +1.34                                           

           Ｓ＆Ｐ素材       621.08    +3.54    +0.57                                           

           Ｓ＆Ｐ工​業       1402.37   +11.77   +0.85                                           

           Ｓ＆Ｐ主要消費財    952.32    +0.69    +0.07                                           

           Ｓ＆Ｐ金融       816.95    +7.04    +0.87                                           

           Ｓ＆Ｐ不動産      269.86    +1.92    +0.72                                           

           Ｓ＆Ｐエネルギー    884.99    +3.38    +0.38                                           

           Ｓ＆Ｐヘルスケア    1754.96   +13.04   +0.75                                           

           Ｓ＆Ｐ通信サービス   443.20    +4.47    +1.02                                           

           Ｓ＆Ｐ情報技術     5375.76   +73.68   +1.39                                           

           Ｓ＆Ｐ公益事業     477.10    +2.72    +0.57                                           

           ＮＹＳＥ出来高     13.62億株                                                            

           シカゴ日経先物6月限  ドル建て      54390    + 860   大阪比                                     

           シカゴ日経先物6月限  円建て       54275    + 745   大阪比",[],[]
ＮＹ外為市場＝ドル下落、一連の中銀決定会合に注目（ロイター）,https://news.yahoo.co.jp/articles/62cd8d0e8063ab5ec2f6118d5908c8dff7f5f78a,https://newsatcl-pctr.c.yimg.jp/t/amd-img/20260317-00000012-reut-000-2-view.jpg?exp=10800,2026-03-17T05:08:57+09:00,2026-03-17T06:02:59+09:00,ロイター,reut,ロイター,1713,"ニューヨーク外為市場では、ドル円やユーロなどの主要通貨に対し下落した。中東情勢の不透明感が引き続き重しになる中、週内に開かれる一連の主要中央銀行の政策決定会合が注目されている。（２０２６年　ロイター／Dado Ruvic）
［ニューヨーク　１６日　ロイター］ - ニューヨーク外為市場では、ドル円やユーロなどの主要通貨に対し下落した。中東情勢の不透明感が引き続き‌重しになる中、週内に開かれる一連の主要中央銀行の政策決定会合⁠が注目されている。

２月２８日に米国とイスラエルがイランに対する軍事攻撃を開始して以降、ドルには「有事の買い」が入っているほか、原油価格が急騰した​こともドル買いにつながっている。ただ、米連邦準備理事会（ＦＲＢ）、欧州中央銀行（ＥＣＢ）、イングランド銀行（英中央銀行）、日銀などの‌などの政策会合を週内に控え様子見姿勢が強まる中、この日はポジション調整が入ったことでドルは下落した。

マネーコープ（ニュージャージー州）のトレーデ‌ィング部門責任者、ユージーン・エ‌プスタイン氏は「今回の石油ショックでインフレが加​速するとの予測が市場で過度に織り込まれ、その結果としてタカ派的な金融政策が見込まれて‌いる」と指摘。「過度に織り込まれているため、向こう数週間から数カ月で修正が入る」との見方を示した。

その上で「‌市場ではこれまで、年内２回の利下げが​完全に織り込まれ、３回目の利下げについては５０％確率で実施されると見込ま‌れていた。現時点では１回の利下げしか織り込まれていない」と指摘。「こうした動きは全てドル相場⁠に直接影響している」と述べた。

ＣＭＥのフェドウオッチによると、ＦＲＢは１７─１８日の連邦公開市場委員会（ＦＯＭＣ）でほぼ１００％の確率で政策金利の据え置きを決定すると予想されている。

バンク・オブ・アメリカ（ＢｏｆＡ）グローバル・リサーチのマ⁠ーク・カバナ氏率いるアナリストチームは、今週のＦＯＭＣについ​て「政策変更が見込まれる‌状況にない中、地政学的な不透明感は日を追うごとに高まっていることがドルの下支えになっている」とし、「パウエルＦＲＢ議長の全体的なメッセージやトーンは、こうした不確実性の⁠高まりを強調するものになる可能性が高い」と予想。ただ「インフレや⁠成長リスクに対するバイアスが示されたとしても、外為市場では速やかに消化される」とし、現在⁠の環境下で今回のＦＯＭＣがドル相場にとって転換点になる公算は小さいとの見方を示した。

終盤の取引でドル／円は０．４７％安の１５８．９７円。

ユーロ／ドル‌は０．９２％高の１．１５２１ドル。ユ⁠ーロは対ドルで朝方の取引では７カ月半ぶり安値を付けていた。

主要通貨に対するド​ル指数は０．６４％低下の９９．７０。５営業日ぶりに低下したが、先週１３日に付けた１０カ月ぶり高値（１００．５４）近辺にとどまっている。

           ドル／円　ＮＹ終値                        159.06/159.07          

           始値                               159.22          

           高値                               159.35          

           安値                               158.86          

           ユーロ／ドル　ＮＹ終値                      1.1503/1.1506          

           始値                               1.1474          

           高値                               1.1524          

           安値                               1.1472",[],[]
米・イラン、ここ数日で直接対話再開か　アラグチ外相は否定（ロイター）,https://news.yahoo.co.jp/articles/32ff1914ce4c7c6dd06e501b1189b505b172e1cb,https://newsatcl-pctr.c.yimg.jp/t/amd-img/20260317-00000011-reut-000-2-view.jpg?exp=10800,2026-03-17T05:05:34+09:00,2026-03-17T06:30:37+09:00,ロイター,reut,ロイター,496,"米国のウィ​ットコフ中東担当‌特使とイランのアラグチ外相の直接的なコミュニケーションチャンネルがここ数日で再開された。米ニュースサイトのアクシオスが１６日、関係筋の話として報じた。２０２５年１２月１７日撮影（２０２６年　ロイター／Ramil Sitdikov）
［ワシントン　１６日　ロイター］ - 米国のウィットコフ中東担当特‌使とイランのアラグチ⁠外相の直接的なコミュニケーションチャンネルが​ここ数日で再開されたと、米ニュースサイト‌のアクシオスが１６日、関係筋の話として報じた。

報道による‌と、ウィット‌コフ氏とアラグチ​氏の間で交わされたメッセージ‌の内容がどれほど実質的なものかは不明。‌ただ、​知られている限りでは、米‌国とイスラエルの対イラン軍事⁠作戦が始まって以来、米・イラン間の初の直接的なコミュニケ⁠ーションという。

また、​情報筋‌はアラグチ氏がウィトコフ氏にテキストメッセージを送ったと⁠しつつも、米政府はイ⁠ランと「対話していない」と強調し⁠た。

一方、アラグチ氏は１６日、ウィットコ‌フ氏⁠との最後の接触は米国によ​るイラン攻撃の前だったとＸに投稿した。",[],[]
欧州市場サマリー（16日）（ロイター）,https://news.yahoo.co.jp/articles/17ec0c055275049346181d44b9394e500b084600,https://newsatcl-pctr.c.yimg.jp/t/amd-img/default.jpg?exp=10800,2026-03-17T04:22:09+09:00,2026-03-17T04:22:09+09:00,ロイター,reut,ロイター,4808,"＜ロンドン株式市場＞　ちまちで取引を終えた。原油価格上昇が一服し、ＦＴＳＥ１００種は４営業日ぶりに反発。一方、中型株で構成するＦＴＳＥ２５０種指数は０．２２％下落した。国際エネルギー機関（ＩＥＡ）加盟国による石油備蓄の追加放出への期待も、投資家‌心理を支えた。    ＦＴＳＥ３５０種石油・ガス株指数は１．３２％高。石油大手のＢＰは１．１％、シェルは１．４％それぞれ上昇した。    銀行株指数は１．００％、生活必需品株指⁠数は１．０９％いずれも上昇。    不動産投資信託株指数は１．４２％高。不動産投資信託のセグロはモルガン・スタンレーが投資判断を引き上げたことから２．９％上昇した。    一方、金融のクローズ・ブラザーズ・グループは１３．９％と大幅安だった。今週はイングランド銀行（英中央​銀行）の金融政策委員会が開かれる。金利は据え置かれるとの観測が強い。

ロンドン株式市場：[.LJP]

＜欧州株式市場＞　４営業日ぶりに反発して取引を終えた。事実上封鎖されている要衝ホルムズ海峡を通過できる船舶が増える‌との期待感から、原油先物価格の高騰が一服し、投資家の警戒感が和らいだ。    ＳＴＯＸＸ欧州６００種不動産株指数は１．５６％、石油・ガス株指数は１．１５％、それぞれ上昇した。    アナリストからは、１１月に中間選挙を控えるトランプ米大統領が米経済深刻な悪影響が生じる前にイラン交戦を‌終結させることへの期待があるとの声も聞かれた。    ドイツ‌のコメルツ銀行は８．６％高。イタリアの銀行大手ウニクレディトが保有株の追加取得を目指して​株式公開買い付け（ＴＯＢ）を開始すると発表した。ウニクレディトは０．５％上昇した。    今週は中央銀行の会合が相次ぐ。米連邦準備理事会（ＦＲＢ）と欧州中央銀行（ＥＣＢ）が公表する‌経済見通しや記者会見での発言に関心が集まるとみられる。イラン交戦後の原油価格の高騰によってインフレが加速するとの懸念から、利下げ観測は後退している。

欧州株式‌市場：[.FJ]

＜ユーロ圏債券＞　国債利回りが低下した。米トラン​プ政権が原油輸送の要衝ホルムズ海峡のタンカー通過に注力していることを背景に原油価格が‌落ち着きを取り戻したことなどが影響した。ただ、原油高でインフレが高進し、各国中央銀行は将来的に利上げを迫られるとの見方は払しょくされていない。

ホ⁠ルムズ海峡が事実上封鎖されたことで、原油価格は今月に入り４０％を超えて上昇。ただ、トランプ米大統領が同盟国に海峡通過の支援を改めて求めたことや、ベセント米財務長官がイラン、インド、中国の一部の船舶が海峡を通過することを米政権が当面容認する姿勢を示したことから、１６日の取引では⁠原油価格はやや下落している。

ベレンベルクのチーフエコノミスト、ホルガー・シュミーディ​ング氏は「トランプ大統領は米国の‌消費者にとってガソリン価格の高止まりが長く続くことは望んでいないため、事態打開を模索するという政治的な思惑が働いていると指摘。「ユーロ圏は新たなインフレショックに直面しているが、一時的かつ限定的なものにとどまる公算が大きい」との見方を示した。

今週は⁠米連邦準備理事会（ＦＲＢ）のほか、イングランド銀行（英中央銀行）、欧州中央銀行（ＥＣＢ）、日銀などの主要中銀が相次い⁠で政策決定会合を開く。ＥＣＢを含め、多くが金利据え置きを決定するとみられており、中東情勢の緊迫化による経済への影響に中銀がどのように対応するか注⁠目されている。

 終盤の取引で独１０年債は４ベーシスポイント（ｂｐ）低下の２．９３３％。前週１３日には２．９９４％と、２０２３年１０月以来の高水準を付けていた。独２年国債利回りは３ｂｐ低下の２．４０％。周辺国国債では、イタリア１０年国債利回り‌が９ｂｐ低下の３．７０１％。

ユーロ圏金融⁠・債券市場：[DE/BJ]

           ＜為替＞             欧州終盤   アジア市場終盤  コード                          

           ユーロ／ドル           1.149  1.1425                                

                            3                                           

           ドル／円             159.2  159.28                                

                            6                                           

           ユーロ／円            183.0  181.99                                

                            5                                           

                                                                         

           ＜株式指数＞           終値     前日比      ％       前営業日終値    コード          

           ＳＴＯＸＸ欧州６００種      598.4  +2.62    +0.44   595.85              

                            7                                           

           ＦＴＳＥユーロファースト３００  2389.  +10.53   +0.44   2378.71             

           種                24                                          

           ユーロＳＴＯＸＸ５０種      5739.  +22.40   +0.39   5716.61             

                            01                                          

           ＦＴＳＥ１００種         10317  +56.54   +0.55   10261.15             

                            .69                                         

           クセトラＤＡＸ          23564  +116.72  +0.50   23447.29            

                            .01                                         

           ＣＡＣ４０種           7935.  +24.44   +0.31   7911.53             

                            97                                          

                                                                         

           ＜金​現物＞            午後              コード                          

           値決め              4994.                                        

                            85                                          

                                                                         

           ＜金利・債券＞                                                       

           米東部時間15時4分                                                    

           ＊先物              清算値    前日比      前営業日終盤  コード                  

           ３カ月物ユーロ          97.84  -0.02    97.86                        

           独連邦債２年物          106.1  +0.04    106.14                       

                            8                                           

           独連邦債５年物          116.1  +0.14    116.01                       

                            5                                           

           独連邦債１０年物         126.1  +0.29    125.90                       

                            9                                           

           独連邦債３０年物         109.2  +0.40    108.82                       

                            2                                           

           ＊現物利回り           現在値    前日比      前営業日終盤  コード                  

           独連邦債２年物          2.387  -0.019   2.422                        

           独連邦債５年物          2.585  -0.022   2.624                        

           独連邦債１０年物         2.935  -0.022   2.971                        

           独連邦債３０年物         3.519  -0.017   3.531",[],[]
EXCLUSIVE-イラン、印に拿捕タンカーの返還要求　ホルムズ海峡航行巡る協議で（ロイター）,https://news.yahoo.co.jp/articles/dfb670d86d397e5eae397282254cd8b6c7e9db1e,https://newsatcl-pctr.c.yimg.jp/t/amd-img/20260317-00000009-reut-000-1-view.jpg?exp=10800,2026-03-17T04:05:12+09:00,2026-03-17T04:05:12+09:00,ロイター,reut,ロイター,833,"米イスラエルとの交戦開始後にイランがホルムズ海峡を事実上封鎖する中、海峡を航行できるよう求めるインドとの協議で、イランが拿捕されているタンカーの返還を要求していると、関係者３人がロイターに明らかにした。３月１１日、ホルムズ海峡で撮影（２０２６年　ロイター）
［ニューデリー　１６日　ロイター］ - 米イスラエルとの交戦開始後にイランがホルムズ海峡を事実上封‌鎖する中、海峡を航行できるよう求めるイン⁠ドとの協議で、イランが拿捕されているタンカーの返還を要求していると、関係者３人がロイター​に明らかにした。

関係者の１人であるイラン当局者によると、１６日に協議が行われ、イランは医薬品‌や医療機器の供給も求めたという。

インド当局は２月、インド領海付近で違法な積み替えに関与していたと‌して、イラン関連のタンカ‌ー３隻を拿捕していた。タンカーはイラ​ン船籍１隻のほか、ニカラグア、マリ船籍。インド、イラン両‌国の外務省などは、ロイターのコメント要請に直ちには回答しなかった。

交戦開‌始後、イランによるホ​ルムズ海峡の周辺地域での攻撃で、イン‌ド人船員３人が死亡、１人が行方不明となっている。インド当局者らに⁠よると、イランは最近、インドの液化石油ガス（ＬＰＧ）タンカー２隻のホルムズ海峡の通航を許可し、そのうち１隻は１６日、インドに入港した。イ⁠ンドは１６日、少なくともインド船籍の​タンカー２２隻とインド人‌船員６１１人が依然、ペルシャ湾にとどまっていると明らかにした。

インド外務省のジャイスワル報道官は１６日、インドの船舶の海⁠峡通過を巡る動きについて「長年にわたる対話と⁠交流の歴史」によるものだと説明し、取引はないと述べた。

インド⁠の関係者１人によると、ペルシャ湾にとどまっているタンカーのうち６隻はＬＰＧを‌積載。調⁠理用燃料の不足を和らげるため、優先して通過さ​せたい意向という。インドはＬＰＧ輸入の約９割を中東の湾岸地域に依存している。",[],[]
ＥＵ、紅海任務のホルムズ海峡への拡大に慎重＝カラス上級代表（ロイター）,https://news.yahoo.co.jp/articles/a4e6cb53e7ddfb1c464fe7d0b9161bc7c83a1284,https://newsatcl-pctr.c.yimg.jp/t/amd-img/20260317-00000008-reut-000-1-view.jpg?exp=10800,2026-03-17T03:58:33+09:00,2026-03-17T03:58:33+09:00,ロイター,reut,ロイター,736,"欧州連合（ＥＵ）の外相に当たるカラス外交安全保障上級代表は１６日、中東で展開するＥＵの海軍任務を原油輸送の要衝ホルムズ海峡に拡大することについて、ＥＵ外相から前向きな姿勢は示されなかったと述べた。３月１６日撮影（２０２６年　ロイター／Omar Havana)
Lili Bayer　Gianluca Lo Nostro

［ブリュッセル　１６日　ロイター］ - 欧州連合（ＥＵ）の外相に当たるカラス外交安全保障上級‌代表は１６日、中東で展開するＥＵの海軍任務を原油⁠輸送の要衝ホルムズ海峡に拡大することについて、ＥＵ外相から前向きな姿勢は示さ​れなかったと述べた。

カラス氏はブリュッセルで開かれたＥＵ外相会合後に記者団に‌対し「作戦を強化したいという明確な意向はあったが、現時点で任務の権限を変‌更する動きはなかった」‌と述べた。

ＥＵは紅海でイエメンの親​イラン武装組織フーシ派による攻撃が相次いだこ‌とを受け、２０２４年に艦船防衛を目的とする海軍ミッション「アスピ‌デス（盾）」を発足。​カラス氏によると、アスピデスには‌現在、イタリアとギリシャの艦船が配備されており、⁠フランスと別のイタリア艦船も支援として投入可能。「態勢は十分でなく、増強の必要があるとの⁠議論があった」と述べた。

その上で「​ホルムズ海‌峡が注目の中心になっているが、紅海もなお極めて重要」とし、中東海域全体の安全確保が課⁠題との認識を改めて示した。

トランプ米大統⁠領は１５日、イランに事実上封鎖されているホルムズ海峡を航⁠行する船舶を護衛し、海峡の警備に協力するよう他国‌に求⁠めているとし、７カ国と協議中だと表明。ただ、多く​の同盟国が当地への軍艦派遣に慎重姿勢を維持している。",[],[]
米住宅業者の景況感、低迷続く　3月わずかに改善（ロイター）,https://news.yahoo.co.jp/articles/e04599a53f936e43d50f89b01f4cfa5502c725a9,https://newsatcl-pctr.c.yimg.jp/t/amd-img/20260317-00000007-reut-000-1-view.jpg?exp=10800,2026-03-17T03:56:18+09:00,2026-03-17T03:56:18+09:00,ロイター,reut,ロイター,948,"全米住宅建設業者協会（ＮＡＨＢ）が１６日発表した３月のＮＡＨＢ／ウエルズ・ファーゴ住宅建設業者指数は３８と、前月から１ポイント上昇した。ロイターがまとめたエコノミスト予想は３７だった。建設コスト上昇や労働力不足といった事業を巡る懸念は強く、建設業者の業況判断の分岐点となる５０を２３カ月連続で下回り、低迷が続いている。（２０２６年　ロイター／Molly Riley ）
［ワシントン　１６日　ロイター］ - 全米住宅建設業者協会（ＮＡＨＢ）が１６日発表した３月のＮＡＨＢ／ウエルズ・ファーゴ住宅建設業者指数は３８と、‌前月から１ポイント上昇した。ロイターがまとめ⁠たエコノミスト予想は３７だった。建設コスト上昇や労働力不足といった事業を巡る懸念は強く、建設業者の業​況判断の分岐点となる５０を２３カ月連続で下回り、低迷が続いている。

１１月の中間選挙を控え、住宅の取得‌しやすさ（アフォーダビリティ）が政治的な重要争点の一つに浮上。トランプ大統領は今月１３日、住宅建‌設の負担軽減につながるこ‌とを狙った規制見直しや、住宅ロー​ン金利や融資に関する規制を緩和する２つの大統領令に署名した。‌今年に入って低下傾向を見せていた住宅ローン金利は、米イスラエルとイランと‌の交戦で原油価格が高​騰してインフレ懸念が高まり、上昇に転じて‌いる。

値下げを実施したと報告した建設業者は３７％と、前月の３６％からやや増えた。⁠平均値下げ率は６％で横ばい。建設業者は新築住宅の過剰在庫を減らそうとしており、販売促進策の実施率は６４％。前月は６５％だった。ＮＡＨＢのビル・オ⁠ーウェンズ会長は、購入希望者は金​利低下を待つなど‌しており、様子見姿勢が強いとの見方を示した。

現在の販売状況を示す指数は４２と、前月の４１から上昇。向こう６カ月間の販売見通しを示⁠す指数は４９と、前月の４７から上昇。購買見込み客足指数は２５と、⁠前月の２２から上昇した。

ＮＡＨＢのチーフエコノミスト、ロバート・ディーツ氏は、１３日⁠の大統領令に関し、入手可能な住宅供給を増やすための前向きな一歩だ」‌と⁠評価しつつ「頭金を確保するというハードルのほか、​イラン交戦と原油価格を巡る不確実性が今後、逆風となるだろう」と述べた。",[],[]
米中閣僚級協議終了、「建設的」と評価　中国は通商調査に懸念（ロイター）,https://news.yahoo.co.jp/articles/22a1159c42669149be91ef8fced8860a2233d63e,https://newsatcl-pctr.c.yimg.jp/t/amd-img/20260317-00000006-reut-000-1-view.jpg?exp=10800,2026-03-17T03:53:37+09:00,2026-03-17T03:53:37+09:00,ロイター,reut,ロイター,523,"米中は１６日、パリで開催していた貿易・経済問題に関する閣僚級協議を終了した。３月１６日、パリで撮影（２０２６年　ロイター／Abdul Saboor）
［パリ　１６日　ロイター］ - 米中は１６日、パリで開催していた貿易・経済問題‌に関する閣僚級協議を終了⁠した。

ベセント米財務長官は協議後、記者団に対し「この会談につ​いて言えることは、建設的で関係の安定を示している‌ということだ」と語った。

中国の李成剛・国際貿易交渉代表も「綿‌密で率直かつ建設‌的な協議」だったと評​し、双方が二国間関税の水準の安定を維‌持することへのコミットメントを示したと述‌べた。

グリア米通​商代表部（ＵＳＴＲ）代表は、トランプ米大‌統領と習近平中国国家主席の会談で検討⁠する合意事項をまとめる「作業計画」を巡る一般的な条件で合意したと明ら⁠かにした

これには、米農産​物やエネルギ‌ー商品の輸出拡大に加え、「米中貿易委員会」と呼ばれる両国の貿易を⁠管理する正式なメカニズム⁠の構築が含まれるという。

また、李氏によると、⁠中国側は、米政府が６０カ国・地域を対象に着手‌した⁠通商法３０１条に基づく不公正な貿易慣​行調査について「厳粛な懸念」を表明した。",[],[]
トランプ氏、ホルムズ海峡の支援に消極的な国批判　モジタバ師安否不明（ロイター）,https://news.yahoo.co.jp/articles/aa23e9374bcda52ff898cd40d11083971b5f3d51,https://newsatcl-pctr.c.yimg.jp/t/amd-img/20260317-00000005-reut-000-1-view.jpg?exp=10800,2026-03-17T03:51:05+09:00,2026-03-17T03:51:05+09:00,ロイター,reut,ロイター,783,"トランプ米大統領は１６日、事実上封鎖状態となっているホルムズ海峡について、船舶の通航再開に向けて支援するよう各国に改めて呼び掛け、支援に積極的でない国を批判した。また、イランの新最高指導者に選出されたモジタバ・ハメネイ師の安否は不明という認識を示した。３月１６日撮影（２０２６年　ロイター／Jonathan Ernst）
［ワシントン　１６日　ロイター］ - トランプ米大統領は１６日、事実上封鎖状態となっているホルムズ海峡‌について、船舶の通航再開に向けて支援⁠するよう各国に改めて呼び掛け、支援に積極的でない国を批判した。

また、イランの新最高指​導者に選出されたモジタバ・ハメネイ師の安否は不明という認識を示した。

トランプ‌大統領はホワイトハウスのイベントで、ホルムズ海峡を通過する船舶護衛への協力について「‌非常に熱心な国もあれ‌ば、そうでない国もある。長年にわ​たりわれわれが支援してきた国もあり、それらの国を‌恐ろしい外部勢力から守ってきたが、彼らはさほど積極的でない」と述‌べた。

フランスのマク​ロン大統領と１５日に電話会談したと明らかにし、‌マクロン氏はホルムズ海峡の封鎖解除に向けて協力する⁠意向を示したと語った。さらに、ルビオ米国務長官が、米国への支援を申し出ている国の名前を発表する見通しとし⁠た。

また、米国によるイラン軍事作戦が​ここ数日間「全力」‌で継続されており、作戦開始以降、イラン全土で７０００超の標的を攻撃したと明らかにした。

さらに、イランが⁠戦闘の終結に向けた合意を望んでいると確信⁠しているが、イランを率いているのは誰なのか「分からない」⁠と述べた。モジタバ師が空爆で負傷したという情報に言及し、「‌彼⁠が死亡しているのか、生存しているのか分からな​い。ただ、誰も彼を見ていないというのは普通ではない」とした。",[],[]
ワイルズ米大統領首席補佐官、乳がんと診断　治療中も職務継続へ（ロイター）,https://news.yahoo.co.jp/articles/2b03466f69ffea26b274f86cabed2469774435dd,https://newsatcl-pctr.c.yimg.jp/t/amd-img/20260317-00000004-reut-000-2-view.jpg?exp=10800,2026-03-17T02:03:29+09:00,2026-03-17T09:19:31+09:00,ロイター,reut,ロイター,820,"ワイルズ米首席補佐官。１６日、ワシントンで撮影（２０２６年　ロイター/Jonathan Ernst）
［ワシントン　１６日　ロイター］ - トランプ米大統領は１６日、交流サイト（ＳＮＳ）「トゥルース・ソーシャル」への投稿で、ワイルズ‌大統領首席補佐官（６８）が初期の乳がんと診断されたと⁠発表した。ワイルズ氏は治療中も、ホワイトハウスで職務を続けるという。

ワイルズ氏は女性初の大統領首席補​佐官。トランプ氏の大統領選に大きく貢献し、２０２５年１月にトランプ氏が大統領に返り咲いて以降は常に側近と‌して大統領を支え、トランプ氏にとって最も重要な政治顧問の一人と見なされている。

共和党関係者は、トランプ氏の第２期‌政権において、大統領がほ‌ぼ自身の意向通りに行動できるようにし​つつ、ホワイトハウスにより高い規律をもたらしたとしてワイルズ氏を‌高く評価している。

トランプ氏は「治療を受けながらも、彼女が愛し、そして見事にこな‌している仕事を続けよ​うとする彼女の強さと献身こそが、彼女について‌知るべき全てを物語っている」と投稿。予後は極めて良好だと続けた。

診断⁠を公表した直後、トランプ氏はホワイトハウスのイーストルームで行われたイベントにワイルズ氏と共に出席。ワイルズ氏が隣に座る際、椅子⁠を引く気遣いを見せた。ピンクのジャケ​ットを着たワイル‌ズ氏は、会場に入ると数人の出席者から抱擁を受けた。

ワイルズ氏はがんが早期に発見されたことに感謝していると強調。

「米国では女性⁠の８人に１人近くが乳がんの診断を受けている。こうした女性たち⁠は毎日、力と決意を持って、家族を育て、働き、地域社会に貢献し続け⁠ている。私も今、その仲間入りをした」と語った。

また「予後は良好とのことで‌勇気付け⁠られている」とし「治療を受けながら現在の職務を全​うするにあたり、トランプ大統領からの支援と励ましに深く感謝している」と述べた。",[],[]
ＩＥＡ、備蓄追加放出も　ホルムズ海峡再開が鍵＝事務局長（ロイター）,https://news.yahoo.co.jp/articles/bf32a009e60845df589fd02ae93b1f7acd19a8d7,https://newsatcl-pctr.c.yimg.jp/t/amd-img/20260317-00000003-reut-000-2-view.jpg?exp=10800,2026-03-17T01:02:14+09:00,2026-03-17T06:15:39+09:00,ロイター,reut,ロイター,762,"ビロルＩＥＡ事務局長。３月１２日、イスタンブールで撮影（２０２６年　ロイター/Dilara Senkaya）
Gianluca Lo Nostro　Robert Harvey

［パリ／ロンドン　１６日　ロイター］ - 国際エネルギー機関（ＩＥＡ） のビロル事務局長は１６日、ＩＥＡは先週合意した過去最大規模‌の石油備蓄放出に加え、必要に応じて追⁠加的に備蓄を放出する可能性があると述べた。

ＩＥＡは１１日、米国とイスラエルによるイラン軍事攻撃を背景​とした原油価格の高騰に対処するため、４億バレルの石油備蓄放出で合意した。ビロ‌ル氏は「ＩＥＡの迅速な対応で市場に落ち着きがもたらされ、原油価格は１週間前と比べ大幅に低下してい‌る」と指摘。合意され‌た放出量はＩＥＡ加盟国全体の備蓄の約２０％で、放​出後も１４億バレルを超える備蓄が残るという。

ただアナリストの‌間では、合意された放出量で十分か疑念が出ているほか、放出ペースが‌重要になるとの見​方が出ている。スパルタ・コモディティ‌ーズのフィリペ・エリンク・スールマン最高経営責任者（ＣＥＯ）は「⁠放出の規模は最大で日量４００万─６００万バレルにとどまる。原油の供給不足は日量５００万─８００万バレルに達しており、この差を埋めるには十⁠分ではない」と述べた。

ビロル氏は、放​出ペースには‌言及しなかったものの、アジア向けにはすでに備蓄原油の供給が始まっていると述べた。同時に、今回の備⁠蓄放出は当面の緩衝材にはなるものの、長期的な⁠解決策にはならないとし、「原油、天然ガスの安定した供⁠給の回復には、ホルムズ海峡の航行を可能にすることが最も重要に‌なる」⁠と指摘。ホルムズ海峡が直ちに再開したと​しても、世界のエネルギー取引が回復するには時間がかかると警告した。",[],[]
ホルムズ海峡船舶護衛、欧州の多くで慎重論　「われわれの戦争でない」（ロイター）,https://news.yahoo.co.jp/articles/d95a8d07ea7d82b89afb13c11e2d13b84648ce8c,https://newsatcl-pctr.c.yimg.jp/t/amd-img/20260317-00000002-reut-000-2-view.jpg?exp=10800,2026-03-17T00:11:08+09:00,2026-03-17T03:18:31+09:00,ロイター,reut,ロイター,950,"オマーン・マスカットに停泊するタンカー。３月７日撮影（２０２６年　ロイター/Benoit Tessier/File Photo）
［ワシントン／ベルリン／ブリュッセル／ロンドン　１６日　ロイター］ - 米ホワイトハウスは１６日、トランプ大統領が事実上封鎖状態にあるホルムズ‌海峡を通過する船舶護衛への協力を求め、欧州同盟国など⁠と協議していると明らかにした。ただ、多くの同盟国が当地への軍艦派遣に慎重姿勢を維持している。

ドイツのピストリウス国防相は「​強力な米海軍にできないことを、トランプ大統領は少数の欧州フリゲート艦にできると期待しているのだろう‌か」と疑問を呈し、「これはわれわれの戦争でも、われわれが始めた戦争でもない」と述べた。

ドイツのメルツ首相はベルリンで行った記者会‌見で、米国とイスラエルによる‌対イラン作戦にドイツは参加しないと表明。「ＥＵ基本条​約の下で必要とされる国連や北大西洋条約機構（ＮＡＴＯ）などからの要請はない。この‌ため、この戦争がＮＡＴＯの任務でないことは当初から明らかだった」とし、「米国とイスラエルは開始に先立って‌われわれと協議を行ってい​ない。このため、ドイツが軍事的に関与するかどうかとい‌う問い自体が存在しない」と語った。

スペインは紛争をエスカレートさせるようなことは⁠一切しないとし、イタリアも軍艦を紛争地域に派遣することは紛争への参加とみなされるだろうという認識を示した。

他の同盟国では、日本とオーストラリアが、ホルム⁠ズ海峡を通過する船舶護衛のための自衛隊・海軍​艦船派遣を現時点で計‌画していないと表明した。

中国外務省は、ホルムズ海峡を巡る紛争の沈静化を目指し、関係各国と協議を行っていると発表するにとどめている。

一方、欧州⁠連合（ＥＵ）のカラス外交安全保障上級代表（外相）は、ウクライナから穀⁠物を輸出した合意を参考に、ホルムズ海峡を通じた石油・ガスの輸送を再開させる案⁠について国連と協議したと明らかにした。

また、デンマークのラスムセン外相は「たとえ現状‌が好⁠ましくないとしても、欧州が何らかの形で貢献できるかどうか、緊​張緩和に向けて貢献できるかどうかについて柔軟な姿勢を保つことは賢明だ」という考えを示した。",[],[]
米製造業生産、2月は0.2％上昇　自動車好調で予想上回る（ロイター）,https://news.yahoo.co.jp/articles/2d63a253bfe0e7fcfc4492341a1ebbf732be8a5e,https://newsatcl-pctr.c.yimg.jp/t/amd-img/default.jpg?exp=10800,2026-03-17T00:07:17+09:00,2026-03-17T07:58:44+09:00,ロイター,reut,ロイター,622,"Lucia Mutikani

［ワシントン　１６日　ロイター］ - 米連邦準備理事会（ＦＲＢ）が１６日発表した２月の製造業生産指数は前月‌比０．２％上昇し、伸びは予想の０．１％を上回⁠った。機械部門が弱かったものの、自動車生産の増加で全体が押し上げられ​た。

１月の指数は０．８％上昇と、０．６％上昇から上方改定。２月は前年比では１．３％上昇した。

パンテオン・マク‌ロエコノミクスのシニアＵＳエコノミスト、オリバー・アレン氏は「関税はこれ‌までのところ、製造業‌に実質的な国内回帰効果を​もたらしていない。国外競争の減少による恩恵は‌投入コストの上昇、サプライチェーンの混乱、貿易政策に‌関する不確実​性による投資需要への打撃によって‌相殺されているようだ」と述べた。

自動車生産は１．７％増加。１月も２．４％増加して⁠いた。コンピューターや電子製品、電気機器、家電製品、部品の生産も堅調だった。人工知能（ＡＩ）ブー⁠ムを反映した可能性が高い。

一​方、機械生産‌は１．２％減と、１月の１．５％増からマイナスに転じた。

オックスフォード・エコノミクスの米国担当リードエコ⁠ノミスト、バーナード・ヤロス氏は「⁠製造業はエネルギー価格上昇のリスクにさらさ⁠れている。エネルギー価格の上昇は実質所得への衝撃‌と不⁠確実性によって総需要を圧迫する」と述​べた。

２月の鉱工業生産指数は前月比０．２％上昇。伸びは予想の０．１％を上回った。",[],[]
供給確保優先、ホルムズ海峡のイラン船舶通過「問題なし」＝米財務長官（ロイター）,https://news.yahoo.co.jp/articles/cffcaedcdb3b0d00ab8d92b4646884ecbfc02e94,https://newsatcl-pctr.c.yimg.jp/t/amd-img/20260317-00000000-reut-000-1-view.jpg?exp=10800,2026-03-17T00:05:15+09:00,2026-03-17T00:05:15+09:00,ロイター,reut,ロイター,446,"ベセント米財務長官。１６日、パリで撮影（２０２６年　ロイター/Abdul Saboor）
Susan Heavey

［ワシントン　１６日　ロイター］ - ベセント米財務長官は１６日、原油輸送‌の要衝ホルムズ海峡をイラ⁠ン、インド、中国の一部の船舶が通過することについて、​当面は「問題ない」との認識を示した。また、エ‌ネルギー価格高騰の抑制に向けた対策については、中‌東での軍事攻‌撃がどの程度長引くか​に左右されると述べた。

ベセント氏はＣＮＢＣの‌インタビューで「燃料タンカーの（ホル‌ムズ海峡の）​通過が増え始めている。イ‌ランの船舶はすでに出航しており、⁠世界への供給を確保するため、われわれは容認してきた。インドの⁠船舶も出航しており、​中国の船‌舶も一部出航したとみている」と指摘。「艦隊や護衛部隊が派⁠遣される前に、供給は増え⁠始める。イランも自然な形で船舶の航行⁠を認めているが、現時点では米国と‌して⁠も問題はない。世界的に十分な​供給があることを望んでいる」と語った。",[],[]
