headline,mainEntityOfPage,image,datePublished,dateModified,author,media_en,media_jp,str_count,body,images,external_links
「過去の風俗利用疑惑」で夫婦の信頼崩壊…韓国・悩む妻の告白に波紋（KOREA WAVE）,https://news.yahoo.co.jp/articles/6cafe212b9500dc4687a0f97ee2e18b9b39c6f77,https://newsatcl-pctr.c.yimg.jp/t/amd-img/20251129-03611375-clc_korea-000-1-view.jpg?exp=10800,2025-11-29T20:03:16+09:00,2025-11-29T20:03:16+09:00,KOREA WAVE,clc_korea,KOREA WAVE,504,"(c)news1
【11月29日 KOREA WAVE】韓国のオンラインコミュニティ「ボベドリーム」にこのほど、夫の過去の風俗通いを疑う女性の投稿が掲載された。「風俗嬢と一夜を共にした男と暮らせない」と述べ、結婚生活を継続すべきか悩んでいるという。

女性は3年前、大邱（テグ）に出張した夫が現地の風俗店について検索していた履歴を見つけ、不信感を抱いた。

夫はその夜「疲れたから寝る」と連絡した後、音信不通となっていた。また、当時の同僚に約100万ウォン（約11万円）を送金していた。

夫は「同僚の買い物を一時的に立て替えた」と説明し、領収書も出てきたが、疑念は膨らんだ。

最近、酒席で別の同僚が「大邱の件もあったし、奥さんには感謝しないと」と言ったのが聞こえたことから不信感が再燃。その同僚は夫について「ああいう所に行くのが好きだから」とも話していたという。

女性は「もし事実なら風俗嬢と寝た男と結婚したことになる」と苦悩している。

家庭法の専門家は「証拠の有無を冷静に判断し、感情的な決断を避けるべきだ」と助言している。

（c）KOREA WAVE/AFPBB News
KOREA WAVE",[],[]
ソウルの公園で中学生がナイフ威嚇…教育当局が生活指導、母親の態度に非難も（KOREA WAVE）,https://news.yahoo.co.jp/articles/3a1bc0fdd308a47ca18cbd48c199abcc9ca8681d,https://newsatcl-pctr.c.yimg.jp/t/amd-img/20251129-03611372-clc_korea-000-1-view.jpg?exp=10800,2025-11-29T19:03:15+09:00,2025-11-29T19:03:15+09:00,KOREA WAVE,clc_korea,KOREA WAVE,471,"(c)NEWSIS
【11月29日 KOREA WAVE】ソウル市内の公園で中学生の男子がおもちゃのナイフで他人を脅し、暴言を吐く事件があった。市民のSNS投稿で問題が拡散。教育当局が生活指導する事態に発展した。

韓国の掲示板「ボベドリーム」に11月18日、「中学生が公園でナイフを振り回していたので取り上げました」と題する投稿が掲載された。

事件は9月末、投稿者が4歳の子どもと公園で遊んでいた際に発生。中学2年の男子生徒がナイフを木に突き刺したり、小学生に向けて威嚇したりするのを目撃し、ナイフを取り上げた。

ナイフはおもちゃで、生徒は「何が悪い」と反発。保護者も「遊んでいただけ」と取り合わなかった。

投稿者がオンライン行政サービスで通報すると、教育支援庁は生徒に生活指導を実施し、学校にも指導の徹底を求めた。

ネット上では「母親の開き直りが問題」「少年法の適用年齢を引き下げるべきだ」「本物のナイフを持ち出したかもしれない」などの批判が相次いでいる。

（c）KOREA WAVE/AFPBB News
KOREA WAVE",[],[]
ネット配信者に個人情報さらされ生活崩壊…韓国・被害女性が告訴（KOREA WAVE）,https://news.yahoo.co.jp/articles/12880c05b2cbae96434bc28ade2e81535e5cb2f8,https://newsatcl-pctr.c.yimg.jp/t/amd-img/20251129-03611369-clc_korea-000-1-view.jpg?exp=10800,2025-11-29T18:03:15+09:00,2025-11-29T18:03:15+09:00,KOREA WAVE,clc_korea,KOREA WAVE,569,"(c)news1
【11月29日 KOREA WAVE】韓国・仁川市（インチョンシ）の女性（40）が、インターネット配信者に関わったことで人生を壊されたと訴えている。

女性が告発しているのは、京畿道富川市（キョンギド・プチョンシ）で活動する配信者の男（48）。YouTubeなどで女性の個人情報や写真、事業所の住所をさらしたという。

2023年3月。女性が不動産情報を検索中、保護犬を世話すると語る配信を偶然見た。これに心を動かされ、配信した男に約40万ウォン（1ウォン=約0.11円）を支援した。

だが翌月、実際に会ってみると、男はランキングを上げるため、後に返金するので支援金を送ってほしいと不正への協力を要請。女性は従ったが、返金されなかった約80万ウォンを求めると、男の態度が急変した。

2023年4月以降、男は配信で女性を侮辱するようになり、店名や恋人の写真までさらして視聴者にまで罵倒するよう促した。

これで女性のペットショップは客が途絶え、年商は2億ウォンからゼロに落ち込んだ。婚約も破綻し、女性は現在治療を続けている。

女性は名誉毀損や情報通信法違反で刑事告訴。男は起訴され、12月10日に水原（スウォン）地裁で4回目の公判が開かれる。

（c）KOREA WAVE/AFPBB News
KOREA WAVE",[],[]
韓国・新型コロナとインフル、同時流行の兆し…高齢層の重症化防止へワクチン接種促す声（KOREA WAVE）,https://news.yahoo.co.jp/articles/6a9be26eff269e67c487a3782aba9db5fb7f7581,https://newsatcl-pctr.c.yimg.jp/t/amd-img/20251129-03611367-clc_korea-000-1-view.jpg?exp=10800,2025-11-29T17:03:16+09:00,2025-11-29T17:03:16+09:00,KOREA WAVE,clc_korea,KOREA WAVE,550,"2023年10月19日、新型コロナワクチン接種を受ける市民(c)news1
【11月29日 KOREA WAVE】韓国で冬季に入りインフルエンザが急速に拡大する一方、新型コロナウイルスの入院も高止まりが続いている。特に注目されるのは高齢者層の感染リスクだ。

疾病管理庁によると、2025年第45週（11月2〜8日）のインフルエンザ外来患者1000人あたりの「診断された疑い例」は50.7人と前週の2倍以上に達し、過去10年で最高水準を記録した。

一方、今年の新型コロナによる累計入院者数は7874人と、インフルエンザの7809人を上回った。現在も1日約200人の新規入院が発生している。入院患者のうち65歳以上が61.2％（4815人）を占める。

専門家は「ワクチンの免疫効果は半年程度で弱まる」として、65歳以上の高リスク層には年1回以上の定期接種が必要だと訴えている。

米国の研究では、ワクチン接種により救急外来受診が29％、入院が39％、死亡が64％減少する効果が確認されている。

疾病管理庁は「冬には複数の呼吸器感染症が同時に流行する恐れがある」とし、特に高リスク層に対して迅速なワクチン接種を推奨している。

（c）KOREA WAVE/AFPBB News
KOREA WAVE",[],[]
シャネルバッグ「ウォン安で免税店より百貨店が安い」…韓国で広がる「逆転現象」（KOREA WAVE）,https://news.yahoo.co.jp/articles/1b98b157c628c4e85225b17f3aee47dce36a5298,https://newsatcl-pctr.c.yimg.jp/t/amd-img/20251129-03611364-clc_korea-000-1-view.jpg?exp=10800,2025-11-29T16:12:16+09:00,2025-11-29T16:12:16+09:00,KOREA WAVE,clc_korea,KOREA WAVE,1520,"2025年1月10日、ソウル市内の百貨店にあるシャネルの売り場の様子＝写真は記事内容と直接関係ありません(c)news1
【11月29日 KOREA WAVE】韓国で「免税店=安い」という常識が崩れつつある。特に高級ブランド品では、ウォン安によるドル建て価格上昇で「免税店より百貨店の方が安い」という“価格逆転現象”が広がっている。

免税店の店員ですら「特別な限定品でない限り、今は百貨店での購入をおすすめする」と話すほど。実際にシャネルの人気バッグは、免税店で購入した場合、関税や税金込みで百貨店より約682万ウォン（約75万円）も高くなるケースが確認された。

記者が11月23日、訪れたソウル市内の百貨店内ルイ・ヴィトンでは、カプシーヌ（ミディアム）が990万ウォンで販売されていた。一方、同じ建物内の免税店では7500ドルで販売されており、同日の適用為替レート（1468ウォン）を考慮すると1101万ウォン、すなわち百貨店より111万ウォンも高かった。

ディオールの「カロバッグ（ミディアム）」も百貨店では590万ウォン、免税店では4200ドル（約617万ウォン）と27万ウォンの差があった。シャネルの定番「クラシック フラップ（ミディアム）」は免税店・百貨店ともに価格が1666万ウォンで同一だったが、免税店での購入は税金負担が加わるため実質的に高額となる。

現在、韓国の免税品持ち込み限度額は800ドル。それを超える部分には関税、個別消費税、教育税、付加価値税などが課される。自ら申告すれば30％の税額控除が受けられるものの、高額商品では負担は依然として大きい。

例えば、シャネルのクラシック フラップ（免税店価格1万1350ドル）を持ち帰った場合、800ドルを除く1万550ドルが課税対象となり、計算上、税金は682万ウォン超。結果として、税込み総額は約2348万ウォンとなり、百貨店価格の1666万ウォンと比べて約41％も高くなる。

免税店のスタッフは「どうしても百貨店に在庫がない商品ならともかく、今のような為替レートでは、免税店で購入するメリットはほぼない」と述べた。

実際、消費者の流れは百貨店に集中している。百貨店の高級ブランド売り場では韓国人のみならず、中国人観光客も列を成して入場待ちをしていたのに対し、同じ建物内の免税店は比較的閑散としていた。

百貨店の店員は「最近は、米国から韓国の百貨店にバッグを買いに来たという外国人もいた」と話す。免税店よりも価格が安く、複雑な税関申告の手間もないことが、国内外の消費者にとって百貨店を選ぶ理由になっている。

このような傾向を受け、免税業界も対策に動いている。新世界、ロッテ、新羅など主要免税店は、今月から適用する「基準為替レート」を従来の1350ウォンから1400ウォンへと引き上げた。これはドル建て価格を下げて見せるための措置で、実質的な割引効果を狙ったものだ。

さらに、為替補償、簡易決済サービスの利用時の割引、ポイント還元などのキャンペーンも強化している。だが限界もある。なぜなら、免税店側は海外ブランド品をドルで直接買い付けるため、為替レートが上がれば輸入原価も上昇し、収益性が悪化するからだ。割引キャンペーンによる販促費の増加も利益を圧迫する。

免税業界の関係者は「今年の夏は為替が安定していたため、韓国人も外国人も高額商品を多く購入したが、最近は状況が変わった。ビザなし観光解禁で訪韓客は増えているが、免税店への集客にはつながっておらず、苦戦している」と語った。

（c）KOREA WAVE/AFPBB News
KOREA WAVE",[],[]
韓国のスター予備校講師、高級住宅街の土地投資で337億ウォンの利益か（KOREA WAVE）,https://news.yahoo.co.jp/articles/dda59c07f5638493c5241905e1bf0ae808da4bd5,https://newsatcl-pctr.c.yimg.jp/t/amd-img/20251129-03611362-clc_korea-000-1-view.jpg?exp=10800,2025-11-29T15:12:17+09:00,2025-11-29T15:12:17+09:00,KOREA WAVE,clc_korea,KOREA WAVE,786,"人気講師ヒョン・ウジン氏＝メガスタディ教育キャプチャー(c)news1
【11月29日 KOREA WAVE】韓国の人気大学受験講師ヒョン・ウジン氏（38）が2018年に取得したソウル市江南区論峴洞の土地が、7年あまりで約337億ウォン（約37億円）に上る価格差益を生む見通しであることが分かった。

韓国の不動産仲介会社「ビルディングロード不動産仲介法人」によると、ヒョン・ウジン氏は2018年1月、ソウル・江南区論峴洞の大通り沿いに位置する約1034㎡（約313坪）の準住居地域の敷地を、個人名義で約320億ウォンで購入した。購入と同時に、この土地は信託会社に委託され、信託登記が完了している。信託会社を通じて融資を受けるための措置とみられ、現在の登記上の所有者は受託機関の韓国ハナ銀行となっている。

取得後、この建物は約5年間にわたりフランチャイズのカフェチェーンと事務所として活用され、2023年末に解体が始まり、2025年9月からは新築工事が進行中。

対象地は地下鉄7号線・鶴洞駅9番出口の目の前に位置し、周辺はカフェ、飲食店、オフィスの需要が絶えないエリアとされる。今年4月には、同じ駅周辺の大通り沿いの敷地が坪単価約2億1000万ウォンで取引された実績もある。

この坪単価をヒョン・ウジン氏が保有する313坪に適用すると、現在の推定価値は約657億ウォンとなり、取得から7年6カ月で約337億ウォンの価格差益が期待される計算となる。

ビルディングロード不動産仲介法人は「土地を購入後、信託を通じて資金調達し、一定期間は賃貸運用、その後解体・新築という開発プロセスを取っている。鶴洞駅に近い大通り沿いという立地条件や、新築可能性を踏まえると、高い収益率が見込まれる」と分析した。

（c）KOREA WAVE/AFPBB News
KOREA WAVE",[],[]
韓国の医学生、5人に1人が休学中…背景に「軍入隊」と「再受験」（KOREA WAVE）,https://news.yahoo.co.jp/articles/29677d5d1a93028fca11b5218469cc2b24856cb6,https://newsatcl-pctr.c.yimg.jp/t/amd-img/20251129-03611357-clc_korea-000-1-view.jpg?exp=10800,2025-11-29T14:12:17+09:00,2025-11-29T14:12:17+09:00,KOREA WAVE,clc_korea,KOREA WAVE,574,"(c)news1
【11月29日 KOREA WAVE】韓国の医科大学で、学生の約5人に1人が現在も休学していることが教育省の調査で分かった。背景には兵役による現役入隊や、上位大学への再受験を目指す「半数」などがあるとされる。

教育省の資料によると、11月3日時点で全国40校の医科大学に在籍する2万3662人のうち、休学者は5060人（21％）。特に本科2年では28％、3年では24％と高く、13大学では3〜4人に1人が復学していない。

休学率が最も高かったのは東亜大学で32％、続いて延世大学（原州）29％、中央大学27％など。一方、梨花女子大学は男子学生がいないため兵役の影響がなく、休学率はわずか1％だった。

休学の主な理由には現役兵としての軍入隊があり、今年1〜8月に入隊した医学生は2838人と、前年の2倍超、2023年比では10倍以上に増加。医師免許取得後に任官する軍医や公衆保健医の服務期間が38カ月と長いため、短期間で済む現役兵を選ぶ傾向が強まったとみられる。

韓国医科大学・医専協議会のイ・ジョンテ理事長は「軍関連の休学が増えたことで、一時的に教育負担が軽減された側面もある」と述べる一方で、「軍医や公保医の人材不足が懸念される」と警鐘を鳴らす。

（c）KOREA WAVE/AFPBB News
KOREA WAVE",[],[]
「静かな街」ソウル城北に外国人観光客続々…韓国美術と寺院めぐる“韓国的体験”が人気（KOREA WAVE）,https://news.yahoo.co.jp/articles/eee5862f2e6913a70e06d2a7daaf1f397117dcec,https://newsatcl-pctr.c.yimg.jp/t/amd-img/20251129-03611355-clc_korea-000-1-view.jpg?exp=10800,2025-11-29T13:15:35+09:00,2025-11-29T13:15:35+09:00,KOREA WAVE,clc_korea,KOREA WAVE,1025,"ソウル観光財団提供(c)news1
【11月29日 KOREA WAVE】ソウル市の北部に位置する城北（ソンブク）区で、外国人観光客の姿が増えている。これまで明洞（ミョンドン）や弘大（ホンデ）などの繁華街に比べて目立たなかったが、韓国美術館や仏教寺院、ローカルな街並みが“韓国らしさ”を求める旅行者を惹きつけている。

観光客の目的地となっているのは、韓国初の私立近代美術館「澗松（カンソン）美術館」と、かつて高級料亭から寺に生まれ変わった仏教寺院「吉祥寺（キルサンサ）」。両施設をめぐるツアーは、今年初めて試験的に実施された外国人向けプログラム「ARTS IN SEOUL」の一環で、全5コースのうちの1つに含まれている。

プログラムは10月から実施され、これまでに33カ国・114人が参加。そのうち20〜30代の若年層が8割超、女性は9割以上を占めた。参加者の国籍はフランス、米国、ベトナム、マレーシア、中国など多様だ。

ツアーはまず澗松（カンソン）美術館を訪問。ここは1938年、文化財収集家・チョン・ヒョンピル（全鎣弼）氏によって設立され、日本の植民地時代に海外流出の危機に瀕した多くの文化財を私財で守ったことで知られる。

現在は、チョン氏の収集品を含む展覧会が開催中で、20世紀初頭の他のコレクターの所蔵品もあわせて展示されている。

次に訪れたのは、かつて高級料亭「大苑閣（テウォンガク）」の跡地に建てられた「吉祥寺」。法話や写経体験などが可能な寺として知られる。

紅葉が見頃を迎える中、参加者たちは境内を散策しながら写真撮影に興じた。法堂の裏手には、ポプチョン（法頂）僧侶が実際に使っていた執務室「眞影閣（ジニョンガク）」も保存されており、見学者の関心を集めた。

体験のひとつとして、仏教建築の装飾に使われる「丹青（タンチョン）」の模様を色付けするワークショップも催された。完成した作品はその場でオーブン加工され、キーホルダーとして持ち帰ることができる。

最後は、僧侶との茶話会。参加者からは「瞑想中に雑念が浮かぶときはどうしたら?」「人間関係の未練をどう整理する?」などといった質問が飛び交い、通訳を介して対話が続いた。

カナダ出身の女性（32歳）は「僧侶と直接対話したのは、韓国で最も特別な経験の一つだった」と語り、他の参加者も深く頷いていた。

（c）KOREA WAVE/AFPBB News
KOREA WAVE",[],[]
勤務せず手当不正受給、地方公務員32人に懲戒…韓国政府が監察結果公表（KOREA WAVE）,https://news.yahoo.co.jp/articles/e19ccc805bf889c605d015ab8e55abc9bd680de7,https://newsatcl-pctr.c.yimg.jp/t/amd-img/20251129-03611354-clc_korea-000-1-view.jpg?exp=10800,2025-11-29T13:12:18+09:00,2025-11-29T13:12:18+09:00,KOREA WAVE,clc_korea,KOREA WAVE,549,"写真は記事の内容とは関係ありません(c)NEWSIS
【11月29日 KOREA WAVE】韓国行政安全省はこのほど、地方自治体職員の不正な超過勤務手当受給に関する監察報告書を公表した。実際には勤務していない時間を「勤務」と偽って申告し、手当を受け取っていた違反件数は14件、対象者は32人にのぼった。

不正の中でも特に多かったのが時間外勤務手当の虚偽申告。ソウル市城東区（ソンドング）庁の職員は、出勤前や退勤前の子どもの送迎やジム通いを勤務扱いとし、86時間・約110万ウォン（1ウォン=約0.11円）を受給した。

同様に29回にわたり買い物や病院の付き添いを勤務として記録し、約106万ウォンを不正受給した職員もいた。

また、慶尚北道（キョンサンブクド）庁の職員は精神的理由で出勤しなかったのに同僚にタイムカードの代理入力を依頼。計51回、165時間分に相当する212万ウォンを受給した。関与した同僚も懲戒処分を受けた。

行安省は、今回の不正に対し、手当の返還と最大5倍の追徴金を命令。不正の背景には「給与が少ない」「早朝勤務がもったいない」といった自己中心的な理由が並び、組織内にはびこる甘えが指摘されている。

（c）KOREA WAVE/AFPBB News
KOREA WAVE",[],[]
ソウル明洞に活気戻る…ダイソーやコンビニに中国人観光客が殺到（KOREA WAVE）,https://news.yahoo.co.jp/articles/d5828db380eec07b83fcfabf761706634c1ed9f7,https://newsatcl-pctr.c.yimg.jp/t/amd-img/20251129-03611347-clc_korea-000-1-view.jpg?exp=10800,2025-11-29T12:15:36+09:00,2025-11-29T12:15:36+09:00,KOREA WAVE,clc_korea,KOREA WAVE,999,"(c)news1
【11月29日 KOREA WAVE】韓国政府が9月末から施行した中国人団体観光客向けのビザ免除政策を受け、ソウルの明洞（ミョンドン）を中心とする商圏が再び活気を取り戻している。特に、ダイソーやコンビニエンスストアといった「高コストパフォーマンス」を売りにした店舗で中国人観光客の利用が急増している。

韓国の生活雑貨大手「ダイソー」の明洞駅店では、10月のアリペイ・ウィーチャットペイ・銀聯カードによる決済額が前年比150％増、11月（1〜19日）には200％増となった。決済件数も10月に90％増、11月は130％増と大幅に伸びている。

10月単月で見ても、ダイソー全店舗の外国人カード決済は約40％増、決済件数も20％増と堅調だ。観光客需要が企業全体の売り上げに寄与している。

観光客の購買傾向としては、「安くて高品質な商品」を求める傾向が強い。

直近1週間（11月13〜19日）で、明洞ダイソー店で外国人観光客に最も売れた美容商品は「VT PDRN光彩シートマスク」だった。2位は「Vaseline集中保湿マスク」、3位は「BONCEPTレチノールセラムマスク」。いずれも1枚1000ウォン（約110円）のリーズナブルなフェイスマスクで、いわゆる“コスパ重視”の商品が上位を占めた。

同期間の食品カテゴリーでは、「Orion Bichobi（ビスケット）」が最も多く売れ、次いで「サムリプのミニ蜂蜜薬菓（韓国伝統菓子）」、3位には「ハニーバターアーモンド」が入った。

名所・明洞に多店舗展開するコンビニエンスストアでも、中国人観光客の“爆買い”傾向が見られる。

GS25の明洞エリア10店舗では、ビザ免除開始後（9月29日〜11月19日）の中国人観光客による売り上げが、直前期間（8月8日〜9月28日）比で約136.2％増加。CUの8店舗でも前年比で約247.9％増と、いずれも大きく伸びた。

特に人気の商品は、「一口サイズのチョコスナック」「バナナ牛乳」「穀物味のスナック」や「いちご牛乳」「アイシス（ミネラルウォーター）」など、手軽な軽食・飲料が目立つ。

観光業界では、中国政府が自国民に対し日本旅行の自粛を促したことにより、韓国に向かう観光需要が一層高まるとの見方が出ている。

（c）KOREA WAVE/AFPBB News
KOREA WAVE",[],[]
外国人観光が再開されぬ中、北朝鮮が来年の平壌国際マラソン開催を予告（KOREA WAVE）,https://news.yahoo.co.jp/articles/cfc375d46bc366cb42724ec7535711af657d6d76,https://newsatcl-pctr.c.yimg.jp/t/amd-img/20251129-03611344-clc_korea-000-1-view.jpg?exp=10800,2025-11-29T11:12:16+09:00,2025-11-29T11:12:16+09:00,KOREA WAVE,clc_korea,KOREA WAVE,861,"高麗ツアーズHP(c)news1
【11月29日 KOREA WAVE】北朝鮮が新型コロナウイルスのパンデミック以降、6年ぶりに今年再開した平壌国際マラソン大会を、2026年4月にも開催する見通しとなった。現在、外国人観光は事実上全面的に中断されているが、来年からの再開の可能性にも注目が集まっている。

中国に拠点を置く北朝鮮専門旅行会社「高麗ツアーズ」は、11月25日に自社ホームページで「2026年平壌マラソンに関する最新情報」というタイトルの案内を掲載した。

同社は「来年4月に平壌マラソン大会が開催される予定だ」とし、「大会まで6カ月を切っているため、今後も随時、詳細情報を発信していく予定なので、ホームページをこまめにチェックしてほしい」と告知した。

ただ現時点では、来年4月第2日曜日頃に開催される見込みという以外、具体的な日程や旅行パッケージの構成、発給されるビザの種類、参加費用などは未定だという。

また同社は「マラソンを含むさまざまな平壌観光日程も用意する。当社は平壌マラソン大会の唯一の公式パートナー企業であり、すべての外国人アマチュア選手が大会に参加できるよう登録支援を行っている」と参加を呼びかけている。

特に注目されるのはビザの扱いで、同社は「もしマラソン開催に合わせて観光が再開されれば、観光ビザが発給されるが、観光が再開されない場合は、代表団ビザが発給される」と明らかにしており、外国人観光の再開可否がいまだに決定していないことを示唆している。

北朝鮮は2020年のコロナ発生以降、全ての国境を封鎖していたが、今年に入り国際イベントの再開を通じて外国人観光客の誘致に力を入れてきた。

4月には6年ぶりに平壌国際マラソン大会を開催し、7月にはキム・ジョンウン（金正恩）朝鮮労働党総書記の「10年越しの悲願」とされる江原道元山（カンウォンド・ウォンサン）の元山葛麻海岸観光地区を開場し、大々的にPRしている。

（c）KOREA WAVE/AFPBB News
KOREA WAVE",[],[]
外国人観光客がソウルの明洞から蚕室へ…「割引がお得」と口コミで人気急上昇（KOREA WAVE）,https://news.yahoo.co.jp/articles/fccac1d841d26cde7176fc53e898b02b9f793606,https://newsatcl-pctr.c.yimg.jp/t/amd-img/20251129-03611340-clc_korea-000-1-view.jpg?exp=10800,2025-11-29T10:12:17+09:00,2025-11-29T10:12:17+09:00,KOREA WAVE,clc_korea,KOREA WAVE,969,"(c)MONEYTODAY
【11月29日 KOREA WAVE】かつて明洞（ミョンドン）や景福宮（キョンボックン）、北村（プッチョン）など、いわゆる「定番スポット」が中心だったソウルでの外国人観光客の動線が、最近になって大きく変わりつつある。新たな注目先は、ソウル・蚕室（チャムシル）に位置するロッテワールドタワーとロッテワールドモールだ。外国人観光客専用の「Discover Seoul Pass」との連携が、この地を“ホットスポット”に押し上げている。

ロッテ物産によると、ロッテワールドタワー展望台「ソウルスカイ」の2025年1月〜10月の外国人利用者数は前年同期比9％増加。さらに、8月にDiscover Seoul Passとの連携が拡充された後は、1カ月で外国人の利用者数が前月比75％も急増した。

この提携により、Discover Seoul Pass所有者は展望台のみならず、モール全体でさまざまな特典を受けられるようになった。主な特典は、ロッテアクアリウム30％割引、ロッテミュージアム無料入場、ラグジュアリーブランドが集まる「AVENUEL」のバー利用券などで、いずれも外国人観光客に人気の高い施設が含まれる。

8〜10月の3カ月間で、Discover Seoul Passを通じてロッテワールドタワー・モールを訪れた外国人は約2000人。これは、同期間のDiscover Seoul Pass購入者全体（約1万4000人）のうち、約15％が蚕室まで足を運んだ計算になる。

訪問者の国・地域は、日本や米国、台湾、フィリピン、マレーシア、シンガポールなどで、以前よりも多様化している。特にロッテミュージアムは、9月の国際アートフェア「KIAF SEOULとFrieze Seoul」との相乗効果により、外国人来場者数が初月の4倍に達した。

ロッテ物産は外国人観光客からの問い合わせの急増（10月時点で全体の約15％）に対応し、同社の公式ウェブサイト上に観光情報を拡充している。9月には日本語・英語・中国語に対応した「ツーリストガイド」セクションを新設。ラグジュアリー派向けとカジュアル派向けの2つのテーマ別モデルコースを紹介している。

（c）KOREA WAVE/AFPBB News
KOREA WAVE",[],[]
韓国発グアム路線、観光不振で入札ゼロ…航空各社が敬遠（KOREA WAVE）,https://news.yahoo.co.jp/articles/3199c4ec25dd97758ec5d5abceb3fa258a64d945,https://newsatcl-pctr.c.yimg.jp/t/amd-img/20251129-03611335-clc_korea-000-1-view.jpg?exp=10800,2025-11-29T09:03:15+09:00,2025-11-29T09:03:15+09:00,KOREA WAVE,clc_korea,KOREA WAVE,589,"(c)Reuters/news1
【11月29日 KOREA WAVE】かつて人気だった韓国発グアム便が、観光客減少を背景に不人気路線へと転落している。韓国の公正取引委員会は大韓航空とアシアナ航空の合併に伴う独占回避策として、仁川-グアムや釜山-グアムなど6路線の移管先を募集したが、グアム路線だけ応募ゼロに終わった。

2025年1〜10月のグアム往復乗客数は64万7739人で前年比7.0％減。便数は3.9％増えて4034便と供給過剰が顕著だ。2019年同期比では回復率52.1％にとどまり、国際線全体がコロナ前水準を超える中、グアムの不振が際立つ。

背景には2023年のスーパー台風による施設被害と復旧の遅れ、東南アジア新興リゾートとの競争、ドル高ウォン安による物価高がある。2023年のグアムのインフレ率は過去最高の8.7％に達した。

公取委は構造的措置として代替航空会社への路線譲渡と、引き継ぎまでの座席供給維持を指示。これにより大韓航空は仁川-グアム便を週21便まで増便し、LCC各社も増便したが、乗客数は伸びず赤字が続く。済州航空やティーウェイ航空は既に撤退した。

入札不成立を受け、大韓航空グループは不採算状態での運航継続を強いられている。公取委は早期の路線移管を進めるとしている。

（c）KOREA WAVE/AFPBB News
KOREA WAVE",[],[]
韓国でも10代のSNS利用を制限する必要があるのだろうか…「賛成」vs「反対」（KOREA WAVE）,https://news.yahoo.co.jp/articles/580b9df3d5776552cf4c6c33aa2398bba48435bf,https://newsatcl-pctr.c.yimg.jp/t/amd-img/20251129-03611332-clc_korea-000-1-view.jpg?exp=10800,2025-11-29T08:33:16+09:00,2025-11-29T08:33:16+09:00,KOREA WAVE,clc_korea,KOREA WAVE,2538,"AI生成画像(c)KOREA WAVE
【11月29日 KOREA WAVE】10代の青少年によるソーシャルネットワーキングサービス（SNS）への過度な依存に伴う副作用が、韓国社会のあちこちで現れている。世界各国では、今からでも問題を食い止めようと防止策を講じる動きが起きている。

有害コンテンツによる危険性や過度な没入の問題が浮上し、一部の国では青少年のSNS利用を全面的に遮断する措置を取っている。こうしたニュースを受けて、韓国でもより強力なSNS利用制限措置を取るべきだという声が上がっている。

これに関連して、国内のSNSプラットフォームにおける青少年のオンライン保護政策について、NGOや心理学・法律の専門家は、遮断だけが解決策ではないとの立場を示した。一方で、教育学の専門家は、ある程度の制限は必要だという見解を示した。

韓国メガ・ニュース（MEGA News）のパク・ソリン記者の取材によると、2024年末、共に民主党のユン・ゴンヒョン議員は、満14歳未満の青少年によるSNSへの加入を拒否する情報通信網法改正案を、国民の力のチョ・ジョンフン議員は、満16歳未満の青少年のSNS利用時間を制限する法案を、それぞれ発議したが、いずれの案件も国会で係留中だ。

韓国情報通信政策研究院による「韓国メディアパネル調査」によると、韓国のZ世代（満9〜24歳）のSNS利用率は2021年には72.6％、2022年には78.3％、2023年には87.2％と年々上昇している。

国内で青少年のSNSアクセス制限に関する議論が停滞している一方で、オーストラリアは12月10日から満16歳未満の青少年によるSNSの利用を禁止することを決定した。ニュージーランドやデンマークの政府も、15歳未満の子どもたちによるSNSアクセスを禁じる政策を進めており、マレーシアも16歳未満の青少年によるSNSアカウントの使用を来年から禁止する措置を実施する。

韓国国内では、SNSプラットフォーム各社が個別に青少年のオンライン安全を確保するための政策を運営している。現在、SNSプラットフォームは、保護者が10代のSNS利用を管理できるよう「青少年アカウント」を運用したり、ホットラインを設置したり、利用時間を制御する方式で青少年を保護している。

◆強制的な規制は「毒」になる可能性

非政府組織（NGO）や心理学者は、SNSプラットフォーム企業による対策をどう評価しているのだろうか。彼らは、青少年のSNS利用を制限することだけが最善の解決策にはならないという見解を示した。

ソウル大学心理学科のクァク・グムジュ教授は「過度に強制的な制裁は、かえって反発を招く可能性がある。家庭でゲームを禁止するとPCバン（ネットカフェ）に行くように、一方を塞げば他方に回避する可能性がある」と指摘した。

特に、青少年のSNS利用を強制的に禁止することは、IT環境が高度に発展した韓国の実情には適していないという評価が出ている。

TikTokと青少年保護政策で協力している「青い木財団」のチェ・ホンソ主任研究員は「韓国は世界で最も速いスピードで青少年がデジタルリスクにさらされる国の一つだ」としながらも「禁止を中心とした対応ではなく、現場に根ざした統合的な安全エコシステムを構築することが、最も効果的で現実的な解決策だ」と助言した。

◆青少年のSNS政策は、被害者の回復と安全意識の主体化が「先」

むしろ国内では、高度化したIT環境を活用する方法が、オンライン上で青少年の安全を確保するうえで効果的だという提言も出ている。

「青い木財団」は、政策やガイドラインの改善、ホットラインによる迅速なコンテンツ削除、被害者の回復支援、そして青少年自身が担い手となる安全文化の拡散を一体化した「K-青少年安全パートナーシップモデル」を提示した。

専門家は、SNSプラットフォームが個別に実施する青少年保護政策に加え、プラットフォーム同士の協力や、青少年自身が自ら制御できる文化の確立を促している。

韓国女性弁護士会の児童青少年特別委員長であるソ・ヘジン弁護士は次のように強調する。

「SNS上で問題となるコンテンツは、メディアを巧みに使う能力が他人を苦しめる方向に使われた例だ。そういったコンテンツが問題になり得るという教育が同時に進められる必要がある。青少年の意識改善にまず重点が置かれるべきだ。SNSプラットフォームごとに政策が異なるが、共に議論を進め、共通して適用できるガイドラインを整えることが必要だ」

◆教育学者「一定の規制は必要」「政策整備も必要」

ただ、教育学の専門家は、成人と青少年のSNS利用に対しては差別化されたアプローチが必要だとしながらも、一定の規制は必要だと述べている。

東国大学教育学科のチョ・サンシク教授は「韓国は“デジタル強国”というスローガンのもと、IT政策が優先されるという言説が根強い国だ。そのために、やむを得ず青少年のSNSアクセスに対する配慮が不足し、彼らが危険に無防備な状態でさらされてきた」と指摘した。

SNSアクセス政策については「成人と青少年にはそれぞれ異なる、差別化された政策が必要だ。保護者の身分を盗用してアクセスすることもできるため、不適切なコンテンツへの追加的な接触を遮断する装置が求められる」と述べ、「一部の規制は必要だ」と付け加えた。

青少年のSNS利用を制限するために、政府がより積極的に政策を整備すべきだという声も上がっている。

光州教育大学教育学科のパク・ナムギ教授は次のような見解を示した。

「規制がないまま過度にSNSが利用されており、韓国でも満15歳以下の青少年のSNS使用を強く制限する必要がある。これはSNSプラットフォーム企業が協力しなければ実現は難しく、彼らが責任を持って青少年アカウントを管理・監督すべきだ。企業が協力するようにするには、法的に規定を設ける必要がある。家庭や学校での教育によって制限するには限界がある」

（c）KOREA WAVE/AFPBB News
KOREA WAVE",[],[]
韓国政府、2030年までに炭素回収・利用（CCU）メガプロジェクトに2380億ウォン投入（KOREA WAVE）,https://news.yahoo.co.jp/articles/beaf41ecc854190d48b85eea80723f5e5cceca62,https://newsatcl-pctr.c.yimg.jp/t/amd-img/20251129-03611331-clc_korea-000-1-view.jpg?exp=10800,2025-11-29T08:03:16+09:00,2025-11-29T08:03:16+09:00,KOREA WAVE,clc_korea,KOREA WAVE,1216,"11月28日、国家科学技術諮問会議の大会議室で「2025年第9回国家研究開発事業評価総括委員会」を主宰するパク・インギュ科学技術情報通信省科学技術革新本部長＝科学技術情報通信省(c)KOREA WAVE
【11月29日 KOREA WAVE】韓国科学技術情報通信省は11月28日、パク・インギュ科学技術革新本部長の主宰で「2025年第9回国家研究開発事業評価総括委員会」を開き、2024年の第4次予備妥当性調査の結果と2025年の第3次予備妥当性調査対象事業の選定結果、および予備妥当性調査免除事業の選定結果を確定した。

韓国メガ・ニュース（MEGA News）のパク・ヒボム記者の取材によると、予備妥当性調査の免除が確定した事業は、高レベル放射性廃棄物の研究用地下研究施設を設置する事業だ。

これは、気候エネルギー環境省と科学技術情報通信省が2032年までに江原道太白市鉄岩洞一帯の地下約500メートルに、高レベル放射性廃棄物の管理技術を開発する研究施設を構築するというもの。

ここでは、実際の放射性廃棄物処分場の建設に必要な韓国固有の岩盤特性や、韓国型の廃棄物処分システムの性能などを実験・研究する。国内の地質環境に適合した処分技術の開発が目的。

両省は今後、事業計画の妥当性検討を経て、事業内容と総事業費を最終的に確定し、着手する。

2024年に申請された予備妥当性調査の結果も出た。温室効果ガスを多く排出する産業を対象に、ライフサイクル全体にわたる炭素回収・利用（CCU）技術の実証を支援する「CCUメガプロジェクト（科学技術情報通信省）」を対象に、総括委員会が実施を最終確定した。

この事業は2026年から2030年までの5年間で総額3806億ウォンを投じ、分野別の炭素排出の特性に適した炭素回収、中間物質への転換、有用な最終製品の生産に至る技術開発と実証に取り組む。事業の推進目標は、2035年の国家温室効果ガス削減目標（NDC）達成に貢献することだ。

2025年の第3次予備妥当性調査の対象も選定された。選定対象は、宇宙航空庁、気候エネルギー環境省、海洋水産省が共同申請した宇宙「静止軌道環境・海洋衛星（千里眼衛星6号）」の開発事業である。

静止軌道の千里眼衛星6号は予備妥当性調査の対象として選定され、今後7カ月間にわたって綿密な調査が進められる。

千里眼衛星6号は、大気環境と海洋観測を担っている現行の千里眼衛星2B号の任務を引き継ぐ後継衛星。既存の衛星と比較して、環境搭載体による解像度の向上、観測波長の拡大、海洋搭載体による分解能と補正能力の向上など、性能の改善が図られており、民間の参加拡大を通じて衛星技術の国産化率を高める。

千里眼衛星6号の事業が実際に進行するかどうかは、約7カ月間の調査を経て最終決定される。

（c）KOREA WAVE/AFPBB News
KOREA WAVE",[],[]
セクハラ事実認定から5カ月経過も処分なし…韓国・大学教授の性非行に学生が告発（KOREA WAVE）,https://news.yahoo.co.jp/articles/8e563d13f7b662124d21c59d80f3b0075aa8db18,https://newsatcl-pctr.c.yimg.jp/t/amd-img/20251129-03611330-clc_korea-000-1-view.jpg?exp=10800,2025-11-29T07:12:16+09:00,2025-11-29T07:12:16+09:00,KOREA WAVE,clc_korea,KOREA WAVE,940,"東国大学(c)news1
【11月29日 KOREA WAVE】韓国の東国大学が、学内調査で教授による学生へのセクハラや不適切な身体接触の事実を認定してから5カ月が経過しているにもかかわらず、いまだに懲戒処分を下していないことが分かった。学生らは問題の公論化に踏み切り、大学側の対応の遅れを批判している。

教授の性非行を告発する壁新聞によると、2023年12月の学科行事後の飲み会で、この教授は隣に女子学生だけを座らせ、「声がセクシーだ」などと発言し身体に触れるなどした。さらに、2024年10月31日の別の飲み会では女子学生に対し、「面談したいと言ったのは本当は一緒に飲みたかったから」「○○学が与える喜びは、女性と寝ることより大きい」などと語りかけ、明白なセクハラ発言を繰り返した。

加えて「君たちは成績の奴隷だということは分かっている」「どんなに頑張っても『A』は絶対にやらない」「2次会に行けば試験問題を教えてやる」「成績を良くしたければ、今日の飲み代は君が払え」といった評価権限を利用した脅迫的な発言も確認されたという。

学生らは、こうした言動について2023年12月に学内の人権センターに伝えたが、「民事・刑事上の強制力はない」との説明を受け、申告を断念していた。その後、2024年2月に一部学生が教授を性的人権侵害で改めて申告した。

大学は2025年6月27日付で「人権侵害調査・審議委員会の議決通知書」を通じ、教授による「言葉によるセクシャルハラスメントおよび不適切な身体接触」が「人権侵害に該当する」との判断を示した。大学側は同時に「教授の行為が申告者の人権を侵害するものである」と認め、関係部署に対して懲戒を勧告し、2025年度第2学期からの授業からの排除も提案した。

しかし、内部調査の結果が出てから半年近く経っても懲戒処分は実施されておらず、11月20日には学生会と在学生らが連名で教授の性非行を告発する壁新聞を校内に掲示するなど、問題の可視化に踏み切った。大学は、12月初旬に開かれる理事会で懲戒の可否を決定し、その後、教員懲戒委員会を開いて具体的な処分内容を決定する。

（c）KOREA WAVE/AFPBB News
KOREA WAVE",[],[]
信号待ちのバイク運転手に“銃”を向けたドライバー…韓国・映像に衝撃（KOREA WAVE）,https://news.yahoo.co.jp/articles/7685dcc4641bd5baddce6685edde06329e443121,https://newsatcl-pctr.c.yimg.jp/t/amd-img/20251129-03611329-clc_korea-000-1-view.jpg?exp=10800,2025-11-29T06:03:16+09:00,2025-11-29T06:03:16+09:00,KOREA WAVE,clc_korea,KOREA WAVE,440,"JTBC「事件班長」(c)news1
【11月29日 KOREA WAVE】ソウルの繁華街・盤浦大路（パンポデロ）で、信号待ちをしていたバイク運転手に向かって乗用車の運転手が窓から銃のようなものを突きつける映像が最近、撮影された。

JTBCの番組「事件班長」によると、目撃者は11月19日午前0時50分ごろ、盤浦大路で信号待ちをしているバイクと乗用車を見かけた。

バイク運転手が車の運転手に向かって指を突きつけるような仕草をしたところ、乗用車の運転手が窓を開け、何かを差し出した。それは銃のように見えた。

運転手はバイク運転手にそれを向けて威嚇し、バイク側は後ろに「撮影してほしい」と促すようなジェスチャーを見せた。信号が青に変わると、両者はそのまま走り去った。

車の運転手が取り出したのは模造銃とみられる。目撃者は「タクシーで移動中、偶然この場面に出くわした。言い争いがあったようだ」と証言した。

（c）KOREA WAVE/AFPBB News
KOREA WAVE",[],[]
祖母が1歳半の孫に生ガキ、腸炎発症…韓国・母親が児童虐待で告訴へ（KOREA WAVE）,https://news.yahoo.co.jp/articles/e8454cc0289bc268eb0c01cdd2f604d9ce22704d,https://newsatcl-pctr.c.yimg.jp/t/amd-img/20251129-03611328-clc_korea-000-1-view.jpg?exp=10800,2025-11-29T05:03:15+09:00,2025-11-29T05:03:15+09:00,KOREA WAVE,clc_korea,KOREA WAVE,527,"(c)news1
【11月29日 KOREA WAVE】韓国で祖母が1歳半の孫に生ガキなどを与え、重度の腸炎を引き起こす事件があった。母親は姑を児童虐待で告訴する意向だ。

インターネット掲示板への11月20日の投稿によると、母親である女性は夫の実家でのキムチ作りに顔を出すよう求められ、外出帰りに子連れで立ち寄った。手伝いをしている間、姑が孫に生ガキやゆで豚、浅漬けの白菜などを食べさせたという。

孫は激しくおう吐し、水のような便を10回以上繰り返した。病院では急性腸炎と診断され、すぐに点滴が必要なほど脱水が進んでいた。

抗議すると祖母は「大げさだ」と言い「おかしな人だ」と女性を侮辱した。

女性は義実家の衛生環境について「ほこりとカビが多く、子どもを連れて行くのが嫌だった」と述べた。

投稿には祖母が生ガキを食べさせている映像も添付されており、「殺人未遂では」「あり得ない」などと非難する声が相次いでいる。

女性は「義母とは縁を切る。告訴しなければ問題意識が生まれない」とし、夫に対しても「不満なら離婚する。他にも有責事由がある」と述べるなど怒りは収まっていない。

（c）KOREA WAVE/AFPBB News
KOREA WAVE",[],[]
