headline,mainEntityOfPage,image,datePublished,dateModified,author,media_en,media_jp,str_count,body,images,external_links
ＡＩ企業が哲学者を採用するわけは（２）（ハンギョレ新聞）,https://news.yahoo.co.jp/articles/edec88db6c28977b75757866fe09cc44f12b2a90,https://newsatcl-pctr.c.yimg.jp/t/amd-img/20260803-00056817-hankyoreh-000-1-view.jpg?exp=10800,2026-08-03T07:24:03+09:00,2026-08-03T07:24:03+09:00,ハンギョレ新聞,hankyoreh,ハンギョレ新聞,2788,ソン・ヒョンジュのAI人類学 AI企業が設計する文明 1 / 2 社会的信頼の危機は、ビッグテック企業が哲学者を採用する理由の一つだ＝ピクサベイより 過去の技術は人間の外部環境を変えたのに対し、AI人間の内部を変える＝ピクサベイより （1の続き） ■人類学者が密林の代わりにAIを探究する理由 世界中で数億人が毎日人工知能（AI）と対話している。秘密を打ち明け、感情的に依存し、人生の重要な決断をAIの助言に委ねる。これは単なる技術の採用ではなく、新しい社会的関係の誕生だ。 従来の人類学者は、アマゾンの密林や太平洋の島々へと旅立った。見知らぬ文化の儀礼や神話、親族構造を観察するためだった。今日の人類学者は異なる。彼らはスクリーンの前に座り、現代人がAIと交わす会話を分析する。人間が機械に愛を告白し、機械に怒りをぶつけ、機械に人生の方向性を尋ねる方法を研究する。 これは学術的な好奇心ではない。実用的に必要であるためだ。AIが人間の行動に及ぼす影響を理解できなければ、AIを適切に設計することはできない。オープンAIが人類学者を雇用する理由は、AIをより人間らしくするためではない。AIと相互作用する人間がどのように変化するかを把握するためだ。 この点において核心的なパラドックスが現れる。私たちは道具を作ったが、その道具が私たちを変え始めた。人間がAIを形成したが、今やAIが人間の認知構造と感情文化を再形成している。このフィードバックのループを理解できなければ、私たちは自分が何をしているのかさえ分からないまま、人類史上最大の実験を進めていることになる。 ■社会的不信という真の危機 ビッグテック企業が哲学者を採用するもう一つの理由は、極めて現実的なものだ。まさに信頼の危機のためだ。AIに対する漠然とした恐怖や不信が広がるほど、企業は社会的正当性を確保しなければならない。「私たちは人間中心的で倫理的である」という宣言が、技術の優秀さを誇示することよりも重要になった世界が到来したのだ。 これを冷笑的に受け止める必要はない。一部の企業の動きが広報戦略だとしても、社会がAIに単なる性能以上の道徳的正当性を求め始めたというシグナルであるからだ。「AIに意識はあるのか」という問いは、かつては哲学者たちの抽象的な仮説に過ぎなかったが、チューリングテストを無力化するAIが登場した今、規制や法、社会的契約の領域へと移行した。 機械に道徳的地位を与えられるのか、AIが下した医療判断の責任は誰が負うのかといった問いは、法学者だけでは解けない。存在論、倫理学、認識論が必要だ。哲学者は企業の良心の役割にとどまらず、技術的加速に埋没した組織が人間の尊厳を見失わないよう支える錨の役割を果たす。 ■韓国社会に投げかける問い ここで視線を韓国へと向けてみよう。私たちの社会は、半導体やデータセンター、フィジカルAI、大規模言語モデル（LLM）などのインフラ投資と技術競争力の確保に命運を懸けている。これは明らかに必要かつ重要なことだ。 しかし、私たちは同時に別の問いを投げかけなければならない。韓国社会において、技術と人文学の対話はどれほど行われているのか。最近、AI倫理や人間の本質に対する社会的関心が高まるにつれ、哲学の必要性は再び注目されている。しかし、韓国の大学現場では、哲学や文学をはじめとする基礎人文学の専攻が、統廃合や定員削減の圧力に絶えずさらされている。 研究予算の配分において、理工系大学と人文学部の間のヒエラルキーは依然として強固であり、AI倫理や技術批評を研究する学者たちが、企業の実際の設計過程や政府の政策決定に実質的に関与できるルートは、極めて少ない。 私たちはしばしば、技術の発展を「より高速なチップ、より強力なモデル」という競争の言語だけで理解してしまう。ところが、グローバルなビッグテック企業が哲学者を採用している現実は、私たちに別の次元の競争を予感させる。結局のところ、人間の欲望と脆弱性についてより深い理解を持つ側こそが、人間にとって最も有益で精巧な技術を作り出せる。これは人文学を救おうというロマンチックな訴えではなく、生存のための戦略的判断だ。AIが人間の言語や文化を学習するシステムであるならば、人間を最も深く理解している集団こそが、最も卓越したAIを設計できるからだ。人文学的な洞察は贅沢な思弁ではなく、私たちに欠かせないものだ。 ■文明設計企業の誕生 テクノロジー企業は今や、単なるIT製造・サービス企業を超え、「文明設計企業」へと変貌しつつある。文明設計企業とは、製品を販売するにとどまらず、人々が何を知り、何を信じ、誰と関係を築き、どのような方法で判断するかを構造化する企業だ。20世紀の自動車企業が道路網を敷設して都市構造や郊外文化を変え、ソーシャルメディア企業が関係性のあり方を再編したが、これらは主に人間の外部環境を変えるにとどまっていた。 一方、AI企業は異なる。彼らは人間の内面を変え始めた。思考や感情、判断の仕方そのものを再設計する。教育、労働、民主主義、さらには愛の在り方にまで介入する。スマートフォンがすでに私たちの日常をいかに構造化してきたかを思い返せば、これは明白な未来だ。哲学者や人類学者を雇用する真の理由は、テクノロジー企業自らが、自分たちを人間社会の秩序と感覚を設計する存在として認識し始めたからだ。 問題は、この巨大な設計権力が果たして十分に民主的であるかという点にある。多様な文化や階層の声が反映されているだろうか。結局、AI時代の究極の問いは、技術の性能ではなく、「誰が人間の未来を設計する権限を持つのか」という点に帰結する。 機械の知能が高まるほど、人間に対する理解はより切実になる。アルゴリズムが精巧になるほど、その中に込められる価値に対する省察も深まらなければならない。重要なのは、単なるコーディング能力ではない。人間が何を渇望し、何を恐れ、何を守ろうとしているのかを理解する力だ。 シリコンバレーの会議室に座る哲学者の姿は、技術と人文学の新たな対話が始まったことを告げる合図だ。古代ギリシャで哲学が政治と出会い、中世の修道院で神学が自然哲学と出会ったように、今日、私たちはコードと人文学が交差する新たなルネサンスの入り口に立っている。社会全体が技術の加速の中でも人間に対する問いを止めないとき、初めてこの技術は私たちを破滅させる火ではなく、私たちを照らす正しい鏡となり得る。機械の心臓に人間の問いを植え付けること、それこそがAI時代を生きる私たち全員に課せられた厳粛な課題だ。 ソン・ヒョンジュ/全州大学 創業経営金融学科 教授（未来学） (お問い合わせ japan@hani.co.kr ),[],[]
ＡＩ企業が哲学者を採用するわけは（１）（ハンギョレ新聞）,https://news.yahoo.co.jp/articles/78713a75f7e29431e742e98a0f6a2344fb0abe8a,https://newsatcl-pctr.c.yimg.jp/t/amd-img/20260803-00056818-hankyoreh-000-1-view.jpg?exp=10800,2026-08-03T06:49:07+09:00,2026-08-03T06:49:07+09:00,ハンギョレ新聞,hankyoreh,ハンギョレ新聞,2140,ソン・ヒョンジュのAI人類学 AI企業が設計する文明 1 / 3 ビッグテック企業が人文学者を採用している。AI大手企業で働く哲学者たち。左から、グーグル・ディープマインドのヘンリー・シェブリン氏とイアソン・ガブリエル氏、アンソロピックのジョー・カールスミス氏 ソン・ヒョンジュのAI人類学 世界中で数億人が毎日AIと対話している。ある人は秘密を打ち明け、ある人は重要な決断を委ねる。新たな社会的関係の誕生だ＝ピクサベイより ■プロメテウスの鏡の前で グーグル・ディープマインドは最近、ケンブリッジ大学の哲学者ヘンリー・シェブリン氏を「正式な役職（Philosopher）」として採用した。このニュースは学界を静かに揺るがした。哲学者が企業の名刺を受け取ったという事実そのものよりも、彼を必要とする時代が到来したという事実の方が重要であるからだ。シェブリン氏は、人工記憶（AIやロボットなどの機械に、人間のような心や主観的な感覚、自己認識を持たせようとする研究や考え方）、人間とAIの関係、汎用人工知能（AGI）がもたらす社会的・倫理的課題を研究している。かつては象牙の塔の思弁と見なされていた問いが、今や世界最高のAI研究所の中核的な議題となった。 こうした動きは、決してディープマインドだけの現象ではない。最近、テキサス大学哲学科のハービー・レダーマン教授も、AIの安全性と価値整合性（バリュー・アラインメント）を先導するアンソロピック（Anthropic）の技術研究チームに合流した。言語哲学と論理学を研究してきたこの正統派分析哲学者が移籍した理由は明確だ。大規模言語モデル（LLM）がテキストマニュアルだけで倫理を学習するにとどまらず、実際の行動や判断においても矛盾なく道徳を実践できるようにするための構造的なアラインメントが必要だったからだ。哲学者が外部顧問にとどまらず、AIシステムの骨格を設計する実務の最前線に直接参加し始めたのだ。 実際、アンソロピックは一種の倫理憲章である「クロード憲法」を公開し、宗教家、経済学者、市民社会活動家らとAIの道徳的基準について議論した。オープンAIも人類学者や社会科学者を多数採用し、チャットGPTのユーザーがAIとどのように相互作用しているかを分析している。 この現象の表面的な側面は単純だ。ビッグテック企業が人文学者を雇用しているということだ。だが、その表面の下を覗いてみると、より深層的な物語が隠れている。私たちは今、技術の歴史上初めて、技術そのものが人間に「人間とは何か」と問い返す瞬間に直面している。技術が高度化すればするほど、私たちにとって切実なのは、より高速なチップではなく、人間に対するより深い理解だ。 過去の技術は人間の身体を拡張するものだった。蒸気機関は筋力の代わりを果たし、自動車は脚の限界を超え、コンピュータは計算速度を増幅させた。ところが、生成AIは全く異なる。人間の言葉を話し、判断を模倣し、感情や創造性の領域にまで浸透する。技術が今や筋肉ではなく、精神を模倣し始めたのだ。 ここで私たちは、ギリシャ神話のプロメテウスと再び出会う。プロメテウスは神々の火を人間に与えたが、その火がどのように使われるかまで制御することはできなかった。今日のAIも同様だ。私たちはAIという火を作り出し、その火は今や私たちの精神を映し出す鏡となって返ってきた。技術を生み出した存在が、技術の前で自らの本質を問うとは、アイロニーと言わざるを得ない。私たちは鏡の中で自分自身を見つめるが、どこまでが原本で、どこからが反映なのか、ますます見分けがつかなくなっている。これこそが、今日私たちが直面しているプロメテウスの鏡だ。 ■「中立的な技術」という神話の崩壊 かつて私たちは、技術は中立だと信じていた。道具は価値判断をしない。ハンマーは家を建てるのにも、人を傷つけるのにも使われる。その責任は、道具を握る人間にある。これは長い間、技術楽観論者たちが好んで用いてきた論理だった。 ところが、その前提が揺らいでいる。AIは単なる道具ではない。アルゴリズムはおすすめを並べ、助言を与え、採用決定を補助し、医療診断を支援する。その過程で、どのような価値を内在させ、どのような偏りを是正するかという問題は、もはや工学の領域ではない。それは精緻な政治哲学の問題だ。誰の世界観がアルゴリズムに刻み込まれるかという問題は、すなわち民主主義への問いでもある。 社会を理解するためには、データの向こう側にある人間の本性に対する深い洞察が必要だ。アルゴリズムはデータに基づき構築されるが、データは人間の文化や歴史、そして偏見で満ちているからだ。複雑な文脈を理解できなければ、技術は差別を再生産し、不平等を深刻化させるエンジンへと転落してしまう。マイクロソフトの「責任あるAI」組織やグーグルの意識研究グループは、いずれも同じ方向を示している。今や技術は価値の問題を避けられず、技術開発そのものが一つの価値判断行為となった。 （2に続く） ソン・ヒョンジュ／全州大学 創業経営金融学科 教授（未来学）(お問い合わせ japan@hani.co.kr ),[],[]
