headline,mainEntityOfPage,image,datePublished,dateModified,author,media_en,media_jp,str_count,body,images,external_links
ピストンズを東首位に導くカニングハムが初の月間MVP受賞！西は“平均トリプルダブル”のヨキッチが選出｜NBA10/11月＜DUNKSHOOT＞（THE DIGEST）,https://news.yahoo.co.jp/articles/b758b6965feb80049786e804f2e121874f4b5a25,https://newsatcl-pctr.c.yimg.jp/t/amd-img/20251203-00105842-thedigest-000-4-view.jpg?exp=10800,2025-12-03T20:45:00+09:00,2025-12-03T20:45:24+09:00,THE DIGEST,thedigest,THE DIGEST,1477,"10/11月の月間MVPに選ばれたピストンズのカニングハム(左)とナゲッツのヨキッチ(右)。(C)Getty Images
現地時間12月２日、NBAが2025－26シーズン最初となる10／11月の月間最優秀選手を発表し、イースタン・カンファレンスからデトロイト・ピストンズのケイド・カニングハム、ウエスタン・カンファレンスからデンバー・ナゲッツのニコラ・ヨキッチが選出された。
【動画】東西のMVP！カニングハム＆ヨキッチの序盤戦ハイライト
10月21日の開幕から11月30日までの期間中、17試合に出場したカニングハムは、リーグ８位の平均28.8点、6.4リバウンド、同２位の9.4アシストをマーク。16勝４敗でイースト１位に立ったチームのスタートダッシュに貢献し、キャリア初の月間MVPに輝いた。

　2021年ドラフト全体１位、24歳のオールスターガードは、今季序盤戦で２度のトリプルダブルを含む11回のダブルダブルを記録。11月１日のダラス・マーベリックス戦で自己最多に並ぶ18アシストを供給すると、10日のワシントン・ウィザーズ戦ではキャリアハイの46得点を叩き出すなどチームの攻撃を牽引した。

　10月29日～11月24日にかけて球団タイ記録の13連勝を達成したピストンズは、フランチャイズ史上最多の64勝をあげた2005－06シーズン以来の好スタートを切っている。
　
　一方のヨキッチは期間中の全19試合に出場し、リーグ６位の平均28.9点、同２位の12.4リバウンド、同１位の10.9アシストを記録。月間平均トリプルダブルを達成し、キャリア９回目の受賞となった。

　リーグ最高の万能センターは、序盤戦からエンジン全開。開幕戦から４試合連続のトリプルダブルを皮切りに、シーズン最初の19試合で10回達成と他を圧倒した。

　11月12日のロサンゼルス・クリッパーズ戦では出場34分未満で今季リーグ最多タイの55得点と爆発力を誇示しつつ、開幕１か月半を通じてフィールドゴール成功率63.7％、３ポイント成功率45.3％と、どのエリアからも高いシュート精度を誇った。

　頼れる大黒柱に導かれ、ナゲッツは14勝５敗でウエストの２番手争いを展開。チーム成績では王者オクラホマシティ・サンダーらの後塵を拝するが、圧倒的な個人スタッツと支配力が評価される形となった。

　10／11月のその他の候補者は以下の通りとなっている。

■イースタン・カンファレンス

スコッティ・バーンズ（トロント・ラプターズ）
ジェイレン・ブラウン（ボストン・セルティックス）
ジェイレン・ブランソン、カール・アンソニー・タウンズ（ニューヨーク・ニックス）
ジョシュ・ギディー（シカゴ・ブルズ）
ジェイレン・ジョンソン（アトランタ・ホークス）
タイリース・マキシー（フィラデルフィア・セブンティシクサーズ）
ドノバン・ミッチェル（クリーブランド・キャバリアーズ）
ノーマン・パウエル（マイアミ・ヒート）
フランツ・ヴァグナー（オーランド・マジック）

■ウエスタン・カンファレンス

デニ・アブディヤ（ポートランド・トレイルブレイザーズ）
ルカ・ドンチッチ、オースティン・リーブス（ロサンゼルス・レイカーズ）
アンソニー・エドワーズ（ミネソタ・ティンバーウルブズ）
シェイ・ギルジャス・アレキサンダー（オクラホマシティ・サンダー）
ジェームズ・ハーデン（ロサンゼルス・クリッパーズ）
アルペレン・シェングン（ヒューストン・ロケッツ）

構成●ダンクシュート編集部",[],[]
「ドジャースの３連覇に貢献できる新戦力」米記者の評価にLAメディアは「少し現実味に欠けるが、決して否定することはできない」（THE DIGEST）,https://news.yahoo.co.jp/articles/4a826eec7bbbab47ac6f5f44570eb51333e9bc39,https://newsatcl-pctr.c.yimg.jp/t/amd-img/20251203-00105850-thedigest-000-3-view.jpg?exp=10800,2025-12-03T19:29:00+09:00,2025-12-03T19:29:39+09:00,THE DIGEST,thedigest,THE DIGEST,1123,"ブルージェイズからFAとなっているビシェット。(C)Getty Images
オフシーズンを迎えてロサンゼルス・ドジャースの補強動向が注目を集めるなか、米放送局『ESPN』のデビッド・シェーンフィールド記者が、トロント・ブルージェイズからFAとなったボー・ビシェット内野手の名前を挙げて、「ドジャースの３連覇に貢献できる新戦力」と評価した。
【画像】大谷翔平の妻、田中真美子が輝いた“現役バスケ選手時代”を厳選フォトで一挙紹介！
「ビシェットはドジャースのニーズをすべて満たしている」とし、2025年に打率.311、18本塁打、94打点のビシェットは、「ドジャースの二塁手をアップグレードできる」存在だと記載。本職の遊撃ではなく二塁としての起用を想定し、「ドジャースの二塁手の打率は.239、OPSはメジャー24位だった。ポストシーズンの二塁手の打率は.233で、地区シリーズ以降は.213。連覇の要因は先発陣の強さだった」と補強の重要性を訴えた。

　また、「ドジャース打線は高齢化している。ムーキー・ベッツは33歳で、フレディ・フリーマンは36歳。いずれもキャリアのピークは過ぎた段階にある」として、27歳のビシェットを猛プッシュ。「金銭面では、５年総額１億3000万ドル（約202億円）の契約が見込まれており、ドジャースの年俸総額に余裕で収まる」として、ドジャースが獲得するべき選手と評している。

　
　この記事に対してドジャース専門メディア『Dodgers Way』は、「ドジャースが今オフに獲得したいのは、外野手とブルペン投手、そして野手のバックアップだ。厳密に言えば、内野手が必要というわけではない。セントルイス・カーディナルスのユーティリティー、ブレンダン・ドノバンが注目を集めているが、そんななかでビシェットの名前が挙がったことに驚きはない。トレードであれ、金銭面であれ、チーム強化につながるのなら、ドジャースは獲得を検討するだろう」と受け止めた。

「ドジャースの二塁手トミー・エドマンは内外野を守れるが、シーズン中から違和感に悩まされていた右足首を今オフに手術。復帰後は外野ではなく、内野手がメインになるだろう。怪我から復帰して臨んだ25年のワールドシリーズ７試合でビシェットは、打率.348、OPS.922と不屈の精神を示した」

　このようにワールドシリーズで対戦したビシェットの実力を認めた同メディアは、「ロサンゼルスに来るのは、確かに少し現実味に欠けるが、決して否定することはできない」と見解。「もしビシェット契約できれば、ブルージェイズに打撃を与える方法としは完璧だ」と綴った。

構成●THE DIGEST編集部",[],[]
「周囲を輝かせる」「非常に重要な選手」ラフィーニャの戦線復帰でバルサが息を吹き返す！ 現地メディアは“アグレッシブさ”を絶賛（THE DIGEST）,https://news.yahoo.co.jp/articles/66bb2bc5308a5163eb5c2ad2f3f4bde28982e3cb,https://newsatcl-pctr.c.yimg.jp/t/amd-img/20251203-00105848-thedigest-000-4-view.jpg?exp=10800,2025-12-03T19:27:00+09:00,2025-12-03T19:27:07+09:00,THE DIGEST,thedigest,THE DIGEST,1904,"怪我から復帰し、さっそく結果を出したラフィーニャ。チームに不可欠な存在だ。(C)Getty Images
チャンピオンズリーグ（CL）でバルセロナがチェルシーに０－３で完敗した後、現地で不満が大きくなったのが、１点ビハインドで、なおかつ44分のロナルド・アラウホの退場で１人少ない状況で迎えた後半、反撃の糸口をまるで見出せず、なすがままに敗北を受け入れた姿勢だ。それは派手な逆転劇を幾度も演じた昨シーズンのバルサとは対照的な姿だった。
【動画】ラフィーニャ、ペドリのスルーパスから同点ゴールをゲット！　アトレティコ戦ハイライト
フリージャーナリストのリカルド・トルケマダ氏も、「強豪相手の試合で、リードを許し、数的にも不利に陥れば、勝利を目指してプレーし続けるのは非常に困難だ。しかし、他と異なるチームは合理的なシナリオを受け入れない。彼らはそれに異議を唱え、拒否する姿勢を見せる」と強調。「FWを１枚減らしてマルク・カサドを投入するなどして中盤での数的不利の状況を改善しなかったハンジ・フリック監督から、ペドリ不在の中、中盤を牽引できなかったフレンキー・デ・ヨング、さらにはマルク・ククレジャの前に沈黙したラミネ・ヤマルに至るまで、諦めの気持ちがチーム全体に蔓延していた」と指摘した。

　その中で唯一の例外だったと認めるのが負傷で約２か月間戦列を離れ、前の試合のアスレティック・ビルバオ戦で復帰を果たし、この日は62分に途中出場したラフィーニャだ。「わずか30分のプレータイムの中で、最大限の力を尽くした。そのほとんどは実を結ばなかったが、それは勝者のチームが捨ててはならない誇りを引き出すために必要な努力だった。精力的なプレス、攻撃から守備への素早い切り替え、悔しさを表現するジェスチャー、ピンチの芽を摘むインターセプト、そして10人になってからバルサが放った唯一あわやと感じさせたシュート。自らに割り当てられた役割をすべて受け入れ、力をセーブせずに全力プレーをみせた」と称賛する。

　このラフィーニャの妥協しない姿勢から派生するアグレッシブさを『ラジオ・マルカ』で人気番組の司会進行を務めるミゲル・キンターナ氏は、「バルサはラフィーニャのアグレッシブさをどれほど必要としていたか。タッチ、シュート、プレスと攻守の１つ１つのプレーにそれは通底していて、とりわけスペースを見つけ、そこに走りこむ動きは相手の守備ラインを下げ、攻撃に深みを与えるうえで重要な役目を果たしている。そのオフ・ザ・ボールの動きには、自分自身がパスを受けるためのものと、囮となって味方のためにスペースを空けるものの２つがある」と分析する。
　
　ラフィーニャ自身は、自らの役割について次のように語っている。「最も重要なのは、プレスで味方の守備を助ける役割だ。僕はDFの仕事を楽にし、相手にとって試合を難しくするようなプレーを、いつも心掛けている。CBにプレッシャーをかけ、スペースを奪えば、それが味方のボール保持に繋がる。僕のアプローチにチーム全体が連動して動いてくれるのは良い傾向だけど、実際のところはただがむしゃらにやっているだけ。少しでも早くボールを奪い返そうという一心で走り回っている」

　その姿勢が実ったのがチェルシー戦の４日後のラ・リーガ第14節アラベス戦（３－１）だった。怪我から復帰後、ラフィーニャは初めてスタメン出場を果たし、２アシストを記録。地元バルセロナのスポーツ紙『SPORT』のリュイス・ミゲルサンス記者は「アシストだけではない。プレスを牽引し、決定的なチャンスに結びつけ、誰よりも相手のラインの乱れを見抜いた。ラフィーニャは周囲の選手を輝かせる。彼の動きで空いたスペースに走り込むアレハンドロ・バルデのプレーを見ても、それは明らかだ」と評価する。

　アラベス戦では同じく怪我で戦列を離れていたペドリも復帰した。２日、スペイン・スーパーカップのために前倒しで行なわれたラ・リーガ第19節分のアトレティコ・マドリー戦では、復帰組２人がヤマルとともに攻撃を牽引。バルサは３－１で逆転勝利を飾った。

　同点ゴールはペドリのスルーパスに反応したラフィーニャが決めるという２人の鮮やかなコンビネーションから生まれた。チェルシー戦後に広がっていた不安の声に対し、チームは力強いメッセージで反応した。アトレティコ戦後、フリック監督は「ラフィーニャは我々にとって非常に重要な選手だ。彼が戻ってきたのはチームにとって素晴らしいニュース。今日それを目の当たりにした。とても嬉しい」と満足げに語っている。

文●下村正幸",[],[]
橋本千紘が同世代Sareeeとの激闘で見せた“10年の集大成” 超満員の王座戦で示した「ライバルの存在」という強み（THE DIGEST）,https://news.yahoo.co.jp/articles/cff28a1d8da20ac7b42802f050f96cfccc007cc8,https://newsatcl-pctr.c.yimg.jp/t/amd-img/20251203-00105849-thedigest-000-2-view.jpg?exp=10800,2025-12-03T19:16:00+09:00,2025-12-03T19:16:04+09:00,THE DIGEST,thedigest,THE DIGEST,1791,"Sareeeとの激闘を制し、ワールド王座を防衛した橋本。10周年記念のイベントも大盛況だった。写真：橋本宗洋
今年の女子プロレス界は上谷沙弥の独走状態のように見えたものの、とはいえ“上谷一色”でもなかった。試合のインパクトという意味では、上谷に劣らない選手たちもいる。
【画像】上谷沙弥、舞華、スターライト・キッド…スターダムのリングを華やかに彩る美女戦士の厳選フォトを一挙公開！
そのひとりがセンダイガールズ（仙女）の橋本千紘だ。レスリング出身、若手時代からトップレベルの活躍を見せてきた橋本は、今年デビュー10周年。3月には引退を控えた里村明衣子との名勝負を制し、優宇とのタッグ・チーム200キロも絶好調。必殺技オブライト（ジャーマンスープレックスホールド）をあえて封印し、ラリアットやパワーボムでフィニッシュすることで試合ぶりの幅、それに迫力も増した感がある。
　

　11月16日、後楽園ホールでの10周年記念大会はチケット完売、バルコニーまでぎっしり埋まる大盛況となった。橋本の対戦相手はSareee。橋本とともに現在の女子プロレスを代表する選手だ。

　昨年、女子プロレス大賞を受賞したSareeeは、今年に入ると再びスターダムに乗り込みIWGP女子王座を獲得。自主興行も常に満員で、業界トップクラスの活躍を続けている。

　2人は自他ともに認める最高のライバル。アメリカ・WWEと契約していたSareeeが帰国して最初に開催した自主興行でも、対戦したのは橋本だった。そして今回は橋本の10周年記念大会。両者の合意で、センダイガールズのワールド王座を懸けた試合になった。

　ライバルというのは、絶対に負けたくない相手であると同時に、認め合っているということでもある。プロレスというジャンルでは、信頼関係があるからこそ思い切った攻撃ができる側面もある。今回も互いの攻撃にまったく遠慮がなかった。相手はそれを正面から受ける。試合のボルテージが上がるのも当然だった。

　Sareeeはエルボー、ドロップキック、ダイビングフットスタンプ。橋本はタックル、ラリアット、コブラツイスト、俵返し。シンプルだからこそ、２人の技がどれだけ磨き抜かれたものなのかが分かる。

　Sareeeは橋本のパワーボムをカウント２で返し、橋本はSareeeのリストクラッチ式裏投を食らっても３カウントを許さず。死力を尽くしての闘いは、橋本が久しぶりに出すオブライトでガッチリとホールドして終わった。ここで出すしかないという完璧な一発だった。

　試合後、観客からの橋本コールに「これ以上（コールを）聞くと泣いちゃうので」と橋本。４年前の７月、やはりメインで王座を防衛したがコロナ禍で客足が遠のき、エースとしての責任を感じて泣いていた。しかし今回は超満員だ。
橋本とSareeeのライバル関係は、これからも女子プロレス界を熱く盛り上げていきそうだ。写真：橋本宗洋
里村の引退ロードで盛り上がった仙女。橋本たちの闘いは、その盛り上がりを一過性で終わらせなかった。里村引退後もゼビオアリーナ仙台でのビッグマッチを成功させるなど好調が続いている。橋本が目指すのは、日本武道館大会の開催だ。

「この先も（Sareeeと）もっともっと強さを高め合って、スターダムに負けないくらい女子プロレスを熱くさせます」
　
　そう語る橋本に、Sareeeは「私はな、どんな時もお前に負けないように頑張ってるんだよ。負けて本当に悔しい。でも10周年おめでとう。闘ってくれてありがとう」。

　エンディングでは所属選手全員がリングに上がり、円陣を組んで飛躍を誓った。

「仙女のみんながいてここまで来れたし、みんなで武道館を目指したい。私ひとりの10周年興行ではないので」（橋本）

　Sareeeについては、改めてインタビュースペースでこう表現していた。

「Sareeeみたいな強さを求める選手が同世代にいるのは一番の強みだと思います。私もまだまだ強くなろうと思えるし、同志だと思っているので」

　橋本だけでも、Sareeeだけでも、この高みにはたどり着けなかったはずだ。Sareeeというライバルがいることは橋本の強み。我々から見れば、橋本千紘とSareeeがいることが日本マット界の強みだ。

取材・文●橋本宗洋",[],[]
バレー女子日本代表、石川真佑がイタリアでの貴重オフショット「スマイル最高」「美空ちゃんも！」（THE DIGEST）,https://news.yahoo.co.jp/articles/b3167e391be5175d44b3e810fa0b73f46ecdbc5d,https://newsatcl-pctr.c.yimg.jp/t/amd-img/20251203-00105846-thedigest-000-4-view.jpg?exp=10800,2025-12-03T19:15:00+09:00,2025-12-03T19:20:52+09:00,THE DIGEST,thedigest,THE DIGEST,547,"バレーボール女子の日本代表で主将を務める石川。写真：金子拓弥（THE DIGEST写真部）
バレーボール女子日本代表の主将を務める石川真佑が11月３日までに自身のインスタグラムを更新。海外クラブに所属する日本代表選手との束の間のオフショットを公開し、ファンの話題を呼んでいる。
【画像】石川真佑がイタリアでパシャっ！ 日本代表チームメイトのオフショット
現在、世界最高峰リーグ「セリエＡ」のイゴール・バレー・ノヴァーラで２シーズン目を迎えていう石川。「今年もあと１か月...あっという間ですね」と書き出し、同じくイタリアリーグを主戦場にする関菜々巳（アルシーツィオ）、今季からドイツ１部・ブンデスリーグに挑戦している19歳の秋本美空らとのツーショット、一緒にレストランで食事する様子を公開。他にも、すっかり雪景色となった街の様子を伝えた。
　
　投稿をチェックしたファンは「セナまゆ」コンビに感動。「素敵な写真」「オフの真佑ちゃん、菜々ちゃんかわいい」「やっぱり真佑ちゃんスマイル最高」「海外での３人の活躍めちゃくちゃ嬉しいです」「美空ちゃんとも会えたんですね」「プライベートの真佑ちゃん可愛いし綺麗」といった、異国でのオフショットに多くの称賛が寄せられた。

構成●THE DIGEST編集部",[],[]
F1タイトル争いはノリス断然有利でオッズ「1.30倍」　マシンとコース相性は“フェルスタッペンに軍配”か「RB21より突出してると言い難い」（THE DIGEST）,https://news.yahoo.co.jp/articles/e63ad5080b67382f91ad86147efa0b8c133aa955,https://newsatcl-pctr.c.yimg.jp/t/amd-img/20251203-00105843-thedigest-000-8-view.jpg?exp=10800,2025-12-03T18:40:00+09:00,2025-12-03T18:40:02+09:00,THE DIGEST,thedigest,THE DIGEST,1986,"ノリス（左）の戴冠か、ピアストリ（中央）の逆襲はあるのか。マシンとしてはフェルスタッペン（右）に分があるとの予想がある。(C)Getty Images
F1第23戦カタールGPは、マックス・フェルスタッペンが戦略失敗のマクラーレン勢を抑えて今季７勝目を飾り、通算ポイントを396に伸ばした。ドライバーズランキング首位のランド・ノリス（マクラーレン）に12点差まで迫り、オスカー・ピアストリ（同）を４点リードしている。
【画像】モデル、女優ら大物がズラリ…パドックを彩るF1ドライバーの“美しき妻や恋人たち”に注目！
今週末の最終戦アブダビGPでは、ライバルの順位に関係なく表彰台に上がれば年間王者が決定するノリスが数字上では断然有利な状況。スポーツ専門チャンネル『Sky Sports』も次のように、予想している。

「ノリスは依然として12ポイントのリードを保っており、今のところ最速のマシンを手にしている。そして、チャンピオンシップを支配してきたチームで走っているのだから、もしチーム全体が冷静さを保ち、計画的に、ほとんど退屈なほどに標準的なレースを遂行できれば、タイトルを獲得するはずだ」
　
　イタリアのスポーツ紙『Gazzetta dello Sport』も、「最大の優勝候補は当然ながらノリスであり、唯一自らの手で運命を決められる立場にある」と綴り、「Snai」「Vincitu」「StarVegas」といったブックメーカーのオッズを紹介。ノリスが「1.30倍」と低い一方で、フェルスタッペンは「3.50倍」～「4.00倍」の間で揺れ動き、自身が優勝してなおかつノリスが６位以下という厳しい条件のピアストリは「12倍」～「15倍」となっている。

　とはいえ、シーズン中盤に入る頃にはマクラーレン勢が独走してチームメイト同士の一騎打ちの様相を呈し、一時はピアストリが大きくリードした時期もあった今シーズン。最終戦でも過去２戦同様に波乱が起きる可能性は十分に予想され、想定外とも言えるエキサイティングな「三つ巴」の最終対決となりそうだ。
『Gazzetta dello Sport』紙は、雌雄が決するトワイライト・レースを展望するうえで、戦いの舞台「ヤス・マリーナ・サーキット」の特性にマクラーレン「MCL39」とレッドブル「RB21」のどちらが合っているかに注目。より高いパフォーマンスを発揮できるのは後者だと見ている。

　同メディアは、このサーキットを「コース全体は明確に異なる２つの部分に分けられる。高速のセクター２は、シケインによって分断された２本のストレートが特徴で、セクター１は実際には短いホームストレートと高速のミックスコーナーによって特徴づけられている。そしてセクター３は、最初の２つとは対照的な区間であり、直角コーナーで構成され、事実上サーキット全体で最もテクニカルでドライビングの技術が問われる部分となっている」と説明し、以下のように続けた。

「こうした前提から、ヤス・マリーナは『ストップ&ゴー』型のサーキットとみなされ、コーナーでのダイナミックバランスよりもトラクションが優先されると言える。つまり、セクター２の長いストレートでは効率性（空力性能）が重要であり、セクター３ではトラクションが勝負を左右する」
　
　そして同メディアは、RB21優位の根拠として「オースティン（アメリカGP）との共通点が見られる。あのコースも二面性を持ち、最終コーナー群と最初の下りのコーナーではトラクションが重要で、長いバックストレートでは効率性が第一とされた」と綴った。

　また、４度の世界王者については、「RB21は決して欠点のないマシンではなく、シーズンを通じてセットアップの許容範囲が極めて狭いと示されてきたが、そのなかでは決定的な『コンフォートゾーン』を見つけ出し、能力を最大限に引き出している」と称えている。

　対するマクラーレンについては、「車両ダイナミクスにおいて最も優れたマシンであり、長い高速コーナーや高速方向転換区間で圧倒的な強さを発揮する。最も力を示せるのはセクター１の終盤で、セクター３においてもコーナー出口のトラクションで強みを発揮する可能性はある。しかし、アブダビで予定される中程度のダウンフォース・セットを考えると、その点でRB21より突出しているとは言い難い」と、やや厳しい見解を示した。

　そうした状況で、両チームがどれだけ速さを引き出すセッティングを見つけられるかという点も大きなキーポイントのひとつだと同メディアは指摘。車のポテンシャル、セッティングの見極め、戦略、ドライビングと、まさにチームとドライバーの総合力で勝者が決まるという、非常に興味深い最終戦となりそうだ。

構成●THE DIGEST編集部",[],[]
「めっちゃ球威ありそう」DeNAのMLB282試合登板の右腕獲得にファン期待！「たのしみ」「抑え候補」（THE DIGEST）,https://news.yahoo.co.jp/articles/bbbfeaf5833d9a9362933c5de29ecc781111c821,https://newsatcl-pctr.c.yimg.jp/t/amd-img/20251203-00105845-thedigest-000-6-view.jpg?exp=10800,2025-12-03T18:27:00+09:00,2025-12-03T18:27:41+09:00,THE DIGEST,thedigest,THE DIGEST,643,"25年はフィリーズ、ブレーブス、レンジャース傘下を渡り歩いたルイーズがDeNAにやってくる。(C)Getty Images
横浜DeNAベイスターズは12月３日、右腕ホセ・ルイーズとの来季の契約締結合意を発表した。
【画像】大谷真美子さんら世界の美女がずらり！ 常勝軍団ドジャースの名手たちを支える“ゴージャスでセレブな妻＆パートナー”を一挙紹介！
ルイーズはベネズエラ出身の31歳で、サイズは185センチ・111キロ。2016年に捕手から投手に転向した変わり種で、翌年にパドレスでMLB初登板を果たした。

　その後は、ホワイトソックスやダイヤモンドバックス、フィリーズを経て、25年６月にブレーブス、７月にはレンジャーズに移籍したが、レンジャースではメジャー昇格はならなかった。
　
　カーブを武器とするリリーバーの加入をDeNAが公式Xで伝えると、以下のような声が上がった。

「抑え候補として期待したい」
「相変わらずベイスターズの情報統制すごいわね」
「リリーフなんだろうけど、先発で見ても面白いタイプと思う」
「エスコバーいつから右投げになったんや？」
「来シーズンから、チームの柱となり、投げてくれることを期待してます！」
「噂にはなってた選手が本当にベイスターズへ」
「めっちゃ球威ありそうで期待大」
「たのしみです」
「ようこそベイスターズへ！」

　MLBで通算282試合に登板してきたルイーズに、ファンは大きな期待を寄せている。

構成●THE DIGEST編集部",[],[]
クリッパーズがポールとの契約を突如解除。遠征先で宣告、今季限りで引退予定の名司令塔の未来は＜DUNKSHOOT＞（THE DIGEST）,https://news.yahoo.co.jp/articles/e3a84000f12e991df84de7aa7eb592d4809e81b9,https://newsatcl-pctr.c.yimg.jp/t/amd-img/20251203-00105847-thedigest-000-5-view.jpg?exp=10800,2025-12-03T18:25:00+09:00,2025-12-03T18:39:14+09:00,THE DIGEST,thedigest,THE DIGEST,979,"クリッパーズがポールとの契約を解除した。(C)Getty Images
昨オフに2025－26シーズン限りでの引退を示唆していたクリス・ポールは、キャリア21年目を迎える今季、終のチームとして全盛期を過ごしたロサンゼルス・クリッパーズを選んだ。
【動画】ポールの“最盛期”クリッパーズ時代ハイライト！
そして現地時間11月22日（日本時間23日）、シーズン終了後の引退を正式に表明。このままクリッパーとしてキャリアを終えると思われたが、両者の時間は12月３日、唐突に終わりを告げた。クリッパーズがポールとの契約を解除したのだ。

　クリッパーズは１日からアウェー５連戦の遠征に出ていたが、２日深夜、ポールはチームから帰宅を命じられたことをインスタグラムのストーリーに投稿。遠征先で契約解除を宣告されたようで、翌３日早朝にはチームがその事実を正式に発表。球団社長のローレンス・フランクは『ESPN』を通じて、以下の声明を出した。

「我々はクリスとの契約を解除し、今後彼はチームに所属しない。彼のキャリアの次のステップに協力していくつもりだ。
　
　クリスはレジェンド・クリッパーであり、歴史的なキャリアを築いた。一点だけ明確にしておきたいのは、チームの不振をクリスのせいにする者は誰もいない。苦戦している理由は多岐にわたるが、現在の成績については私が責任を負う。クリスが球団にもたらした影響に感謝している」

　今季のクリッパーズはカワイ・レナード、ジェームズ・ハーデン、イビツァ・ズバッツら既存戦力に、ブラッドリー・ビール、ジョン・コリンズ、ブルック・ロペス、そしてポールらタレントが加わり、優勝候補の一角として目されていた。

　ところが、蓋を開けてみればウエスタン・カンファレンス13位タイの５勝16敗（勝率23.8％）と大不振。まったく噛み合わず、序盤戦最大の期待外れチームとなっている。

　ポール自身も40歳を迎え衰えが隠せず、平均2.9点をはじめスタッツは軒並みキャリアワースト。11月中旬にはローテーションから外れるなど、苦しい時間を過ごしていた。

　そんな状況下での、今回の解雇劇。“ポイント・ゴッド”としてリーグ史に名を残す稀代のPG（ポイントガード）は、どのチームで現役生活を終えることになるのだろうか。

構成●ダンクシュート編集部",[],[]
「覚醒したら激アツ」エンジェルスが元オールスター右腕マノアを１年契約で獲得！ 「輝きを再び」「ギャンブル契約」ファン期待と不安の声（THE DIGEST）,https://news.yahoo.co.jp/articles/1b2662f2ee1f2b4775daa44428ff11fd09d2bee7,https://newsatcl-pctr.c.yimg.jp/t/amd-img/20251203-00105844-thedigest-000-4-view.jpg?exp=10800,2025-12-03T18:18:00+09:00,2025-12-03T18:18:10+09:00,THE DIGEST,thedigest,THE DIGEST,690,"エンジェルスで再出発を図るマノア（写真は2024年当時）。(C)Getty Images
現地12月２日、ロサンゼルス・エンジェルスは「右腕アレク・マノアと１年契約で合意した」と公式Xで発表した。契約内容は１年195万ドル（約３億円）。27歳の元オールスター右腕が新天地で再出発を図る。
【動画】マノアがMLBデビュー戦（2021年5月27日）でヤンキース打線を沈黙させる
マノアは2019年のMLBドラフト１巡目（全体11位）でトロント・ブルージェイズから指名されプロ入り。21年にメジャーデビューを果たすと、翌22年には31試合に登板し、16勝７敗、防御率2.24の好成績を残し、オールスターにも選出された。
　
　しかし、23年は開幕投手を任されたものの不調に陥り、マイナー降格を経験。最終的に３勝９敗、防御率5.87と大きく成績を落とした。

　続く24年は、右肘捻挫から６月にトミー・ジョン手術を受け、シーズンは早期に終了。25年も長いリハビリ期間が続き、９月23日にはブルージェイズからDFA（事実上の戦力外）となった。その後、アトランタ・ブレーブスに移籍したが、11月に自由契約となっていた。

　この契約を見たファンからは「輝きを再び」「これで３億なら全然あり」「ギャンブル契約」「覚醒したら激アツ」「復活！応援します」「再挑戦は胸が熱くなる」「ローテの軸になれる」「まだまだ若い」など、多くの声が寄せられた。

　再起を目指す27歳の右腕に、エンジェルスは復活への可能性を見出した。新天地での復活登板に、期待が寄せられている。

構成●THE DIGEST編集部",[],[]
ヤニスがトレードを希望か？SNSでバックス関連の投稿を削除、レイカーズ行きを示唆するような“意味深ムーブ”も＜DUNKSHOOT＞（THE DIGEST）,https://news.yahoo.co.jp/articles/1abb657300148e6b7b9be07ce257d03790978f75,https://newsatcl-pctr.c.yimg.jp/t/amd-img/20251203-00105841-thedigest-000-6-view.jpg?exp=10800,2025-12-03T18:08:00+09:00,2025-12-03T18:18:05+09:00,THE DIGEST,thedigest,THE DIGEST,1201,"はたしてヤニスは移籍を希望するのか。(C)Getty Images
ヤニス・アデトクンボは、ミルウォーキー・バックスの球団史上最高のスーパースターだ。
【画像】レイカーズ行きを示唆？ヤニスの“意味深”Xの最後の投稿
2013年の入団以降、チームに忠誠を誓い今季で在籍13年目に突入。その間、２度のシーズンMVP受賞に９度のオールスター＆オールNBAチーム選出、５度のオールディフェンシブチーム入り、さらにはMIPや最優秀守備選手賞も獲得と、輝かしい実績を積み上げてきた。

　加えて2021年にはチームを50年ぶり２度目のリーグ制覇に導き、通算得点をはじめとしたスタッツも軒並み球団トップに君臨。球団のレジェンドOBには1969～75年に所属したカリーム・アブドゥル・ジャバーもいるが、在籍年数の長さなどを踏まえて、ヤニスこそがフランチャイズ史上最高のプレーヤーと言っていいだろう。

　だが、そんなヤニスとバックスの関係が、ついに終わりを迎える時が来たのかもしれない。というのも、ヤニスが自身のSNSからバックス関連の投稿の大半を削除したのだ。

　今季のバックスはここまで９勝13敗（勝率40.9％）のイースタン・カンファレンス11位に沈んでいる。もう一度優勝したいヤニスにとって、勝てない状況に少しずつフラストレーションを溜め込み、徐々に移籍願望も芽生えてきたのだろう。

　そしてその最後の一押しとなったのが、現地時間12月１日（日本時間２日、日付は以下同）に行なわれたワシントン・ウィザーズ戦の敗北だったのかもしれない。
　
　この試合、バックスは今季３勝17敗（勝率15.0％）でイースト最下位に沈むウィザーズを相手に痛恨の逆転負けを喫した。さらに、決勝点を決めたのが、長年バックスに所属し、相棒としてヤニスを支えてきた盟友クリス・ミドルトンだったことも、チームにとっては大きなダメージとなった。

　タフな敗戦の後で、ヤニスは自身のＸの投稿を2021年まで遡って消去。その１週間前にはインスタグラムのバックス関連のポストも、2023年のNBAカップや2021年のリーグ制覇時の投稿を除いて消していた。こうした背景から「ヤニスがトレードを要求か？」といった噂が急浮上しているのだ。

　さらに、現在残っているＸの投稿で、ヤニス自身がポストした最後の投稿は、ロサンゼルス・レイカーズのレジェンドOBであるコビー・ブライアントの誕生日を祝うもの。この希望移籍先を示唆するような“意味深ムーブ”を深読みしたファンが、願望込みでレイカーズ行きを予想している。

　もしヤニスが動くとなればリーグの勢力図が一気に塗り替えられるのは間違いない。本当にトレード市場に出た場合、今季のデッドラインはルカ・ドンチッチ（レイカーズ）が動いた昨季並みに活況となるだろうが、はたして。

構成●ダンクシュート編集部",[],[]
バドミントン志田千陽がパリ五輪盟友と頬寄せ合うツーショット　姉妹みたいな美白カットが話題「綺麗」「可愛いすぎです♡」（THE DIGEST）,https://news.yahoo.co.jp/articles/d0b54841a84fed58fc74f71feecec3a8f4dee77c,https://newsatcl-pctr.c.yimg.jp/t/amd-img/20251203-00105837-thedigest-000-4-view.jpg?exp=10800,2025-12-03T18:01:00+09:00,2025-12-03T18:02:27+09:00,THE DIGEST,thedigest,THE DIGEST,707,"パリ五輪のバドミントン女子ダブルスで銅メダルを獲得した志田。写真：福冨倖希
バドミントン女子ダブルスでパリ五輪銅メダルの志田千陽が12月３日までに自身の公式インスタグラムを更新。同じくパリ五輪に出場したアスリートとの仲良しツーショットが話題を呼んでいる。
【画像】「天使かよ」志田千陽が仲良しアスリートとツーショット
志田は卓球女子で東京、パリ五輪団体銀メダルの平野美宇と顔を寄せ合ったカットを公開。２人で過ごした休日の一部始終を投稿した。

　志田は「みうちゃんとの休日～」と書き出し、「好きなアイドルも、キャラクターも、
好きなお洋服ブランドも同じようなのばかりでびっくりしちゃう～笑　みうちゃんの可愛さと優しさに癒されたし、面白いこと言うから、たくさん笑って楽しかった～!!　また息抜きしに行こうねーー!!!!　お互い頑張ろうねーー！」と束の間の時間を楽しんだようだ。

　また同日に平野も自身のインスタグラムを更新。「大好きなちーちゃんとランチをして、お買い物をして、尊敬する方たちにプレゼントを買って　また明日から頑張ろうと思います」と記し、しゃぶしゃぶカットを含む計４枚の写真を添えた。
　
　両選手のフォロワーからは「二人とも可愛いすぎです♡」「気持ちが通じ合ってますね」「姉妹見たいだな」「透き通ってて綺麗すぎる」「天使かよ」「競技は違えど素敵な関係です」などと、多くの称賛コメントが寄せられた。

　異なる競技とはいえ、互いに高め合っている志田と平野。２人は９月にも人気アイドル・乃木坂46のライブに一緒に参戦したことをインスタに報告し、ファンの話題を誘った。

構成●THE DIGEST編集部",[],[]
WBC韓国代表にドジャースで最優秀防御率を獲得した左腕がメンバー入り！ 五輪金メダルも経験（THE DIGEST）,https://news.yahoo.co.jp/articles/d593993165b011cf9f7bb499254f32198f7773e8,https://newsatcl-pctr.c.yimg.jp/t/amd-img/20251203-00105840-thedigest-000-6-view.jpg?exp=10800,2025-12-03T17:36:00+09:00,2025-12-03T17:36:57+09:00,THE DIGEST,thedigest,THE DIGEST,541,"ドジャース時代の19年にサイ・ヤング賞の投票で２位に入ったリュ・ヒョンジン。(C)Getty Images
韓国野球委員会（KBO）は12月３日、来年３月に開幕する「2026 ワールド・ベースボール・クラシック（WBC）」に向けた１次キャンプに参加する29選手を発表。ハンファ・イーグルスの左腕リュ・ヒョンジンも名を連ねた。
【画像】大谷真美子さんら世界の美女がずらり！ 常勝軍団ドジャースの名手たちを支える“ゴージャスでセレブな妻＆パートナー”を一挙紹介！
38歳のリュ・ヒョンジンは2006年にハンファでプロキャリアをスタートすると、その後、13年に渡米しロサンゼルス・ドジャースとトロント・ブルージェイズで活躍。ドジャースに在籍していた19年には、最優秀防御率を獲得してナ・リーグのサイ・ヤング賞投票で２位に入った。
　
　韓国代表では、2008年の北京五輪で金メダル、翌年のWBCでは母国の準優勝に貢献した。一方、13年のWBCをMLB移籍のために辞退するなど、その後はオリンピックやWBCには出場していない。

　最終メンバー入りはまだ決まっていないものの、WBC出場が実現すれば、１次ラウンドで同組の日本にとって手ごわい相手となる。
　
構成●THE DIGEST編集部",[],[]
「選手たちはどんどん上達している」元NBAコーチがGOAT論争に新風「もし１人選ぶならヨキッチ」＜DUNKSHOOT＞（THE DIGEST）,https://news.yahoo.co.jp/articles/c6116082a1dca4b73d5cfa9f5fc8077664eb586f,https://newsatcl-pctr.c.yimg.jp/t/amd-img/20251203-00105831-thedigest-000-5-view.jpg?exp=10800,2025-12-03T17:35:00+09:00,2025-12-03T17:35:40+09:00,THE DIGEST,thedigest,THE DIGEST,1533,"ヴァン・ガンディがヨキッチを「別次元の存在」と称賛した。(C)Getty Images
NBA史上最高の選手（GOAT）は誰か――。

　バスケットボール界において最もホットなテーマであり、その議論は今なお続けられている。マイケル・ジョーダン（元シカゴ・ブルズほか）、コビー・ブライアント（元ロサンゼルス・レイカーズ）、レブロン・ジェームズ（レイカーズ）はその筆頭候補だが、元NBAヘッドコーチ（HC）のスタン・ヴァン・ガンディは時代も踏まえて別の選択肢をチョイスしている。
【動画】“ジョーカー”ヨキッチのキャリアTOP30 プレー！
ブルズで1991～93年、96～98年と２度の３連覇を達成し、歴代トップとなるキャリア平均30.1点を誇る超絶スコアラーのジョーダン、“マンバ・メンタリティー”を武器にどこまでも勝利を追い求めたコビー、史上初の通算４万得点をクリアしたレブロン。いずれも長いNBAの歴史の中で、トップ・オブ・トップと言える存在だ。

　とりわけ、GOAT論争においては「ジョーダンvsレブロン」の声が強いが、『The Ringer』のザック・ロウ記者は自身のポッドキャスト『The Zach Lowe Show』で、「ニコラはNBA史上最高のオフェンシブプレーヤーかもしれない。今、その可能性は無限にあると思う」と、トリプルダブル製造機のニコラ・ヨキッチ（デンバー・ナゲッツ）の名前を挙げた。

　211cm・129kgのヨキッチは６年目の2020－21シーズンから史上13人目となる２年連続MVPを受賞。22－23シーズンはMVPこそ逃したが、念願のリーグタイトルを手にした。翌23－24シーズンに３度目のMVPを獲得したのち、昨季は平均29.6点、12.7リバウンド、10.2アシストをあげ、史上３人目となるシーズン平均トリプルダブルの偉業を成し遂げた。
　
　今季もここまで20試合に出場して平均29.0点（リーグ６位）、12.8リバウンド（同１位）、11.1アシスト（同１位）をマーク。11月12日（日本時間13日）に行なわれたロサンゼルス・クリッパーズ戦では、今季NBA最多タイとなる55得点を叩き出しただけでなく、初のアシスト王も狙える勢いだ。

　マイアミ・ヒート、オーランド・マジック、デトロイト・ピストンズ、ニューオリンズ・ペリカンズで指揮を執り、通算554勝をあげたヴァン・ガンディは、「彼（ヨキッチ）はNBA史上ベストプレーヤーかもしれない」とロウ記者の主張を受けて、自身の見解を述べた。

「私の息子は、『どのスポーツにおいても、選手をその時代の成績で比較する考え方はわかるけど、アスリートの進化を考えると、史上最高のバスケットボール選手20人はおそらくこの20年でプレーした選手たちだと言えるだろう』と言うんだ。

　昔の選手たちも偉大だけれど、当時の実力だけで今のリーグに放り込んだら、大半はリーグ入りすらできないだろう」

　さらに、ヴァン・ガンディは「私が話しているのは、歴代トップ75に入る選手たちだ」と言葉を続けた。

「人を貶めるつもりで言ってるわけじゃない。我々は時代とともに進化するものだ。選手たちはどんどん上達している。陸上や水泳のような競技で記録が更新され続けるのを見て、どうして我々のスポーツでは選手が成長し続けられないと思うのか。リーグでレブロン以上のキャリアを築いた者はいないし、ヨキッチは別次元の存在だ。もし今、NBAの歴史で１人を選ぶなら私はヨキッチを選ぶ」

“史上最強のセンター”の呼び声も高いヨキッチが、名実ともにGOAT論争に加わる日は訪れるだろうか。

構成●ダンクシュート編集部",[],[]
【F1】「RBRが望むドライバーに見えた」シート失った角田裕毅の前戦カタールGPに評価分かれる「できる限りをした」「ショーの主役にはなれない」（THE DIGEST）,https://news.yahoo.co.jp/articles/deac1d037f1397bca5fc3fd601e6032640690a14,https://newsatcl-pctr.c.yimg.jp/t/amd-img/20251203-00105838-thedigest-000-7-view.jpg?exp=10800,2025-12-03T17:27:00+09:00,2025-12-03T17:27:12+09:00,THE DIGEST,thedigest,THE DIGEST,1950,"前戦カタールGPでスプリントと決勝を合わせて計５ポイントを獲得した角田。(C)Getty Images
F1レッドブルの角田裕毅は現地11月28～30日の第23戦カタールGPに臨み、スプリントで５位、決勝では10位と、いずれのレースでもポイント圏内でのフィニッシュを果たした。
【画像】モデル、女優ら大物がズラリ…パドックを彩るF1ドライバーの“美しき妻や恋人たち”に注目！
スプリントでは予選でチームメイトのマックス・フェルスタッペンを初めて上回る５番グリッドを獲得。スプリントではスタートでフェルナンド・アロンソ（アストンマーティン）をかわし、さらにスムーズに逆転での年間王者を狙うチームメイトを前に出す好アシストに成功したため、多くの賛辞を受けた。

　勢いを持続したかった角田だが、予選では16番手に沈んで、僅差ながら今季７回目のQ1敗退。繰り上げで15番グリッドからスタートした決勝では、ライバルの脱落の影響で10位入賞を飾ったが、前日に比べれば満足感は大きくなかった。
　
　来季の去就も注目されていたなかで、過去最高のパフォーマンスとこれまで通りの苦戦ぶりの両方を見せた角田に対して、各国専門メディアはややネガティブな評価が多かった。

　英国のモータースポーツ専門メディア『RACE FANS』の採点は10点満点で「５」止まり。「金曜日のパフォーマンスを翌日に再現できなかったのは残念だ」と寸評を綴っている。

　スペインの専門サイト『F1i.com』は「5.5」とし、「スプリント予選ではフェルスタッペンを上回る成績を収めたが、それだけだった。土曜日の予選では失敗に終わったが、決勝ではクレバーなドライビングの後、ハジャーのパンクによって10位まで持ち直し、ポイントを手にした。信頼性はあるが、ショーの主役にはなれず、これからも決してならないだろう」と、寸評も厳しい内容となっている。

　英国の専門サイト『PLANETF1.COM』も「少なくとも角田にとっては、１ポイントといえども入賞という結果を残したが、再びチームメイトがレースに勝ったと考えると、それほど良くは見えない」と低評価。一方で、「15番グリッドからのスタートで10位まで順位を上げたため、予選から決勝にかけては改善が見られた」と良い点も挙げ、「６」を付与している。
ネガティブな評価が続くなか、同サイトのようにポジティブな評価も見られた。他にも、英国のモータースポーツ専門サイト『CRASH』は「5.5」と及第点以下の採点だったものの、寸評は比較的前向きなものとなっている。

「スプリント予選で初めてチームメイトを上回る結果を残したため、角田にとってはより励みになる週末となった。予選ではペースが落ちてしまい、トップ15圏外に終わったが、決勝では堅実な走りを見せ、終盤のアイザック・ハジャー（レーシングブルズ）のパンクによって10位でフィニッシュした」

　スポーツ専門サイト『sportskeeda』は「6.5」と高めの評価。「ユウキはこの週末の２つのレースでポイントを獲得し、さらにスプリント予選ではフェルスタッペンを上回った。日本人ドライバーはできる限りのことをしたが、報道が正しければ、今季でチームを去るようだ。しかしカタールGPは、レッドブルの車で何ができるのかを改めて示す良い機会となった」と好材料にも言及している。
　
　そして、ランキング形式で各ドライバーを評価する英国のモータースポーツ専門サイト『THE RACE』は、角田を実際の順位を下回る「14位」に置いた。「角田の週末は、土曜午前のスプリントの後に終わっていてほしかった。なぜなら、その時点ではまさにレッドブルが望んでいたドライバーのように見えていたからだ。フェルスタッペンが苦戦するなか、彼より速く、激しい戦いのなかでチームリーダーを支えられていた」と、スプリントでの働きぶりを称賛した。

　一方で、やはり予選以降のセッションについては以下のように厳しい指摘を並べている。

「しかし、その後に待っていたのは、あまりにも見慣れた崩れ方だった。予選はQ1で敗退、翌日のレースでは、本来ならはるか前にいるべき車で後方に沈んで苛立たしい展開に終始。少なくとも１ポイントを獲得したが、金曜日に見せたあの『芽』でさえ、救うにはあまりにも遅すぎて、あまりにも小さすぎるものに見えた。決して最悪の週末ではなかったが、それでも十分ではなかった」

　なお、レッドブルはカタールGP後の12月２日、来季のドライバー・ラインアップを発表。角田はレギュラーシートを失い、同チームのテスト兼リザーブドライバーに就任する。

構成●THE DIGEST編集部",[],[]
LA記者が大谷翔平のWBC出場に猛反対！ 山本由伸にも言及「彼らは成長も練習も必要としない」「ベテラン選手に良いことは何も起こり得ない」（THE DIGEST）,https://news.yahoo.co.jp/articles/4e38e53c7af2c6d38016f38d37a8573b690d9567,https://newsatcl-pctr.c.yimg.jp/t/amd-img/20251203-00105839-thedigest-000-8-view.jpg?exp=10800,2025-12-03T17:03:00+09:00,2025-12-03T17:03:24+09:00,THE DIGEST,thedigest,THE DIGEST,1410,"前回のWBCでは投打二刀流で大活躍した大谷。(C)Getty Images
ロサンゼルス・ドジャースの地元メディア『Dodger Blue』が、公式YouTubeチャンネルを更新。大谷翔平、山本由伸、佐々木朗希の「2026 ワールド・ベースボール・クラシック（WBC）」への参加について、専属記者が私見を語った。
【画像】大谷真美子さんら世界の美女がずらり！ 常勝軍団ドジャースの名手たちを支える“ゴージャスでセレブな妻＆パートナー”を一挙紹介！
来年３月に開幕するWBCについて、大谷は参加を正式表明した一方、山本と佐々木は未発表の状況である。そんななか、ホスト役のジェフ・シュピーゲル記者とマシュー・モレノ記者は、ともに大谷と山本のWBC参加に反対のスタンスを取る。その理由についてシュピーゲル記者は、以下のように主張する。

「私はドジャースファンとして言うが、これらの選手のWBC参加はドジャースにとって良いことではない。それは日本人選手だけの問題ではない。ドジャースファンであり、ドジャースのことだけを気にかけ、WBCのエンターテイメント価値などを気にしないなら、どれもドジャースにとって良いことではない」

「佐々木が経験を積むのは良いかもしれないけど、ドジャースが望むなら大谷は参加しないだろう。山本も参加しないだろう。これらの選手は一切参加しないだろう。ベテラン選手にとって良いことは、何も起こり得ない。彼らは成長も練習も必要としない。単に怪我のリスクがあるだけだ。すべての投手にとって、腕に負担をかけるだけだ」
　
　WBC開幕がMLBのシーズン直前であることから、ドジャース側にとって選手の参加は負荷がかかるとシュピーゲル記者は懸念を強めている。さらに2025年のレギュラーシーズン、ポストシーズンともにフル回転した大谷と山本のコンディションを心配する。

「大谷と山本は、ワールドシリーズが終わった11月１日まで投げていた。彼らは（26年シーズンの）開幕戦まで約100日ほどしかなく、開幕戦に彼らを起用しようとしているが、私の考えでは、５月まで休ませるべきだと思う。少なくとも『使い過ぎるつもりはないよね』というような話し合いがあることを願っている。勝ちたい気持ちはわかるが、それが選手とその出場可能性のリスクを犯すことであってはならない」

　一方、２記者ともに日本でのWBC人気の高さには理解を示す。シュピーゲル記者は「日本にとって、WBCはワールドシリーズよりも大きい。大谷と山本が個人的にどうかはわからないが、日本ではこれが最も大きく（アメリカンフットボールの）スーパーボウルのようなもの。これは彼らが達成できる最高のことだ」と言えば、モレノ記者も「WBCはアメリカでは他の国のように盛り上がっていない。だから私たちができる限り理解するしかない。他の選手たちはワールドシリーズに行くよりも、プレーするよりも重要な、あるいはより大きな成果だと言っている」とコメント。WBCの価値が大会を重ねるごとに高まっていると認める。

　ただ事情は分かっていても出場自体には反対のスタンスは崩さず、両者とも最後に再度、大谷と山本のWBC参加には反対だと結論付けた。

　本大会出場を明言した大谷に、山本と佐々木は続くのか。ドジャース日本人トリオの動向に引き続き注目だ。

構成●THE DIGEST編集部",[],[]
フリーマンは「史上最高の一塁手」ド軍同僚が見た“超一流の思考”「ムーキーも似たようなものだ」（THE DIGEST）,https://news.yahoo.co.jp/articles/061a8f896e7622ff040742862c533668517c0477,https://newsatcl-pctr.c.yimg.jp/t/amd-img/20251203-00105835-thedigest-000-6-view.jpg?exp=10800,2025-12-03T16:34:00+09:00,2025-12-03T16:34:03+09:00,THE DIGEST,thedigest,THE DIGEST,905,"マンシーが「自分に厳しい選手」として挙げたフリーマン（左）とベッツ（右）。元MVP２人の共通点を語った。(C)Getty Images
ロサンゼルス・ドジャースのマックス・マンシーが現地12月２日配信のポッドキャスト番組『Foul Territory』に出演。同僚のフレディ・フリーマンとムーキー・ベッツについて長く活躍を続けられる理由の一端を明かした。
【画像】大谷真美子さんら世界の美女がずらり！ 常勝軍団ドジャースの名手たちを支える“ゴージャスでセレブな妻＆パートナー”を一挙紹介！
マンシーは番組内で「ドジャースで自分に厳しい選手は？」と尋ねられると、真っ先にフリーマンを挙げた。「フレディはいつも自分のスイングがダメだと思っている。にもかかわらず、シーズンが終わってみれば打率.300を記録してるんだ」と笑顔で回答。「でも、それがフレディのやり方なんだ。それがフレディを史上最高の一塁手のひとりにしている。そういう思考回路なんだ」と続けた。

「（フリーマンは）いつも自分のスイングのどこかを修正しなきゃと思っている。スイングはすごくシンプルだけど、いつもそう考えてる。『ああ、今日のスイングはダメだ』ってね」
　
　さらにマンシーはベッツも同じメンタリティを持っていると主張。「ムーキーも似たようなもので、一日中座って『スイングが上手くいかない』と言いながら、いざ試合に出てみると、フィールド中にロケットのような打球を飛ばすんだよ。そういうやり方でプレーする選手もいる」と語った。

　この発言を取り上げた米スポーツ専門メディア『CLUTCH POINTS』は、現在36歳のフリーマンが全盛期をすでに過ぎているにもかかわらず、主力としてチームの連覇に大きく貢献したと指摘。「このレベルのプレーをどれだけ維持できるかは分からないが、（フリーマンの）姿勢を考えると、メジャー最後の打席まで生産的な活躍を続けるタイプの選手のように見える」と見通した。

　キャリア後半でも一線級の活躍をキープしている元MVPの二人。その背景には飽くなき向上心と日々の努力があるようだ。

構成●THE DIGEST編集部",[],[]
「いつボールを持ったか覚えてない」１本しかシュートを打てず無得点に終わった八村塁がレイカーズに警鐘「それじゃ勝てるわけがない」＜DUNKSHOOT＞（THE DIGEST）,https://news.yahoo.co.jp/articles/212a3d8e97a10086a96a51951fbb93ddaed9e04c,https://newsatcl-pctr.c.yimg.jp/t/amd-img/20251203-00105832-thedigest-000-7-view.jpg?exp=10800,2025-12-03T16:30:00+09:00,2025-12-03T16:30:16+09:00,THE DIGEST,thedigest,THE DIGEST,904,"八村がチームに警鐘を鳴らした。(C)Getty Images
現地時間12月１日（日本時間２日、日付は以下同）、ロサンゼルス・レイカーズは本拠地クリプトドットコム・アリーナでフェニックス・サンズと対戦するも、最大25点差をつけられ108－125で完敗を喫した。
【写真】八村が観戦に訪れた山本由伸と２ショット！
この試合、レイカーズはルカ・ドンチッチが38得点をマークしながら９ターンオーバーとミスを連発。ドンチッチ１人に攻めさせるように仕向けられ、相手守備の術中にハマった結果、オースティン・リーブスが16得点、ディアンドレ・エイトンが12得点、レブロン・ジェームズが10得点と、オフェンスが機能せず得点分布に偏りが目立った。

　なかでも八村塁は、22分59秒コートに立ちながら、放ったシュートはたった１本のみとオフェンスにまるで絡めず。キャリア７度目の無得点ゲームとなってしまった。

　個人、チームとも今季ワーストゲームを喫した後で、八村は現状をどのように感じたのか。試合後の囲み取材で、背番号28は胸中をこう語った。
　
「今日の試合、自分がいつボールを持ったのか覚えてないね。まあそういうこともあるさ。この選手たちとプレーする以上、そういう覚悟はしているよ。それは理解している。でも今回、チーム全員が理解したと思う。それじゃ勝てるわけがないってね。

　これまで勝ってきた試合は、互いにパスを回し、信頼し合い、勝利のためにプレーしてきた。だから今回のゲームはタフだったけど、仕方ない。こういう試合はもう忘れて、次の試合に集中するしかないんだ」

　レイカーズの今後の日程は、いずれも敵地で４日にトロント・ラプターズ戦、５日にボストン・セルティックス戦、７日にフィラデルフィア・セブンティシクサーズ戦と、イースタン・カンファレンスのチームとの遠征が組まれている。

　４日間で３試合を、それもアウェーでこなすタフなスケジュールのなか、サンズ戦で見えた課題をしっかり修正し、チームを立て直すことができるのか。今季の優勝を目指す上で、最初のターニングポイントとなりそうだ。

構成●ダンクシュート編集部",[],[]
「間違いなく獲得可能なエース」ドジャースの“サプライズ補強”、LAメディア進言「本当に最強の勝者になりたいなら」（THE DIGEST）,https://news.yahoo.co.jp/articles/0f2ed565cd0997ae8be626c2c62ff1e5db88d36c,https://newsatcl-pctr.c.yimg.jp/t/amd-img/20251203-00105836-thedigest-000-3-view.jpg?exp=10800,2025-12-03T16:26:00+09:00,2025-12-03T16:26:20+09:00,THE DIGEST,thedigest,THE DIGEST,1492,"ツインズのライアンが、ドジャースの補強のサプライズ候補に挙がった。(C)Getty Images
ロサンゼルス・ドジャースが“サプライズ補強”を行なうかもしれない。ドジャース専門メディア『Dodgers Way』が現地12月１日の記事で言及した。
【画像】常勝軍団ドジャースの名手たちを支える“ゴージャスでセレブな妻＆パートナー”！
「今オフに誰もが注目しているのが、タリク・スクーバル（デトロイト・タイガース）だ。もし、チャンスがあればドジャースもスーパースター左腕の獲得を試みるだろう。しかし、多くの関係者は、スクーバルは今冬に移籍しないと見ている。タイガースが同等規模の見返りを得ることが、ほぼ不可能だからだ。もし移籍したとしても、獲得した球団がスコット・ボラス代理人を相手にFA市場での売り込みを諦めさせ、契約延長に合意する可能性はほとんどない」

　スクーバルは２年連続でサイ・ヤング賞を受賞した球界最強左腕。１年後の2026年シーズン終了後にFAとなる。タイガースは契約延長を望んでいるものの、金額面がスクーバル側の要求とかけ離れている状況もあって、今冬のトレード移籍が盛んに報じられている状況だ。

　１年後にFAとなって他球団と大型契約を結ぶのか、もしくは今冬にトレードに出して対価を得るのか、または26年トレード期限に放出するのか。タイガースの決断に注目が集まるなか、同メディアは今冬に移籍しないであろうスクーバルに代わる補強として、別の投手名を挙げた。

「ドジャースがスクーバルを獲得できるチャンスを得るのは、おそらくFAとなる１年後だろう。その間を埋めるのに最適な投手がいる。ミネソタ・ツインズのジョー・ライアンだ。間違いなく獲得可能なエースで、25年のトレード期限でもドジャースが獲得に動いていた」

　
　同メディアがライアンの名前を挙げたのは、「奪三振率と制球力」を評価したから。「スクーバルが特別なのは、三振を奪いながら四球を与えない能力にある。一般的に奪三振の多い投手は四球も多い傾向にあるが、スクーバルはそうではない。そんな左腕と肩を並べる投手はほとんどいないが、奪三振率と制球力の点で言えば、ライアンも優秀だ」と記した。

「2023年以降、９回当たり10奪三振以上、９回当たり２四球以下を記録したのはライアンひとりだけ。29歳の右腕は25年に奪三振率28.2%（84パーセンタイル）を記録し、与四球率もわずか5.7%（87パーセンタイル）と驚異的な数字を残した。スクーバルは25年に32.2%の奪三振率と4.4%の四球率（それぞれ94パーセンタイルと97パーセンタイル）を記録するなど異次元の存在だったが、ライアンも負けてはいない」

　ライアンとツインズの契約はあと２年残っており、「26年シーズンの予定調停年俸はわずか580万ドル（約９億円）。ドジャースは先発ローテーションに必要とはしていないが、スクーバル級になりうる投手を他球団から遠ざけるために獲得する価値はあるだろう」として補強を進言した。

「もし、ロサンゼルスが本当に最強の勝者になりたいなら、今オフにライアンをトレードで獲得した後、来オフにスクーバルと契約するべきだ。そうなれば27年の先発陣は、山本由伸、ブレイク・スネルのほか、一線級の投手で構成できるだろう。そうなれば、リーグの他球団はゲームオーバーだ」

　山本、スネル、大谷翔平、タイラー・グラスノー、佐々木朗希ら、すでに球界最高ともいえる先発の陣容が、さらにパワーアップするのか。

構成●THE DIGEST編集部",[],[]
「スターターから外したのは私のミス」ニックス指揮官がハートを称賛「みんなのプレーを楽にしてくれる」＜DUNKSHOOT＞（THE DIGEST）,https://news.yahoo.co.jp/articles/0259716b99e311f053f6aa27c7c88e87eefd1cba,https://newsatcl-pctr.c.yimg.jp/t/amd-img/20251203-00105828-thedigest-000-4-view.jpg?exp=10800,2025-12-03T16:10:00+09:00,2025-12-03T16:47:15+09:00,THE DIGEST,thedigest,THE DIGEST,1896,"開幕当初はシックスマン起用だったハートだが、11月下旬の先発復帰後にニックスは４連勝をマークした。(C)Getty Images
マイク・ブラウンを新HC（ヘッドコーチに）迎え、新たなスタートを切った今季のニューヨーク・ニックスは、シーズン序盤に３連敗を喫したものの、その後５連勝で盛り返し、12月３日時点で13勝７敗のイースタン・カンファレンス４位につけている。
【動画】攻守でニックスを支えるハートの好プレー集！
連勝ストップ後は、勝ち試合が続かず不安定な期間となったが、11月24日のブルックリン・ネッツ戦から４連勝をマークした。

　この間、オールラウンドな働きでチームを支えたのがジョシュ・ハートだ。2023年２月のトレードでポートランド・トレイルブレイザーズから加入したスウィングマンは、ジェイレン・ブランソン、ミケル・ブリッジズら、ビラノバ大時代のチームメイトとともに、昨季は不動の先発としてチームのカンファレンス・ファイナル進出に貢献。

　ただ今季のプレシーズン初戦、スターターに彼の名前はなかった。その後、下背部を痛めて離脱を強いられ、キャリア９年目のシーズンをシックスマンとして迎えることになった。

　開幕２戦目のボストン・セルティックス戦でシーズンデビューを飾ったハートは、約19分の出場ながらオフェンシブ・リバウンド６本を含む14リバウンドをあげ、ブラウンHCは「彼はモンスターだ。素晴らしいとしか言いようがない」と絶賛していた。
　
　以降もベンチ出場が続いたが、11月中旬にOG・アヌノビーとランドリー・シャメットが揃ってケガで離脱したことが転機となった。

　システム調整を迫られたブラウンHCは、24日のネッツ戦からハートを先発で起用。そこからは平均36分以上コートに立つと、２度のダブルダブルを含む平均17.0点、11.8リバウンド、7.0アシスト、2.8スティールと攻守にわたって躍動し、４連勝の立役者となった。

　ハートは、22得点をあげた26日のシャーロット・ホーネッツ戦後に次のように語っていた。

「チームに求められることをしたまでだ。もちろん、このリーグで先発としてプレーすることには大きな意味がある。誰もが目指していることだからね。この３年間、ケガした時期もあったけど、スターターとしてプレーしてきた。だから（先発は）しっくりくる。コーチが今後も続けていきたいと望んでいるなら、自分にとってもパーフェクトだ」

　その後ブラウンHCは「（ハートを）スターターから外したのは私のミス」と認めている。

「ジョシュはみんなのプレーを楽にしてくれる。新たなコーチの下、新システムの中でのシーズン序盤のロード３連敗を振り返ると、そのうち２試合の第４クォーターでジョシュは私の隣に座っていた。あれが正しい判断ではなかったことは、私が真っ先に認めるよ。彼はこのチーム、そして我々コーチングスタッフに、数え切れないほど素晴らしいことをもたらしてくれるのだから」
そして、そんな状況にも決して腐ることなく、コートに立てば求められる役割を懸命にこなすハートのプロフェッショナル精神を称賛した。

「（トレーニングキャンプの時に）文句を言ったり怒ったりすることもできただろう。しかし彼はそんなことはしなかった。自己犠牲とは何か、特にリーダーとして自分がそれを率先して示さなければならないことを理解していたからだ。

　当時の私の判断が間違っていたにもかかわらず、彼はこの（チーム構築の）プロセスを信じてくれた。だから私は彼だけでなく、方向性を探っている間にも我々のスタンダードを守り続けてくれたチーム全員に敬意を表したい」

　ブラウンHCが語る“スタンダード”とは、選手全員の署名とともにロッカールームに掲げられているチームの約束事で、『自己犠牲』『絆』『闘争心』『互いを信じること』が記されている。
　
　28日にミルウォーキー・バックスを下した試合で、37得点をマークしたエースのブランソンは、19得点、15リバウンド、７アシストの働きをした旧友に、”試合を左右する存在”と期待を込めた。

「彼はオフェンスでもディフェンスでも良いプレーをしていた。彼は今とても良いリズムに乗っている。その状態を維持してほしいね。彼は僕たちにとってキーパーソンと言える存在で、チームがやろうとしていることにおける“Xファクター”なんだ」

“ロールプレーヤー”の枠に収まらない貢献度を示すハートの先発復帰は、好調のニックスにさらなる勢いを与えそうだ。

文●小川由紀子",[],[]
「男気あってカッコ良い！」元NPB監督同士の“むかし敵人～いま友人”なショットが話題！「懐かしい」「仲良しいいですね」（THE DIGEST）,https://news.yahoo.co.jp/articles/3f723a66882b116acf37bc1817f47686139c8fa1,https://newsatcl-pctr.c.yimg.jp/t/amd-img/20251203-00105834-thedigest-000-8-view.jpg?exp=10800,2025-12-03T16:06:00+09:00,2025-12-03T16:08:10+09:00,THE DIGEST,thedigest,THE DIGEST,547,"今シーズンまでヤクルトの監督を務めた高津氏。写真：鈴木颯太朗
2025年シーズンまで６年間にわたり東京ヤクルトスワローズを指揮した高津臣吾前監督が、12月２日に自身のインスタグラムを更新。19年から４シーズン阪神タイガースを率いた矢野燿大氏とのショットを公開した。
【画像】「良いギャップ」バチバチ＆スマイルの高津臣吾氏＆矢野燿大氏
「フルタの方程式に出演！むかし敵人～いま友人」と綴った高津氏は、指揮官時代の互いに激しく詰め寄る場面と、打って変わって満面の笑顔でピースやサムアップポーズをとるツーショットを披露した。
　
　この投稿のコメント欄には、以下のような声が寄せられた。

「懐かしいですね、本当は仲が良くて良かった」
「素敵な関係です」
「アカンすよの時？」
「お二人とも素敵です」
「マスクが懐かしい。チームのために前に出る高津監督はとても心強かったです！」
「監督時代と今...良いギャップですね」
「来シーズンも神宮へ行ったら高津さんがベンチにいる気がしてます」
「男気あってカッコ良い！」
「惚れてまうやろ～」
「仲良しいいですね」

　ユニホームを着た試合時は闘将として火花を散らしたが、グラウンド外では優しい笑顔の紳士な二人のようだ。

構成●THE DIGEST編集部",[],[]
チチパス災難…毎度お騒がせの父親が犯したスピード違反のせいで運転免許返上に＜SMASH＞（THE DIGEST）,https://news.yahoo.co.jp/articles/95135f22f7b002039d6171e4832c0221839fbc30,https://newsatcl-pctr.c.yimg.jp/t/amd-img/20251203-00105833-thedigest-000-4-view.jpg?exp=10800,2025-12-03T15:44:00+09:00,2025-12-03T15:44:11+09:00,THE DIGEST,thedigest,THE DIGEST,1123,"チチパス（左）の車を父親のアポストロス氏（右）が運転してスピード違反。ギリシャの法律では名義人のチチパスが免許返上を求められることに…。(C)Getty Images
男子テニス元世界ランキング３位のステファノス・チチパス（ギリシャ／現34位）が、思わぬ形でコート外の騒動に巻き込まれた。
【画像】チチパスはじめ、ウインブルドン2025で躍動した男子トップ選手たちの厳選フォト
ギリシャ国内での報道によると、９月末にギリシャの高速道路で“210km/h”という重大な速度超過を交通カメラが記録。車はチチパス名義のロータスだった。しかし、運転していたのは父でありコーチでもあるアポストロス氏。彼は「自分が運転していた」と認め、罰金2,000ユーロも支払った。

　それなのにギリシャ交通警察は、車両の名義人である息子に対して「１年間の免許返上」を命じた。アポストロス氏はアティカ交通警察本部に赴き、自身の免許を返納することで息子の処分を肩代わりしたいと申し出たが、７日間の異議申し立て期限がすでに切れているとして却下。

　母ジュリアさんが証言したように、自分名義の車両がスピード違反を起こした当時、チチパス本人はアフリカで休暇中だったのだが......。交通警察の司令官は、ギリシャの交通法では「誰が運転していたかに関係なく、名義人本人が免許を提出しなければならない」と説明している。
　
　チチパス側の弁護士タナシス・パパサナシウ氏は、「公になった件については、車は第三者が運転していた。罰金と免許返納の問題は全て処理されている」とコメント。一方で、チチパス本人は沈黙を守り続けている。

　ちなみに、チチパス親子と言えば、これまで幾度となく衝突を繰り返しており、昨年夏には喧嘩別れの形で選手とコーチとしての関係を解消した。しかし、今年６月からチチパスがチームに招いたゴラン・イバニセビッチ氏（クロアチア）をわずか１カ月半で解雇すると、関係を修復した父親を再びコーチに迎えている。

　今季のチチパスは、コート上で苦しい時間が続いた。３月の「ドバイ選手権」（ハード／ATP500）ではツアー通算12勝目を挙げてトップ10復帰を果たしたものの、結果的にこれが今季唯一のタイトル。波に乗ることはできず、グランドスラムでは３回戦進出がゼロ。バルセロナとウインブルドンでは途中棄権の無念も味わった。シーズン全体を通してトップ３にいた頃の爆発力や安定感を欠き、ランキングは下降線をたどった。

　そんな苦しい１年の終わりに降りかかった今回の騒動。運転免許の返上は、チチパスの拠点であるモンテカルロから帰国後に実行される見通しだ。

構成●スマッシュ編集部",[],[]
ド軍残留マンシーが胸中告白　球団オプション行使も契約延長は保留、首脳陣への“揺るがぬ信頼”「彼らを信頼している」（THE DIGEST）,https://news.yahoo.co.jp/articles/6158809d2e2b367301f15529b4cb39c707aacd1b,https://newsatcl-pctr.c.yimg.jp/t/amd-img/20251203-00105829-thedigest-000-4-view.jpg?exp=10800,2025-12-03T15:27:00+09:00,2025-12-03T15:27:05+09:00,THE DIGEST,thedigest,THE DIGEST,844,"来シーズンもドジャースでプレーするマンシー。(C)Getty Images
ロサンゼルス・ドジャースのマックス・マンシーが、自身の将来について不安を抱いていない胸中を明かした。現地12月２日、米スポーツメディア『ClutchPoints』が報じている。
【動画】マンシー、WS第７戦で球団ポストシーズン最多16号HR
ドジャースは先日、2026年シーズンに向けたマンシーの球団オプションを行使し、年俸1000万ドル（約15億円）での残留が決定したものの、27年以降の契約延長は含まれなかった。
　
　35歳のマンシーは17年４月にマイナー契約でドジャースに入団。18年にメジャーデビューを果たして以来、すでに８シーズンをチームで過ごしている。球団が契約延長を見送った点について、三塁守備の不安や怪我による離脱などの要因が指摘されている。

　こうした状況についてマンシーは、ポッドキャスト番組『Foul Territory』に出演し、アンドリュー・フリードマン編成本部長やブランドン・ゴメスGMら球団首脳陣との関係について「彼らとは本当にいい関係を築いている。だから契約延長についても、急いで結論を出す必要はないんだ」と話した。

　さらに、将来への不安について問われると、「球団が何を考えているのか、誰に目を向けているのかは分からない。でも、彼らを信頼しているし、状況が整えば話し合いの場があるかもしれないし、ないかもしれない。本当に分からないんだ」と説明し、現状を冷静に受け止めている様子を見せた。

　そのうえで、「契約延長について話し合いたい気持ちはある。でも、どう展開するかは見守るしかないんだ」と、自身の不確かな未来を受け入れている姿勢を示した。

　ドジャース史上、ポストシーズン16本塁打の球団記録を持つなど、長年チームの中軸として貢献してきたマンシーにとって、26年は今後のメジャーキャリアを左右する重要なシーズンになるかもしれない。

構成●THE DIGEST編集部",[],[]
「F1ドライバーとして十分に優れている。だが...」角田裕毅のシート喪失理由の一つは「チームがシーズン中に招集した点」英記者が見解（THE DIGEST）,https://news.yahoo.co.jp/articles/b4f686597c66ca29e4edc11ccaa9f4ee738a9a0c,https://newsatcl-pctr.c.yimg.jp/t/amd-img/20251203-00105830-thedigest-000-5-view.jpg?exp=10800,2025-12-03T14:58:00+09:00,2025-12-03T14:58:03+09:00,THE DIGEST,thedigest,THE DIGEST,1026,"現地記者からさまざまな評価が下った角田。(C)Getty Images
F1レッドブルは現地12月２日、来季から角田裕毅をテスト兼リザーブドライバーに降格すると発表。レーシングブルズのアイザック・ハジャーをセカンドドライバーとして起用すると明かした。
【画像】モデル、女優ら大物がズラリ…パドックを彩るF1ドライバーの“美しき妻や恋人たち”に注目！
日本のF1ファンに大きな衝撃を与えた角田の降格発表。海外ジャーナリストはこの決定をどのように受け止めたのか。英専門メディア『The Race』のスコット・ミッチェル＝マルム記者は「角田は失敗したが、レッドブルにも責任がある」とドライバー、チーム両方に非があると主張。特にチームの“判断ミス”を次のように振り返った。

「より大きなミスは、チームが昨年末に（角田を）昇格させるべきだったのにシーズン中に招集した点だ。それによって角田はチームとの適切なプレシーズン調整など、上手く事を運ぶための最良のチャンスを失った。それ以来、角田とレッドブルはその代償を払っている。角田がその後得たチャンスを十分に活かせなかったとしても、レッドブルはドライバーマネジメントでより良い判断を始めなければならない」
　
　ただ、やはり角田自身に対する評価も、厳しいものとなっているようだ。英専門メディア『PlanetF1』のヘンリー・ヴァランタイン記者は「現時点で両チーム（レッドブル・レーシングブルズ）にとって最も論理的な一歩のように思える」と首脳陣の決断に理解を示し、角田の実力不足を示唆した。

　そして同メディアのマット・コッホ記者もカーナンバー22の能力を高く評価しつつ、レッドブルドライバーが直面する高いハードルを、角田は超えられなかったと説く。

「単純に（パフォーマンスが）十分ではなかった。レッドブルはワールドチャンピオンを輩出する組織。それ以外は失敗なんだ。角田はF1ドライバーとして十分に優れていると付け加えたい。だがチャンピオン候補なのか？　５年間、それを何も示せていない。F1、特にレッドブルのプログラムの残酷さは、単に『良い』だけでは十分ではない。偉大さが求められる」

　チームとして角田のパフォーマンスを最大化し、結果に結び付けられなかったのは確か。しかし、角田がトップチームにふさわしい活躍を残せず、チームの信頼を勝ち取れなかったのもまた事実なのだろう。

構成●THE DIGEST編集部",[],[]
サンダー“第２の男”J-Dubが待望の復帰。シュート不調も守備では手応え「僕はNBAでもトップクラスのディフェンダー」＜DUNKSHOOT＞（THE DIGEST）,https://news.yahoo.co.jp/articles/13f03611e900a333a2eaec12ce82787c6ba2bccd,https://newsatcl-pctr.c.yimg.jp/t/amd-img/20251203-00105827-thedigest-000-2-view.jpg?exp=10800,2025-12-03T12:40:00+09:00,2025-12-03T12:40:04+09:00,THE DIGEST,thedigest,THE DIGEST,1632,"昨季サンダーの優勝に貢献したJ-Dubが待望の復帰を果たした。(C)Getty Images
現地時間11月30日（日本時間12月１日、日付は以下同）、オクラホマシティ・サンダーは、敵地モーダ・センターでポートランド・トレイルブレイザーズとの激戦を123－115で勝ち切り、連勝を12へ伸ばした。
【動画】SGAの相棒J-Dubの昨季プレーオフ好プレー集！
昨季王者は、開幕から21試合で20勝１敗（勝率95.2％）。NBA史上４チーム目の好成績で、翌１日を終えてウエスタン・カンファレンス２位のロサンゼルス・レイカーズ（15勝５敗／勝率75.0％）に4.5ゲーム。リーグ全体でも２位のデトロイト・ピストンズ（17勝４敗／勝率81.0％）にも3.0ゲーム差と圧倒的な強さを見せている。

　絶対的エースのシェイ・ギルジャス・アレキサンダー（SGA）を中心に、チェット・ホルムグレンやルージェンツ・ドート、ケイソン・ウォーレス、アイザイア・ハーテンスタイン、アーロン・ウィギンズ、エイジェイ・ミッチェル、アイザイア・ジョー、アレックス・カルーソらで形成されるロスターは若く、各選手がそれぞれの役割を忠実にこなしている。

　今季20試合以上に出場しているのはSGAとミッチェル（21試合）、ウォーレスとジェイリン・ウィリアムズ（20試合）の４選手のみ。先発のホルムグレン、ドート、ハーテンスタインも複数の試合を欠場している中で好成績を残していることは、チーム力の高さの証明と言える。
　
　そうした中、オフに手術を受けた手首の回復に時間を要し、開幕から19試合欠場していたジェイレン・ウィリアムズが、28日のフェニックス・サンズ戦で待望のシーズンデビューを飾った。

“J-Dub”は、昨季のファイナル第７戦以来の公式戦で、29分３秒コートに立ち、11得点、４リバウンド、８アシスト、２スティールで勝利に貢献。ブレイザーズ戦では34分21秒のプレータイムで16得点、８リバウンド、５アシスト、３ブロックを残した。

２試合を終えてのスタッツは13.5点、6.0リバウンド、6.5アシスト、1.0スティール、2.0ブロックと多彩な数字だが、フィールドゴール成功率は33.3％と低調で、まだオフェンス面で本調子とは言えない。

　それでもウィリアムズ自身は、オフェンスよりもディフェンスでフィットすることの方がイージーだったとブレイザーズ戦後に語っていた。

「ディフェンス面では常にプライドを持っている。僕はNBAでもトップクラスのディフェンダーだと思うし、とにかく多くのことをこなせるんだ。プライドが消えたりはしないよ。ただ、本来のオフェンスに戻るまでは、流れに乗れるようにしていくだけだと思う。僕にとってはディフェンスもすごく楽しいんだ。ディフェンスをするのが好きだからね」
196㎝・96㎏のウィリアムズには、機動力や球際の強さ、そして218㎝のウイングスパンを武器に、相手チームのメインハンドラーからスコアラー、ビッグマンとあらゆるポジションの選手をガードすることができる。

　ブレイザーズ戦でサンダーは相手をフィールドゴール成功率39.3％、３ポイント成功率32.7％に封殺。同点22度、リードチェンジ15度を記録する激戦をモノにしたことで、ウィリアムズも手応えを掴んでいた。
　
「チームとしてファウルはあまりしない方が良いけど、こういう試合で勝てたのは良いことさ。シーズン後半に向けた準備になる。たとえ酷い試合になろうと、勝つ方法を見つけ出せているのは、チームにとって非常に良いサインなんだ。僕にとってはこれが復帰２戦目で、試合が自分たちの思い通りに進んでいない時の方が、集中して状況を把握できる。良い試合だったよ」

　昨季のチームで第２オプションを見事にこなした頼れる男が、ここからどこまで調子を上げるかは必見だ。

文●秋山裕之（フリーライター）",[],[]
「まさにアメリカンドリーム」元日ハム、楽天のポンセがブルージェイズと３年47億円契約へ！ 「頑張ってたら道は開けるね」（THE DIGEST）,https://news.yahoo.co.jp/articles/2609d49e43fcfe6b6d70f78b7d9b93021ef57ba5,https://newsatcl-pctr.c.yimg.jp/t/amd-img/20251203-00105826-thedigest-000-5-view.jpg?exp=10800,2025-12-03T12:32:00+09:00,2025-12-03T12:32:03+09:00,THE DIGEST,thedigest,THE DIGEST,757,"ブルージェイズとの契約を最終調整しているポンセ（写真は2021年当時）。(C)Getty Images
現地12月2日、米放送局『ESPN』のジェフ・パッサン記者は自身のXで、「情報筋によると、右腕コディ・ポンセとトロント・ブルージェイズが、身体検査を条件とした３年総額3000万ドル（約47億円）の契約を最終調整している」と報じた。
【動画】コディ・ポンセ、開幕15連勝新記録＆200奪三振
ポンセは2015年、MLBドラフト２巡目（全体55位）でミルウォーキー・ブルワーズから指名されプロ入り。20年にピッツバーグ・パイレーツでMLBデビューを果たし、２シーズンで通算20試合（うち5試合先発）に登板し、１勝７敗、防御率5.86の成績を残した。
　
　その後、22年からNPBの北海道日本ハムファイターズでプレー。同年８月27日の福岡ソフトバンクホークス戦ではノーヒットノーランを達成した。24年は東北楽天ゴールデンイーグルスに在籍し、NPBでは通算10勝16敗、防御率4.54を記録している。

　ポンセのキャリアで特筆すべきは、25年のKBOでの活躍。ハンファ・イーグルスに所属したこのシーズンは、29試合に登板し、17勝１敗、防御率1.89をマーク。さらにリーグ新記録となる252奪三振を叩き出した。

　このKBOでの圧倒的な実績が、ブルージェイズとの契約交渉へと繋がった。メジャー復帰後の活躍にも期待が高まっている。

　報道を受け、ファンからは「めちゃくちゃ夢ある」「覚醒してたなんて」「ノーヒットノーランは今でも忘れない」「頑張ってたら道は開けるね」「どこまでやるか楽しみ」「まさにアメリカンドリーム」「メジャー復活おめでたい」など、応援の声が多く寄せられた。

構成●THE DIGEST編集部",[],[]
「自分自身を誇りに思う」20歳の新星イーラが語る飛躍の１年と「ベストを尽くし続けるだけ」という来季への決意＜SMASH＞（THE DIGEST）,https://news.yahoo.co.jp/articles/c35292bdbef71cf4fb6d6e1782e5c0ec416b4aef,https://newsatcl-pctr.c.yimg.jp/t/amd-img/20251203-00105824-thedigest-000-5-view.jpg?exp=10800,2025-12-03T11:30:00+09:00,2025-12-03T11:36:25+09:00,THE DIGEST,thedigest,THE DIGEST,1185,"この１年でランキングを100位近くも上げ、トップ50入りを果たした20歳のイーラ。2026年も注目の選手だ。(C)Getty Images
女子テニス界の期待の新星として注目を集めている20歳のアレクサンダー・イーラ（フィリピン／現世界ランキング50位）がファッション誌『VOGUE』フィリピン版のインタビューに回答。その中で飛躍の今シーズンを振り返るとともに、今後の展望を語った。
【動画】女子テニスの新星、イーラの2025年ベストショット集！
男子元世界王者ラファエル・ナダル氏（スペイン）が運営する「ラファ・ナダル・アカデミー」の卒業生で、2020年にプロに転向したイーラは、今年３月の「マイアミ・オープン」（ハードコート／WTA1000）でイガ・シフィオンテク（ポーランド／現２位）、マディソン・キーズ（アメリカ／同７位）、エレナ・オスタペンコ（ラトビア／同23位）ら３人の四大大会優勝経験者を破ってベスト４へ進出。６月の「レクサス・イーストボーン・オープン」（芝コート／WTA250）では予選２試合を含む６連勝の快進撃を見せ、初のツアー決勝進出を果たした。

　勢いそのままに９月の下部大会「グアダラハラ125オープン」（ハード／WTA125）では見事優勝し、フィリピン人女子選手初となるタイトルを獲得。シーズン開始時に147位だった世界ランキングも一気に50位まで押し上げ、同国人選手初のトップ50入りも達成した。
　
「自分自身をすごく誇りに思っている。これまでに達成してきたことにも誇りを持っているし、チームにも本当に感謝している。みんなで一緒に注いできた努力が実を結んだことがうれしいし、この幸せを彼らと分かち合えることも本当にうれしい」

　そう感謝の言葉を交えて自身のブレークスルーを振り返ったイーラだが、まだ現状には満足していない。来る2026年シーズンに向け、「もっともっと頑張りたいという気持ちがある」と、今季40勝26敗の好成績を残したニューヒロインはさらに上を目指す。

　その中で、次に狙うのは初のツアー優勝だろう。先述のイーストボーン決勝ではマヤ・ジョイント（オーストラリア／現32位）を相手に４本のマッチポイントを逃し、ファイナルセットタイブレークの末に涙を飲んだイーラ。それでも20歳はつらい敗北も経験しながら、以前よりも苦境を乗り越える力がついたと手応えを口にする。

「自分を地に足のついた状態にしてくれるテニスは本当に美しいスポーツ。ほぼ毎週負けるけど、そこから本当に“学び”を得られるし、どんな時も自分より上の選手がいるということを学べた。だからこそ今は自分のベストを尽くし続けることだけを目標にしている」

　来季もさらなる飛躍が期待される20歳。イーラがどんなキャリアを歩んでいくのか、今後が楽しみだ。

文●中村光佑",[],[]
過密日程に対する不満の声に元全米女王のラドゥカヌが異議「仕事だから、やらなければならない」＜SMASH＞（THE DIGEST）,https://news.yahoo.co.jp/articles/0f2c3a62aa5fe8d1d0ba82ff265f07b717698b7d,https://newsatcl-pctr.c.yimg.jp/t/amd-img/20251203-00105825-thedigest-000-3-view.jpg?exp=10800,2025-12-03T11:00:00+09:00,2025-12-03T11:00:22+09:00,THE DIGEST,thedigest,THE DIGEST,1356,"過密化するツアースケジュールに不満を示す選手が多い中、ラドゥカヌは文句を言わない方が「若い世代への良い手本になる」と語る。(C)Getty Images
周知の通り近年のテニスツアーは男女共にスケジュールが過密化の一途をたどっており、カルロス・アルカラス（スペイン／男子世界ランク１位）やイガ・シフィオンテク（ポーランド／女子２位）を筆頭にトップ選手からも不満の声が相次いでいる。中でも四大大会に次ぐグレードで、従来の１週間から２週間に開催期間が一部拡張されたATP・WTA1000大会には批判が集中している印象だ。
【画像】ラドゥカヌをはじめ、全米オープン2025で躍動した女子トップ選手たちの厳選フォト
しかし、2021年全米オープンで四大大会初優勝を経験した女子元10位のエマ・ラドゥカヌ（イギリス／23歳／現29位）は、そうした風潮に違和感を覚えている様子。海外メディア『Tennis 365』によると、彼女は「若い世代にとってテニスのイメージを損ねてしまいかねない」ため、「ツアースケジュールには文句を言うべきではない」と考えている。

「私たちは与えられた環境の中でプレーできていて、そのおかげで素晴らしい生活が送れている。もちろん、ツアーの全てが華やかというわけではなく、非常に厳しい時期には心身ともに疲弊したり、身体中に痛みを感じたりすることもあるけど、それに対してどうしろっていうの？ 普通の仕事でも上司に何かを命じられる人がいるでしょう。でも、それは仕事だから、やらなければならない」

「もし私たちが“文句を言わない”という態度を示せば、それはテニスを始めようとしている人々、特に若い世代への良い手本になると思う。逆に、トップ選手たちがスケジュールに文句ばかり言っていたら、必ずしも憧れの対象にはならないと思う」
　
　多くの選手が現行の過密日程に反発していることを踏まえると、ラドゥカヌの意見は珍しいと言える。自身が度重なるケガで長期の離脱を経験したことも、こうした考え方に影響しているのかもしれない。

　テニス選手として「プレーする」という仕事に専念したいと意気込むラドゥカヌは、かつて男子元世界王者ラファエル・ナダル（スペイン）を指導したフランシスコ・ロイグ・コーチ（スペイン）の下で復活の兆しを見せつつある。今年３月のマイアミ（WTA1000）ではベスト８に進出し、７月のワシントン（WTA500）では４強入り。自己最多となる年間マッチ28勝を挙げ、年初に60位だった世界ランキングもトップ30へ引き上げた。

　彼女は来季に向けたオフシーズンの取り組みについてもこう明かしている。

「彼（ロイグ）からは、“より良いエマ・ラドゥカヌ”を作ること、そして基礎レベルを向上させることにもっと注力してほしいと言われている。今取り組んでいるのは、自分の持っている力を大きくは変えずに、より洗練された技術や打つタイミング、フットワークを駆使してプレーの質を高め、試合を支配する力をもっと身に付けること。理想としては、相手についてあれこれ考えず、自分のプレーを実行して勝てるようになりたい」

　過酷なツアーの中で、さらなる高みを目指す23歳のヒロイン。来季の活躍に期待だ。

文●中村光佑",[],[]
ジャパンカップに“強い外国馬“が帰還　日本特有のスピード競馬に難なく対応したバルザローナ騎手の非凡な手腕と認識能力に脱帽（THE DIGEST）,https://news.yahoo.co.jp/articles/42a07ea635a2e5bc28c25086113049064d972e97,https://newsatcl-pctr.c.yimg.jp/t/amd-img/20251203-00010003-thedigest-000-1-view.jpg?exp=10800,2025-12-03T07:00:23+09:00,2025-12-03T07:00:23+09:00,THE DIGEST,thedigest,THE DIGEST,2741,"2005年アルカセット以来の外国馬V
欧州年度代表馬カランダガン（手前）が強さを見せつけレコード勝ちを収めた。写真：産経新聞社
11月30日、伝統の国際招待レース「ジャパンカップ（GⅠ、東京・芝2400m）」が行なわれ、ただ1頭参戦した単勝4番人気の外国馬カランダガン（セン4歳／フランス／F.グラファール厩舎）が、1番人気に推されたマスカレードボール（牡3歳／美浦・手塚貴久厩舎）との激し競り合いをアタマ差抑えて優勝。走破時計は2018年のジャパンカップでアーモンドアイが記録した2分20秒6を0秒3更新する2分20秒3のコースレコード。カランダガン陣営は1着賞金5億円に加え、JRAが指定した競走（“キングジョージ”など）を制していたため300万米ドル（約4億6500万円）の褒賞金も獲得した。
【動画】空馬が先頭でゴールも…波乱を呼んだジャパンカップ
2馬身半差の3着には3番人気のダノンデサイル（牡4歳／栗東・安田翔伍厩舎）が健闘し、4着には2番人気のクロワデュノール（牡3歳／栗東・斉藤崇史厩舎）、5着には5番人気のジャスティンパレス（牡6歳／栗東・杉山晴紀厩舎）が入着。上位5頭を5番人気以内の馬が占める、トップオブトップが争うGⅠレースに相応しい結果となった。

　英国のアルカセットがタイレコードで優勝を果たしてから実に20年。稀に見る激闘が終わった直後、久々に強い外国馬がジャパンカップに戻ってきてくれたという深い感慨に襲われた一戦だった。

　激闘の国際競走は予想外の波乱で始まった。ゲートが開いてすぐ、アドマイヤテラ（牡4歳／栗東・友道康夫厩舎）が躓いて、川田将雅騎手が落馬して競走を中止。カラ馬になった同馬は馬群に沿って走ったため、特に後半戦でレースに少なからず響を与えることになる。

　確固たる逃げ馬が不在だった今年、ホウオウビスケッツ（牡5歳／美浦・奥村武厩舎）が行くものと思われていたが、それを制してセイウンハーデス（牡6歳／栗東・橋口慎介厩舎）が先頭を奪う。同馬は第2コーナーを回ってぐんぐんと後続に差を付けて大逃げの形となり、1000mの通過が57秒6というハイペースで大逃げを打った。

　そんな急流のなか、クロワデュノールは4番手を追走したが、ダノンデサイルが8番手、マスカレードボールは10番手、カランダガンとジャスティンパレスが10～11番手付近を追走と、他の有力馬は中団から後方に位置を取る。カラ馬が2番手以下に並びかける不穏なムードのなか、後続馬群は先頭との差を詰めつつ最終コーナーを回り、勝負は運命の直線へと持ち込まれた。

　残り300m付近でセイウンハーデスが後続に掴まり、クロワデュノールが仕掛けて先頭に躍り出るが、そのとき直後では伸びかかったタスティエーラ（牡5歳／美浦・堀宣行厩舎）が内へ切れ込んだカラ馬に寄られてブレーキをかける不利を受ける。そこへ外から襲い掛かったのがマスカレードボールとカランダガン。クロワデュノールがカラ馬の影響でやや追いづらくなるなか、2頭はそれを飲み込んでのマッチレースに持ち込む。勢いにまさるカランダガンが先んじるが、マスカレードボールは鞍上の叱咤を受けてそれを差し返すが、譲らないカランダガンが再度マスカレードボールを差し返したところがゴール。わずかにアタマ差でカランダガンが先着していた。
敏腕トレーナー絶賛「彼は、まさに非凡な馬」
「世界一の馬を連れてきたとはいえ、相手も非常に強力なメンバーが揃っていました。道中は順調に見えましたが、一度は負けたかと思いました。しかしカランダガンはタフで、もう一度差し返してくれました。ゴール前でアタマ一つ抜け出した彼は、まさに非凡な馬です」とは、今年フランスでリーディングトレーナーの座についたフランシス・グラファール調教師。ミカエル・バルザローナ騎手も、「今回の目標に掲げていた勝利を達成できて、嬉しい気持ちでいっぱいです。能力のある馬だということを世界に改めて示すことができたと思います。最後は一騎打ちになりましたが、彼はベストな努力をしてくれました」と、愛馬を称えた。

　カランダガンは2歳時に去勢された4歳のセン馬。今春のドバイシーマクラシックでダノンデサイルに敗れるなど、GⅠレースにおいて4戦連続で2着となるなど、いまひとつ突き抜けるまでには至らなかったが、今年6月のサンクルー大賞から、キングジョージⅥ世＆クイーンエリザベスステークス、英チャンピオンステークスと英仏G1レースを3連勝。世界の競走馬を順位付けするロンジン・ワールド・ベスト・レースホース・ランキングで1位を獲得し、世界一の称号をもってジャパンカップに参戦していた。

　カランダガンの持ち時計は、ドバイシーマクラシック（2410m）で記録した2分27秒2で、ジャパンカップとの10mの差を差し引いても、今年計時した2分20秒3とは7秒近い差があった。こうした彼我の差を一気に乗り越えたインパクトは絶大。その対応能力を持つ馬こそ、ますますグローバル化が進む競馬シーンにおいて真に世界一と呼ばれるに相応しい存在だと言えるだろう。敗戦のリスクを負いながらジャパンカップ参戦を決めたアガ・カーン・スタッズとグラファール調教師に大いなるリスペクトを、また欧州とはまったく違うスピード競馬に難なく対応したバルザローナ騎手の非凡な手腕と認識能力に称賛を捧げたい。

　カランダガンと最後まで息詰まる死闘を繰り広げたマスカレードボールの懸命な走りも強くファンの目を惹き付けた。秋の天皇賞（GⅠ）を制した3歳馬で、続くジャパンカップを制した馬はこれまで存在しないが、リスク要因となっていた厳しいローテーションや、自身のメンタルな課題を跳ね除けて僅差の2着としたことは嬉しい驚きだった。敗れはしたものの、来年の中長距離路線を牽引する馬として一気に価値を高めたと言えるだろう。

　評価に応えて好走したダノンデサイル、クロワデュノール、ジャスティンパレスも立派のひと言。なかでも特に、先行勢には厳しい流れのなか、いったん先頭に立って4着に粘ったクロワデュノールの走りが印象に残る。凱旋門賞の惨敗（14着）から立ち直った馬、立て直した人とも賛辞に値すると思う。

　カラ馬の存在は大なり小なり競走に影響を与えたが、残念だったのはそれに前をカットされてブレーキをかけざるを得ず、7着に沈んだタスティエーラ。大外からのスタートからとなったが、ダミアン・レーン騎手がうまく馬群のなかに潜り込ませるという絶妙な手綱さばきを披露し、馬の出来も絶好に見えていただけに惜しまれて余りある。

文●三好達彦",[],[]
【F1】「覚悟はしてたけど...」　角田裕毅のシート喪失に日本人ファン反応「セカンドシートの呪い恐ろしいな」「27年は戻ってきてくれるはず」（THE DIGEST）,https://news.yahoo.co.jp/articles/2e5c343cb32c15f7cbda0062d8b6bae8e6d3c592,https://newsatcl-pctr.c.yimg.jp/t/amd-img/20251203-00010002-thedigest-000-1-view.jpg?exp=10800,2025-12-03T06:30:09+09:00,2025-12-03T06:30:09+09:00,THE DIGEST,thedigest,THE DIGEST,584,"F1のレギュラーシート喪失が決まった角田。(C)Getty Images
F1レッドブルは現地12月2日、来季のドライバー・ラインアップを発表。現在セカンドシートに座る角田裕毅はテスト兼リザーブドライバーに降格しシート喪失。代わりにレーシングブルズのアイザック・ハジャーが昇格し、マックス・フェルスタッペンのチームメイトになる。
【画像】モデル、女優ら大物がズラリ…パドックを彩るF1ドライバーの“美しき妻や恋人たち”に注目！
2021年にアルファタウリ（現レーシングブルズ）からF1デビューを果たした角田は、開幕戦バーレーンGPでいきなり入賞を果たすと、最終戦アブダビGPでは4位入賞を果たすなど速さを発揮。5年目の今季、第3戦日本GPを前にレッドブルへ昇格した。第23戦カタールGP終了時点までに33ポイント獲得でドライバーズランキング15位につけている。

　日本人ドライバーのシート喪失発表にSNS上では、日本のファンからは悲しみの声など、様々な反応があった。

「覚悟はしてたけど...言葉が出ない」
「結果が結果なので仕方ない」
「27年は絶対どこかのレギュラーに戻ってきてくれるはず」
「チャンスあると思う」
「レッドブルセカンドシートの呪い恐ろしいな」

　今季最終戦アブダビGPは日本時間7日午後10時開始予定だ。

構成●THE DIGEST編集部",[],[]
ド軍元トップ有望株、26年は“捕手＆一塁手＆外野手＆DH”も!?　専門メディア、ヤ軍の成功例から起用法提案「これが最善の策のように思える」（THE DIGEST）,https://news.yahoo.co.jp/articles/908e59ee7b98e2e926ba332cd31a36d655ad85b9,https://newsatcl-pctr.c.yimg.jp/t/amd-img/20251203-00105819-thedigest-000-4-view.jpg?exp=10800,2025-12-03T06:00:00+09:00,2025-12-03T06:00:04+09:00,THE DIGEST,thedigest,THE DIGEST,985,"メジャーデビューを果たすも、打撃面で苦戦が続いたラッシング。26年シーズンは飛躍の年になるか。(C)Getty Images
現地12月１日、ロサンゼルス・ドジャース専門メディア『Dodgers Way』が、24歳の捕手ダルトン・ラッシングの成長を促すための起用法を提案した。
【画像】大谷真美子さんら世界の美女がずらり！ 常勝軍団ドジャースの名手たちを支える“ゴージャスでセレブな妻＆パートナー”を一挙紹介！
正捕手のウィル・スミスが2033年までの長期契約を結んでいるため、今後もレギュラーポジションを得るのは難しいとされ、トレード候補としてよくメディア報道に名前が挙がっているのが現状だ。デビューシーズンの25年には出場53試合で打率.204、４本塁打、OPS.582を記録したが、期待を上回る成果とは言えなかった。
　
　そこで同メディアは、ニューヨーク・ヤンキースのベン・ライス捕手兼一塁手のケースがラッシングの参考になると説いた。24年にメジャーデビューしたライスは、50試合の出場でOPS.613とラッシングと同様に苦戦。しかし、２年目の25年シーズンには一塁手、捕手、指名打者の３つのポジションで138試合に出場して打率.255、OPS.836、26本塁打と期待に応え、ユーティリティー部門でシルバースラッガー賞のファイナリストに選ばれた。

　このような起用法を、26年のラッシングに採用するべきだと主張した。主力選手に休養を与える場合や、大差がついた場合、相手が右投手の場合などに捕手や一塁手、左翼手、指名打者として出場させるパターンだ。実際、25年シーズンは捕手として41試合、一塁手として８試合（うち先発１回）、指名打者として１試合に出場した。

　守備面はもちろん、打撃面でも成果が出ればバックアッパーとして起用を続けて選手価値を高め、成績が低迷するようならトレードデッドラインまでに放出するプランも考慮。「ドジャースが３連覇を見据えるなか、これが最善の策のように思える」とまとめた。

　ラッシングはマイナーリーグ時代、ライスとほぼ同じOPSを残していた（ラッシングが.933、ライスが.935）。限られた出場機会のなかで結果を出すことができれば、26年シーズンはラッシングにとって大きな転機になるだろう。

構成●THE DIGEST編集部",[],[]
今井達也の獲得を望むNYメディア「ヤンキースの出番がやってきた。いまほど絶好のチャンスはない」（THE DIGEST）,https://news.yahoo.co.jp/articles/c821cc9ae9bc68ce3c255cb40538b2b2e27af78c,https://newsatcl-pctr.c.yimg.jp/t/amd-img/20251203-00010001-thedigest-000-1-view.jpg?exp=10800,2025-12-03T05:30:37+09:00,2025-12-03T05:30:37+09:00,THE DIGEST,thedigest,THE DIGEST,656,"ヤンキースが獲得に動いていると言われている今井。写真：鈴木颯太朗
今井達也の獲得を心底望んでいるようだ。ニューヨークのスポーツメディア『Heavy』は、移籍先候補に挙がっているニューヨーク・ヤンキースに、日本人右腕の獲得を強く進言した。
【画像】大谷真美子さんら世界の美女がずらり！ 常勝軍団ドジャースの名手たちを支える“ゴージャスでセレブな妻＆パートナー”を一挙紹介！
「いまこそ奮起が必要だ。他球団が投手市場で大きな動きを見せているなか、ヤンキースは期待に応えるような動きを見せていない。内野手か外野手の新戦力を狙うと憶測が飛び交っているが、重要なのはマウンドかもしれない。その候補者は今井だ」

　今井を巡っては、複数球団が関心を示しているようだが、そのうちのひとつと言われてきたサンフランシスコ・ジャイアンツが争奪戦から撤退したという。同メディアは、「『ESPN』のバスター・オルニー記者によると、今井の移籍先候補のひとつと言われていたジャイアンツが、金額面を理由に争奪戦から降りたという」と報じ、「これは朗報だ」と喜んだ。


　さらに同じくライバルと見られていたトロント・ブルージェイズが、ディラン・シースと8年契約を結んだとの報道も持ち出し、「このニュースが真実であれば、ヤンキースにとってと朗報は、さらに大きいものとなった」と歓喜の声を挙げた。

「ヤンキースの出番がやってきた。いまほど絶好のチャンスはない」

　NYメディアは、今井の獲得を強く望んでいる。

構成●THE DIGEST編集部",[],[]
「皆さん、深呼吸を」 今井達也の獲得、ジャイアンツ撤退報道に地元メディアが落胆 大谷翔平ら日本人スターの獲得を「逃し続けてきた」（THE DIGEST）,https://news.yahoo.co.jp/articles/0e5e8b05c38c85ecac6f49c1cb153fcc3092ae38,https://newsatcl-pctr.c.yimg.jp/t/amd-img/20251203-00010000-thedigest-000-1-view.jpg?exp=10800,2025-12-03T05:00:09+09:00,2025-12-03T05:00:09+09:00,THE DIGEST,thedigest,THE DIGEST,695,"ジャイアンツの獲得見送りが報じられた今井。写真：鈴木颯太朗
“争奪戦”からの撤回報道に、落胆が広がっている。

　埼玉西武ライオンズから、ポスティングシステムを利用してメジャー移籍を目指す今井達也。サンフランシスコ・ジャイアンツが有力な移籍先候補の一つと見られてきたが、現地12月1日、米メディア『The Athletic』で同球団を担当するアンドリュー・バガリー氏は、次のように最新情報を伝えた。

「球団関係者によれば、ジャイアンツが複数の財政的な要因により、今井を獲得するのに必要な9桁（1億ドル、約150億円）の投資、あるいはフリーエージェント（FA）市場における他のトップ級投手への投資を見込んでいないようだ。代わりに球団は、より控えめな価格の代替案に焦点を当てている」 

　これを受け、地元放送局『NBC Sports Bay Area & California』は、「ジャイアンツファンの皆さん、深呼吸を」と記事内で読者に呼び掛け。「過去にも大谷翔平、山本由伸、佐々木朗希など、日本人スターの獲得を逃し続けてきた」と振り返り、獲得競争からの撤退に無念さをにじませている。

　さらに同局は、「この右腕の獲得に動くだろうという見方がリーグ全体で広がっていた」と報道以前の盛り上がりを強調。「2026年にオラクル・パークを新しいホームと呼ぶ投手は誰か？」と今後の補強に焦点を移し、「それを知るには時を待つしかない」と記事を結んでいた。

　去就が注目される今井は、はたして最終的にはどの球団を選ぶのだろうか。今後も、その動向から目が離せない。

構成●THE DIGEST編集部",[],[]
角田裕毅のシート喪失確定、26年はレッドブル・テスト兼リザーブドライバーに　ハジャーが昇格、レーシングブルズはリンドブラッドがF1デビューへ（THE DIGEST）,https://news.yahoo.co.jp/articles/0f4389345a295b506bb2e5bf5eac13343d0b62cd,https://newsatcl-pctr.c.yimg.jp/t/amd-img/20251203-00105802-thedigest-000-4-view.jpg?exp=10800,2025-12-03T00:12:00+09:00,2025-12-03T00:47:10+09:00,THE DIGEST,thedigest,THE DIGEST,636,"シート喪失が確定した角田。(C)Getty Images
角田裕毅のシート喪失が決定した。F1レッドブルは現地12月２日、来季のドライバー・ラインアップを発表し、現在セカンドシートに座る角田はテスト兼リザーブドライバーに降格。代わりにレーシングブルズのアイザック・ハジャーが昇格し、マックス・フェルスタッペンのチームメイトになる。
【画像】モデル、女優ら大物がズラリ…パドックを彩るF1ドライバーの“美しき妻や恋人たち”に注目！
古巣レーシングブルズも同日ドライバー・ラインアップを発表し、リアム・ローソンが残留し、新たにアービッド・リンドブラッドがF1デビューを飾る。
　
　レッドブルのリリースでローラン・メキース代表は以次のようにコメントした。

「ユウキはレッドブルドライバーとして７年間レースをし、両チーム（レーシングブルズ、レッドブル）でともに仕事をする機会を得た。これまでの５シーズンで、ユウキは完全なレーサーへと成長した。直近では土曜日の１周で好成績を収め、日曜日には卓越したスタートとレース技術を見せた。能力を秘めているのは、誰もが認めるところだろう。ユウキの人柄は伝染し、レッドブルファミリーの特別な一員となっている。レッドブルの全てを代表して、これまでの貢献に感謝したい。2026年プロジェクトにかけがえのないサポートを提供してくれると確信している」

　今季最終戦アブダビGPは日本時間７日午後10時開始予定だ。

構成●THE DIGEST編集部",[],[]
【現地取材】石川祐希は怪我により欠場もペルージャはストレート勝利　試合直後は軽傷を独占激白「無理せず回復に努めます！」（THE DIGEST）,https://news.yahoo.co.jp/articles/52878b41bc8711325471282877f26308ea66d74f,https://newsatcl-pctr.c.yimg.jp/t/amd-img/20251203-00105822-thedigest-000-4-view.jpg?exp=10800,2025-12-03T00:06:00+09:00,2025-12-03T00:10:51+09:00,THE DIGEST,thedigest,THE DIGEST,2749,"試合をみつめる石川とイタリア代表のロベルト・ルッソ。画像提供:Maurizio Lollini
現地11月30日、バレーボールのイタリアリーグ／スーペルレーガで2025-26シーズン前半８節が行なわれ、男子日本代表の主将・石川祐希が所属するシル スーザ スカイ・ペルージャは垂水優芽の所属先チステルナ・バレーとホームで対戦。セットカウント３-０（25-18、25-23、25-20）で今季３試合目のストレート勝利を収めて暫定首位をキープした。
　
　直近のモンツァ戦で２連敗から脱出し暫定首位（試合数+１）へ返り咲いたペルージャは、OH石川とMBのイタリア代表ロベルト・ルッソが故障によりベンチ外。司令塔がイタリア代表シモーネ・ジャンネッリ、OHはポーランド代表カミル・セメニウクと元ウクライナ代表オレフ・プロトニツキ、OPに元チュニジア代表ワシム・ベンタラ、MBがアグスティン・ロセルとセバスティアン・ソレのアルゼンチン同胞コンビ、Lは元イタリア代表マッシモ・コラチで先発を組んだ。〈S：セッター、OH：アウトサイドヒッター、OP：オポジット、MB：ミドルブロッカー、L：リベロ〉
【動画】ペルージャ、最新試合ハイライト
チステルナは、白星のすべてがフルセットマッチのため３勝４敗で並ぶパドヴァと勝点２差で10位（全12チーム）。昨季に主力メンバーだったフランス代表OPテオ・フォールとスペイン代表OHジョルディ・ラモンがそろってトレンティーノへ移籍するなどして、今季は8選手を入れ替えた。指揮官はトップリーグ初挑戦のダニエレ・モラート監督が務める。先発はOHのトルコ代表エフェ・バイラム、イタリア出身のSアレッサンドロ・ファニッツァMBダニエレ・マッツォーネの残留組と、新加入メンバーから元イタリア代表OHフィリッポ・ランザ、オランダ代表MBファビアン・プラク、OPトンマーゾ・グッツォとカナダ代表Lクーリエ・ランドンを起用した。
　
　この日は、国連が定めた “女性に対する暴力撤廃の国際デー”（11月25日）に賛同するリーグ声明をすべての会場で各チームの主将が読み上げた後に試合を開催した。

　第１セット、一進一退のまま前半を終えたペルージャはベンタラのエース1本を含む2連続得点の後、プロトニツキのブロックでブレーク。以降、レフト攻撃でリードを広げたセメニウクが終盤にサーブで相手のレセプションを苦しめて試合を先行した。

　中盤まで拮抗した展開となった第２セットは、好調なベンタラがブロック、ライト攻撃で自ら得点を挙げるとさらにサーブでジャンネッリのツーアタックを呼び込み16-12。だが、迎えた終盤に誤打が続きリードを手放し23-23まで一気に追い上げを許してしまう。それでも、ペルージャが浮足立つことはなかった。ソレがミスの直後に鋭い打球を叩き込みセットポイントを奪うと、相手のアタックがアンテナに触れてセット連取に成功。ブロック部門2位のMBマッツォーネを擁するチステルナに対し、被ブロック０本で白星に王手をかけた。

　３セット目は相手に粘られてブレークが開始直後の１本のまま試合が進む。なんとかリード１点を守るも終盤の入りにレセプションの乱れから15-16へ逆転を許してしまう。しかし、ソレの一打ですぐさま同点に戻すと、終盤にこの試合でアタック決定率83パーセントをマークすることになるベンタラが5得点を挙げてさらにエースでマッチポイントを奪取。最後は途中出場のチェコ共和国代表OHドノヴァン・ジャヴォロノクがレフトからスペースへ流し込み、ペルージャが今季３試合目のストレート勝利で２連勝を飾った。
記念撮影する石川（左）と垂水（右）。写真：佳子S.バディアーリ
ベンタラはこの試合を含め直近の勝利試合すべて（４試合）でMVPを獲得。第２セットでアタック決定率100パーセントを記録するなど圧倒的なパフォーマンスを続けている。絶好調なOPにトスがやや集中しがちなところだが、セメニウクとプロトニツキのOH２選手に復調が見られたことはペルージャにとって好材料となったはずだ。

　大阪ブルテオンからレンタル移籍でチステルナ２季目のOH垂水は、残念ながら出場機会のないまま試合を終えた。

　怪我により欠場を強いられた石川が取材に応じ、まずはエンド席から見守ったチームメイトたちの戦いぶりについてこのように評価した。

「サイドからの攻撃で決定率が前回の試合よりも非常に上がっていたと思います。改めてもう一度、トスの速さの改善に取り組んでいるところなので、その効果が出ていたなと感じました。シモーネ（・ジャンネッリ）から最初のトスをしっかりともらうために、やっぱり一発目のパスに高さを持たせなければいけないんですが、今日の試合はその高さが出せていました。非常にいいバレーができているなと思いながらコートの外から見ていました」

　そして、気になるのは負傷の状態。

「前日の練習でちょっと左膝を痛めてしまって。着地とかではなくて動きの中で痛めた感じですね。今朝（試合当日）MRI検査をして診断結果を待っているところです。軽いものだとは思っていて、またしっかり調整していきたいです」

　アスリートには予想できない故障が付き物とは言え、OH陣の中で最も数字を残こしつつ2季目の手ごたえを感じるパフォーマンスを続けていただけに本人も口惜しいはず。「チステル戦は先発入りを予想していた。悔しいですね」と伝えると、大きくうなづきながら「そうですね」を２度繰り返してこのように述べた。

「今回の試合に向けてしっかり準備をしていましたし、僕自身も出場する予定だと思っていたので、こういう結果になってしまって出れなかったのは残念です。けれど、シーズンは長いのでまずはしっかりとコンディションを整えて万全の状態でまたコートに立てるようにしたいと思います」
　
　試合翌日、診断結果について石川本人に改めて取材すると、重大な故障は確認されず違和感程度の軽傷でまったく心配はないとのこと。チームもさぞ胸をなでおろしたことだろう。今後はドクターやトレーナーと相談しながら、復帰へ向けて取り組むという。大事をとって少しの間コートから離れることになるが、まだシーズンは半ば。「無理をせず、回復に努めます！」と電話口から聞こえた明るい声に心底ほっとさせられた。

　最終節を前倒しで終えているペルージャのレギュラーシーズン前半戦は残すところ2試合。９節となる次戦（日本時間12月４日午前４時30分開始予定）で、ユアサバッテリー・グロッタッツォリーナとのアウェー戦に挑む。

取材・文●佳子S.バディアーリ",[],[]
