headline,mainEntityOfPage,image,datePublished,dateModified,author,media_en,media_jp,str_count,body,images,external_links
トランプ氏、ヒトラー「我が闘争」読んだことなし　反移民の言動で（CNN.co.jp）,https://news.yahoo.co.jp/articles/5c4063dae27a73713da2330fdccf50e6c928d7c0,https://newsatcl-pctr.c.yimg.jp/t/amd-img/20231221-35213108-cnn-000-1-view.jpg?exp=10800,2023-12-21T19:35:00+09:00,2023-12-21T19:35:00+09:00,CNN.co.jp,cnn,CNN.co.jp,551,\n米アイオワ州ウォータールーでの集会に臨んだトランプ前大統領\n（ＣＮＮ） 米大統領への返り咲きを狙うトランプ前大統領は２１日までに、「不法移民は我々の国の血を汚している」とあからさまな反移民の姿勢を改めて示した上で、ナチス・ドイツのヒトラーの著書「我が闘争」は一度も読んだことはないともつけ加えた。\n\n米アイオワ州ウォータールーでの集会で述べた。トランプ氏に関しては最近、反移民の考え方はヒトラーの模倣との批判が出ており、今回の発言は反論した形ともなっている。\n\nトランプ氏は集会で「不法移民は我々の国を滅ぼしており、これは事実だ」と主張。「我々の国の血を汚しており、それが彼らのやっていることだ」などと強調した。\n\nその上で「『我が闘争』を読んだことはない」とし、「ヒトラーはそうした言葉を用いているが、全く違った方法でだ」と続けた。\n\nトランプ氏はニューハンプシャー州で最近開いた集会でも不法移民をけなす同様の言動を示し、バイデン大統領の再選を目指す陣営は「ヒトラーの受け売り」と非難していた。\n\n前大統領はまた、同州で先月開いた集会で自らの政敵を「社会的な害虫」とまで形容。この言動は広範な批判を招き、バイデン大統領は「ナチス・ドイツ時代に耳にした言葉だ」と反発していた。,['https://newsatcl-pctr.c.yimg.jp/t/amd-img/20231221-35213108-cnn-000-1-view.jpg?pri=l&w=640&h=360&exp=10800'],['https://news.yahoo.co.jp/articles/5c4063dae27a73713da2330fdccf50e6c928d7c0/images/000']
ホリデーシーズン彩る「クリスマスツリー星団」、ＮＡＳＡの宇宙望遠鏡で撮影（CNN.co.jp）,https://news.yahoo.co.jp/articles/e3a91994c837b0699667b64cd6aa5fb64531ccd0,https://newsatcl-pctr.c.yimg.jp/t/amd-img/20231221-35213094-cnn-000-2-view.jpg?exp=10800,2023-12-21T20:30:00+09:00,2023-12-21T20:33:26+09:00,CNN.co.jp,cnn,CNN.co.jp,909,\n地球から２５００光年の距離にある若い星々からなる「クリスマスツリー星団」\n（ＣＮＮ） 米航空宇宙局（ＮＡＳＡ）の２つの宇宙望遠鏡が捉えた新たな画像が、クリスマスシーズンの盛り上げに一役買っている。１枚は緑色の光の中に浮かぶ星々の集まりがクリスマスツリーのように、もう１枚は矮小（わいしょう）銀河を形成する星々がスノードームの中で舞う粉雪のように写っている。\n【画像】無数の恒星が煌めく矮小銀河、ハッブル宇宙望遠鏡で撮影\nこのうちチャンドラＸ線観測衛星が撮影した天体は、地球から約２５００光年離れた「ＮＧＣ２２６４」。「クリスマスツリー星団」とも呼ばれる若い星々の集まりで、緑色に輝くガス状の星雲が周囲を取り巻くその姿は、電飾付きのクリスマスツリーさながらだ。\n\n星団内の星は誕生から１００万～５００万年経過しており、太陽より小さいものもあれば大きいものもある。\n\n今回の新たな合成画像は、ツリーの頂点が上方へ来るよう時計回りに１６０度回転させている。動画化したバージョンに見える青と白の明かりは、チャンドラが検知した若い星々が発するＸ線の光。ツリーを思わせるガス状の緑色の光は、アリゾナ州の砂漠に設置した別の望遠鏡が検知したものだ。\n\nもう１枚の画像は、ハッブル宇宙望遠鏡で撮影した「ＵＧＣ８０９１」と呼ばれる矮小銀河。無数の恒星を含むこの銀河はおとめ座に属し、地球から７００万光年の距離にある。\n\n不規則な恒星の配列は、無造作に絡まったクリスマスツリーの電飾のようにも見える。まるでクリスマスが終わった後、急いで片づけたかのようだ。こうした特徴は、ＵＧＣ８０９１が不規則銀河であることに由来する。不規則銀河は渦巻銀河や楕円（だえん）銀河のような構造的な外見を持たない。\n\n今回の画像はハッブル宇宙望遠鏡が捉えた異なる波長の光のデータを合成したもの。これらのデータは２００６年から２１年にかけて収集された。\n\nこのうち青い光は、新たに生まれた恒星から発せられている。一方、宇宙に染み出たようなピンクがかった赤い光は、若く活発な恒星からの光に影響されて高温化した水素分子の可能性がある。,['https://newsatcl-pctr.c.yimg.jp/t/amd-img/20231221-35213094-cnn-000-2-view.jpg?pri=l&w=640&h=360&exp=10800'],"['https://news.yahoo.co.jp/articles/e3a91994c837b0699667b64cd6aa5fb64531ccd0/images/000', 'https://www.cnn.co.jp/photo/l/1228121.html?utm_source=yahoonews&utm_medium=news_distribution&utm_campaign=contents_distribution_ynews_photo']"
米ワーナーとパラマウントのＣＥＯ、合併の可能性について協議（CNN.co.jp）,https://news.yahoo.co.jp/articles/90a34016803900cfd4772406c0aa0ee312a49eb5,https://newsatcl-pctr.c.yimg.jp/t/amd-img/20231221-35213107-cnn-000-2-view.jpg?exp=10800,2023-12-21T19:10:00+09:00,2023-12-21T23:15:22+09:00,CNN.co.jp,cnn,CNN.co.jp,599,\nワーナー・ブラザース・ディスカバリーのデービッド・ザスラフＣＥＯ\n（ＣＮＮ） 米メディア大手ワーナー・ブラザース・ディスカバリーのデービッド・ザスラフ最高経営責任者（ＣＥＯ）とパラマウント・グローバルのボブ・バキッシュＣＥＯが１９日に会談し、合併の可能性について協議を始めたことが分かった。事情に詳しい情報筋２人がＣＮＮに明らかにした。\n\nこの二大メディア企業が合併すれば、両社の傘下スタジオのほか、ＣＢＳやＣＮＮその他のケーブルテレビ資産を包括する巨大なエンタメ・ニュース会社が誕生する。\n\n協議はニューヨーク市タイムズスクエアにあるパラマウントのグローバル本社で、昼食を取りながら行われた。米ネットメディアのアクシオスが最初に報じた。\n\nワーナーとパラマウントの広報担当者はコメントを控えた。\n\n両社の合併でメディア業界に再び衝撃が走る可能性もあるが、協議自体は意外なことではない。ザスラフ氏はディスカバリーで複数の買収を手掛け、最近ではワーナー・ブラザース・ディスカバリーのコンテンツメニューを拡充する追加資産の取得に言及している。\n\n一方、パラマウントは現在のメディア環境で生き残るため、戦略パートナーを必要としている。パラマウントの親会社ナショナル・アミューズメンツの後継者であるシャリ・レッドストーン氏は、持ち株の売却について協議を進めていると報じられている。,['https://newsatcl-pctr.c.yimg.jp/t/amd-img/20231221-35213107-cnn-000-2-view.jpg?pri=l&w=640&h=360&exp=10800'],['https://news.yahoo.co.jp/articles/90a34016803900cfd4772406c0aa0ee312a49eb5/images/000']
ハマス活動資金を調達の「中心人物」殺害、空爆でイスラエル軍（CNN.co.jp）,https://news.yahoo.co.jp/articles/d33858fc20a6b3d283a39581362e057da786387f,https://newsatcl-pctr.c.yimg.jp/t/amd-img/default.jpg?exp=10800,2023-12-21T19:55:00+09:00,2023-12-21T19:55:00+09:00,CNN.co.jp,cnn,CNN.co.jp,457,\n（ＣＮＮ） イスラエル軍は２１日までに、交戦するイスラム組織「ハマス」の軍事部門に流れる資金の捻出で中心的な役割を果たしていたともみられる人物がガザ南部ラファの空爆で死亡したとの声明を発表した。\n\n死亡したのはスブヒ・フェルワナ氏で、標的を絞ったラファ中心部への空爆を実施した結果としている。声明は、金融業者として広く知られていた同氏は過去数年間、兄弟と共に両替企業を通じてハマスやその軍事部門への数千万ドル単位の送金に関与していたと主張した。\n\n空爆に巻き込まれ同じく死亡した人物の有無は不明となっている。\n\nハマスの軍事部門「カッサム旅団」はこれら送金に「頼っていた」とも指摘。フェルワナ氏は、送金は戦闘員の給料や軍事力の強化に振り向けられ、軍事部門の戦闘力の維持に不可欠な役目を担っていることは承知していたとも述べた。\n\n同氏が死亡したことでハマスの軍事部門の能力は結果的に衰退するだろうとも主張した。\n\nハマスはフェルワナ氏が殺害されたとの情報について即座にコメントは出していない。,[],[]
米、メキシコにつながる鉄道路線を一時閉鎖　急増の不法移民対策（CNN.co.jp）,https://news.yahoo.co.jp/articles/dfb26d07da2e06a54ba1ecdcd5e9ce1aa29a66e9,https://newsatcl-pctr.c.yimg.jp/t/amd-img/20231221-35213111-cnn-000-1-view.jpg?exp=10800,2023-12-21T21:30:00+09:00,2023-12-21T21:30:00+09:00,CNN.co.jp,cnn,CNN.co.jp,973,\n米テキサス州イーグルパスでリオグランデ川に架かるユニオン・パシフィック鉄道の鉄橋\n（ＣＮＮ） 米税関・国境警備局（ＣＢＰ）はメキシコからの移民らの不法越境などが急増しているとして、国境を接する米テキサス州からメキシコへ通じる国際鉄道路線の２カ所にある鉄橋を一時的に閉鎖する対策をこのほど打ち出した。\n\n鉄橋は同州イーグルパスとエルパソにある。今月１８日に始まった一時的な閉鎖措置が続く期間は伝えられていない。ＣＢＰは報道発表文で、越境する移民らの審査作業の支援に職員を差し向けるための措置とも述べた。\n\n米国土安全保障省当局者によると、同州デルリオで拘束した移民らは今月１７日には約３０００人、エルパソでは約１３００人に達した。結果的に連邦職員の人員の割り当てに支障が出る事態になったとも述べた。イーグルパスはデルリオの国境警備区域内にある。\n\nバイデン米政権は過去数週間内に、メキシコとの国境線上にある通関手続き地点を閉鎖し、車両や徒歩による入国を禁止した。イーグルパスやアリゾナ州ルークビル、カリフォルニア州サンイシドロの施設が対象だった。\n\nルークビルを含むアリゾナ州ツーソンの国境警備区域で今月の最初１４日間で拘束された移民らは３万７０００人以上に拡大した。ＣＢＰによると、この急増ぶりは多国籍的な犯罪組織などが広める虚報が背景にあるとも指摘した。\n\n人身売買組織は貨物列車を利用させて移民らをメキシコ内で移動させているとし、この懸念を抱かせる事態の進展に対処するため要員を大きく増やす新たな措置を講じていると主張した。\n\nＣＮＮの取材に応じたＣＢＰのオーエンス局長によると、今年１１月に通関手続きの場所で拘束された移民らは約１９万２０００人で、前月比で２％増を示していた。\n\n一方、鉄道業界の団体「米鉄道協会」は国境越しにメキシコと結ぶ鉄道路線の即時再開をバイデン政権に要求する声明を発表した。経済面で悪影響を及ぼすとし、米消費者への不利益につながるとも強調した。\n\n特に今回の閉鎖はイーグルパスなどを通じて１日２４本の運行を続けているユニオン・パシフィックを含む鉄道会社２社に最も直接的な打撃をもたらしていると説明。自動車部品、農産物、組み立てた自動車や化学製品などの物流が停滞していると論じた。,['https://newsatcl-pctr.c.yimg.jp/t/amd-img/20231221-35213111-cnn-000-1-view.jpg?pri=l&w=640&h=363&exp=10800'],['https://news.yahoo.co.jp/articles/dfb26d07da2e06a54ba1ecdcd5e9ce1aa29a66e9/images/000']
誤射された人質の母親、イスラエル軍にメッセージ　「あなた方の過ちでは全くない」（CNN.co.jp）,https://news.yahoo.co.jp/articles/42f2c9afde7d61847fadc2484c397676376fc611,https://newsatcl-pctr.c.yimg.jp/t/amd-img/20231221-35213097-cnn-000-3-view.jpg?exp=10800,2023-12-21T16:30:00+09:00,2023-12-21T18:53:53+09:00,CNN.co.jp,cnn,CNN.co.jp,764,\nイスラエル軍に誤って射殺された人質の一人で、ドラマーだったヨタム・ハイムさん\n（ＣＮＮ） パレスチナ自治区ガザ地区で先週イスラエル軍に誤って射殺された人質の一人の母親がこのほど、銃撃に関与した部隊にメッセージを送り、「今回起きたことはどれも、あなた方の過ちでは全くない」と呼び掛けた。\n【画像】母親のイリス・ハイムさん\n発言したのは、亡くなったヨタム・ハイムさん（享年２８）の母親イリスさん。この事案ではイスラム組織ハマスに拉致されたイスラエル人男性３人が犠牲になった。\n\nイリスさんは音声のメッセージで「あなたたちを深く愛している、遠くから抱きしめているとの思いを伝えたかった。今回起きたことはどれも、あなた方の過ちでは全くない。ハマス以外の誰の責任でもない。ハマスの名前と記憶が地球上から抹消されることを望む」と語った。\n\nさらに「ユダヤ民族を助ける最善の行動を自分たちが取っているということを常に念頭に置いてほしい。一瞬たりとも躊躇（ちゅうちょ）してはならない。テロリストを見つけたら、人質を殺害したことなど考えなくていい。あなた方は自分の身を守ることが必要。それが私たちを守る唯一の方法だから」と語った。\n\nイリスさんは、イスラエル国防軍（ＩＤＦ）が取った行動は「あの瞬間には正しかった可能性が高い」との見方を改めて表明。自分たち家族は「あなた方を裁いていないし、怒りもない」と言い添えた。\n\n死亡したハイムさんは音楽の才能に恵まれ、ヘビーメタルの愛好者だった。ドラム歴は２０年に上り、１０月７日にはテルアビブの音楽祭に出演する予定だった。最後に家族と話したのは同日午前。自宅が焼き払われたと告げた後、午前１０時４４分に連絡が途絶えた。人質家族会によると、ハマスに拉致されたのはその直後だった。,['https://newsatcl-pctr.c.yimg.jp/t/amd-img/20231221-35213097-cnn-000-3-view.jpg?pri=l&w=640&h=640&exp=10800'],"['https://news.yahoo.co.jp/articles/42f2c9afde7d61847fadc2484c397676376fc611/images/000', 'https://www.cnn.co.jp/photo/l/1228139.html?utm_source=yahoonews&utm_medium=news_distribution&utm_campaign=contents_distribution_ynews_photo']"
ガザ住民の半数、飢えに直面　食事なしの生活何日も　国連（CNN.co.jp）,https://news.yahoo.co.jp/articles/d7072216134613766d0214d31e9fc8850d2f7aad,https://newsatcl-pctr.c.yimg.jp/t/amd-img/20231221-35213105-cnn-000-1-view.jpg?exp=10800,2023-12-21T18:30:00+09:00,2023-12-21T18:30:00+09:00,CNN.co.jp,cnn,CNN.co.jp,773,\n慈善団体の用意した食料を求め、鍋をもって列に並ぶパレスチナ人の子どもたち\n（ＣＮＮ） 世界食糧計画（ＷＦＰ）は２１日までに、軍事衝突が続くパレスチナ自治区ガザ地区の住民の半数が飢えに苦しむ窮境にあると報告した。地区の人口は２００万人以上。\n\n同機関はＳＮＳ上で、イスラエル軍の爆撃にさらされる住民は食べ物を何日間も口にせず過ごす生活を強いられているとも強調。ガザに入ってくる援助物資は実際に必要な量のほんの一部も満たしていないと訴えた。\n\n中東などを担当するＷＦＰの責任者はカナダＣＢＣ放送との最近の会見で、ガザが必要とする食料のうちわずか１割分のみが過去７０日間に搬入されたにすぎないとも主張した。\n\nＷＦＰは２週間前、ガザ地区北部の家庭の９７％、同南部では８３％が不十分な量な食事にあえいでいると指摘。これ以降、居場所を失った数万人規模の住民が安全な居住環境を求めてガザ南端部のラファへ移ってきたと国連人道問題調整事務所（ＯＣＨＡ）はみている。結果的にラファは今やガザで最も人口過密の場所と化した。\n\nＯＣＨＡによると、ＷＦＰは１９日、ラファで基本的な食料をそろえたものを住民２３５０人に、温かい食事を１７５０人に配った。援助物資の配給所には食料、水、避難先や保護を頼めるすべに困っている数千人が並んだとし、居住先を追われた住民が身を寄せる非公式の退避場所や間に合わせの収容施設にはトイレや保健衛生対策の設備もないとした。\n\n国際人権団体「ヒューマン・ライツ・ウオッチ」は１８日、ガザで飢餓を戦争の武器として使っているとイスラエルを非難し、「戦争犯罪である」と指弾する報告書を公表していた。イスラエル政府の報道担当者は「うその主張」と切り捨て、物資不足はガザを実効支配するイスラム組織「ハマス」の責任と反論していた。,['https://newsatcl-pctr.c.yimg.jp/t/amd-img/20231221-35213105-cnn-000-1-view.jpg?pri=l&w=640&h=364&exp=10800'],['https://news.yahoo.co.jp/articles/d7072216134613766d0214d31e9fc8850d2f7aad/images/000']
ウェッブ望遠鏡が捉えた天王星の新画像、輪や衛星くっきり（CNN.co.jp）,https://news.yahoo.co.jp/articles/df3f5111c7d8b5aefc7037a92d179bf6db12b2d4,https://newsatcl-pctr.c.yimg.jp/t/amd-img/20231221-35213042-cnn-000-1-view.jpg?exp=10800,2023-12-21T14:45:00+09:00,2023-12-21T14:45:00+09:00,CNN.co.jp,cnn,CNN.co.jp,828,\nウェッブ宇宙望遠鏡が捉えた天王星の新たな画像。輝く輪や衛星が視認できる\n（ＣＮＮ） 米航空宇宙局（ＮＡＳＡ）のジェームズ・ウェッブ宇宙望遠鏡が捉えた天王星の新たな画像が公開された。通常は見えにくい天王星の輪、衛星、気象、大気といった特徴がくっきり写っている。\n写真特集：ジェームズ・ウェッブ望遠鏡が捉えた宇宙\nウェッブ望遠鏡は遠方の天体を子細に捉えた驚異的な画像で知られるが、太陽系についても新たな知見を明らかにすることが可能だ。\n\n人類が初めて天王星を鮮明に観測したのは１９８６年、ボイジャー２号によるフライバイ（接近通過）の時のこと。太陽系を可視光で捉えたボイジャー２号のカメラでは、天王星は鮮やかな青い世界のように見えた。\n\nしかし、肉眼では見えない赤外線を扱うウェッブ望遠鏡は、他の望遠鏡の画像では欠けていることが多い側面もすべて捉えており、天王星のダイナミックな性質が明らかになった。\n\n２０２２年に発表された報告書によると、天文学者は天王星に特化した探査ミッションの派遣を優先課題に位置付けている。\n\nそのためには、ミッション立案者は探査機を派遣する前に天王星について可能な限り情報を得ておく必要がある。ウェッブ望遠鏡による詳細な画像もその一例だ。ＮＡＳＡによって１８日に公開された画像には、４月に公開された以前の画像に比べさらに詳しい情報が含まれている。\n\n今回の画像では、通常はうっすらとしか見えない天王星の輪が明るく輝いている。天王星に最も近い位置にある暗くぼんやりした輪は「ゼータリング」だ。このほか、天王星で確認されている２７個の衛星のうち９個も青い点として視認でき、輪の内側に存在する小型衛星も写っている。\n\n天王星の衛星はシェイクスピアなどの作品の登場人物から命名されており、その中にはロザリンドやパック、ベリンダ、デズデモーナ、クレシダ、ビアンカ、ポーシャ、ペルディータといった名前が含まれる。,['https://newsatcl-pctr.c.yimg.jp/t/amd-img/20231221-35213042-cnn-000-1-view.jpg?pri=l&w=640&h=462&exp=10800'],"['https://news.yahoo.co.jp/articles/df3f5111c7d8b5aefc7037a92d179bf6db12b2d4/images/000', 'https://www.cnn.co.jp/photo/35213041.html?utm_source=yahoonews&utm_medium=news_distribution&utm_campaign=contents_distribution_ynews_photo']"
米政府、国際宇宙飛行士を月面着陸させる計画発表（CNN.co.jp）,https://news.yahoo.co.jp/articles/8034f33e713152fa6b15fd1d905b832454aed461,https://newsatcl-pctr.c.yimg.jp/t/amd-img/20231221-35213087-cnn-000-1-view.jpg?exp=10800,2023-12-21T15:30:00+09:00,2023-12-21T15:30:00+09:00,CNN.co.jp,cnn,CNN.co.jp,741,\n米国のカマラ・ハリス副大統領＝２０日、米航空宇宙局（ＮＡＳＡ）本部\n（ＣＮＮ） 米国のカマラ・ハリス副大統領は２０日、人類を再び月に送り込むことを目指す米航空宇宙局（ＮＡＳＡ）の「アルテミス計画」の一環として、米国人以外の宇宙飛行士１人を月面に着陸させると発表した。\n\n米政府は先に、月周回飛行には米国人以外の宇宙飛行士も送り込むと表明していたが、２０日の発表ではさらに一歩進んで、このうち１人を月面に着陸させる計画を明らかにした。\n\nハリス副大統領は２０日、米ホワイトハウスの国家宇宙会議の会合で、「米国人宇宙飛行士と並んで、国際宇宙飛行士をこの１０年の終わりまでに月面に着陸させる」と述べた。会合にはアントニー・ブリンケン国務長官やジェイク・サリバン米大統領補佐官（国家安全保障担当）も出席した。\n\nアルテミス計画では毎回４人の宇宙飛行士が宇宙船「オリオン」に搭乗する。だが全員が月面に降り立つわけではない。着陸するのは２人だけで、残る２人はオリオンまたは小型宇宙ステーションの「ゲートウェイ」で月の軌道のみを周回する。\n\nＮＡＳＡ当局者によると、欧州宇宙機関（ＥＳＡ）の宇宙飛行士はゲートウェイに搭乗する機会を３回、カナダ宇宙庁の宇宙飛行士はゲートウェイに搭乗する機会を１回とアルテミス２に搭乗する機会を１回、日本人宇宙飛行士はゲートウェイに搭乗する機会を１回、それぞれ与えられる。\n\nアルテミス２は来年１１月に打ち上げ予定。人類が月の軌道に入るのは、かつてのアポロ計画が終了して以来初めてとなる。同宇宙船にはカナダ宇宙庁のジェレミー・ハンセン宇宙飛行士が搭乗する。\n\n月面着陸を目指すアルテミス３の打ち上げは、早くても２０２５年末になる見通し。,['https://newsatcl-pctr.c.yimg.jp/t/amd-img/20231221-35213087-cnn-000-1-view.jpg?pri=l&w=640&h=426&exp=10800'],['https://news.yahoo.co.jp/articles/8034f33e713152fa6b15fd1d905b832454aed461/images/000']
トランプ氏、最高裁に特別検察官の要請退けるよう要求　自身の免責特権の審理巡り（CNN.co.jp）,https://news.yahoo.co.jp/articles/0bd1a11d9e9c147fa27d13ad3f005375f515d212,https://newsatcl-pctr.c.yimg.jp/t/amd-img/20231221-35213089-cnn-000-1-view.jpg?exp=10800,2023-12-21T13:46:00+09:00,2023-12-21T13:46:00+09:00,CNN.co.jp,cnn,CNN.co.jp,769,\n演説を行うドナルド・トランプ氏＝＝１７日、米ネバダ州リノ\n（ＣＮＮ） トランプ前米大統領は２０日、自身に免責特権があるかどうか最高裁に直ちに判断を下すよう特別検察官が要請した件について、これを退けるよう最高裁に求めた。\n\n２０２０年大統領選の結果を覆そうとしたとしてトランプ氏を刑事訴追しているスミス特別検察官は先週、トランプ氏の免責特権の有無に関して最高裁に審理を要請した。３月初めに予定されている裁判に向け、連邦高裁での審理を待たずに最高裁が判断を下す異例の措置を求めた形だ。\n\n裁判手続きの遅れにつながる試みをここまでの訴訟戦略の中心に据えるトランプ氏は２０日、法廷関連の文書の中で最高裁の裁判官に対し、スミス氏の要請を認めるべきではないと主張。控訴裁判所での審理を行わずに重要な問題の決定を下すのは妥当ではないとの見解を示した。\n\nトランプ氏の文書の提出を受け、最高裁の判事らは審理を行うかどうかいつでも公表が可能になる。仮に控訴裁より前の審理を控えたとしても、この問題はすぐに最高裁に持ち込まれる公算が大きい。控訴裁はかねて、当該の件を迅速に審理する意向を明らかにしているからだ。\n\nＣＮＮの最高裁担当アナリストでテキサス大学法科大学院教授のスティーブ・ブラデック氏は、スミス氏の要請に対するトランプ氏の反対が最高裁の審理のタイミングに焦点を当てているのは驚くに値しないと指摘。免責特権の有無を巡り、最終的に最高裁が判断を下す必然性には異を唱えていないと説明した。\n\nトランプ氏の弁護士チームは文書の中で、迅速な審理の重要性を認めつつ、それが結果の重要性を上回ることはないと強調。「本件が政治的紛争の渦の中で生じた事実を考慮すれば、手続きに慎重を期すのは当然だ。事を急いではならない」との認識を示した。,['https://newsatcl-pctr.c.yimg.jp/t/amd-img/20231221-35213089-cnn-000-1-view.jpg?pri=l&w=640&h=384&exp=10800'],['https://news.yahoo.co.jp/articles/0bd1a11d9e9c147fa27d13ad3f005375f515d212/images/000']
イスラエル軍に射殺された人質の声、軍用犬に装着のカメラが傍受していた（CNN.co.jp）,https://news.yahoo.co.jp/articles/47c27d45d4bb258d0ca7857705961b639e682087,https://newsatcl-pctr.c.yimg.jp/t/amd-img/20231221-35213082-cnn-000-2-view.jpg?exp=10800,2023-12-21T12:45:00+09:00,2023-12-21T14:38:30+09:00,CNN.co.jp,cnn,CNN.co.jp,620,\nパレスチナ自治区ガザ地区でイスラエル軍に誤って撃たれ亡くなった３人\n（ＣＮＮ） イスラエル軍の報道官は、パレスチナ自治区ガザ地区でイスラエル軍が誤って射殺した３人の人質の声が、軍用犬の装着していたゴープロのカメラに収録されていたことを明らかにした。\n\nカメラの映像はイスラエル軍が１９日に発見。人質３人が拘束されていた場所で、イスラエル軍とハマスが交戦した際に収録されたものだった。カメラを装着されていた犬は、この戦闘で死んだ。\n\nイスラエル軍のダニエル・ハガリ報道官はこの映像について「音声を分析した結果、３人の人質の声だったことが確認された」と語った。人質が話していた内容は明らかにしなかった。\n\n３人の人質を拘束していた戦闘員はイスラエルとの交戦で死亡し、そのために人質が脱出できたようだとハガリ報道官は説明する。\n\nイスラエル国防軍は、ガザ地区で１５日に誤って３人の人質を射殺したことを認めていた。\n\nイスラエル国防軍当局者が１６日に記者団に語ったところでは、人質３人はイスラエルの部隊から数十メートル離れた建物から姿を現した。シャツを脱いで白旗を振っていたという。\n\nしかし兵士少なくとも１人が恐怖に駆られて発砲し、男性３人のうち２人を即死させた。残る１人は建物の中に駆け戻った。ヘブライ語で助けを求める声が聞こえたために、指揮官が銃撃の制止を命じたが、再び銃撃が再開。３人目の人質もその後死亡した。,['https://newsatcl-pctr.c.yimg.jp/t/amd-img/20231221-35213082-cnn-000-2-view.jpg?pri=l&w=640&h=360&exp=10800'],['https://news.yahoo.co.jp/articles/47c27d45d4bb258d0ca7857705961b639e682087/images/000']
米研究所、核融合点火の再現に成功　無限のクリーンエネルギーに期待（CNN.co.jp）,https://news.yahoo.co.jp/articles/2efd09fae9b9e7d379a6e766df600d317a3fcef8,https://newsatcl-pctr.c.yimg.jp/t/amd-img/20231221-35213084-cnn-000-2-view.jpg?exp=10800,2023-12-21T12:15:00+09:00,2023-12-21T12:18:19+09:00,CNN.co.jp,cnn,CNN.co.jp,1001,\n米ローレンスリバモア国立研究所の国立点火施設\n（ＣＮＮ） 米ローレンスリバモア国立研究所は、核融合反応を通じて使用した量を上回るエネルギーを生み出す「点火」の再現に成功したと発表した。もしも実用化できれば、無限に近いクリーンエネルギーを世界に供給することも可能になると期待される。\n【画像】国立点火施設の内部の様子\nローレンスリバモア国立研究所の国立点火施設は昨年１２月、使用した量以上のエネルギーを放出する核融合点火に世界で初めて成功。同施設の今年１２月の報告によれば、今年に入り、少なくとも３回にわたって核融合点火の再現に成功した。\n\n核融合エネルギーは実質的に、地球に降り注ぐ太陽の力を再現するもので、長年にわたって研究が続けられている。\n\n昨年、エネルギーの純増を達成したことで、次はこのプロセスが再現できると証明することが課題となっていた。\n\n核融合は、原子力発電所で使われている核分裂と異なり、長寿命の放射性廃棄物が残存しない。\n\n核融合は太陽などの恒星で起きている反応で、複数の原子を衝突させて密度の高い原子を生成し、その過程で大量のエネルギーを放出する。\n\n国立点火施設では、水素燃料のペレットが入ったコショウの実ほどの大きさのダイヤモンドカプセルを金のシリンダーに入れ、２００本近いレーザーを照射。シリンダーの外部をレーザーで加熱して超高速の爆発を連鎖させ、大量のエネルギーを熱として発生させた。\n\n２０２２年１２月の実験では、約２メガジュールのエネルギーを使って反応を引き起こし、計３．１５メガジュールのエネルギーを発生させた。これはやかん１０個ほどの水を沸騰させられる程度の量だったが、点火を成功させ、レーザー融合によってエネルギーが生成できることを実証した。\n\nその後、今年７月３０日には約２メガジュールの照射によって、これまでで最高となる３．８８メガジュールのエネルギーを発生させることに成功。続いて１０月にも２回の実験で純増を達成した。\n\n「これで国立点火施設が一貫してマルチメガジュールの水準で融合エネルギーを生産できることが実証された」と報告書は述べている。\n\nただ、核融合が発電や暖房に利用できるようになるのはまだずっと先になる見通しだ。現時点では核融合プロジェクトの劇的な拡大やコストの大幅な引き下げが焦点となっている。,['https://newsatcl-pctr.c.yimg.jp/t/amd-img/20231221-35213084-cnn-000-2-view.jpg?pri=l&w=640&h=388&exp=10800'],"['https://news.yahoo.co.jp/articles/2efd09fae9b9e7d379a6e766df600d317a3fcef8/images/000', 'https://www.cnn.co.jp/photo/l/1173030.html?utm_source=yahoonews&utm_medium=news_distribution&utm_campaign=contents_distribution_ynews_photo']"
エルメス５代目、庭師を養子にして財産相続させる計画か　（CNN.co.jp）,https://news.yahoo.co.jp/articles/03a8e64c2b833c271e447a1c82854526725dcc18,https://newsatcl-pctr.c.yimg.jp/t/amd-img/20231221-35213085-cnn-000-6-view.jpg?exp=10800,2023-12-21T13:04:00+09:00,2023-12-21T19:18:39+09:00,CNN.co.jp,cnn,CNN.co.jp,778,\nエルメスの創業者一族のニコラ・ピュエシュ氏\nロンドン（ＣＮＮ） フランスの高級ブランド、エルメスの創業者一族のニコラ・ピュエシュ氏（８０）が自身の庭師を養子にする手続きを開始したと報じられている。資産約１２０億ユーロ（約１兆８８００億円）のうち少なくとも半分を相続させる計画だという。\n【画像】ピンクの「バーキン」、バッグ史上最高額で落札\nピュエシュ氏はエルメス創業者の５代目の子孫。自身が創設したイソクラテス財団に遺産を贈与する契約を破棄し、庭師を法定相続人にしたいとの意向を示している。\n\nスイス紙トリビューン・ド・ジュネーブなどが今月、この件について報じた。\n\nイソクラテス財団はピュエシュ氏の計画に異議を唱え、これについては最近知ったばかりだと説明。ＣＮＮに寄せた声明で「法的観点からは、遺産贈与契約の一方的な取り消しは無効であり根拠がない」「従って、当財団は契約取り消しに反対するが、創設者との協議の余地は残す」と表明した。\n\nイソクラテス財団は２０１１年にピュエシュ氏によって設立された。公式ウェブサイトによると、「健全なデジタル公共空間」の実現に取り組む公益ジャーナリズムや市民団体を支援しているという。\n\n知られている限り、ピュエシュ氏に子どもはない。報道によれば、イソクラテス財団とピュエシュ氏の契約は、同氏が保有するエルメスの株式を財団に遺産として贈与するとの内容。\n\nピュエシュ氏はエルメス株の５．７％を保有しているとされる。新型コロナウイルス禍収束後の高級品ブームを追い風に、エルメスの時価総額は２１１０億ユーロ近くに上昇しており、ピュエシュ氏の保有株の価値はおよそ１２０億ユーロに上る。\n\n先月公表された米ブルームバーグ通信の年間ランキングによると、エルメス創業者一族は世界で３番目に裕福な家族。,['https://newsatcl-pctr.c.yimg.jp/t/amd-img/20231221-35213085-cnn-000-6-view.jpg?pri=l&w=640&h=425&exp=10800'],"['https://news.yahoo.co.jp/articles/03a8e64c2b833c271e447a1c82854526725dcc18/images/000', 'https://www.cnn.co.jp/photo/l/636984.html?utm_source=yahoonews&utm_medium=news_distribution&utm_campaign=contents_distribution_ynews_photo']"
トランプ氏の出馬資格認めないコロラド州の判決、共和党ライバルの反応は？（CNN.co.jp）,https://news.yahoo.co.jp/articles/ad91bfc2153cddbfde05f97f5d6739fccb18d8ef,https://newsatcl-pctr.c.yimg.jp/t/amd-img/20231221-35213076-cnn-000-5-view.jpg?exp=10800,2023-12-21T11:27:00+09:00,2023-12-21T23:22:05+09:00,CNN.co.jp,cnn,CNN.co.jp,1306,\n元米サウスカロライナ州知事のニッキー・ヘイリー氏＝１９日、米アイオワ州エージェンシー\n（ＣＮＮ） 米コロラド州最高裁が２０２４年大統領選に向けた州予備選の投票用紙からトランプ前大統領の名前を除外する判断を下したのに対し、共和党の候補指名を争うライバルはおおむねトランプ氏支持に回った。\n【写真】米フロリダ州のデサンティス知事\nただ、フロリダ州のロン・デサンティス知事は２０日午前、コロラド州の判決を批判しつつも、判決を機にトランプ氏が大統領選で勝利できるのか疑問視する姿勢を表明。トランプ氏を候補に指名すれば、２４年大統領選は「この法律問題一色」になると主張した。\n\nトランプ氏のライバルたちの反応は、共和党指名レースの最初の投票をわずか数週間後に控え、綱渡りの対応を迫られていることを示す。法的問題が絶えないトランプ氏だが、党の支持基盤からの人気は根強い。ライバルたちはトランプ氏を擁護しつつ、党は前に進む時だと訴える必要がある。\n\nアイオワ州で遊説中のデサンティス氏はコロラド州の判決について、予備選でトランプ氏への支持を固めるための民主党の陰謀だと主張。民主党はトランプ氏を最も負かしやすい共和党候補とみていると指摘した。\n\nさらに、他州の最高裁も同様にトランプ氏を投票用紙から排除しようと試みる可能性があるとの見方を示し、トランプ氏以外の候補を指名すれば「我々は勝利の最大のチャンスを手にする」と強調した。\n\nコロラド州最高裁は１９日、トランプ氏は憲法上、来年の州予備選に出馬する資格がないと判示。理由として、反乱者の公職就任を禁じた合衆国憲法修正第１４条の規定が２１年１月６日の連邦議会襲撃事件に適用されるとの見解を示した。\n\nこの問題に関して最終的な決定権を持つのは連邦最高裁だが、コロラド州の判決は、２０年大統領選を覆す試みを巡りトランプ氏が新たな水準の説明責任を求められていることを示す。\n\nバイデン大統領は２０日、トランプ氏の再選出馬資格を巡る判断は裁判所に委ねるとしつつも「彼は間違いなく反乱を支持した。それについて疑問の余地はない。ゼロだ」と述べた。\n\nトランプ政権で国連大使を務めたニッキー・ヘイリー前サウスカロライナ州知事は、コロラド州の判決のような介入なしに「正々堂々と」かつての上司に勝ちたいと表明した。\n\n今回の共和党指名レースでトランプ氏批判の急先鋒（せんぽう）になっているクリス・クリスティー前ニュージャージー州知事は２０日、「国民は自分たちの権利が奪われる前に裁判を受ける権利がある」と指摘。かねてトランプ氏を批判してきたクリスティー氏の立場を考えれば「直感的に理解しづらい」コメントかもしれないと認めつつも、トランプ氏を投票用紙から除外するのは「この国にとって悪い」選択だとの認識を示した。\n\n他の候補に比べトランプ氏寄りの立場を取る実業家のビベック・ラマスワミ氏はコロラド州の判決について、「民主主義への攻撃」「選挙介入」に当たると批判。トランプ氏の名前が投票用紙に記載されないなら、コロラド州予備選から撤退すると言明した。,['https://newsatcl-pctr.c.yimg.jp/t/amd-img/20231221-35213076-cnn-000-5-view.jpg?pri=l&w=640&h=426&exp=10800'],"['https://news.yahoo.co.jp/articles/ad91bfc2153cddbfde05f97f5d6739fccb18d8ef/images/000', 'https://www.cnn.co.jp/photo/l/1228035.html?utm_source=yahoonews&utm_medium=news_distribution&utm_campaign=contents_distribution_ynews_photo']"
イスラエル、１週間の戦闘休止を提案　ハマス幹部がエジプト訪問（CNN.co.jp）,https://news.yahoo.co.jp/articles/f62a36d848b30144098d6d389d080fb6cfdaf3df,https://newsatcl-pctr.c.yimg.jp/t/amd-img/20231221-35213080-cnn-000-1-view.jpg?exp=10800,2023-12-21T11:53:00+09:00,2023-12-21T11:53:00+09:00,CNN.co.jp,cnn,CNN.co.jp,525,\nイスラエルのネタニヤフ首相＝１７日、イスラエル・テルアビブ\n（ＣＮＮ） イスラエルがパレスチナ自治区ガザ地区のイスラム組織ハマスによる人質の解放と引き換えに、一時的な戦闘休止を提案した。交渉に詳しい関係者がＣＮＮに明らかにした。\n\nこの展開は、ガザの軍事作戦を再開して人質交渉を中断していたイスラエルの姿勢の変化を物語る。\n\n一方、ハマスの幹部は２０日、仲介役のエジプトを訪問した。\n\nイスラエル側は、女性を含む人質の段階的な解放を提案。いずれ全員の解放を実現することを目指している。\n\nただし、すぐにも合意が成立する状況ではないと関係者は強調し、提案に関する協議は交渉の始まりにすぎないと説明した。\n\n別の関係者によると、イスラエル側は仲介役のカタールを通じ、１週間の戦闘休止と引き換えに人質を解放する案をハマス側に持ち掛けている。\n\nハマスは２０日、テレグラムに掲載した声明の中で、イスマイル・ハニヤ政治局長がエジプト当局者との交渉のためカイロ入りしたと発表した。\n\nイスラエル当局者によれば、ハマス側は人質の解放と引き換えに、イスラエルの刑務所に収監されているパレスチナ人女性や１０代の若者の釈放を求めている。,['https://newsatcl-pctr.c.yimg.jp/t/amd-img/20231221-35213080-cnn-000-1-view.jpg?pri=l&w=640&h=426&exp=10800'],['https://news.yahoo.co.jp/articles/f62a36d848b30144098d6d389d080fb6cfdaf3df/images/000']
ハマス「排除」まで戦闘継続　ネタニヤフ首相（CNN.co.jp）,https://news.yahoo.co.jp/articles/86f1644a7048aa07cb5e00f74a14c27baaed6c54,https://newsatcl-pctr.c.yimg.jp/t/amd-img/20231221-35213069-cnn-000-1-view.jpg?exp=10800,2023-12-21T10:29:00+09:00,2023-12-21T10:29:00+09:00,CNN.co.jp,cnn,CNN.co.jp,414,\nイスラエルのネタニヤフ首相＝１７日、イスラエル・テルアビブ\n（ＣＮＮ） 国連安全保障理事会でパレスチナ自治区ガザ地区での停戦を求める決議案の採決が予定されている中、イスラエルのネタニヤフ首相は２０日、イスラム組織ハマスが「排除」されるまで戦闘を継続する意向を示した。\n\nネタニヤフ氏は「我々は最後まで戦争を継続する。ハマスが排除されるまで、我々が勝利するまで戦い続ける」とビデオ声明で表明した。\n\n安保理での決議案の採決は当初１８日に予定されていたが、最終的な文言をめぐる協議が続き、数回延期されている。アラブ首長国連邦（ＵＡＥ）が提出した決議案には当初「敵対行為の停止」の要求が含まれていたとされている。\n\n国連安保理はガザへの人道支援を促進することを目的に、決議案の採決を行う予定。\n\n決議案が採択されるには、停戦を求める以前の決議案に拒否権を行使した米国が賛成票を投じるか、または棄権する必要がある。,['https://newsatcl-pctr.c.yimg.jp/t/amd-img/20231221-35213069-cnn-000-1-view.jpg?pri=l&w=640&h=426&exp=10800'],['https://news.yahoo.co.jp/articles/86f1644a7048aa07cb5e00f74a14c27baaed6c54/images/000']
病院近くで連続爆発、数人死亡か　避難者集まるガザ南部（CNN.co.jp）,https://news.yahoo.co.jp/articles/41f12a0c35eade29709c532724694f380ee0b0d8,https://newsatcl-pctr.c.yimg.jp/t/amd-img/20231221-35213065-cnn-000-1-view.jpg?exp=10800,2023-12-21T09:20:00+09:00,2023-12-21T09:20:00+09:00,CNN.co.jp,cnn,CNN.co.jp,669,\nイスラエル軍からの攻撃により立ち上る煙＝２０日、パレスチナ自治区ガザ地区\n（ＣＮＮ） パレスチナ自治区ガザ地区からの複数の映像によると、南部ラファ地区にあるクウェート病院の近くなど数カ所で２０日、大きな爆発が立て続けにあった。\n写真特集：イスラエル・ハマス紛争\nラファ地区にいるジャーナリストによると、爆発はイスラエル軍の空爆によるもので、数人が死亡したという。\n\nＣＮＮが撮影場所を特定した映像には、激しく損壊した住居とみられる建物が映っている。映像とジャーナリストの証言から、クウェート病院近くにあるモスク（イスラム教礼拝所）も攻撃を受けた模様。\n\nロイター通信の映像には、煙と粉塵（ふんじん）の中を人々が走って逃げる様子や、負傷した子どもらが救急車に乗せられている様子が映っている。ある女性は同通信の取材に「料理をしていただけ。私たちのところには、シャルキヤから避難してきた人以外、誰もいない」と語った。\n\n映像にはまた、爆発に巻き込まれた人々を助けようと、がれきをはい上がる男性らの姿も映っている。\n\nカタールの衛星テレビ局アルジャジーラは、ミサイルの音が上空で響いた時、周辺でライブ中継していた。ＣＮＮが撮影場所を特定した中継映像では、人々が身をかがめて見上げると、近くで激しい爆発が立て続けに起こった。\n\nＣＮＮはイスラエル軍に、空爆であるとすれば標的は何だったのか問い合わせている。\n\nラファ地区はガザ南部に位置し、イスラエル軍の勧告に従ってガザ各地から避難して来た人々が多く集まっている。,['https://newsatcl-pctr.c.yimg.jp/t/amd-img/20231221-35213065-cnn-000-1-view.jpg?pri=l&w=640&h=426&exp=10800'],"['https://news.yahoo.co.jp/articles/41f12a0c35eade29709c532724694f380ee0b0d8/images/000', 'https://www.cnn.co.jp/photo/35212042.html?utm_source=yahoonews&utm_medium=news_distribution&utm_campaign=contents_distribution_ynews_photo']"
国連安保理、ガザの戦闘停止求める決議案採決を再び延期　米が対応検討（CNN.co.jp）,https://news.yahoo.co.jp/articles/15f048b08e81f3bf5d54a7a2cf48a64b8f6064cf,https://newsatcl-pctr.c.yimg.jp/t/amd-img/20231221-35213074-cnn-000-2-view.jpg?exp=10800,2023-12-21T10:59:00+09:00,2023-12-21T11:40:27+09:00,CNN.co.jp,cnn,CNN.co.jp,512,\nイスラエル南部見たパレスチナ自治区ガザ地区＝１６日\nワシントン（ＣＮＮ） 国連安全保障理事会は２０日、パレスチナ自治区ガザ地区での戦闘の一時停止と人道支援強化を求める決議案の採決を再び延期した。延期は今週に入って３度目。米国のバイデン大統領は、米国が同決議案を支持するかどうかについてはまだ決着していないと述べた。\n\n再度の採決延期は、イスラエルの軍事作戦継続に対する非難と解釈できる決議案に賛成することを米国が躊躇（ちゅうちょ）している表れだった。当初週明けに予定されていた採決は、２１日に延期になった。\n\n外交関係者がＣＮＮに語ったところによると、決議案をめぐり交渉の焦点となっているのは、「敵対行為の停止」という文言と、「国連事務総長の権限の下、ガザ地区で必要な人員と設備を備えた監視機構の確立」を求める内容。\n\nバイデン大統領は２０日、訪問先のウィスコンシン州ミルウォーキーで「我々は今現在、国連で決議案の輪郭について協議している。我々が合意できるかもしれない決議案だ」と記者団に語った。\n\n停戦を求める決議案をめぐって米国はこれまで国連安保理で拒否権を発動し、国連総会では反対票を投じていた。,['https://newsatcl-pctr.c.yimg.jp/t/amd-img/20231221-35213074-cnn-000-2-view.jpg?pri=l&w=640&h=427&exp=10800'],['https://news.yahoo.co.jp/articles/15f048b08e81f3bf5d54a7a2cf48a64b8f6064cf/images/000']
ガザの子ども、飲み水は「極めて少量」　ユニセフ（CNN.co.jp）,https://news.yahoo.co.jp/articles/feb760865572e350d9660894d9ac136d8694629c,https://newsatcl-pctr.c.yimg.jp/t/amd-img/20231221-35213067-cnn-000-1-view.jpg?exp=10800,2023-12-21T09:53:00+09:00,2023-12-21T09:53:00+09:00,CNN.co.jp,cnn,CNN.co.jp,662,\n空のボトルを手に水汲みの列に並ぶパレスチナ人の子どもたち＝５日、パレスチナ自治区ガザ地区ラファ\n（ＣＮＮ） 国連児童基金（ＵＮＩＣＥＦ＝ユニセフ）は２０日、パレスチナ自治区ガザ地区の子どもたちが１日に使える水の量は通常の約１０％で、「極めて少量しか飲めない」状況にあると警告した。\n\nユニセフの声明には「ガザ地区南部に最近避難してきた子どもたちが使える水は１日に１.５～２リットルだけ」とある。\n\nユニセフによると、飲用や洗濯、料理などのために１日あたり必要とされる水は最低でも１５リットル。生存するためだけでも最低３リットルが必要という。\n\nユニセフはガザ地区の水道や公衆衛生のサービスは「崩壊寸前」と指摘した上で、子どもたちは脱水症状や下痢、病気、栄養失調になりやすいため、これらの要因が重なって子どもたちの生存をおびやかす可能性があると警鐘を鳴らしている。\n\n安全な水の不足に加え、このほど発生した洪水などの影響もあり、コレラや慢性の下痢など水を介した病気が特に懸念されるという。\n\n世界保健機関（ＷＨＯ）は１２日、ガザ地区の５歳未満の子ども１６万～１６万５０００人に下痢の症状があり、この数字は通常よりも「はるかに多い」と指摘した。\n\nユニセフのラッセル事務局長は「安全な水がなければ、今後数日でより多くの子どもが水不足と病気で命を落とす」と窮状を訴えた。\n\nイスラエルは以前、「国内から水の直接供給」を含め、ガザ地区で「さまざまな人道支援の取り組みを促進している」と説明している。,['https://newsatcl-pctr.c.yimg.jp/t/amd-img/20231221-35213067-cnn-000-1-view.jpg?pri=l&w=640&h=449&exp=10800'],['https://news.yahoo.co.jp/articles/feb760865572e350d9660894d9ac136d8694629c/images/000']
