headline,mainEntityOfPage,image,datePublished,dateModified,author,media_en,media_jp,str_count,body,images,external_links
沢口愛華「車の免許を取得中。母とレイクタウンに行く約束を」（SmartFLASH）,https://news.yahoo.co.jp/articles/a1645ba79b6a8be90033637f36672ef06fd1144b,https://newsatcl-pctr.c.yimg.jp/t/amd-img/20251011-00000043-flash-000-1-view.jpg?exp=10800,2025-10-11T20:00:35+09:00,2025-10-11T20:00:35+09:00,SmartFLASH,flash,SmartFLASH,982,"沢口愛華
「8月末でデビューから丸8年がたって、9年めに入ったんです。デビュー当時はグラビア撮影がすごく多かったんですけど、ほかの仕事が忙しくなったりであまりやっていなかった時期もあって。ただ、いちばん長く続けているのはグラビアですし、どの現場も本当に楽しくて、やっぱりグラビアが好きですね」

　デビューから間もない15歳で「ミスマガジン2018」のグランプリに輝き、いまや押しも押されもしないグラビアクイーンとなった沢口愛華。表情、ポージング、スタイルと、あらゆる要素が進化を続け、「いまは本当にいいペースでやらせてもらっていて。ご飯もちゃんと食べて健康的に過ごしながら、いい感じに絞れていますし、仕事と私生活のバランスがちょうどいいんだなと思います。先日ピラティスに行ったら、これまでは翌日になっていた筋肉痛が翌々日にきたことが少しショックでしたけど（笑）」と、充実の時を迎えている。

「最近はスーパーフォーミュラや世界ラリー選手権みたいなモータースポーツのレポーターをやらせていただくことが増えてきたんです。もともと好きで観ていたので、それが仕事になっていることが嬉しくて。私自身も、期限ギリギリでしたけど、自動車学校を卒業したので、もうすぐ車の免許を取れるんですよ。まずは、お母さんと（埼玉県越谷の）レイクタウンに行く約束をしています。あと、今年中に友達と出雲大社に旅行に行く予定なので、『運転代わるよ』と早く言いたいです（笑）。これからも、仕事も私生活もちゃんと楽しんでいきたいですね」


さわぐちあいか
22歳　2003年2月24日生まれ　愛知県出身　T155　「ミスマガジン2018」でグランプリを受賞。以降、グラビアアイドルとして各誌を席巻。現在は、グラビアに加え、10月2日スタートのドラマ『御社の乱れ正します！ 2』（BS-TBS）出演、スーパーフォーミュラ公式アプリ「SFgo」アンバサダーなど、幅広く活躍している。そのほか最新情報は、公式X（@sawa_aika827）、公式Instagram（@sawaguchi_aika_official）にて

写真・YUJI TAKEUCHI（BALLPARK）
スタイリスト・笹谷監子
ヘアメイク・木部明美（PEACE MONKEY）
週刊FLASH 2025年10月21日・28日合併号",[],[]
奈月セナ”圧倒的グラビア女王“のもう一つの顔「投資を勉強中。NISAを始めました」（SmartFLASH）,https://news.yahoo.co.jp/articles/7fdaf393e25c4276c30f692ce01d908ebdf84ae8,https://newsatcl-pctr.c.yimg.jp/t/amd-img/20251011-00000042-flash-000-1-view.jpg?exp=10800,2025-10-11T20:00:21+09:00,2025-10-11T20:00:21+09:00,SmartFLASH,flash,SmartFLASH,704,"奈月セナ
「グラビアはすごく久しぶり。以前は撮られることで精一杯だったんですけど、今は感情を乗せて表現することができるようになったかなと思っています。あの頃は20代中盤でしたが、今はもう20代最後の年齢。外見も内面も変わって、新しい気持ちで撮影に臨めました」

　圧巻のプロポーションを誇るグラビア女王・奈月セナ。女優としても活躍する彼女は、10月から放送のドラマ『そこから先は地獄』（日本テレビ系）に出演する。

「私が演じる進藤奏子は、言ってしまえば悪女。でもすごく人間らしい部分もあって、いろいろな葛藤をしながら生きている女性です。私は役作りをするときはいつもその役の生い立ちから考えます。家庭環境や学校、どんな人間関係を築いてきたのか……。ひとつひとつ想像して人物像を探るようにしています」

　プライベートでは「将来を見据えた投資をしたい」と堅実な一面ものぞかせる。

「最近NISAを始めたばかりなんです。この物価高の世の中を生きていくために、投資はもっと勉強したいです！」


なつきせな
29歳　1996年5月30日生まれ　岐阜県出身　T172　2018年にグラビアデビューをすると、類まれなるプロポーションが注目を集めグラビア界を席巻。女優としても活躍しており、2024年公開の映画『痴人の愛』ではヒロインを熱演。10月7日から放送のドラマ『そこから先は地獄』（日本テレビ系）にも出演する。そのほか最新情報は、公式Instagram（＠natsuki_sena）にて

写真・笠井爾示
スタイリスト・上野 珠
ヘアメイク・YOSHi.T
週刊FLASH 2025年10月21日・28日合併号",[],[]
【大麻所持】清水尋也被告の“友人俳優”不起訴処分も「理由明らかにせず」SNSで疑問の声…友人同士で分かれた明暗（SmartFLASH）,https://news.yahoo.co.jp/articles/a21200fee807ea993b9961f30889c3e8d7c4f69b,https://newsatcl-pctr.c.yimg.jp/t/amd-img/20251011-00000040-flash-000-1-view.jpg?exp=10800,2025-10-11T19:08:52+09:00,2025-10-11T19:08:52+09:00,SmartFLASH,flash,SmartFLASH,1107,"2025年9月24日、警視庁湾岸署から保釈された清水尋也被告（写真・梅基展央）
麻薬取締法違反で逮捕された俳優の遠藤健慎が不起訴処分となった。9月24日、麻薬取締法違反で逮捕・起訴されている、俳優の清水尋也被告と共同で大麻を所持した疑いで逮捕されていたが、東京地検が10月10日付で不起訴としたという。しかしその際、複数のメディアで「東京地検は、不起訴の理由を明らかにしていません」と報じられたことに、疑問の声が広がっている。
【画像あり】“おそろいコーデ”清水被告と遠藤健慎の「ツーショット」
芸能記者が今回の経緯について話す。

「警視庁は約8カ月前から捜査を続け、遠藤さんが清水被告の自宅に5回以上、出入りする様子を確認し、清水被告とともに大麻を含む植物片を所持していたとして遠藤さんを逮捕しています。逮捕に踏み切るために捜査を重ねていたものと思われますが、それでも不起訴として釈放しました」

　不起訴処分の理由の“非公表”をめぐりX上では、

《なんで不起訴?理由を明らかにしていませんって、本当ふざけてる》

《注目度が高い案件は不起訴の理由を提示するべきでは?》

　といった声が、相次いで寄せられている。

　芸能プロ関係者が、今回のケースについて話す。

「遠藤さんは2009年から子役として活動し、ドラマ『明日の約束』（フジテレビ系）やNHK大河ドラマ『青天を衝け』などに出演してきた俳優です。清水被告とは、2018年公開の映画『ミスミソウ』で共演してから親交を深め、逮捕前の8月18日には、2人でおそろいの白Tシャツを着た写真をInstagramに投稿していました。関係が深そうだっただけに、今回の不起訴処分は意外だと受け止められています」

　薬物を使っていた友人の家に、何も知らず何度も遊びに行っていただけなのか……。

「遠藤さんは取り調べのなかで『清水被告の家に行き、大麻のようなものを見たが、私のものではありません』などと、一貫して関与を否認していたそうです。

　そして今回、所属事務所のヒラタオフィスも公式サイトで、処分について『捜査機関による捜査の結果、大麻の所持・使用など、法に反する行為はいずれも確認されず、不起訴処分となったと報告を受けております』とつづっています。

　一方、清水被告は12月8日の初公判で裁判を受けることが決まっています。映画『ちはやふる』シリーズや『東京リベンジャーズ』シリーズなどに出演し、放送中のNHK連続テレビ小説『ばけばけ』にも出演予定だっただけに、彼が失ったものは大きいですね」

　友人同士だった2人が、明暗を分ける形になってしまった。",[],[]
Mrs. GREEN APPLEに「活動休止」報道もファンからは意外な反応…グループも個人活動も過密スケジュールに寄せられる心配（SmartFLASH）,https://news.yahoo.co.jp/articles/9b4aaf259b48367f2be9791e423c8a4dc056994d,https://newsatcl-pctr.c.yimg.jp/t/amd-img/20251011-00000038-flash-000-5-view.jpg?exp=10800,2025-10-11T18:37:31+09:00,2025-10-11T20:42:51+09:00,SmartFLASH,flash,SmartFLASH,1309,"快進撃を続けるMrs. GREEN APPLE
10月10日、「デイリースポーツ」が、Mrs. GREEN APPLE（以下「ミセス」）の気になる今後について報じた。「ミセス『フェーズ2』終了か　活動休止の噂で業界内に不安の声」という見出しで、活動休止の可能性を伝えたのだ。
【画像あり】『あんぱん』作曲家役を好演した大森元貴
芸能記者が語る。

「報道によれば、2025年7月にリリースしたデビュー10周年記念ベストアルバム『10』を節目に“フェーズ2”を終了し、再びバンド活動を休止させて、ボーカル・ギターの大森元貴さんがソロ活動に専念する可能性も考えられるとのことです。

　ミセスは2020年にデビュー5周年を記念したベスト盤『5』をリリースした際、『フェーズ1完結』を宣言し、約2年の活動休止に入りました。2022年の『フェーズ2』始動後は『輝く!日本レコード大賞』（TBS系）の2年連続受賞など飛躍を遂げましたが、前回と同じ流れで、再び活動休止に入るのではないかという見方があるのです」

　大人気バンドの噂について、ファンは意外にも冷静だ。

《いくらなんでも、働き過ぎ・働かせすぎ》

《働き過ぎだから、休んだらいいと思う》

　と、Xでは、むしろ活動休止に納得する声があがっているのだ。背景にある彼らの多忙ぶりを、芸能プロ関係者が語る。

「2024年、5カ月連続リリースを果たしたミセスですが、2025年はそれを上回る6カ月連続で作品を発表しています。このハイペースな制作活動が負担となっているのではないか、と指摘する声もあがっています」

　怒涛のリリースラッシュに加え、3人はライブやフェス、音楽番組の出演も積極的だ。

「2025年2月には初の韓国単独公演を実施し、6月には自分たちが主催する音楽イベント『CEREMONY』を開きました。7月には大型フェスにゲスト参戦し、横浜・山下ふ頭で2日間で10万人を動員した野外ライブも開催。さらに夏の各局の音楽特番にも、立て続けに出演しています。飾らないキャラクターが人気で、バラエティ番組にも引っ張りだこです。12月からは、大森さんの頭のなかやクリエイティビティを体感できるという展覧会『MGA MAGICAL 10 YEARS EXHIBITION Wonder Museum』が開催予定です。さらに10月末からは自身最大規模となる55万人動員予定の初の5大ドームツアーがスタートするなど、休む暇がないほどの過密スケジュールです」（同前）

　バンド活動と並行して、個人活動も広がっている。

「大森さんは映画『
#真相をお話しします
』でtimelessz・菊池風磨さんとダブル主演を務め、NHK連続テレビ小説『あんぱん』では、作曲家・いせたくや役を好演しました。若井滉斗さんは音楽番組『M:ZINE』（テレビ朝日系）でMCを務め、キーボードの藤澤涼架さんは映画『ベートーヴェン捏造』で映画初出演を果たしました。これだけ活動を詰め込んでいては、心身ともに限界が来てもおかしくありません」（同前）

　果たしてミセスはどんな選択をするのだろうか。",[],[]
「スーパー戦隊」レッド役俳優、共演豊富な北川景子一家と“仲よしディズニー訪問”意外な交友関係にファンも驚き（SmartFLASH）,https://news.yahoo.co.jp/articles/ba12db75d396489c07988ee9d8093c6b1b271390,https://newsatcl-pctr.c.yimg.jp/t/amd-img/20251011-00000035-flash-000-1-view.jpg?exp=10800,2025-10-11T17:49:15+09:00,2025-10-11T17:49:15+09:00,SmartFLASH,flash,SmartFLASH,1383,"北川景子
俳優の高橋光臣が10月6日までに自身のInstagramを更新。意外な交友関係を報告し、驚きの声があがっている。
【画像あり】「雨のディズニーでも美しい」北川景子と高橋光臣
《俺とDとMrs.K～夢の国スイーツ～》と題し、高橋はこう続けた。

《先日、仲良し家族で夢の国に行ってきました。当日は小雨がふるコンディションでしたが、狙っていた乗り物とパレードを観ることができ、子供達も大人達も大満足の1日になりました。行き交う人達もみんな笑顔で幸せそうで…やはりディズニーランドは最高の場所です。》とつづり、自らモンブランドレスケーキを作る動画と、ミュージシャンでタレントのDAIGOと、その妻で女優の北川景子とのそれぞれのツーショット写真を公開した。

　コメント欄には

《景ちゃんファミリーと一緒に行ってたなんてびっくり》

《北川景子さんファミリーと仲良しなんですね》

《北川景子さん　雨のディズニーでも美しい》

　などの声があがっている。

　芸能記者が言う。

「大学までラグビーを続けていた高橋さんは、映画『ラストサムライ』（2003年）の渡辺謙の演技に感動し、役者になることを決意。2005年にドラマ『WATER BOYS 2005夏』（フジテレビ系）で俳優デビューしました。そして、2006年にスーパー戦隊シリーズの『轟轟戦隊ボウケンジャー』（テレビ朝日系）にボウケンレッド役で出演し、注目を浴びました。

　しかし、その後数年は仕事のオファーがほとんど来ず、本人いわく“暗黒時代”を過ごしました。建設現場で力仕事のアルバイトをしながら食いつなぎ、2012年にNHK連続テレビ小説『梅ちゃん先生』のオーディションに合格。堀北真希さん演じるヒロインの恋人役で、一躍、知名度を上げました。その後は2019年の『ノーサイド・ゲーム』（TBS系）、2021年の『リコカツ』（TBS系）、2022年の『DCU～手錠を持ったダイバー～』（TBS系）、2025年の『あなたを奪ったその日から』（フジテレビ系）などドラマの話題作に出演しています」

　2018年、鈴木亮平主演のNHK大河ドラマ『西郷どん』では、高橋は西郷隆盛の幼なじみの海江田武次役、北川は篤姫役で出演。高橋は北川が主演した『リコカツ』では、北川演じる水口咲の元カレの弁護士役を演じた。また、北川主演の『あなたを奪ったその日から』でも、北川演じる中越紘海の元夫役を演じるなど、共演経験が多い。

　スポーツ紙記者が言う。

「高橋さんと北川さんは、家族ぐるみのつき合いだそうです。高橋さんは2023年8月、北川さんの37歳の誕生日プレゼントに、お手製のガトーショコラを贈っていました。高橋さんは2025年3月、スイーツ本『俺とスイーツ～家族のためのお菓子作り～』（KADOKAWA）を出版するほどスイーツを愛しており、スイーツ作りの腕前はプロ級だそうです。

　2025年5月、高橋さんは『あなたを奪ったその日から』の撮影現場に、手づくりのマドレーヌ3種類を差し入れしていました。6月の高橋さんのInstagramでは、DAIGOさんの自宅に家族で訪問し、DAIGOさん特製の手づくり甘口カレーを家族で食べたことを明かしています」

　高橋家と北川家の交流に、今後も注目が集まりそうだ。",[],[]
SixTONES、新幹線の発車メロディ「安全を最優先に」起用中止…集音マイクで録音の“迷惑行為”多発でファン憤慨（SmartFLASH）,https://news.yahoo.co.jp/articles/bf9c608acde8a405fcf1392bdf0ff9d7be5e8036,https://newsatcl-pctr.c.yimg.jp/t/amd-img/20251011-00000033-flash-000-1-view.jpg?exp=10800,2025-10-11T17:20:41+09:00,2025-10-11T17:20:41+09:00,SmartFLASH,flash,SmartFLASH,1578,"SixTONES（JR東日本の『Enjoy! SixTONES, Enjoy! ShinKANSEN.』キャンペーンHPより）
10月10日、JR東日本が10月1日から東京駅・上野駅・大宮駅の新幹線ホームでの発車メロディとして使用されていた、6人組アイドルグループ・SixTONESの楽曲『Shine with U』の使用中止を突如、発表。ファンの間で動揺が広がっている。
【画像あり】「心配になるくらい痩せてる」SixTONESメンバーのげっそり姿
「SixTONESはもともと、新幹線で行く東北の旅の魅力を伝えることを目的とした『Enjoy! SixTONES, Enjoy! ShinKANSEN.』のキャンペーンに起用されていました。その関係で9月に、新曲『Shine with U』がタイアップとして発車メロディに使用されることが発表されていたのです」（芸能プロ関係者）

　JR東日本のキャンペーンサイトには、「新幹線の発車メロディ使用中止について」という文章が掲載。冒頭では、今回の楽曲とのタイアップが好評を得ていたことが報告された。しかし、《ホーム上で柄の長い集音マイクを使用して録音を試みる方が目立つようになり、安全面での懸念が生じました》と説明。さらに、高圧電流の影響で感電する恐れがあるなどの注意喚起をしたうえで、《安全を最優先に考え、タイアップ曲の発車メロディの使用を中止し、元の発車ベルに戻すことといたしました》と、苦渋の決断に至ったことが記されていた。

　現在、東京駅・上野駅ですでに中止、大宮駅についても順次、中止していくとしているが、この報告にXでは、行きすぎた迷惑行為に憤慨するポストが相次いだ。

《ルールは守ろう。迷惑行為はやめよう。一部の迷惑な行為が、大多数の人に迷惑をかけたり、楽しみを奪ったりするんだよ》

《こんな周囲への配慮が足りない身勝手な行為が原因で中止になってしまったなんて非常に残念です》

《本当に聞きたかった人が聞けなくなった。こんな形で終わるのは本当に悔しい。本人も悔しすぎるよね》

　とくに、貴重なタイアップを楽しみにしていたSixTONESのファンの怒りが目立っていた。その背景を前出の芸能プロ関係者が指摘する。

「今回の中止原因となった“集音マイク”は特殊な機材であるため、鉄道や鉄道を取り巻く音の収集や、分析して楽しむ鉄道ファンが持ち込んだものではないか、という声もあがっています。そういった推測のポストを見たSixTONESファンから、『SixTONESファンではなく、鉄道ファンの行為が原因なのではないか』と怒りの矛先が向いてしまっているのです。今回の行動が、SixTONESファンなのか、鉄道ファンなのか、はっきりした区別はついてませんが、迷惑行為であることは間違いないでしょう」

　最近では、“推し”にこだわるあまり、まわりが見えなくなってしまう“強火オタク”による迷惑行為が後を絶たないという。

「9月下旬、台湾の台北で行われた中島健人さんの公演『KENTO NAKAJIMA 1st Live 2025 in TAIPEI “N / bias” 凱』で、日本人の来場者が偽造した現地の公的書類を所持していたことがわかり、現地警察に連行されたことが所属事務所を通じて報告されています。公式サイトでは、ファンへのマナーの徹底を呼びかけがされており、波紋を呼びました。こうした、行きすぎた推し活が報道されるたび、SNSでは批判の声があがることで、マナーを守っているファンが迷惑することに加え、“推される側”もイメージダウンしてしまう可能性もあります。あらためて、ファンマナーが問われる時代になっています」（同前）

　誰もが笑顔で楽しめる“推し活”であってほしいものだ。",[],[]
森七菜「金髪メッシュボブ」イメチェン姿に「誰だ?」ファン驚愕…移籍騒動をバネに見せた女優業への気合い（SmartFLASH）,https://news.yahoo.co.jp/articles/f66060f4b440a069aea5051988435c3064cf80e5,https://newsatcl-pctr.c.yimg.jp/t/amd-img/20251011-00000030-flash-000-1-view.jpg?exp=10800,2025-10-11T16:53:49+09:00,2025-10-11T16:53:49+09:00,SmartFLASH,flash,SmartFLASH,1181,"女優・森七菜
10月10日、東京・TOHOシネマズ日比谷で映画『秒速5センチメートル』の初日舞台あいさつがおこなわれた。出演するSixTONES・松村北斗や、高畑充希、宮崎あおいら主要キャストが、奥山由之監督とともに登壇。そのなかでもひときわ注目を集めたのは、女優・森七菜だった。
【画像あり】「金髪誰だ?」ファン驚愕した“イメチェン”森七菜
「新海誠監督が手がけ、2007年に公開されたアニメーション映画の実写版です。劇場公開から18年を経て、初めて実写化されることになりました。時間と距離によって、すれ違っていく男女のせつない恋物語を描いた作品です。森七菜さんは、主人公に想いを寄せる高校の同級生役を演じます」（映画誌ライター）

　舞台あいさつに登壇した森は、全身モノトーンの衣装を着用して登場。黒のミニスカートと、グレーと黒の切り返しがあるトップスというデザイン性の高い装いを披露した。さらに目を引いたのは、金髪メッシュボブという髪型だ。モノトーンな雰囲気の衣装は、金髪姿をより際立たせていた。

　Xでは、この森の姿に驚くポストが相次いだ。

《え!?!?!?金髪メッシュボブ》

《舞台挨拶の写真見て金髪誰だ?って思ったら七菜ちゃんだった》

《金髪ショートの大人の女性になっててびびった》

　これまでの清楚な印象からの、突然のイメチェン姿に反応したファンも多かったようだ。

「森さんは、2016年に地元の大分でスカウトされたことがきっかけで芸能界デビュー。同年の『ネスカフェ ゴールドブレンド バリスタi』のWebCMで映像デビューを飾ると、女優や歌手など多方面で活躍してきました。これまでは、髪の長さは変わっても黒髪がほとんどでした。金髪姿はかなり珍しいと思います」（芸能プロ関係者）

　あどけない少女の印象が強かった森。現在は24歳となり、より女性らしく、強さも垣間見える。雰囲気が変化した背景には、苦悩した時期も関係しているのではと、芸能プロ関係者は続ける。

「2021年、当時19歳だった森さんに事務所移籍騒動が報じられました。Instagramのアカウントが突然、閉鎖され、所属事務所のウェブサイトからもプロフィールが削除されるなどの動きがあり、騒然となりました。『何かトラブルがあったのでは』といったイメージが業界内で流れてしまい、一時は仕事が激減したことも。

　その後、大手芸能事務所『ソニー・ミュージックアーティスツ』への移籍を発表し、2023年には月9ドラマ『真夏のシンデレラ』（フジテレビ系）で主演を飾るなど、徐々に表舞台での活躍も増えてきました。今作も《もしこのチャンスを逃したら悔いが残ると思いました》と語るほど、気合いが入っているようです」

　金髪イメチェンは、過去をバネに前進する決意のあらわれかもしれない。",[],[]
葵わかな『旅サラダ』で佐賀を訪問、SNSでトレンド入り…背景に「インバウンド」ニュースに疲れた視聴者心理（SmartFLASH）,https://news.yahoo.co.jp/articles/c55db957c4c2e388af0be22d1b9c5c2ca4be11bf,https://newsatcl-pctr.c.yimg.jp/t/amd-img/20251011-00000026-flash-000-2-view.jpg?exp=10800,2025-10-11T15:49:51+09:00,2025-10-11T15:58:42+09:00,SmartFLASH,flash,SmartFLASH,954,"『旅サラダ』司会を務める藤木直人
1993年4月にスタートした『朝だ!生です旅サラダ』（テレビ朝日系）。

　1997年4月から長くMCを務めていた神田正輝が番組を卒業し、2025年4月に藤木直人にバトンタッチして半年が経ったが、Xには
【画像あり】「大人になった」葵わかな
《MCの藤木直人さんが違和感なさすぎる》

《神田さんもあまりお喋り前面に出さなかったけど、藤木さんも静かですごくいい》

　など、“神田ロス”だった番組ファンからは安堵のポストが寄せられている。

「土曜日の朝に『のんびりした気分でテレビを観たい』という視聴者には、旅ネタが多いこの番組はピッタリなのでしょう。

　トークが少ない藤木さんは『置き物のようだ』という声もありますが、騒がしい情報番組が多い時間帯のなか、逆に目立つのかもしれません。一時、SNSでは出演者の勝俣州和さんがうるさすぎると話題になりましたが、そういったことも少なくなりました」（芸能記者）

　その『旅サラダ』の10月11日放送回が、Xでトレンド入りして話題になっている。

　この日は、俳優の葵わかなが、佐賀県有田市から唐津市の旅を楽しんだ。

　ブリティッシュショートヘアの「ねこ店長」がいる唐津焼の陶磁器専門店や、武雄温泉のスパリゾートホテルで2種類のサウナと温水プールを訪れ、ホテルでの食事は佐賀牛と伊万里牛を食べ比べ。ほかにも呼子名物の「いか活造り」も堪能したのだが、芸能ジャーナリストも「なぜトレンド入りをしたのか謎です」と前置きして続ける。

「Xを見ると《外国人観光客がいないこういう日本の旅先ええわ》《静かそうでええとこやな》など、観光地に世界中から人が集まる昨今、インバウンドのニュースに疲れた視聴者に、佐賀県が刺さったのだと思います。

　また、番組には9月6日からWEST.の濱田崇裕さんが新レギュラーメンバーとして加入しました。9月27日には本田響矢さん、10月4日には神尾楓珠さんなど、SNSで盛り上がりそうな方々が出演しています。

　今回の葵さんも、NHK連続テレビ小説『わろてんか』で主演を務めてから8年、すっかり大人になった姿に、驚いた視聴者が多かったのだと思います」

　長寿番組と朝ドラ女優、親和性は高かったようだ。",[],[]
加藤あい、シースルー“チラ見え”ファッションを披露しファン歓喜…待望される女優業への本格復帰（SmartFLASH）,https://news.yahoo.co.jp/articles/9714e4ed91fefabdbc039f79fdf414fde89479b3,https://newsatcl-pctr.c.yimg.jp/t/amd-img/20251011-00000024-flash-000-2-view.jpg?exp=10800,2025-10-11T14:40:08+09:00,2025-10-11T14:57:17+09:00,SmartFLASH,flash,SmartFLASH,1082,"『海猿』出演時の加藤あい
女優の加藤あいが10月9日までに自身のInstagramを更新。“チラ見え”ショットを公開し、ファンからは喜びの声があがっている。
【画像あり】「ウルトラ綺麗」“チラ見え”ファッションを披露する加藤あい
《この夏も大活躍してくれたチラ見えは》などとつづり、透け透けのオーバーサイズのピンクのニットやデニムのボトムス、ネックレス＆リング、バッグのアイテムのブランドを紹介した。

　加藤はデニムのボトムスに、黒いショートキャミソールが透けて見えるピンクのニットを重ね着し、デコルテが分かるファッションで階段を下りるショットなどを公開。

　この姿には、ファンからコメント欄に

《ウルトラ綺麗》

《首筋もキレイ》

《めっちゃ可愛い》

《写真集出してほしい〜》

　などと称賛の声があがっている。

　1997年に芸能界デビューし、10代から活躍してきた加藤も、2025年12月で43歳を迎える。

「木村拓哉さん主演のドラマ『ギフト』（フジテレビ系）で、女優としての一歩を踏み出すと、1999年の『ベストフレンド』（テレビ朝日系）では、16歳にして連続ドラマ初主演を果たしました。2000年の『池袋ウエストゲートパーク』（TBS系）、2005年の『海猿 UMIZARU EVOLUTION』（フジテレビ系）、2007年の『ハケンの品格』（日本テレビ系）といった話題のドラマでメインキャストを務め、順調に代表作を重ねました」（芸能記者）

　しかし2013年11月、7歳年上の会社役員との結婚を発表すると、その“仕事観”も変わったのか、ドラマ出演は激減。連続ドラマのレギュラーキャストとして出演したのは、2014年の『DR.DMAT』（TBS系）が最後だ。

「一方で、幸せな私生活を過ごしてきた印象です。2015年に第1子を出産すると、2018年に第2子、2022年に第3子と子宝に恵まれています。芸能活動に再び意欲的な姿を見せ始めたのは、2024年ごろからです。3月には新たな芸能事務所に移籍し、秋には高級ブランドの『Max Mara』のファッションショーに参加するなど、大きな話題になりました。今後、女優としての本格復帰もあるかもしれません」（同前）

　今回の投稿へのコメントでも《IWGPの時と変わらないね》という声があがっていた加藤。「IWGP」は、加藤が出演したドラマ『池袋ウエストゲートパーク』の略称だ。ドラマでの印象的な活躍を記憶しているファンたちは、加藤がまた映画やドラマに本格復帰するのを待ち望んでいることだろう。",[],[]
ナイナイ岡村隆史「オカザイル」披露、キレッキレの動き変わらずも“ふっくら姿”にファン不安（SmartFLASH）,https://news.yahoo.co.jp/articles/8a9834a2d283e70b1c742c555672720c5b774c34,https://newsatcl-pctr.c.yimg.jp/t/amd-img/20251011-00000022-flash-000-2-view.jpg?exp=10800,2025-10-11T13:40:58+09:00,2025-10-11T14:00:42+09:00,SmartFLASH,flash,SmartFLASH,986,"岡村隆史
お笑いコンビ・ナインティナインの岡村隆史が、「オカザイル」としてパフォーマンスを披露し、話題となっている。
【画像あり】「首までパンパン」岡村隆史“ふっくら姿”でダンス姿
「10月9日に放送された『週刊ナイナイミュージック』（フジテレビ系）です。8月30、31日に開催された音楽フェス『a-nation』の舞台裏に、ナインティナインの2人が潜入するというものでした。相方の矢部浩之さんが通りすがりのアーティストに寿司を振る舞う『やべっち寿司』を開店し、浜崎あゆみさんや久保田利伸さん、Da-iCEさんなどが訪れました。

　岡村さんは『めちゃ×2イケてるッ!』（フジテレビ系）の伝説企画『岡村オファーがきましたシリーズ』の象徴である“青ジャージ”をまとって登場し、通りがかったGENERATIONSメンバーとの再会を懐かしみ、その後にサプライズでステージ出演したのです。“オカレーションズ” として、EXILEの『Choo Choo　TRAIN』を披露しました。このダンスは『やべっち寿司』の前でも披露され、GENERATIONSのYouTubeにもアップされています」

　2007年に初めて「オカザイル」が放送されてから、変わらないキレのある動きと全力のパフォーマンスで観客を魅了すると、Xでは感動の声が相次いだ。

《オカザイル懐かしい!人生初ライブの名古屋ドームでオカザイルきてめっちゃ興奮してたなぁ》

《オカザイル懐かしい　いまだに岡村さんこんな踊れるのも凄いし小森さんのダンス好きかも～!》

　年齢を感じさせないダンスを見せたオカザイルだが、ファンの間ではこんな声も。

《岡村顔から首までパンパンだけど大丈夫なん》

《だんだん三ちゃんに似てきた気が…》

　と、岡村の“ふっくら”した様子を指摘する声があがったのだ。

「番組内で矢部さんも『18年前より顔パンパンやけどな。もっとスリムやったからなあ』と吐露していました。岡村さん自身も体型について、2023年に出演した番組のインタビューで『食べたいものを食べるし、気を回すことが減った』と話しています。岡村さんは2020年に結婚し、2022年には第1子が誕生しています。家庭を築いたことによる“幸せ太り”かもしれません」（芸能ジャーナリスト）

　ふっくらは、家庭円満の証なのかもしれない。",[],[]
コロナ禍で「プラモ人生」に拍車！高橋慶彦「生粋のタミヤ党」でも「塗装筆は広島から取り寄せ」のこだわりカラーリング（SmartFLASH）,https://news.yahoo.co.jp/articles/39be7594ac48ef2d949f655d591672b54bdcde40,https://newsatcl-pctr.c.yimg.jp/t/amd-img/20251011-00000006-flash-000-2-view.jpg?exp=10800,2025-10-11T06:00:50+09:00,2025-10-11T06:34:42+09:00,SmartFLASH,flash,SmartFLASH,931,"プラモをこよなく愛する高橋慶彦
「大人の趣味」としてリバイバルしたプラモデルの奥深さを、著名人が語り尽くす。1970年代後半から1980年代にかけての「赤ヘル」黄金時代、カープを牽引した不動のトップバッター・高橋慶彦（68）は、熱狂的なプラモデラーだった。
【画像あり】水筒も双眼鏡も！高橋慶彦が作った4連高射砲搭載ハーフトラック
「プラモにまたハマったのは、2016年に球界を離れてからだね。それまでは忙しくて作れなかった。コロナ禍で、拍車がかかっちゃった（笑）」

　2017年開設の公式YouTubeチャンネルでも、自作を披露。指定の取材場所は、2024年5月にオープンした東京・新橋のタミヤ旗艦施設だ。

「ダイエーのコーチ時代から気に入って福岡で暮らしているけど、上京するたびに立ち寄っていて、スタッフとも顔なじみ。静岡に行けば、当然、本社詣でをするし、先ごろ亡くなられた田宮俊作会長にバッタリ会ったりしたよ。小学生のとき愛読していた『タミヤニュース』にも、ついに一昨年、載せてもらった（笑）」

　と、すっかりタミヤ党。店内をまわりながら、「これは作った。これは持ってるけど、まだ作っていない」と独りごつ。プラモは少年期からミリタリー系全般という。

「特にドイツのタンクは色っぽくて好きだね。小3か小4で初めて作ったのは、 “最強の駆逐戦車” と呼ばれた独ヤークトパンター。ドイツは実機があまり残っていなくて、戦争映画に出てくる重戦車ティーガーなんて、たいていは旧ソ連のT−34を “魔改造” してるんだよね（笑）」

　ショーケースを覗き、選んだのは独重駆逐戦車エレファント。ポルシェ創業者が設計した、対戦車向け自走砲だ。

「1／48スケールのも出ているけど、1／35は珍しい。これはまだ作ってないな。迷彩が年代や季節によって変化するから、カラーリングを変えたくて2、3台持っているタンクがあるよ。タミヤの塗装筆は愛用しているけど、広島・熊野からも、面相筆を取り寄せています（笑）」

　凝るほどにお金がかかるが、それだけ作りがいもある。だから高橋も「案外コスパのいい趣味」と力説するのだ。
週刊FLASH 2025年10月21日・28日合併号",[],[]
菊川怜　15年ぶりとなる映画出演で呑む気満々で撮影現場に…50歳を前に誓った“3児のママの矜持”（SmartFLASH）,https://news.yahoo.co.jp/articles/743ffe83b347f681f1b75e90bbacaafafb023a1d,https://newsatcl-pctr.c.yimg.jp/t/amd-img/20251011-00000005-flash-000-2-view.jpg?exp=10800,2025-10-11T06:00:46+09:00,2025-10-11T06:32:22+09:00,SmartFLASH,flash,SmartFLASH,2037,"10月には、15年ぶりとなる映画で主演を務める（写真・柏木ゆり）
菊川怜（47）が芸能界に入ったきっかけは、東京大学在学中のときのスカウトだった。
【写真あり】菊川怜をもっと見る
「モデルや俳優のお仕事に興味があったので、1ミリの迷いもなく『やりたい！』の一択でした」

　女性ファッション誌の専属モデルとしてデビューし、当時 “女性タレントの登竜門” といわれた「東レキャンペーンガール」に選出されてブレイク。俳優としてはもちろんのこと、教養番組、バラエティ番組、情報番組と引っ張りだこになり、目のまわるような日々が続いたという。

「20代のときは、いただくお仕事はすべてありがたいと思って、スケジュールが許す限りお受けしていました」

　そんなある日、所属事務所の社長（現在は会長の古賀誠一氏）から腕時計をプレゼントされた。

「頑張っているご褒美と、そろそろ大人の持ち物を……というお気持ちだったと思うのですが、カルティエはブランドに疎い私ですら知っている高級品で、ドキドキしたのを覚えています」

　オーバーホールしながら大切に身につけてきたが、2019年に第1子を出産してからは腕時計をつける習慣がなくなり、3児のシングルマザーとなった現在は、引き出しにしまいっぱなしだと苦笑する。

「この時計をいただいたころの私は、精神的にも未熟なところがあったし、自分の器に見合わないような大きなお仕事へのプレッシャーに押し潰されそうになったこともありました」

　そう言って、愛おしそうに腕時計に触れる。

「情報番組でどうやってコメントするか、誰も教えてくれないから自分で試行錯誤するしかない。言いたいことがあったのに、タイミングが掴めなくて言えないまま本番が終わっちゃったとか、後からいいコメントを思いついたとか、後悔と反省の日々でしたね」

　今日の反省を明日に生かそう…そうやって一歩ずつ確実に前に進んだ日々。

「でもそのころに一生懸命頑張ったことが、今少しずつお仕事を再開できていることに繋がっていると思うんです」

　39歳で結婚し、41歳で母親になってからは、子育てを優先。昨年、8年ぶりの連続ドラマレギュラー出演が話題となった。そして、15年ぶりとなる映画で主演を務める『種まく旅人〜醪のささやき〜』が公開される。

「お話しをいただいたときは、俳優としてこんなに素晴らしいチャンスをいただいてお断わりするなんて考えられないと思いつつも、台詞を覚える時間なんてあるのかしら？　と悩みましたが、思い切って『やりたいです！』とお返事しました」

　菊川が演じるのは、 “日本酒オタク” の農林水産省官僚・神崎理恵。視察のために訪れた兵庫県淡路島の老舗酒蔵「千年一酒造」の人々との交流が描かれる。

「なにしろ日本酒が大好きなので、呑む気満々でロケに行ったのですが、撮影ではもちろん本物のお酒は出ませんし、夜は夜で、翌日の台詞覚えで必死。クランクアップして東京に戻ったら、今度は日本酒をゆっくりいただく余裕はありませんでした（笑）」

　と残念がるが、実際の酒蔵で日本酒造りの工程を経験したことで、ますます日本酒が好きになったという。

「まず膨大な手間と時間と、愛情をかけて造られていることに感動しました。不思議なのは、どの日本酒も原料や造り方はほぼ同じなのに、銘柄によって味が違うこと」

　映画では利き酒のシーンがあるが、そうやって当てることができるほど、日本酒にはそれぞれ個性がある。

「しかも、毎年同じ味に仕上げるわけで、杜氏さんってすごいなぁと思いますよね。『酒造りは子育てに似ている』という台詞があるんですけど、まさしくそのとおり。子育て真っ最中の今、この作品に出合えたのは、巡り合わせだと思いますね」

　あと数年で50歳。これからの人生については？

「まだまだ子育てが続きつつも、貴重な人生の後半戦。自分の人生も…… “も”” おかしいな、自分の人生 “を” どう生きるか。子供たちに『自分を大事にして頑張ることは素晴らしい』ということを、私自身が一生懸命に生きることで伝えられたらと思っています」


きくかわれい
1978年2月28日生まれ　埼玉県出身　東京大学工学部在学中にスカウトされ、芸能界入り。1998年「東レキャンペーンガール」に選出されて注目を集める。大学卒業後は俳優としてドラマや映画で活躍するとともに、司会者、キャスターなど幅広い分野で活動。おもな出演作は、松本清張スペシャルドラマ『黒い樹海』『蒼い描点』『一年半待て』、映画『ダブル・デセプション〜共犯者』『櫻の園』『大奥』など


写真・柏木ゆり
取材＆文・工藤菊香
ヘアメイク・山田典良
スタイリスト・青柳裕美（Azzurro）
衣装・ダックス（ブラウス）、レオナール（スカート）、銀座かねまつ（シューズ）
週刊FLASH 2025年10月21日・28日合併号",[],[]
一度は封印した「プラモ人生」ふたたび！春風亭昇太、傷やオイル汚れも再現した「軍機」完成後の “儀式” は「実際に飛ばす」（SmartFLASH）,https://news.yahoo.co.jp/articles/4855d7a4e8c5dfde5f36180e7306b48a0671f398,https://newsatcl-pctr.c.yimg.jp/t/amd-img/20251011-00000003-flash-000-3-view.jpg?exp=10800,2025-10-11T06:00:38+09:00,2025-10-11T07:04:50+09:00,SmartFLASH,flash,SmartFLASH,870,"独演会前の高座で “愛機” を披露する春風亭昇太
「大人の趣味」としてリバイバルしたプラモデルの奥深さを、著名人が語り尽くす。春風亭昇太（65）は、プラモデル王国・静岡の出身。タミヤや青島文化教材社、ハセガワなど老舗メーカーの本社や、バンダイのプラモ事業の拠点がある。
【画像あり】春風亭昇太が飛ばしてみせた「九九式艦上爆撃機」
「2つ上の兄の影響で、小学2、3年生のころ、ゼンマイで自走する、旧日本陸軍の一式砲戦車を作ったのが最初ですね。モーター車は高くて買えなかった。ガメラのプラモも作ったな。ソフビより安かったんですよ」

　父は金属メーカーの研究職。ゆえに、「組み立てることで、歴史や構造の勉強になると思ってくれていたんでしょう。おねだりも通りやすかったですね（笑）」。

　この日持参したのは、零戦をベースにしたタミヤの「1／48 海軍二式水上戦闘機」。両翼のフロート（船形の浮き）が目立ち、いささか不格好だ。

「僕ね、きれいなモノってあんまり好きじゃないんです。作っていて楽しくないから。零戦よりも、固定脚が特徴的な九九式艦上爆撃機とか、ちょっといびつな機体に惹かれます。この二式水戦はプラモデルとして名機。ロングセラーですし、久々に作ろうかなというとき、つい手が伸びましたね」

　そう、昇太は『笑点』（日本テレビ系）の司会に就任した2016年以降、しばらくプラモ作りを封印していたという。その封印を解いたのが約2年前。

「ただ組み立てて終わりじゃないですからね。塗装がまた大変。凝り性なせいか、なるべく忠実に塗りたいほうで、当時の写真資料と睨めっこして、時間がかかるんです」

　戦闘後の傷やオイル汚れも再現した、その出来栄えは見事の一言だ。

「完成したら、たとえば飛行機なら飛ばす――手に持って空にかざし、写真に撮るんです。子供のころからの “儀式” ですね。こうやって、指先が写り込まないようにして……ほら、実際に飛んでるみたいでしょ？」

取材／文・鈴木隆祐
週刊FLASH 2025年10月21日・28日合併号",[],[]
【秋ドラマ本当の評判】フジは「もしがく」で捲土重来、テレ朝は天海祐希『緊急取調室』に社運を賭けた大勝負（SmartFLASH）,https://news.yahoo.co.jp/articles/fd55404766b3f17b3532cc6cf6d35452c7defb5b,https://newsatcl-pctr.c.yimg.jp/t/amd-img/20251011-00000002-flash-000-2-view.jpg?exp=10800,2025-10-11T06:00:19+09:00,2025-10-11T06:33:54+09:00,SmartFLASH,flash,SmartFLASH,2789,"『もしもこの世が舞台なら、楽屋はどこにあるのだろう』（毎週水放送中／フジテレビ系）
各局が力を入れる10月ドラマの覇権争いは、捲土重来を期すフジテレビ、社運を賭けて勝負に出たテレビ朝日の一騎打ちの様相を呈している。
【写真あり】秋ドラマをもっと見る
まずはフジから。昨年末から続いた「中居正広問題」を払拭したいフジは、10カ月かけて三谷幸喜を口説き落としたという。そのドラマが1日から始まった、三谷の半自伝的作品の『もしもこの世が舞台なら、楽屋はどこにあるのだろう』（「もしがく」）だ。

「三谷さんのアレってどうなんですか？　と他局のドラマスタッフや出演者から取材中に必ず逆質問されました」（テレビ誌編集者）というほど、放送前は注目されていた。

「三谷さんにとってフジは、『やっぱり猫が好き』（1988年）で連ドラデビューさせてくれた大事な局なわけです。そのフジが存続に関わる危機に陥っている。ならば、その一助になってやろうと男気を見せたのが、今作だったわけです。

　三谷さんが出演者を口説いて、菅田将暉さん、神木隆之介さん、二階堂ふみさん、浜辺美波さん、渡辺謙さんという豪華キャストが実現したと聞いています」（テレビ局関係者）

　さらに、三谷はレギュラー番組の『情報7daysニュースキャスター』（TBS系）で異例の番宣活動をしたが、初回視聴率は5.4％という結果に……。

「三谷さんは強気で、『ドラマが定着するまでには時間がかかる。過去の（自分の）ドラマもそうだったから、これは吉兆』と話しているそうです」（別のテレビ局関係者）

　フジで、もうひとつドラマ関係者から注目されている作品が、草彅剛（51）主演、関西テレビ制作の『終幕のロンド－もう二度と、会えないあなたに－』。草彅はこれまで『僕と彼女と彼女の生きる道』（2004年）、『罠の戦争』（2023年）など、関西テレビ制作の話題作に主演してきた。それだけに、今作も力の入れようが半端ではないそうだ。

「草彅さんは連ドラに出演するのなら『カンテレ制作』作品と決めていると聞きます。自分から演出案を提案したり、初顔合わせの出演者が多いため、現場では主演の草彅さん自らが双方の間を取り持っているそうです」（スポーツ紙記者）

　また芸能記者も、現場での気遣いぶりをこう明かす。

「草彅さんはシングルファーザーで、小学1年生の息子を育てる遺品整理人を演じています。ドラマは6月上旬に都内でクランクインしたのですが、草彅さんは夏場の撮影の際には、元気を出してほしいと、現場に高級弁当を差し入れしたそうです。草彅さんは『罠の戦争』の撮影の際にも、人気店『ビストロ ジョー』の弁当を大量に差し入れたことがあります。今回も “太っ腹座長” のおかげで、元気の出る現場のようです」

　対抗馬のテレビ朝日も負けてはいない。

「とにかくカネの使い方が違う。テレビ局関係者は、みんな大注目していますよ」（テレビ局関係者）

　その筆頭は、天海祐希主演の『緊急取調室』だ。

「社運を賭けるほどの力の入れようです。8月半ばのクランクインのときからそうなのですが、とにかく天海さんの気合の入り方が半端ない。常時すごくピリピリしていて、NGなんかとても出せる雰囲気じゃない。ベテランの小日向文世さんはじめ、みんな天海さんの顔色を見て演技している感じだそうです。

　12月には2年間もお蔵入りになっていた『緊急取調室』の映画が公開されますし、その景気づけにテレビ本編で視聴率を取っておかないと、という大きなプレッシャーがかかっているのでしょう」（ドラマ関係者）

　一方で、テレ朝の看板ドラマ『相棒』は、今年25周年を迎える。その目玉のひとつとして、「過去の相棒が一堂に会する特別編制作の噂がある」（同前）という。

「制作の東映もテレ朝も、準備を例年以上におこなってきました。

　毎年、水谷（豊）さんがピリピリして周りが “天皇” 扱いすることで有名なのですが、今年は水谷さんに初孫が誕生して、『ドラマじゃないところで騒がせてすみません』という挨拶があったようです。ただ、みんなで出産祝いを贈ったり、 “天皇” には変わらず気を遣っているようです（笑）」（同前）

　大泉洋主演のSFラブロマンス『ちょっとだけエスパー』は、各局のドラマ関係者が「テレ朝が勝負に来た」と注目している作品だという。

　13年ぶりの民放の連ドラ出演となる宮崎あおい、北村匠海ら、人気俳優をキャスティング。さらに脚本を、興行収入59億円超えのヒットとなった映画『ラストマイル』（2024年）の野木亜紀子が担当する。

「野木さんはテレ朝での仕事が初めてとあって、張り切っています。ただ、野木さんがXなどのSNSでよくつぶやくので、スタッフは何をつぶやくのか、気にしているそうです」（テレビ局関係者）

　この『エスパー』は、異例の作り方をしているという。

「監督をTBSスパークル、共同テレビのスタッフが担当します。共同テレビはフジテレビの子会社なので、テレ朝の目玉ドラマをTBS、フジテレビが作るようなものです。プロデューサーは『おっさんずラブ』で知られるテレ朝のヒットメーカー、貴島彩理さんです。異例の試みがどう吉と出るか、ということでも注目されています」（前出・テレビ誌編集者）

　今回、元気がないのが、近年「日曜劇場」枠でヒットを連発してきたTBSだ。10月クールは、妻夫木聡主演の『ザ・ロイヤルファミリー』（12日スタート）を放送する。妻夫木演じる人生に挫折した税理士が、ひょんなことから競馬の世界で夢を追うヒューマンドラマで、JRAが全面協力する壮大な物語だが……。

「事前の広告セールスが順調ではありませんでした。ドラマは壮大な物語なのですが、その壮大さが逆に仇になっている感じです。

　最近はテレ朝さんが得意にしている一話完結型のドラマのほうが人気です。『ロイヤルファミリー』は3カ月かけて完結するので、堪え性のない視聴者が毎回の放送を観るのか疑問視するスポンサーがいます。とはいえ、スケールの大きい連続ドラマを成功させたノウハウがある局でもあるので期待したいのですが…」（大手広告代理店関係者）

　妻夫木が日曜劇場で前回主演した『Get Ready！』（2023年）の視聴率が低調だったことも、尾を引いているという。

「同枠は不祥事が2クール連続で起きているために、妻夫木さん、放送するTBSともに背水の陣で臨んでいると聞きます。目黒蓮さんを『ロイヤルファミリー』に起用して起爆剤にと考えているようです」（芸能事務所関係者）

　秋ドラマの覇権はどの作品にーー。
週刊FLASH 2025年10月21日・28日合併号",[],[]
『坂本冬美のモゴモゴ紅白』第18回／本番を終えてフィナーレまで、夏ちゃんが用意してくれたおせちで女子トーク！（SmartFLASH）,https://news.yahoo.co.jp/articles/9634101d39347b4092f837bcc747eb75877f06ff,https://newsatcl-pctr.c.yimg.jp/t/amd-img/20251011-00000001-flash-000-1-view.jpg?exp=10800,2025-10-11T06:00:15+09:00,2025-10-11T06:00:15+09:00,SmartFLASH,flash,SmartFLASH,1891,"藤あやこ、天童よしみ、坂本冬美
毎年、審査員席にお座りになる方々は、その年を代表する豪華な顔ぶれですが、この年『第51回紅白歌合戦』の審査員席からは、ただならぬオーラが漂っていました。
【写真あり】坂本冬美をもっと見る
シドニー五輪からは、柔道48kg級を制した田村亮子さん。マラソン金メダリストの高橋尚子さん。柔道100kg級金メダリストの井上康生さん。

　NHK大河ドラマ『北条時宗』からは、渡辺謙さんと木村佳乃さん。さらに、菊田一夫演劇賞大賞を受賞された池内淳子さんに、連続テレビ小説『オードリー』のヒロイン、岡本綾さん。公式戦通算1000勝を達成し、特別将棋栄誉賞を受賞された棋士の内藤國雄さんもいらっしゃいます。

　さらに、MLB新人記録の37セーブを挙げ、ア・リーグ新人王に輝いたシアトル・マリナーズの “大魔神” こと佐々木主浩さん。そしてミスタープロ野球、この年、読売巨人軍を日本一に導いたスーパースター、長嶋茂雄さんです。

　纏っているオーラがすごすぎます。審査員席を見ちゃいけない、見たら呑まれちゃうと思いながら、それでもついつい視線がチラチラと審査員席にいってしまうのを止めることができませんでした。

　そのおかげかどうかはわかりませんが、毎年ガチガチに緊張してしまうわたしが、そこまで緊張せずに無事に歌い終えることができた気がするのですから、何が幸いするかわかりませんね（苦笑）。

　19時20分にスタートした『紅白』で、わたしの最初の出番は1部のウォルト・ディズニー生誕100年を記念した『ミッキーと踊ろうダンスカーニバル』です。

　西城秀樹さん、細川たかしさん、天童（よしみ）さん、八代亜紀さん、和田アキ子さんと一緒に『SING SING SING』を歌唱しながらミッキーマウスと踊るという、わたし的にはかなりハードルの高いものでしたが、なんとかクリア。

　いったん楽屋に戻り、本番用の衣装に着替えて、一人奈落に降りて発声練習。4組くらい前にステージ袖にスタンバイして『風鈴』を歌唱。1部のラストに出場歌手全員で歌った『上を向いて歩こう』が終わると、フィナーレまで楽屋待機です。緊張を解くことはできませんが、それでも自分の出番が終われば精神的にはすごく……いや、ものすごく楽になります。しかもこの年は56組中25番めだったので、フィナーレまで時間はたっぷりとありました。

　加えて、仲よしの夏ちゃん（伍代夏子）が12番めで、あやちゃん（藤あや子）が16番め。（長山）洋子ちゃんが18番めで、（原田）悠里ねぇが22番め。（香西）かおりさんが27番めと、前半から中盤を支えるお役目です。

　早々に、フィナーレ用の衣装に着替えたわたしは、事務所の社長が差し入れてくれたお寿司をパクリ。緊張がほぐれた後にいただくお寿司は格別です。

ーー次は何をいただこうかな？　トロ!?　それとも……イクラ？

　2つ、3つ、お寿司をつまんでいると、歌い終えた人から三々五々、楽屋に集まって来て、夏ちゃんが用意してくれたおせちを前に、さぁ女子会トークの始まりです。

　あっ！　今、思い出しました。記憶があやふやなので断言はできませんが、あやちゃんが炊飯器を持ち込んだのは、このときだったかも……（苦笑）。

「今年もみんな無事に終えてよかったね」

「来年もいい年になるといいなぁ」

　たわいもない女子トークが続きます。ピクリ。みんなの耳がいっせいにピクンと反応したのは、2部も中盤に差しかかったときでした。

ーーこのイントロは……もしかして!?

　みんなの視線がモニターに集中します。やっぱりそうだ！10年ぶりに出場された青春時代のスーパーアイドル、ミイちゃんとケイちゃんのピンク・レディーです。『ペッパー警部』から『UFO』『サウスポー』と続く『スペシャルメドレー ピンクレディー2000』です！

　小学生のときに夢中になったピンク・レディーのヒット曲は、歌詞はもちろん、振りも体が完璧に覚えています。

　こうなるともう、誰にも止められません。楽屋だということも忘れて、みんなもうノリノリ。違う意味で思い出深い『紅白』でした（笑）。

さかもとふゆみ
1967 年3月30日生まれ 和歌山県出身『祝い酒』『夜桜お七』『また君に恋してる』『ブッダのように私は死んだ』など幅広いジャンルの代表曲を持つ。現在、最新シングル『浪花魂』が好評発売中！

写真・中村 功、産経新聞
取材＆文・工藤 晋
週刊FLASH 2025年10月21日・28日合併号",[],[]
